0 0.33125 0.275 0.040625 0.06875
1 0.2921875 0.3296875 0.015625 0.0109375
1 0.1421875 0.215625 0.0984375 0.0703125
1 0.078125 0.3046875 0.0125 0.0078125
0 0.1140625 0.1875 0.228125 0.221875
1 0.00859375 0.22421875 0.0171875 0.0265625
1 0.0625 0.171875 0.015625 0.0078125
0 0.33515625 0.334375 0.0296875 0.009375
1 0.1453125 0.1953125 0.009375 0.015625
0 0.978125 0.0546875 0.04375 0.109375
0 0.7359375 0.1078125 0.284375 0.215625
1 0.99375 0.290625 0.0125 0.015625
1 0.99296875 0.296875 0.0140625 0.0625
1 0.81953125 0.321875 0.0390625 0.034375
0 0.6484375 0.16875 0.146875 0.3015625
0 0.4703125 0.7390625 0.046875 0.134375
0 0.4578125 0.8125 0.0703125 0.0484375
1 0.409375 0.821875 0.03125 0.0296875
1 0.3921875 0.8296875 0.0328125 0.015625
1 0.3796875 0.8234375 0.0171875 0.015625
1 0.3828125 0.840625 0.01875 0.0140625
1 0.4171875 0.690625 0.0234375 0.0328125
1 0.3921875 0.7171875 0.0453125 0.0203125
1 0.371875 0.71875 0.025 0.028125
1 0.275 0.7421875 0.0234375 0.0234375
0 0.2859375 0.7484375 0.2765625 0.134375
1 0.428125 0.95 0.0203125 0.025
1 0.3890625 0.9515625 0.015625 0.0109375
1 0.31875 0.971875 0.025 0.034375
1 0.3 0.9609375 0.0265625 0.0421875
1 0.278125 0.9703125 0.0328125 0.03125
1 0.2296875 0.971875 0.0234375 0.015625
1 0.1546875 0.9765625 0.0109375 0.028125
1 0.1453125 0.9859375 0.034375 0.0234375
1 0.0921875 0.953125 0.03125 0.015625
1 0.0890625 0.9609375 0.01875 0.0296875
0 0.03515625 0.7640625 0.0703125 0.125
1 0.109375 0.6484375 0.015625 0.0296875
1 0.1890625 0.653125 0.03125 0.0171875
1 0.171875 0.6828125 0.021875 0.01875
1 0.175 0.7359375 0.0265625 0.0296875
1 0.16875 0.696875 0.015625 0.0140625
1 0.2203125 0.6 0.0234375 0.0234375
1 0.209375 0.6015625 0.0203125 0.021875
1 0.484375 0.5921875 0.015625 0.0171875
1 0.4515625 0.63125 0.01875 0.015625
1 0.4859375 0.471875 0.0140625 0.021875
1 0.4390625 0.4765625 0.0203125 0.0328125
1 0.3921875 0.46875 0.0265625 0.0265625
1 0.3515625 0.446875 0.025 0.0328125
1 0.3609375 0.4921875 0.0125 0.0078125
1 0.140625 0.3671875 0.0171875 0.034375
1 0.1453125 0.528125 0.0265625 0.03125
1 0.1296875 0.4640625 0.015625 0.015625
1 0.184375 0.34375 0.0125 0.009375
1 0.00390625 0.859375 0.0078125 0.01875
1 0.653125 0.3984375 0.0140625 0.0171875
1 0.7265625 0.8015625 0.01875 0.009375
1 0.89375 0.753125 0.0171875 0.025
1 0.915625 0.9171875 0.0328125 0.0171875
1 0.6671875 0.6609375 0.0515625 0.05
0 0.6390625 0.52578125 0.165625 0.3734375
0 0.7296875 0.5140625 0.321875 0.2578125
0 0.91484375 0.57890625 0.1703125 0.1078125
1 0.628125 0.8078125 0.059375 0.075
1 0.5890625 0.7921875 0.0671875 0.06875