1 0.2109375 0.384375 0.0109375 0.0109375
1 0.375 0.3640625 0.009375 0.0171875
1 0.3296875 0.1796875 0.009375 0.009375
0 0.38046875 0.29375 0.1171875 0.328125
1 0.296875 0.1328125 0.0140625 0.0140625
1 0.5515625 0.090625 0.0125 0.0234375
1 0.5203125 0.16875 0.0140625 0.0078125
1 0.5453125 0.34375 0.0171875 0.0140625
1 0.51875 0.35 0.0125 0.0109375
1 0.453125 0.25 0.0046875 0.0109375
1 0.8 0.025 0.0203125 0.0265625
0 0.8921875 0.06171875 0.115625 0.1234375
0 0.8703125 0.17734375 0.259375 0.2546875
1 0.796875 0.2546875 0.0625 0.046875
1 0.7640625 0.2921875 0.0359375 0.05625
0 0.825 0.4171875 0.35 0.1625
0 0.8390625 0.3453125 0.30625 0.259375
1 0.996875 0.39140625 0.00625 0.0234375
1 0.0671875 0.9828125 0.0203125 0.0171875
1 0.25 0.9515625 0.009375 0.0125
1 0.01640625 0.953125 0.0328125 0.040625
1 0.05 0.9140625 0.021875 0.01875
1 0.2390625 0.89375 0.0421875 0.0421875
1 0.271875 0.875 0.0359375 0.0390625
1 0.3390625 0.8328125 0.028125 0.0125
1 0.271875 0.834375 0.021875 0.015625
1 0.259375 0.7953125 0.0328125 0.0484375
1 0.1609375 0.7765625 0.04375 0.021875
1 0.0109375 0.7546875 0.0203125 0.0296875
1 0.31015625 0.67265625 0.0515625 0.0078125
1 0.140625 0.9875 0.0203125 0.015625
1 0.2984375 0.99765625 0.034375 0.0046875
1 0.3171875 0.9859375 0.03125 0.0125
1 0.1484375 0.890625 0.028125 0.0171875
1 0.1625 0.915625 0.0265625 0.0140625
1 0.2 0.903125 0.0390625 0.03125
0 0.39296875 0.984375 0.0640625 0.03125
1 0.4078125 0.959375 0.015625 0.03125
1 0.359375 0.965625 0.075 0.021875
1 0.3359375 0.9046875 0.0390625 0.025
0 0.38984375 0.9296875 0.0984375 0.075
1 0.346875 0.7828125 0.015625 0.015625
1 0.365625 0.86328125 0.146875 0.0515625
1 0.390625 0.8671875 0.028125 0.0140625
1 0.43359375 0.87734375 0.0109375 0.0171875
0 0.3734375 0.7890625 0.0984375 0.1625
1 0.2625 0.6890625 0.0140625 0.0171875
1 0.3078125 0.696875 0.05 0.03125
1 0.334375 0.6828125 0.009375 0.0125
1 0.340625 0.68125 0.0125 0.01875
0 0.38515625 0.7328125 0.1078125 0.08125
0 0.4046875 0.68671875 0.06875 0.0359375
1 0.475 0.925 0.028125 0.034375
1 0.5890625 0.8453125 0.0296875 0.046875
0 0.7375 0.94140625 0.225 0.1171875
0 0.821875 0.84375 0.203125 0.3125
1 0.93125 0.9328125 0.046875 0.025
0 0.8328125 0.7421875 0.1421875 0.109375
1 0.6234375 0.790625 0.0328125 0.0390625
1 0.478125 0.98828125 0.021875 0.0234375