0 0.46953125 0.0140625 0.1359375 0.028125
1 0.359375 0.15 0.021875 0.01875
1 0.58203125 0.43828125 0.0140625 0.0109375
1 0.58828125 0.3140625 0.0015625 0.021875
1 0.571875 0.2171875 0.021875 0.0265625
1 0.5640625 0.1203125 0.05 0.06875
1 0.503125 0.225 0.028125 0.0203125
1 0.4765625 0.240625 0.0203125 0.0296875
1 0.471875 0.20625 0.046875 0.0421875
1 0.5578125 0.153125 0.0375 0.04375
1 0.521875 0.175 0.0859375 0.0890625
1 0.51875 0.134375 0.046875 0.0171875
1 0.478125 0.1265625 0.0125 0.0078125
1 0.3984375 0.0875 0.0265625 0.0234375
1 0.4453125 0.0609375 0.0265625 0.009375
0 0.3578125 0.02734375 0.365625 0.0546875
0 0.346875 0.159375 0.1859375 0.26875
1 0.3375 0.0640625 0.0625 0.0390625
1 0.2765625 0.0375 0.0125 0.015625
1 0.2609375 0.0640625 0.015625 0.0203125
1 0.278125 0.1125 0.028125 0.03125
1 0.153125 0.0828125 0.025 0.015625
1 0.240625 0.2046875 0.015625 0.0234375
1 0.275 0.178125 0.0125 0.028125
1 0.3609375 0.2078125 0.0453125 0.0265625
1 0.3703125 0.240625 0.0109375 0.015625
1 0.3859375 0.246875 0.015625 0.015625
1 0.3890625 0.1484375 0.01875 0.0234375
1 0.375 0.1265625 0.01875 0.0203125
1 0.3515625 0.134375 0.021875 0.025
1 0.553125 0.2890625 0.0625 0.0515625
0 0.396875 0.35625 0.309375 0.1578125
1 0.3265625 0.396875 0.0453125 0.04375
1 0.3265625 0.415625 0.0140625 0.0203125
1 0.3046875 0.4328125 0.021875 0.0203125
1 0.4640625 0.4078125 0.0234375 0.03125
1 0.484375 0.40625 0.009375 0.021875
1 0.4671875 0.375 0.0171875 0.0171875
1 0.3265625 0.3765625 0.0109375 0.0140625
0 0.47265625 0.45390625 0.0546875 0.0109375
1 0.315625 0.2953125 0.0265625 0.03125
1 0.2703125 0.2890625 0.0234375 0.015625
1 0.221875 0.296875 0.0234375 0.0234375
1 0.15 0.409375 0.0234375 0.03125
1 0.1203125 0.396875 0.0171875 0.0359375
1 0.1234375 0.365625 0.0390625 0.021875
1 0.140625 0.3703125 0.0125 0.0109375
1 0.10625 0.3296875 0.0359375 0.021875
1 0.1359375 0.334375 0.034375 0.0296875
1 0.1203125 0.2796875 0.0328125 0.0265625
1 0.0828125 0.2875 0.021875 0.01875
1 0.053125 0.290625 0.01875 0.0046875
1 0.11875 0.3078125 0.0171875 0.0125
1 0.159375 0.2734375 0.03125 0.0296875
1 0.00390625 0.22578125 0.0078125 0.0203125
1 0.0015625 0.103125 0.003125 0.025
1 0.0046875 0.04921875 0.009375 0.0234375
1 0.0953125 0.075 0.01875 0.0265625
1 0.059375 0.0890625 0.0234375 0.0234375
1 0.1296875 0.1078125 0.0375 0.0359375
0 0.70859375 0.18203125 0.2390625 0.1921875
0 0.7015625 0.0953125 0.225 0.190625
1 0.78671875 0.0171875 0.0828125 0.034375
1 0.940625 0.1921875 0.084375 0.0796875
1 0.9609375 0.25625 0.0421875 0.04375
1 0.871875 0.1984375 0.0265625 0.0203125
1 0.925 0.2671875 0.0375 0.021875
1 0.184375 0.5171875 0.0078125 0.015625
1 0.4828125 0.6109375 0.015625 0.0171875
1 0.3609375 0.871875 0.0140625 0.015625
0 0.0171875 0.9078125 0.025 0.00625
1 0.315625 0.9015625 0.028125 0.01875
1 0.578125 0.89765625 0.021875 0.0234375
1 0.5453125 0.8875 0.0140625 0.0125
1 0.553125 0.85390625 0.071875 0.0671875
0 0.57109375 0.815625 0.0359375 0.08125
1 0.553125 0.7875 0.05625 0.03125
1 0.58203125 0.7359375 0.0140625 0.015625
1 0.559375 0.7296875 0.0453125 0.0578125
1 0.58203125 0.49609375 0.0140625 0.0515625
1 0.5671875 0.503125 0.0296875 0.034375
1 0.56015625 0.4796875 0.0578125 0.040625
1 0.5125 0.4828125 0.03125 0.040625
0 0.565625 0.5734375 0.046875 0.08125
1 0.4890625 0.6828125 0.0296875 0.025
1 0.5203125 0.6171875 0.01875 0.0140625
1 0.5171875 0.5625 0.0328125 0.025
1 0.4671875 0.534375 0.05625 0.05625
1 0.41875 0.63125 0.021875 0.0203125
1 0.4 0.60625 0.0234375 0.046875
1 0.390625 0.5671875 0.021875 0.0234375
1 0.321875 0.69375 0.0578125 0.040625
1 0.284375 0.6765625 0.0109375 0.009375
1 0.284375 0.75 0.028125 0.025
1 0.3046875 0.846875 0.0265625 0.01875
1 0.45625 0.8328125 0.0234375 0.03125
1 0.24375 0.715625 0.01875 0.015625
1 0.159375 0.8453125 0.0578125 0.04375
1 0.1375 0.884375 0.021875 0.01875
1 0.11875 0.8015625 0.034375 0.0328125
1 0.1171875 0.7515625 0.01875 0.0109375
1 0.1234375 0.73125 0.015625 0.015625
1 0.1046875 0.7109375 0.01875 0.0140625
1 0.1390625 0.5046875 0.015625 0.021875
0 0.078125 0.48984375 0.046875 0.0609375
1 0.0375 0.5015625 0.046875 0.0328125
0 0.06875 0.590625 0.071875 0.1046875
1 0.0625 0.6703125 0.090625 0.0546875
1 0.00703125 0.77109375 0.0140625 0.0171875
1 0.0734375 0.7328125 0.0484375 0.015625
0 0.0640625 0.809375 0.0984375 0.075
1 0.86015625 0.46484375 0.0078125 0.0109375
0 0.66640625 0.47890625 0.1046875 0.0390625
1 0.7171875 0.490625 0.0234375 0.0265625
1 0.6015625 0.50625 0.0203125 0.028125
1 0.9515625 0.4953125 0.034375 0.0703125
1 0.9796875 0.55625 0.0171875 0.0203125
1 0.8890625 0.5875 0.0171875 0.0171875
1 0.9359375 0.59375 0.04375 0.034375
1 0.834375 0.6140625 0.034375 0.0515625
0 0.6578125 0.5921875 0.1359375 0.1078125
1 0.9265625 0.6359375 0.0171875 0.0296875
1 0.59453125 0.66875 0.0109375 0.015625
1 0.7890625 0.6546875 0.0390625 0.05625
1 0.8078125 0.69375 0.0453125 0.034375
1 0.7546875 0.7484375 0.071875 0.0125
1 0.5921875 0.7640625 0.00625 0.0125
1 0.725 0.8015625 0.0140625 0.025
1 0.7109375 0.8203125 0.01875 0.0125
1 0.98828125 0.815625 0.0234375 0.028125
1 0.9140625 0.8109375 0.0703125 0.065625
1 0.8234375 0.8515625 0.0125 0.0078125
1 0.9015625 0.8609375 0.0140625 0.0203125
1 0.9890625 0.896875 0.015625 0.0265625
1 0.7828125 0.9265625 0.0203125 0.028125
1 0.96875 0.925 0.0109375 0.015625
1 0.95 0.915625 0.040625 0.0296875
1 0.83125 0.89375 0.05625 0.05625
1 0.84375 0.8609375 0.01875 0.0203125
1 0.7953125 0.6015625 0.0328125 0.0375
1 0.790625 0.58125 0.0109375 0.0203125
1 0.8828125 0.7265625 0.134375 0.1
1 0.8375 0.78125 0.0328125 0.0328125
1 0.90625 0.684375 0.0375 0.0328125
1 0.8640625 0.665625 0.0109375 0.0125
1 0.60234375 0.78671875 0.0265625 0.0359375
1 0.7359375 0.821875 0.025 0.01875
1 0.7453125 0.4890625 0.0296875 0.0265625
1 0.80625 0.490625 0.025 0.0265625
1 0.77421875 0.48515625 0.0859375 0.0515625
0 0.6640625 0.9125 0.1140625 0.05625
0 0.61328125 0.85078125 0.0484375 0.1015625
0 0.6609375 0.8234375 0.0921875 0.153125
0 0.6546875 0.7390625 0.0953125 0.059375