0 0.0265625 0.37265625 0.053125 0.1328125
1 0.0078125 0.4875 0.015625 0.015625
1 0.01328125 0.45859375 0.0265625 0.0296875
1 0.0109375 0.5046875 0.021875 0.01875
1 0.103125 0.4390625 0.0234375 0.0171875
1 0.109375 0.4734375 0.0359375 0.0203125
1 0.115625 0.45 0.01875 0.0140625
1 0.02578125 0.52890625 0.0078125 0.0015625
1 0.15625 0.51328125 0.075 0.0328125
1 0.1453125 0.4578125 0.0390625 0.0484375
1 0.16875 0.4453125 0.0265625 0.015625
1 0.2640625 0.421875 0.021875 0.01875
1 0.246875 0.4140625 0.015625 0.03125
1 0.246875 0.4390625 0.0265625 0.025
0 0.02578125 0.24921875 0.0515625 0.0765625
0 0.0421875 0.1203125 0.084375 0.146875
1 0.1109375 0.284375 0.0296875 0.01875
1 0.140625 0.2546875 0.01875 0.01875
1 0.1140625 0.16875 0.0265625 0.025
1 0.1375 0.1875 0.0671875 0.046875
1 0.19375 0.259375 0.021875 0.0421875
1 0.196875 0.18125 0.053125 0.0515625
1 0.2625 0.184375 0.0515625 0.0390625
1 0.315625 0.0609375 0.021875 0.0234375
1 0.3625 0.0625 0.0390625 0.053125
1 0.303125 0.2328125 0.025 0.0203125
1 0.2796875 0.321875 0.04375 0.0375
1 0.33125 0.36875 0.0265625 0.034375
1 0.35 0.3109375 0.034375 0.025
1 0.2796875 0.5234375 0.015625 0.0125
1 0.46875 0.48125 0.021875 0.03125
1 0.4015625 0.14375 0.034375 0.0234375
1 0.4234375 0.1578125 0.0203125 0.03125
1 0.428125 0.0828125 0.0265625 0.0234375
1 0.4671875 0.103125 0.025 0.03125
1 0.4171875 0.4484375 0.0125 0.009375
1 0.15 0.1203125 0.0375 0.0234375
1 0.49296875 0.51015625 0.0265625 0.0390625
1 0.51328125 0.34453125 0.0671875 0.0578125
1 0.553125 0.3234375 0.05625 0.05625
1 0.6 0.2703125 0.0640625 0.0796875
1 0.5359375 0.196875 0.021875 0.03125
1 0.5734375 0.2046875 0.0234375 0.040625
1 0.59375 0.09375 0.0453125 0.028125
1 0.628125 0.0859375 0.0203125 0.0234375
1 0.5984375 0.1515625 0.0625 0.06875
1 0.6359375 0.153125 0.0234375 0.025
1 0.63125 0.21875 0.0265625 0.0171875
1 0.6703125 0.2359375 0.0390625 0.0703125
1 0.7109375 0.2921875 0.0390625 0.0234375
1 0.675 0.5109375 0.046875 0.0375
1 0.671875 0.4625 0.0703125 0.05625
1 0.7078125 0.078125 0.021875 0.0109375
1 0.734375 0.0984375 0.0203125 0.03125
1 0.721875 0.128125 0.015625 0.01875
1 0.71875 0.1609375 0.075 0.075
0 0.8125 0.1203125 0.1375 0.096875
1 0.85625 0.134375 0.059375 0.059375
0 0.8328125 0.2015625 0.1328125 0.0875
0 0.7984375 0.2640625 0.1015625 0.06875
1 0.8484375 0.2609375 0.0203125 0.025
1 0.6953125 0.371875 0.025 0.025
0 0.7828125 0.365625 0.1359375 0.14375
1 0.7546875 0.3765625 0.05625 0.0453125
1 0.7484375 0.4703125 0.08125 0.109375
1 0.771875 0.409375 0.0265625 0.028125
1 0.796875 0.453125 0.05625 0.0734375
1 0.8578125 0.321875 0.053125 0.0625
0 0.78984375 0.49921875 0.0984375 0.0609375
1 0.846875 0.51171875 0.071875 0.0359375
1 0.88671875 0.51953125 0.0671875 0.0203125
1 0.9 0.4796875 0.03125 0.0234375
1 0.8921875 0.4515625 0.0234375 0.0234375
1 0.8765625 0.421875 0.0234375 0.0359375
1 0.9015625 0.4078125 0.0328125 0.034375
1 0.9 0.3734375 0.0390625 0.028125
1 0.9125 0.221875 0.0484375 0.0484375
1 0.925 0.25 0.0703125 0.046875
1 0.8921875 0.2703125 0.05 0.04375
1 0.9234375 0.2875 0.040625 0.025
1 0.9671875 0.26171875 0.065625 0.0765625
1 0.965625 0.303125 0.0484375 0.025
1 0.9078125 0.078125 0.028125 0.0125
1 0.95 0.13515625 0.1 0.1265625
1 0.98359375 0.096875 0.0328125 0.05
1 0.9765625 0.221875 0.025 0.025
1 0.9515625 0.3234375 0.059375 0.0359375
1 0.959375 0.3671875 0.0703125 0.05625
1 0.9484375 0.4640625 0.059375 0.0640625
1 0.95 0.503125 0.025 0.028125
1 0.98671875 0.4578125 0.0265625 0.05625
1 0.97890625 0.4984375 0.0421875 0.0375
1 0.99375 0.525 0.0125 0.009375
1 0.27578125 0.99609375 0.0078125 0.0078125
1 0.2609375 0.9796875 0.0078125 0.0109375
1 0.4 0.9703125 0.0078125 0.009375
1 0.41875 0.934375 0.0078125 0.0078125
0 0.44375 0.9609375 0.071875 0.078125
1 0.0078125 0.9046875 0.0078125 0.0109375
1 0.4 0.8640625 0.0078125 0.0078125
1 0.45 0.8453125 0.0109375 0.0078125
0 0.45390625 0.80859375 0.0515625 0.0421875
1 0.3328125 0.7796875 0.0078125 0.0078125
1 0.00703125 0.775 0.0140625 0.040625
1 0.128125 0.7046875 0.0078125 0.0109375
1 0.2484375 0.6 0.015625 0.0078125
0 0.44609375 0.68828125 0.0671875 0.1234375
1 0.403125 0.6921875 0.0109375 0.015625
1 0.446875 0.6921875 0.0078125 0.0109375
1 0.465625 0.7015625 0.0078125 0.0140625
1 0.43125 0.64375 0.0078125 0.009375
1 0.434375 0.6734375 0.0109375 0.0109375
1 0.4234375 0.6640625 0.0109375 0.009375
1 0.4578125 0.6921875 0.0109375 0.0109375
1 0.5859375 0.853125 0.015625 0.0171875
1 0.603125 0.7359375 0.028125 0.0125
1 0.6484375 0.803125 0.0625 0.05
1 0.6484375 0.859375 0.0265625 0.0140625
1 0.534375 0.5515625 0.0171875 0.015625
1 0.496875 0.6703125 0.01875 0.021875
1 0.4859375 0.6671875 0.0125 0.015625
1 0.50234375 0.53515625 0.0203125 0.0109375
1 0.68125 0.6328125 0.078125 0.0578125
1 0.7265625 0.6109375 0.05625 0.05625
1 0.77265625 0.56328125 0.0640625 0.0671875
1 0.84296875 0.54375 0.0390625 0.028125
1 0.884375 0.5796875 0.0390625 0.0234375
1 0.753125 0.853125 0.0359375 0.021875
1 0.8125 0.840625 0.0703125 0.0515625
1 0.7984375 0.875 0.0296875 0.021875
1 0.8328125 0.871875 0.03125 0.0296875
1 0.8484375 0.80625 0.046875 0.0515625
1 0.8453125 0.75 0.0703125 0.05625
0 0.96015625 0.5578125 0.0796875 0.05625
1 0.86875 0.659375 0.025 0.025
0 0.94375 0.653125 0.1125 0.14375
1 0.928125 0.6640625 0.05625 0.0453125
1 0.921875 0.7578125 0.08125 0.109375
1 0.9453125 0.696875 0.0265625 0.028125
1 0.9703125 0.740625 0.05625 0.0734375
0 0.95703125 0.79140625 0.0859375 0.0703125
1 0.96875 0.865625 0.025 0.0265625
1 0.9921875 0.8171875 0.015625 0.071875