1 0.5 0.33046875 0.01875 0.0609375
1 0.48828125 0.3 0.0421875 0.040625
0 0.4203125 0.3015625 0.075 0.1640625
1 0.3234375 0.221875 0.0265625 0.025
0 0.2625 0.2765625 0.125 0.1125
1 0.3 0.2671875 0.015625 0.015625
0 0.20625 0.2890625 0.0671875 0.1359375
1 0.2171875 0.00703125 0.05625 0.0140625
1 0.20625 0.0609375 0.0359375 0.0359375
1 0.26953125 0.0109375 0.0328125 0.021875
1 0.3109375 0.096875 0.0328125 0.0296875
1 0.259375 0.0765625 0.0234375 0.025
1 0.4671875 0.00703125 0.028125 0.0140625
1 0.4984375 0.03125 0.021875 0.01875
1 0.4296875 0.0921875 0.025 0.0296875
1 0.4734375 0.103125 0.0171875 0.0234375
1 0.98359375 0.02890625 0.0328125 0.0484375
1 0.6453125 0.05625 0.0640625 0.078125
1 0.628125 0.13125 0.03125 0.0484375
1 0.69375 0.1078125 0.040625 0.028125
1 0.740625 0.0640625 0.065625 0.0890625
1 0.7875 0.10625 0.0234375 0.0453125
1 0.884375 0.0640625 0.025 0.0453125
1 0.846875 0.0828125 0.0203125 0.0203125
1 0.778125 0.059375 0.015625 0.025
1 0.825 0.190625 0.034375 0.034375
1 0.8484375 0.2390625 0.0453125 0.0421875
1 0.8875 0.296875 0.0390625 0.046875
1 0.8796875 0.33125 0.034375 0.0296875
1 0.9125 0.353125 0.034375 0.0234375
1 0.8328125 0.41875 0.028125 0.0265625
0 0.6921875 0.3375 0.1578125 0.159375
1 0.7609375 0.2296875 0.025 0.021875
1 0.99453125 0.44296875 0.0109375 0.0484375
1 0.97578125 0.30625 0.0484375 0.05625
0 0.9828125 0.34765625 0.034375 0.0765625
1 0.9125 0.11875 0.0625 0.071875
1 0.12421875 0.5046875 0.0640625 0.05
1 0.1078125 0.565625 0.03125 0.0484375
1 0.1734375 0.5421875 0.040625 0.028125
1 0.2203125 0.5109375 0.065625 0.0625
1 0.2671875 0.540625 0.0234375 0.0453125
1 0.3640625 0.5 0.025 0.040625
1 0.3265625 0.5171875 0.0203125 0.0203125
1 0.2578125 0.49375 0.015625 0.025
1 0.3046875 0.625 0.034375 0.034375
1 0.328125 0.6734375 0.0453125 0.0421875
1 0.3671875 0.73125 0.0390625 0.046875
1 0.359375 0.765625 0.034375 0.0296875
1 0.3921875 0.7875 0.034375 0.0234375
1 0.3125 0.853125 0.028125 0.0265625
0 0.171875 0.771875 0.1578125 0.159375
1 0.240625 0.6640625 0.025 0.021875
1 0.4890625 0.878125 0.040625 0.0484375
1 0.45625 0.740625 0.05 0.05625
1 0.503125 0.71015625 0.0125 0.0234375
0 0.47734375 0.78203125 0.0640625 0.0765625
1 0.50078125 0.8109375 0.0171875 0.021875
1 0.4796875 0.9703125 0.0203125 0.03125
1 0.3921875 0.553125 0.0625 0.071875
1 0.85 0.5234375 0.03125 0.05625
1 0.88125 0.575 0.0171875 0.03125
1 0.51875 0.55 0.01875 0.059375
1 0.59921875 0.484375 0.0390625 0.009375
1 0.671875 0.803125 0.0453125 0.0453125
1 0.7046875 0.759375 0.0640625 0.04375
1 0.6890625 0.7234375 0.0484375 0.0328125
1 0.803125 0.7734375 0.0328125 0.0359375
1 0.8765625 0.8578125 0.025 0.0546875
1 0.584375 0.9203125 0.040625 0.0296875
1 0.6640625 0.8859375 0.0234375 0.0203125
0 0.58203125 0.67421875 0.1453125 0.3078125
0 0.775 0.6875 0.2296875 0.1109375
0 0.5375 0.659375 0.05625 0.1625