1 0.1921875 0.4703125 0.0125 0.0234375
1 0.2015625 0.4203125 0.0125 0.0125
1 0.30625 0.41875 0.015625 0.0078125
1 0.5 0.459375 0.01875 0.01875
0 0.4578125 0.1546875 0.121875 0.1625
1 0.3890625 0.1171875 0.0640625 0.084375
0 0.3453125 0.1796875 0.0734375 0.1625
1 0.2734375 0.134375 0.078125 0.0875
0 0.1890625 0.171875 0.1359375 0.1640625
1 0.14375 0.1078125 0.0953125 0.0640625
1 0.01328125 0.1171875 0.0265625 0.103125
1 0.0796875 0.1203125 0.1296875 0.0671875
1 0.090625 0.3703125 0.028125 0.0296875
1 0.6359375 0.128125 0.03125 0.0359375
1 0.6890625 0.1984375 0.034375 0.0203125
1 0.7171875 0.1453125 0.0421875 0.0484375
1 0.7671875 0.0859375 0.015625 0.021875
1 0.778125 0.45 0.009375 0.0125
1 0.8078125 0.19375 0.0140625 0.0078125
1 0.8296875 0.065625 0.021875 0.01875
1 0.8453125 0.3828125 0.0203125 0.009375
1 0.8609375 0.2484375 0.0328125 0.021875
1 0.88125 0.353125 0.0109375 0.0109375
1 0.9171875 0.1515625 0.021875 0.034375
1 0.96875 0.1296875 0.0296875 0.0359375
1 0.9875 0.4234375 0.0078125 0.015625
0 0.9578125 0.02578125 0.084375 0.0515625
0 0.81640625 0.028125 0.1328125 0.05625
0 0.70234375 0.04453125 0.1421875 0.0890625
1 0.6359375 0.07421875 0.034375 0.0359375
1 0.76875 0.2328125 0.0390625 0.0453125
1 0.034375 0.7421875 0.0078125 0.00625
1 0.040625 0.8953125 0.009375 0.0078125
1 0.04375 0.8046875 0.028125 0.03125
1 0.1484375 0.8 0.0359375 0.0375
1 0.2546875 0.5734375 0.0125 0.0078125
1 0.2484375 0.98046875 0.05 0.0390625
1 0.2828125 0.5796875 0.015625 0.0171875
1 0.284375 0.64375 0.0140625 0.0078125
1 0.31171875 0.4953125 0.0171875 0.0125
1 0.3234375 0.6609375 0.00625 0.009375
1 0.346875 0.4984375 0.0109375 0.0125
1 0.36875 0.5796875 0.0453125 0.0515625
1 0.403125 0.7765625 0.0109375 0.009375
1 0.4390625 0.7796875 0.0078125 0.00625
1 0.4984375 0.5703125 0.0125 0.0125
1 0.5015625 0.5359375 0.01875 0.0125
1 0.55 0.990625 0.009375 0.015625
1 0.4734375 0.565625 0.0453125 0.04375
1 0.4671875 0.5390625 0.0125 0.0171875
1 0.371875 0.525 0.03125 0.0234375
1 0.3671875 0.715625 0.021875 0.028125
1 0.4203125 0.71875 0.0171875 0.028125
1 0.5015625 0.7296875 0.0140625 0.021875
1 0.4203125 0.7453125 0.01875 0.0140625
1 0.421875 0.7625 0.01875 0.0234375
0 0.1328125 0.8609375 0.1703125 0.1453125
0 0.2578125 0.83125 0.0640625 0.09375
1 0.284375 0.84375 0.01875 0.0125
1 0.2703125 0.8484375 0.009375 0.025
0 0.3609375 0.8484375 0.175 0.1078125
1 0.4234375 0.8671875 0.015625 0.015625
1 0.415625 0.85625 0.021875 0.0203125
0 0.49375 0.8703125 0.1203125 0.171875
1 0.5140625 0.796875 0.028125 0.025
1 0.4828125 0.79375 0.0234375 0.034375
1 0.546875 0.7421875 0.015625 0.0296875
1 0.5453125 0.9203125 0.015625 0.0359375
1 0.43359375 0.99453125 0.0171875 0.0109375
1 0.4125 0.9921875 0.028125 0.015625
1 0.98671875 0.50703125 0.0265625 0.0359375
1 0.9796875 0.5078125 0.0109375 0.0109375
1 0.98828125 0.5265625 0.0234375 0.025
1 0.903125 0.5203125 0.028125 0.025
1 0.63359375 0.54140625 0.0296875 0.0328125
1 0.821875 0.5546875 0.0125 0.040625
1 0.8171875 0.5703125 0.0375 0.0171875
1 0.846875 0.553125 0.0109375 0.015625
1 0.9875 0.6984375 0.021875 0.025
1 0.9203125 0.6890625 0.0109375 0.00625
1 0.9234375 0.6828125 0.009375 0.0109375
1 0.8375 0.60625 0.0390625 0.03125
1 0.8203125 0.628125 0.00625 0.009375
1 0.8234375 0.696875 0.0125 0.0125
1 0.775 0.6515625 0.065625 0.0703125
1 0.6953125 0.5671875 0.0125 0.00625
1 0.6734375 0.634375 0.0234375 0.01875
1 0.6453125 0.6375 0.028125 0.015625
1 0.678125 0.7359375 0.0125 0.0078125
1 0.6734375 0.7265625 0.0109375 0.0171875
1 0.6625 0.6890625 0.059375 0.084375
1 0.6671875 0.675 0.034375 0.028125
1 0.7328125 0.7203125 0.015625 0.0234375
1 0.7546875 0.709375 0.009375 0.0171875
1 0.759375 0.7171875 0.0140625 0.0109375
1 0.7515625 0.6953125 0.0328125 0.015625
1 0.81875 0.7140625 0.0125 0.0140625
1 0.79375 0.728125 0.015625 0.009375
1 0.915625 0.7703125 0.046875 0.03125
1 0.890625 0.796875 0.0046875 0.0109375
1 0.86875 0.7953125 0.03125 0.0359375
1 0.8390625 0.7921875 0.0140625 0.0109375
1 0.6265625 0.79765625 0.015625 0.0390625
1 0.6703125 0.840625 0.009375 0.009375
0 0.65546875 0.86328125 0.0734375 0.1890625
1 0.7703125 0.909375 0.0078125 0.0125
0 0.7203125 0.8546875 0.1359375 0.128125
0 0.809375 0.86875 0.0859375 0.10625
0 0.8953125 0.8984375 0.103125 0.1265625
1 0.821875 0.94375 0.0234375 0.0140625
1 0.7625 0.965625 0.0203125 0.0171875
1 0.7375 0.9625 0.0109375 0.0078125
1 0.7234375 0.9546875 0.0109375 0.0109375
1 0.9484375 0.8921875 0.015625 0.0328125
1 0.940625 0.9359375 0.01875 0.0296875
1 0.921875 0.9453125 0.015625 0.01875
1 0.9484375 0.9640625 0.015625 0.015625
1 0.959375 0.98671875 0.0125 0.0265625
0 0.990625 0.8734375 0.01875 0.134375
1 0.6921875 0.99296875 0.046875 0.0140625