1 0.0296875 0.1625 0.021875 0.0109375
1 0.178125 0.046875 0.0203125 0.0453125
1 0.190625 0.365625 0.0265625 0.0578125
1 0.003125 0.38203125 0.00625 0.0109375
1 0.075 0.003125 0.0125 0.00625
1 0.078125 0.0203125 0.00625 0.009375
0 0.0625 0.059375 0.125 0.11875
0 0.14296875 0.0171875 0.2390625 0.034375
1 0.815625 0.0234375 0.040625 0.046875
0 0.8234375 0.128125 0.0234375 0.06875
0 0.7453125 0.0890625 0.115625 0.178125
0 0.721875 0.078125 0.0890625 0.0796875
0 0.640625 0.09453125 0.1 0.1890625
1 0.575 0.1046875 0.0125 0.021875
1 0.5140625 0.15625 0.025 0.0203125
1 0.5671875 0.059375 0.0078125 0.0234375
1 0.5828125 0.0265625 0.0265625 0.05
0 0.52578125 0.0515625 0.0921875 0.103125
1 0.71875 0.2765625 0.0390625 0.034375
1 0.6671875 0.2703125 0.0140625 0.0171875
1 0.6515625 0.275 0.0234375 0.0234375
1 0.6359375 0.365625 0.0640625 0.0625
1 0.5640625 0.3578125 0.0296875 0.03125
1 0.534375 0.31875 0.01875 0.0125
0 0.0390625 0.5328125 0.078125 0.18125
0 0.18125 0.5328125 0.0625 0.109375
0 0.253125 0.5390625 0.1 0.1375
1 0.284375 0.4328125 0.028125 0.0234375
1 0.1578125 0.725 0.0578125 0.0390625
1 0.0296875 0.8046875 0.04375 0.0484375
1 0.2 0.6828125 0.0234375 0.0265625
1 0.290625 0.640625 0.025 0.0484375
1 0.1078125 0.6203125 0.040625 0.0671875
1 0.128125 0.5578125 0.03125 0.0296875
1 0.190625 0.86875 0.0375 0.034375
1 0.2578125 0.8421875 0.053125 0.0515625
1 0.140625 0.85625 0.0359375 0.053125
1 0.153125 0.69375 0.01875 0.015625
1 0.1265625 0.4921875 0.046875 0.0234375
0 0.1015625 0.5265625 0.0796875 0.0609375
1 0.4859375 0.50703125 0.0125 0.0234375
0 0.49453125 0.62109375 0.0296875 0.0984375
1 0.5671875 0.8265625 0.0140625 0.025
1 0.584375 0.4234375 0.028125 0.028125
1 0.596875 0.9171875 0.0609375 0.0609375
1 0.6390625 0.9875 0.0203125 0.01875
1 0.653125 0.765625 0.015625 0.0171875
1 0.6625 0.5640625 0.028125 0.021875
1 0.6859375 0.746875 0.0234375 0.03125
1 0.81875 0.403125 0.01875 0.00625
1 0.8171875 0.4375 0.0265625 0.0578125
1 0.8328125 0.7484375 0.0328125 0.0375
1 0.8453125 0.9171875 0.0109375 0.0109375
1 0.921875 0.6609375 0.015625 0.0078125
1 0.9328125 0.646875 0.0125 0.0140625
1 0.9234375 0.40703125 0.03125 0.0140625
1 0.9390625 0.621875 0.01875 0.015625
1 0.9421875 0.409375 0.0109375 0.015625
1 0.846875 0.453125 0.0203125 0.0296875
1 0.8734375 0.459375 0.034375 0.0578125
1 0.6765625 0.771875 0.0234375 0.025
0 0.553125 0.63125 0.1 0.175
0 0.628125 0.6390625 0.128125 0.1609375
0 0.703125 0.653125 0.1 0.153125
1 0.7796875 0.721875 0.0546875 0.0296875
0 0.7734375 0.646875 0.0890625 0.159375
0 0.85 0.646875 0.096875 0.159375