0 0.06171875 0.39921875 0.0671875 0.0609375
0 0.2078125 0.40390625 0.175 0.0515625
0 0.3796875 0.41171875 0.146875 0.0359375
0 0.48046875 0.41875 0.1453125 0.021875
1 0.41875 0.0203125 0.021875 0.028125
1 0.3625 0.365625 0.0203125 0.0359375
1 0.834375 0.028125 0.028125 0.0265625
0 0.62421875 0.340625 0.1296875 0.178125
0 0.7359375 0.3375 0.190625 0.184375
0 0.82109375 0.35 0.1390625 0.159375
1 0.4515625 0.896875 0.021875 0.025
1 0.3515625 0.6609375 0.01875 0.0203125
1 0.38125 0.571875 0.0859375 0.10625
1 0.3015625 0.575 0.0203125 0.021875
1 0.35 0.7328125 0.140625 0.1453125
1 0.2671875 0.4609375 0.0328125 0.0203125
1 0.2765625 0.6484375 0.0265625 0.04375
1 0.26328125 0.43984375 0.0515625 0.0203125
1 0.2 0.43671875 0.028125 0.0140625
1 0.2265625 0.6609375 0.065625 0.06875
1 0.1734375 0.7640625 0.015625 0.009375
1 0.1609375 0.50625 0.01875 0.0296875
1 0.1578125 0.7171875 0.0390625 0.0546875
1 0.05625 0.4921875 0.025 0.01875
1 0.0140625 0.9625 0.0171875 0.0203125
1 0.009375 0.75625 0.01875 0.028125
1 0.01796875 0.5640625 0.0359375 0.0625
0 0.3765625 0.8984375 0.1359375 0.1859375
1 0.3015625 0.8796875 0.028125 0.03125
0 0.06328125 0.87578125 0.1265625 0.1984375
0 0.1734375 0.8921875 0.128125 0.121875
1 0.165625 0.628125 0.0125 0.01875
1 0.3859375 0.65625 0.0203125 0.028125
1 0.3234375 0.6578125 0.028125 0.0140625
1 0.303125 0.7 0.021875 0.0171875
1 0.2890625 0.7484375 0.009375 0.015625
1 0.253125 0.740625 0.0140625 0.00625
1 0.2328125 0.575 0.05 0.04375
1 0.1375 0.5359375 0.0234375 0.0234375
1 0.0921875 0.559375 0.01875 0.021875
1 0.4484375 0.68125 0.028125 0.040625
1 0.0765625 0.5171875 0.0171875 0.0234375
1 0.109375 0.525 0.0390625 0.059375
1 0.0890625 0.51875 0.015625 0.0109375
1 0.00546875 0.44296875 0.0109375 0.0171875
1 0.03203125 0.44140625 0.0234375 0.0234375
1 0.653125 0.70625 0.009375 0.015625
1 0.6296875 0.690625 0.009375 0.009375
1 0.628125 0.865625 0.0296875 0.03125
1 0.6171875 0.9421875 0.0078125 0.0109375
1 0.71875 0.6703125 0.0234375 0.0203125
1 0.7375 0.675 0.0125 0.0203125
1 0.83125 0.828125 0.0203125 0.0546875
0 0.715625 0.71875 0.28125 0.3453125
0 0.61328125 0.68671875 0.1078125 0.4359375