1 0.3109375 0.0234375 0.0109375 0.0125
1 0.403125 0.0390625 0.009375 0.0109375
1 0.640625 0.0328125 0.03125 0.025
1 0.1296875 0.1234375 0.0109375 0.0171875
1 0.3578125 0.1609375 0.009375 0.0109375
1 0.6328125 0.3453125 0.015625 0.0140625
1 0.2796875 0.3515625 0.0109375 0.0078125
1 0.6578125 0.40625 0.0125 0.015625
0 0.3875 0.0859375 0.3171875 0.11875
1 0.68125 0.4078125 0.028125 0.03125
1 0.6578125 0.4203125 0.015625 0.0078125
1 0.4609375 0.3765625 0.028125 0.034375
1 0.3375 0.05 0.053125 0.0109375
0 0.365625 0.2859375 0.10625 0.278125
1 0.0625 0.3421875 0.05 0.0390625
1 0.928125 0.5359375 0.0234375 0.0203125
0 0.98046875 0.31875 0.0390625 0.153125
1 0.821875 0.234375 0.0890625 0.0484375
1 0.75625 0.4140625 0.0203125 0.028125
1 0.75234375 0.5546875 0.0453125 0.028125
1 0.6421875 0.64375 0.0078125 0.0046875
1 0.7 0.7125 0.0125 0.00625
1 0.01875 0.7203125 0.0375 0.034375
1 0.6015625 0.76875 0.0109375 0.0140625
1 0.0921875 0.75 0.05625 0.06875
1 0.425 0.803125 0.0125 0.00625
1 0.1484375 0.8 0.025 0.0140625
1 0.45625 0.8046875 0.0234375 0.0140625
1 0.4859375 0.853125 0.009375 0.0109375
1 0.440625 0.8953125 0.0453125 0.0453125
1 0.628125 0.875 0.0234375 0.009375
1 0.3375 0.9140625 0.025 0.03125
1 0.2359375 0.803125 0.0640625 0.053125
1 0.196875 0.703125 0.0546875 0.053125
0 0.34140625 0.94375 0.1859375 0.1125
1 0.4125 0.99296875 0.021875 0.0140625
0 0.2140625 0.8234375 0.309375 0.35
0 0.34375 0.7546875 0.2671875 0.190625
0 0.240625 0.684375 0.25 0.1109375
1 0.00625 0.640625 0.0125 0.015625
0 0.940625 0.8921875 0.11875 0.215625
0 0.95546875 0.7046875 0.0890625 0.153125