1 0.0046875 0.31796875 0.009375 0.0296875
1 0.009375 0.17109375 0.01875 0.0296875
1 0.0890625 0.01875 0.025 0.021875
1 0.0953125 0.0921875 0.0140625 0.015625
1 0.1703125 0.090625 0.0109375 0.009375
1 0.1859375 0.1265625 0.015625 0.0140625
1 0.19375 0.140625 0.0140625 0.0171875
1 0.2125 0.3734375 0.021875 0.0203125
1 0.234375 0.065625 0.0203125 0.0203125
1 0.3 0.3 0.015625 0.015625
1 0.3015625 0.346875 0.028125 0.01875
1 0.303125 0.4203125 0.03125 0.034375
1 0.3265625 0.0765625 0.0140625 0.0078125
1 0.3421875 0.1453125 0.0140625 0.0109375
1 0.3578125 0.2078125 0.0109375 0.015625
1 0.3625 0.446875 0.021875 0.028125
1 0.36875 0.0484375 0.0265625 0.021875
1 0.3921875 0.4390625 0.0171875 0.0109375
1 0.39375 0.128125 0.0234375 0.0234375
1 0.35390625 0.0171875 0.0234375 0.034375
1 0.31640625 0.00546875 0.0140625 0.0109375
1 0.340625 0.1625 0.009375 0.009375
1 0.265625 0.1078125 0.0109375 0.0109375
1 0.0796875 0.259375 0.0375 0.0390625
1 0.1 0.2375 0.009375 0.0125
1 0.1875 0.2421875 0.028125 0.0203125
1 0.1984375 0.2328125 0.0140625 0.034375
1 0.246875 0.153125 0.028125 0.021875
1 0.290625 0.3328125 0.015625 0.015625
1 0.31875 0.3578125 0.01875 0.0265625
1 0.2828125 0.3609375 0.021875 0.01875
1 0.2390625 0.3546875 0.025 0.0203125
1 0.2015625 0.30625 0.0203125 0.01875
1 0.1109375 0.3078125 0.0328125 0.03125
1 0.00390625 0.40625 0.0078125 0.03125
0 0.06640625 0.434375 0.1203125 0.109375
1 0.2421875 0.459375 0.0390625 0.0234375
0 0.20234375 0.478125 0.1265625 0.021875
1 0.1578125 0.44609375 0.1125 0.0859375
0 0.39375 0.4734375 0.03125 0.03125
1 0.34296875 0.46640625 0.0609375 0.0453125
1 0.2953125 0.453125 0.034375 0.0203125
1 0.2890625 0.46875 0.01875 0.01875
1 0.603125 0.3109375 0.0109375 0.0078125
1 0.65625 0.325 0.015625 0.0109375
1 0.653125 0.3625 0.0265625 0.028125
1 0.75078125 0.015625 0.0453125 0.03125
0 0.8859375 0.2140625 0.059375 0.1015625
0 0.76875 0.221875 0.20625 0.15
0 0.628125 0.196875 0.1515625 0.1734375
0 0.553125 0.1765625 0.090625 0.075
1 0.85625 0.465625 0.0078125 0.0046875
1 0.5125 0.275 0.0484375 0.0203125
1 0.5703125 0.3453125 0.05 0.0328125
1 0.684375 0.3140625 0.0171875 0.0171875
1 0.421875 0.20625 0.025 0.04375
0 0.41328125 0.14453125 0.0078125 0.0640625
1 0.4296875 0.1125 0.0390625 0.0359375
1 0.471875 0.0640625 0.0859375 0.1
1 0.8609375 0.0578125 0.028125 0.0328125
1 0.8171875 0.0453125 0.0609375 0.0734375
1 0.7765625 0.0078125 0.028125 0.015625
1 0.625 0.109375 0.0203125 0.0265625
1 0.328125 0.6375 0.0125 0.0109375
1 0.2078125 0.7890625 0.034375 0.0125
0 0.359375 0.903125 0.1 0.15625
0 0.303125 0.896875 0.2125 0.20625
0 0.1296875 0.8671875 0.121875 0.265625
0 0.096875 0.8640625 0.146875 0.271875
1 0.4 0.875 0.01875 0.015625
1 0.44375 0.8640625 0.034375 0.0203125
1 0.471875 0.8109375 0.0421875 0.0484375
1 0.521875 0.7515625 0.015625 0.021875
1 0.5625 0.859375 0.0140625 0.0078125
1 0.584375 0.73125 0.021875 0.01875
1 0.615625 0.9140625 0.0328125 0.021875
1 0.64609375 0.4984375 0.0265625 0.01875
1 0.640625 0.5796875 0.03125 0.025
1 0.671875 0.8171875 0.021875 0.034375
1 0.7234375 0.7953125 0.0296875 0.0359375
0 0.7921875 0.603125 0.0734375 0.1515625
0 0.721875 0.628125 0.103125 0.1796875
1 0.678125 0.61875 0.025 0.034375
1 0.709375 0.553125 0.0515625 0.0328125
0 0.571875 0.653125 0.1328125 0.1375
0 0.46875 0.66015625 0.11875 0.1890625
1 0.5234375 0.6296875 0.0578125 0.0625
1 0.478125 0.5640625 0.06875 0.0625
1 0.5 0.534375 0.0609375 0.0484375
1 0.5234375 0.8984375 0.0390625 0.0453125