1 0.071875 0.6484375 0.015625 0.015625
1 0.1265625 0.11875 0.0125 0.0125
1 0.2171875 0.0234375 0.03125 0.034375
1 0.2734375 0.0171875 0.021875 0.01875
1 0.284375 0.296875 0.046875 0.0859375
1 0.2953125 0.35 0.025 0.0625
1 0.0046875 0.2203125 0.009375 0.015625
1 0.1453125 0.7265625 0.028125 0.0234375
1 0.0265625 0.646875 0.03125 0.053125
0 0.07734375 0.5359375 0.1546875 0.159375
0 0.215625 0.4890625 0.184375 0.2046875
0 0.75625 0.2046875 0.190625 0.184375
1 0.8265625 0.153125 0.0734375 0.084375
1 0.7625 0.121875 0.0859375 0.103125
1 0.85 0.2171875 0.0265625 0.046875
1 0.8375 0.25 0.0421875 0.0421875
0 0.646875 0.19375 0.0875 0.1546875
0 0.5546875 0.1953125 0.153125 0.0734375
0 0.4859375 0.171875 0.09375 0.1375
0 0.4015625 0.190625 0.0796875 0.1671875
1 0.5890625 0.115625 0.134375 0.0921875
1 0.621875 0.1390625 0.04375 0.0328125
1 0.5515625 0.1484375 0.0609375 0.0484375
0 0.35546875 0.22734375 0.0328125 0.0859375
1 0.37421875 0.11796875 0.0703125 0.0890625
1 0.453125 0.1328125 0.0671875 0.090625
1 0.6921875 0.425 0.025 0.028125
1 0.5984375 0.3578125 0.0140625 0.015625
1 0.4984375 0.3890625 0.0359375 0.0375
1 0.459375 0.378125 0.0203125 0.0203125
0 0.41953125 0.68984375 0.1265625 0.1578125
0 0.53046875 0.721875 0.1578125 0.09375
1 0.6078125 0.6328125 0.0328125 0.0296875
0 0.70625 0.7015625 0.115625 0.134375
1 0.7734375 0.58125 0.06875 0.05625
0 0.8390625 0.69453125 0.05 0.1484375
0 0.79609375 0.71328125 0.0890625 0.1109375
1 0.84765625 0.76171875 0.0296875 0.0140625
1 0.7484375 0.690625 0.0453125 0.0421875
0 0.27109375 0.946875 0.1359375 0.10625
0 0.17734375 0.94375 0.1609375 0.1125
0 0.12578125 0.9703125 0.0578125 0.059375
1 0.74453125 0.77421875 0.0140625 0.0109375
1 0.81328125 0.98125 0.0609375 0.0375
1 0.6546875 0.94375 0.0109375 0.0125