1 0.36796875 0.01953125 0.0390625 0.0390625
1 0.0296875 0.0140625 0.03125 0.028125
1 0.4984375 0.0578125 0.021875 0.0140625
1 0.0640625 0.1296875 0.0109375 0.0109375
1 0.5546875 0.1375 0.01875 0.0265625
1 0.23125 0.1265625 0.025 0.021875
1 0.278125 0.1421875 0.021875 0.0296875
1 0.4109375 0.1328125 0.0203125 0.03125
1 0.265625 0.2078125 0.0140625 0.0234375
1 0.05 0.2390625 0.015625 0.0109375
1 0.1671875 0.253125 0.0109375 0.03125
1 0.2421875 0.2375 0.034375 0.034375
1 0.50625 0.271875 0.015625 0.0171875
1 0.0484375 0.346875 0.0078125 0.009375
1 0.3640625 0.33125 0.046875 0.0453125
1 0.5515625 0.3609375 0.0328125 0.021875
1 0.334375 0.3640625 0.0265625 0.025
1 0.4421875 0.01875 0.015625 0.0265625
1 0.4671875 0.0140625 0.01875 0.028125
0 0.453125 0.01875 0.16875 0.0375
1 0.3953125 0.034375 0.015625 0.0234375
1 0.384375 0.0671875 0.015625 0.01875
0 0.490625 0.128125 0.1671875 0.165625
0 0.4328125 0.2390625 0.0625 0.053125
1 0.55 0.203125 0.021875 0.0234375
0 0.459375 0.2890625 0.0921875 0.0796875
0 0.44375 0.340625 0.11875 0.071875
1 0.38125 0.3703125 0.028125 0.0109375
1 0.4171875 0.3234375 0.021875 0.0265625
1 0.171875 0.0375 0.028125 0.028125
1 0.2078125 0.0265625 0.0296875 0.0390625
1 0.1578125 0.2515625 0.01875 0.0125
0 0.6890625 0.54296875 0.20625 0.0515625
0 0.6625 0.34375 0.165625 0.24375
0 0.65703125 0.27890625 0.1546875 0.1421875
1 0.03671875 0.57265625 0.0171875 0.0078125
1 0.3734375 0.5890625 0.04375 0.025
1 0.3578125 0.7375 0.0328125 0.021875
1 0.30625 0.78125 0.0546875 0.0515625
0 0.53828125 0.709375 0.0828125 0.08125
0 0.56015625 0.78359375 0.0390625 0.1453125
0 0.5296875 0.82109375 0.1 0.1578125
1 0.1234375 0.6265625 0.0328125 0.0390625
1 0.3828125 0.6625 0.0203125 0.03125
1 0.0671875 0.8375 0.0640625 0.04375
1 0.228125 0.8859375 0.0109375 0.03125
1 0.2296875 0.6296875 0.015625 0.01875
0 0.5484375 0.58125 0.059375 0.025
0 0.6125 0.92578125 0.065625 0.0984375
0 0.61484375 0.68359375 0.0703125 0.0484375
1 0.9546875 0.86328125 0.090625 0.2296875
1 0.9546875 0.8078125 0.0359375 0.0453125
1 0.91875 0.8046875 0.0109375 0.0265625
1 0.96640625 0.89453125 0.0671875 0.0390625
1 0.8875 0.8984375 0.0359375 0.0453125
1 0.9734375 0.97109375 0.053125 0.0140625
1 0.79375 0.9203125 0.0671875 0.078125
1 0.721875 0.9484375 0.0359375 0.0390625
1 0.703125 0.8390625 0.0296875 0.0390625
1 0.765625 0.78125 0.053125 0.046875
1 0.81875 0.8 0.046875 0.046875
1 0.8625 0.7703125 0.0515625 0.065625
1 0.8671875 0.7109375 0.05 0.0375
1 0.8828125 0.65625 0.09375 0.046875
1 0.8453125 0.6375 0.103125 0.0625
1 0.9640625 0.6375 0.0484375 0.0296875
1 0.9515625 0.5875 0.021875 0.021875
1 0.77890625 0.60859375 0.0734375 0.0796875
1 0.715625 0.659375 0.0390625 0.0578125
1 0.68125 0.6921875 0.0375 0.0375
1 0.6515625 0.71875 0.034375 0.03125
1 0.6921875 0.78125 0.04375 0.028125
0 0.60625 0.60625 0.053125 0.075
1 0.59296875 0.6609375 0.0265625 0.021875
1 0.6046875 0.6984375 0.0265625 0.03125
0 0.6125 0.8359375 0.065625 0.096875
0 0.61328125 0.78828125 0.0671875 0.0671875