1 0.30546875 0.46171875 0.0421875 0.0140625
1 0.1421875 0.178125 0.025 0.0328125
1 0.05625 0.315625 0.0109375 0.0046875
0 0.3796875 0.26484375 0.08125 0.1109375
1 0.590625 0.3453125 0.03125 0.0265625
1 0.615625 0.459375 0.028125 0.01875
1 0.88125 0.3078125 0.0953125 0.059375
0 0.8625 0.2453125 0.1 0.1171875
0 0.834375 0.38125 0.0453125 0.0546875
1 0.8375 0.3578125 0.021875 0.0234375
1 0.81875 0.3421875 0.0515625 0.015625
1 0.7453125 0.41875 0.03125 0.0234375
0 0.8765625 0.43828125 0.128125 0.0609375
1 0.5828125 0.43125 0.0234375 0.0234375
1 0.475 0.4265625 0.028125 0.0265625
1 0.4796875 0.4609375 0.01875 0.0125
1 0.46875 0.3203125 0.0203125 0.028125
1 0.4890625 0.284375 0.01875 0.015625
1 0.4125 0.284375 0.0265625 0.0296875
1 0.4265625 0.3046875 0.015625 0.025
1 0.4234375 0.3171875 0.0125 0.015625
0 0.3859375 0.36328125 0.09375 0.0984375
0 0.3859375 0.41640625 0.09375 0.0671875
1 0.346875 0.45 0.015625 0.015625
0 0.39765625 0.4484375 0.1171875 0.040625
1 0.203125 0.9171875 0.0359375 0.05625
1 0.32421875 0.734375 0.0296875 0.053125
1 0.3328125 0.778125 0.0125 0.015625
1 0.0390625 0.60625 0.0546875 0.0546875
0 0.05703125 0.69140625 0.1140625 0.1109375
0 0.0546875 0.7734375 0.109375 0.090625
0 0.05078125 0.859375 0.1015625 0.10625
0 0.04296875 0.93203125 0.0859375 0.1359375
1 0.3125 0.65 0.028125 0.0171875
1 0.9828125 0.9109375 0.0328125 0.015625
1 0.953125 0.8890625 0.025 0.0140625
1 0.98828125 0.8203125 0.0234375 0.028125
1 0.875 0.875 0.0234375 0.0359375
1 0.93125 0.6984375 0.0171875 0.025
1 0.9796875 0.715625 0.0390625 0.0328125
1 0.9796875 0.64375 0.021875 0.0359375
1 0.99453125 0.59296875 0.0109375 0.0234375
1 0.975 0.5890625 0.028125 0.0125
1 0.9875 0.5515625 0.025 0.034375
1 0.990625 0.51328125 0.01875 0.0265625
1 0.975 0.525 0.015625 0.0296875
1 0.8234375 0.48671875 0.046875 0.0359375
1 0.8234375 0.5359375 0.0234375 0.0203125
1 0.7859375 0.55 0.025 0.0203125
1 0.8203125 0.56875 0.028125 0.025
1 0.80625 0.58125 0.015625 0.0109375
1 0.828125 0.6546875 0.021875 0.015625
1 0.8328125 0.7109375 0.0203125 0.0203125
1 0.8421875 0.7359375 0.0265625 0.0203125
1 0.7921875 0.759375 0.03125 0.0234375
1 0.740625 0.8109375 0.0265625 0.03125
1 0.75625 0.81875 0.015625 0.0171875
1 0.7171875 0.684375 0.01875 0.0171875
1 0.66875 0.6640625 0.0328125 0.0453125
1 0.7390625 0.8953125 0.040625 0.03125
1 0.74375 0.871875 0.0140625 0.0171875
1 0.6796875 0.9125 0.0296875 0.0125
1 0.6421875 0.9125 0.0375 0.0109375
1 0.60625 0.8734375 0.025 0.0328125
1 0.60625 0.8640625 0.0203125 0.0140625
1 0.5234375 0.8 0.0234375 0.025
1 0.484375 0.8046875 0.0125 0.0265625
1 0.4984375 0.778125 0.03125 0.015625
0 0.478125 0.825 0.1796875 0.1859375
1 0.3953125 0.8734375 0.021875 0.034375
0 0.575 0.778125 0.340625 0.2328125
1 0.58125 0.684375 0.0125 0.03125
1 0.490625 0.7265625 0.021875 0.0203125
1 0.4265625 0.721875 0.0484375 0.05
1 0.45 0.6984375 0.0140625 0.0140625
1 0.425 0.69375 0.01875 0.015625
1 0.4390625 0.6546875 0.034375 0.0171875
1 0.44375 0.6734375 0.05625 0.0375
1 0.459375 0.5921875 0.034375 0.015625
1 0.4875 0.61875 0.04375 0.0515625
0 0.5140625 0.615625 0.2375 0.234375
1 0.6984375 0.5484375 0.021875 0.021875
1 0.6765625 0.55625 0.01875 0.03125
1 0.665625 0.571875 0.01875 0.015625
1 0.646875 0.5890625 0.0203125 0.015625
1 0.6984375 0.5796875 0.053125 0.046875
1 0.6859375 0.6125 0.0125 0.0078125
1 0.52734375 0.4859375 0.0359375 0.034375
1 0.50859375 0.4734375 0.0109375 0.009375
1 0.43203125 0.4828125 0.0328125 0.028125
1 0.4828125 0.53125 0.05 0.0265625
1 0.4546875 0.525 0.0234375 0.0234375
0 0.521875 0.4828125 0.23125 0.028125
1 0.38125 0.4765625 0.01875 0.015625
1 0.36328125 0.47421875 0.0140625 0.0109375
1 0.3484375 0.57265625 0.01875 0.0140625
1 0.34921875 0.6515625 0.0203125 0.015625
1 0.34921875 0.6796875 0.0203125 0.028125
1 0.34375 0.7140625 0.009375 0.015625
1 0.678125 0.7984375 0.0078125 0.0125
1 0.8796875 0.60625 0.0234375 0.0109375
1 0.853125 0.5734375 0.015625 0.0078125
1 0.9265625 0.6046875 0.0109375 0.0109375