0 0.1609375 0.3734375 0.0828125 0.1546875
0 0.290625 0.3671875 0.15 0.103125
0 0.3859375 0.35546875 0.065625 0.1046875
1 0.41328125 0.24921875 0.0109375 0.0328125
1 0.3890625 0.23125 0.0546875 0.0671875
1 0.146875 0.0484375 0.05625 0.053125
1 0.2046875 0.075 0.046875 0.05
1 0.296875 0.1421875 0.0390625 0.034375
1 0.3015625 0.1140625 0.046875 0.0265625
1 0.3296875 0.1515625 0.028125 0.0265625
1 0.4140625 0.16640625 0.009375 0.0390625
1 0.41328125 0.11015625 0.0109375 0.0265625
1 0.546875 0.5015625 0.028125 0.0265625
1 0.5875 0.446875 0.0359375 0.0265625
1 0.553125 0.390625 0.0234375 0.0234375
1 0.6234375 0.5140625 0.0421875 0.046875
1 0.690625 0.5234375 0.034375 0.03125
1 0.7484375 0.5 0.0390625 0.0375
1 0.8125 0.54375 0.04375 0.03125
1 0.88125 0.3328125 0.021875 0.01875
1 0.9 0.315625 0.0171875 0.01875
1 0.6625 0.3359375 0.0390625 0.040625
1 0.596875 0.30625 0.025 0.0296875
1 0.6 0.29375 0.0203125 0.025
1 0.565625 0.303125 0.021875 0.025
1 0.6671875 0.196875 0.0265625 0.025
1 0.6625 0.1859375 0.009375 0.009375
1 0.69375 0.1359375 0.025 0.0265625
1 0.7078125 0.1796875 0.015625 0.025
1 0.575 0.1421875 0.0171875 0.0140625
1 0.5671875 0.1546875 0.0234375 0.015625
1 0.55 0.1234375 0.015625 0.015625
0 0.5546875 0.065625 0.0453125 0.0390625
0 0.64140625 0.11171875 0.2203125 0.2234375
1 0.775 0.1375 0.046875 0.04375
0 0.8203125 0.115625 0.16875 0.23125
1 0.8421875 0.15 0.01875 0.021875
1 0.871875 0.0796875 0.0265625 0.059375
1 0.909375 0.2296875 0.0375 0.0328125
1 0.93125 0.2109375 0.0328125 0.028125
1 0.91875 0.1609375 0.0140625 0.0109375
1 0.9046875 0.1453125 0.0390625 0.0625
1 0.921875 0.1 0.03125 0.0296875
0 0.93828125 0.1578125 0.1234375 0.315625
1 0.95 0.1140625 0.009375 0.0125
1 0.1109375 0.9921875 0.040625 0.015625
1 0.121875 0.96875 0.015625 0.01875
1 0.2015625 0.9890625 0.0234375 0.0203125
1 0.240625 0.83125 0.0203125 0.034375
1 0.10625 0.8453125 0.03125 0.034375
1 0.1078125 0.8296875 0.021875 0.0203125
1 0.0359375 0.821875 0.0359375 0.03125
1 0.18125 0.7984375 0.0296875 0.0234375
1 0.14375 0.7296875 0.0125 0.00625
1 0.0265625 0.6109375 0.0140625 0.028125
1 0.01875 0.6 0.01875 0.0171875
1 0.034375 0.5796875 0.01875 0.0046875
1 0.1859375 0.6015625 0.0671875 0.0796875
0 0.146875 0.59296875 0.253125 0.0671875
1 0.109375 0.6875 0.009375 0.0046875
1 0.6953125 0.603125 0.0234375 0.0234375
1 0.7 0.565625 0.03125 0.0125
1 0.63046875 0.57265625 0.0359375 0.0265625
0 0.85859375 0.6015625 0.2109375 0.084375
1 0.8828125 0.603125 0.0609375 0.0390625
1 0.925 0.7375 0.0453125 0.04375
1 0.7703125 0.9921875 0.021875 0.015625
1 0.609375 0.95 0.03125 0.0390625
1 0.7015625 0.9390625 0.025 0.0234375
1 0.8078125 0.9171875 0.0265625 0.028125
1 0.49375 0.7296875 0.028125 0.0296875
0 0.559375 0.61796875 0.140625 0.1171875
1 0.50078125 0.5671875 0.0171875 0.015625
0 0.4765625 0.58125 0.01875 0.04375
1 0.5703125 0.8046875 0.0125 0.0140625
1 0.915625 0.8578125 0.0140625 0.01875
1 0.9140625 0.9375 0.028125 0.03125
1 0.8890625 0.9234375 0.015625 0.0234375
1 0.915625 0.8109375 0.0328125 0.0234375
1 0.7109375 0.76875 0.06875 0.04375
1 0.684375 0.7890625 0.03125 0.03125
1 0.6234375 0.7875 0.046875 0.046875
1 0.6046875 0.7703125 0.028125 0.0359375