1 0.159375 0.1953125 0.0359375 0.0390625
1 0.28125 0.2140625 0.0359375 0.0234375
1 0.353125 0.234375 0.015625 0.03125
1 0.2859375 0.2921875 0.0203125 0.025
1 0.240625 0.309375 0.040625 0.0234375
1 0.1765625 0.328125 0.0125 0.0265625
1 0.221875 0.340625 0.0265625 0.0328125
1 0.409375 0.353125 0.01875 0.028125
1 0.2421875 0.3625 0.040625 0.0453125
1 0.275 0.4375 0.015625 0.01875
1 0.2484375 0.4265625 0.0328125 0.034375
1 0.0625 0.4828125 0.009375 0.015625
1 0.240625 0.53125 0.0625 0.046875
1 0.225 0.4734375 0.053125 0.05625
1 0.196875 0.4578125 0.0359375 0.0375
1 0.121875 0.3265625 0.078125 0.0578125
1 0.0875 0.3328125 0.0234375 0.0171875
0 0.06484375 0.3703125 0.1296875 0.128125
0 0.06328125 0.246875 0.1265625 0.1375
1 0.13125 0.48125 0.0484375 0.0734375
1 0.0796875 0.5140625 0.025 0.0328125
0 0.09921875 0.54453125 0.1140625 0.1109375
0 0.03984375 0.546875 0.0796875 0.10625
1 0.490625 0.1015625 0.0078125 0.00625
1 0.590625 0.153125 0.015625 0.03125
1 0.8546875 0.203125 0.053125 0.0640625
1 0.90625 0.325 0.0234375 0.0171875
1 0.6671875 0.3296875 0.0265625 0.0328125
1 0.9078125 0.346875 0.0296875 0.0140625
0 0.590625 0.3546875 0.046875 0.0453125
1 0.8921875 0.375 0.01875 0.00625
0 0.95234375 0.24921875 0.0953125 0.1390625
1 0.9390625 0.328125 0.0171875 0.0234375
0 0.93203125 0.1171875 0.1359375 0.090625
0 0.9359375 0.0421875 0.128125 0.084375
1 0.8859375 0.1 0.021875 0.028125
0 0.7171875 0.0140625 0.0375 0.028125
1 0.696875 0.1875 0.015625 0.0125
1 0.45078125 0.23125 0.0640625 0.14375
1 0.42421875 0.040625 0.0109375 0.08125
1 0.48125 0.04375 0.015625 0.01875
0 0.0625 0.90703125 0.125 0.1859375
0 0.0453125 0.875 0.090625 0.14375
0 0.0453125 0.8125 0.090625 0.18125
1 0.01171875 0.95546875 0.0234375 0.0203125
1 0.8828125 0.6171875 0.0234375 0.0265625
1 0.8625 0.665625 0.03125 0.0625
1 0.9 0.6828125 0.0171875 0.028125
1 0.6546875 0.696875 0.0109375 0.0203125
1 0.6390625 0.7421875 0.0125 0.0125
1 0.9640625 0.740625 0.0203125 0.0078125
1 0.5421875 0.73125 0.015625 0.0234375
1 0.9015625 0.746875 0.021875 0.009375
1 0.5546875 0.753125 0.05 0.034375
1 0.5171875 0.803125 0.025 0.0203125
1 0.7953125 0.8140625 0.01875 0.0125
1 0.578125 0.8375 0.021875 0.0171875
1 0.50625 0.840625 0.0328125 0.025
1 0.8984375 0.85 0.01875 0.0234375
1 0.625 0.8765625 0.01875 0.025
1 0.8828125 0.90625 0.0125 0.021875
1 0.93125 0.921875 0.01875 0.0140625
1 0.6046875 0.9140625 0.0171875 0.03125
1 0.959375 0.9359375 0.01875 0.0140625
1 0.7390625 0.9421875 0.015625 0.0171875
1 0.8765625 0.9609375 0.0109375 0.0203125
1 0.8234375 0.975 0.0234375 0.028125
1 0.6265625 0.9828125 0.0171875 0.025
1 0.9109375 0.9921875 0.028125 0.015625
1 0.9640625 0.61171875 0.021875 0.0234375
1 0.9046875 0.7890625 0.01875 0.0203125
1 0.8578125 0.7984375 0.0171875 0.021875
1 0.84375 0.8265625 0.0296875 0.0234375
1 0.8484375 0.8328125 0.03125 0.021875
1 0.8625 0.8453125 0.0171875 0.0234375
1 0.9609375 0.8265625 0.015625 0.01875
1 0.921875 0.8234375 0.0140625 0.009375
1 0.8390625 0.9109375 0.0203125 0.0109375
1 0.95 0.99375 0.021875 0.0125
1 0.9 0.934375 0.025 0.0140625
1 0.875 0.99375 0.01875 0.0125
1 0.653125 0.97890625 0.040625 0.0421875
1 0.76875 0.9265625 0.0109375 0.0296875
1 0.784375 0.928125 0.009375 0.0171875
1 0.525 0.60390625 0.021875 0.0078125
1 0.5 0.603125 0.04375 0.00625
1 0.51875 0.6234375 0.028125 0.0125
1 0.4734375 0.76875 0.028125 0.0234375
1 0.4921875 0.7625 0.0140625 0.015625
1 0.5 0.7484375 0.0109375 0.0203125
1 0.6265625 0.9203125 0.0109375 0.0203125
1 0.5796875 0.9015625 0.0203125 0.0375
1 0.590625 0.871875 0.021875 0.034375
1 0.509375 0.8828125 0.0234375 0.034375
1 0.5 0.896875 0.040625 0.0265625
1 0.5171875 0.9140625 0.0375 0.025
1 0.4859375 0.925 0.0171875 0.009375
1 0.509375 0.9296875 0.0125 0.0140625
1 0.51875 0.94375 0.0171875 0.0171875
1 0.55 0.91875 0.0421875 0.01875
1 0.5328125 0.9296875 0.0203125 0.01875
1 0.4296875 0.81875 0.015625 0.0125
1 0.4828125 0.809375 0.0109375 0.015625
1 0.425 0.859375 0.0125 0.0125
1 0.478125 0.9171875 0.0875 0.09375
1 0.46640625 0.9828125 0.0953125 0.034375
0 0.75234375 0.96953125 0.0859375 0.0609375
0 0.78125 0.8421875 0.109375 0.1234375
0 0.7640625 0.7453125 0.153125 0.0640625
1 0.784375 0.71875 0.01875 0.0125
1 0.759375 0.7109375 0.0203125 0.0140625
0 0.765625 0.675 0.134375 0.071875