1 0.496875 0.3578125 0.009375 0.0125
0 0.4234375 0.375 0.109375 0.046875
1 0.4234375 0.34375 0.0203125 0.009375
1 0.353125 0.2796875 0.0171875 0.009375
1 0.3765625 0.2578125 0.028125 0.0125
0 0.4046875 0.271875 0.109375 0.1078125
1 0.378125 0.2109375 0.0296875 0.0390625
1 0.125 0.15625 0.0171875 0.0125
0 0.3921875 0.1421875 0.0984375 0.13125
1 0.35625 0.0859375 0.025 0.015625
1 0.05625 0.1765625 0.021875 0.0203125
1 0.11875 0.003125 0.025 0.00625
1 0.046875 0.09375 0.01875 0.021875
1 0.075 0.059375 0.0234375 0.0140625
1 0.1359375 0.05625 0.0359375 0.0265625
1 0.1390625 0.14375 0.0265625 0.021875
1 0.1390625 0.115625 0.021875 0.0203125
1 0.1984375 0.065625 0.0203125 0.0203125
1 0.1703125 0.0734375 0.0171875 0.0140625
1 0.228125 0.1109375 0.021875 0.0203125
1 0.23125 0.0734375 0.0296875 0.0265625
1 0.2328125 0.015625 0.0234375 0.025
1 0.2875 0.0921875 0.0125 0.021875
1 0.2453125 0.1890625 0.0171875 0.0234375
1 0.175 0.0234375 0.01875 0.021875
1 0.390625 0.015625 0.0546875 0.0234375
1 0.346875 0.071875 0.021875 0.015625
1 0.2015625 0.275 0.0234375 0.015625
1 0.209375 0.3015625 0.021875 0.021875
1 0.1828125 0.2390625 0.0109375 0.0125
1 0.2265625 0.215625 0.0265625 0.015625
1 0.3046875 0.26875 0.0109375 0.0203125
1 0.359375 0.3765625 0.0359375 0.040625
1 0.3296875 0.009375 0.01875 0.01875
1 0.378125 0.071875 0.015625 0.0125
1 0.5 0.0984375 0.0171875 0.01875
1 0.484375 0.034375 0.015625 0.0109375
1 0.5078125 0.0453125 0.0234375 0.009375
1 0.43671875 0.0046875 0.0203125 0.009375
1 0.1828125 0.2953125 0.015625 0.0125
1 0.215625 0.3203125 0.0171875 0.0125
1 0.24375 0.2484375 0.0203125 0.0171875
1 0.259375 0.240625 0.03125 0.0265625
1 0.2078125 0.15 0.0265625 0.0203125
1 0.225 0.1359375 0.021875 0.0140625
1 0.371875 0.3375 0.0515625 0.0390625
1 0.653125 0.4125 0.0171875 0.01875
1 0.88125 0.3890625 0.0328125 0.0171875
1 0.846875 0.3703125 0.03125 0.0390625
1 0.7046875 0.278125 0.01875 0.0203125
1 0.5625 0.2734375 0.00625 0.015625
1 0.79375 0.265625 0.0078125 0.0109375
1 0.840625 0.265625 0.0125 0.0140625
1 0.96875 0.2515625 0.0234375 0.028125
1 0.971875 0.23125 0.0234375 0.021875
1 0.625 0.234375 0.028125 0.0171875
1 0.9765625 0.196875 0.0140625 0.009375
0 0.69375 0.240625 0.11875 0.09375
1 0.6359375 0.2046875 0.0171875 0.009375
1 0.615625 0.196875 0.0171875 0.0078125
1 0.7375 0.2125 0.0234375 0.034375
1 0.7578125 0.2265625 0.0125 0.015625
0 0.71953125 0.3578125 0.3203125 0.203125
1 0.8609375 0.4203125 0.0296875 0.0515625
1 0.7578125 0.2 0.0328125 0.015625
1 0.8765625 0.284375 0.015625 0.0234375
1 0.965625 0.4375 0.0234375 0.0328125
1 0.97578125 0.3796875 0.0484375 0.03125
1 0.8859375 0.35 0.0078125 0.0234375
1 0.8921875 0.3375 0.0078125 0.0234375
1 0.90625 0.3453125 0.015625 0.05625
1 0.9296875 0.34375 0.0359375 0.0296875
1 0.99609375 0.35625 0.0078125 0.021875
1 0.9796875 0.3578125 0.0265625 0.03125
1 0.9875 0.2046875 0.0109375 0.0203125
1 0.2546875 0.5625 0.0796875 0.0609375
1 0.21875 0.534375 0.0546875 0.0421875
1 0.19375 0.49375 0.040625 0.03125
0 0.4953125 0.7359375 0.0265625 0.084375
0 0.4078125 0.7015625 0.2421875 0.153125
0 0.4140625 0.58203125 0.290625 0.2453125
0 0.95078125 0.86171875 0.0984375 0.1890625
1 0.6734375 0.65 0.01875 0.0234375
1 0.896875 0.615625 0.021875 0.025
1 0.6828125 0.6796875 0.0234375 0.028125
1 0.796875 0.74375 0.04375 0.0421875
1 0.740625 0.51875 0.0234375 0.0203125
1 0.7609375 0.55 0.025 0.03125
1 0.8015625 0.565625 0.0375 0.0203125
1 0.8640625 0.5828125 0.015625 0.015625
1 0.921875 0.7828125 0.0203125 0.03125
1 0.9140625 0.6015625 0.0265625 0.0234375
0 0.9171875 0.715625 0.1203125 0.0921875
0 0.9328125 0.6375 0.075 0.05
0 0.9546875 0.52265625 0.090625 0.0640625
0 0.9359375 0.48359375 0.128125 0.0484375