1 0.4078125 0.2234375 0.01875 0.03125
1 0.4734375 0.259375 0.040625 0.015625
1 0.4578125 0.296875 0.04375 0.00625
1 0.60234375 0.26484375 0.0140625 0.0265625
0 0.17734375 0.253125 0.3546875 0.09375
0 0.0296875 0.21171875 0.059375 0.0109375
1 0.7859375 0.0359375 0.0328125 0.0453125
1 0.9765625 0.0890625 0.0265625 0.01875
1 0.9375 0.16875 0.0125 0.0234375
1 0.8859375 0.2015625 0.03125 0.01875
1 0.825 0.2140625 0.0296875 0.01875
1 0.64140625 0.29296875 0.0359375 0.0140625
1 0.9390625 0.040625 0.0328125 0.040625
1 0.8828125 0.16875 0.0234375 0.0234375
1 0.7859375 0.115625 0.0375 0.028125
1 0.79296875 0.296875 0.0359375 0.00625
1 0.8046875 0.2703125 0.021875 0.025
1 0.78125 0.278125 0.0359375 0.0234375
1 0.775 0.2890625 0.025 0.021875
0 0.68203125 0.2328125 0.1453125 0.134375
0 0.68515625 0.1140625 0.1515625 0.20625
1 0.6421875 0.265625 0.0296875 0.0328125
1 0.1328125 0.3828125 0.0046875 0.015625
1 0.1171875 0.56875 0.0078125 0.0125
1 0.1046875 0.7625 0.0125 0.0109375
1 0.4078125 0.74375 0.0234375 0.0265625
0 0.290625 0.7078125 0.246875 0.16875
1 0.321875 0.725 0.0140625 0.0125
0 0.3359375 0.5625 0.209375 0.36875
1 0.284375 0.43125 0.025 0.05625
0 0.2109375 0.309375 0.090625 0.01875
0 0.33359375 0.346875 0.1203125 0.09375
0 0.25703125 0.3765625 0.2703125 0.153125
1 0.1125 0.725 0.0125 0.0046875
0 0.7453125 0.815625 0.0796875 0.1203125
0 0.8 0.6734375 0.115625 0.13125
1 0.903125 0.828125 0.059375 0.05
1 0.61953125 0.85390625 0.0203125 0.0265625
1 0.621875 0.93515625 0.025 0.0390625
1 0.678125 0.9015625 0.0296875 0.025
1 0.809375 0.8671875 0.028125 0.0328125
1 0.83125 0.6765625 0.0265625 0.0328125
1 0.753125 0.578125 0.0453125 0.04375
1 0.6796875 0.5734375 0.0328125 0.0390625
1 0.7625 0.50625 0.0359375 0.059375
1 0.8921875 0.8890625 0.028125 0.03125
1 0.93125 0.8578125 0.0390625 0.03125
1 0.9140625 0.9125 0.03125 0.01875
1 0.778125 0.9546875 0.1015625 0.0765625
1 0.7859375 0.9828125 0.0203125 0.03125
1 0.8203125 0.9640625 0.034375 0.03125
1 0.98125 0.565625 0.0234375 0.01875
1 0.9171875 0.4953125 0.0265625 0.01875
1 0.696875 0.740625 0.0359375 0.03125
1 0.6796875 0.7921875 0.0359375 0.0140625
1 0.8921875 0.971875 0.028125 0.0296875
1 0.8796875 0.8625 0.0359375 0.0140625
1 0.884375 0.803125 0.021875 0.0140625
1 0.99453125 0.75625 0.0109375 0.015625
1 0.978125 0.5046875 0.0234375 0.025
1 0.9765625 0.590625 0.01875 0.0265625
1 0.9234375 0.58125 0.0234375 0.0140625
1 0.7671875 0.7546875 0.015625 0.0109375