1 0.2578125 0.2359375 0.0328125 0.03125
0 0.43984375 0.246875 0.1203125 0.09375
1 0.2265625 0.2984375 0.021875 0.021875
1 0.25 0.321875 0.03125 0.0453125
1 0.3359375 0.346875 0.01875 0.0234375
1 0.178125 0.346875 0.0125 0.0265625
1 0.2625 0.365625 0.028125 0.0359375
1 0.1984375 0.48125 0.015625 0.025
1 0.3171875 0.521875 0.025 0.034375
0 0.45 0.3578125 0.1 0.115625
0 0.4609375 0.415625 0.04375 0.1
0 0.44375 0.5140625 0.1125 0.05
0 0.47578125 0.4609375 0.0484375 0.1
1 0.1859375 0.246875 0.021875 0.028125
1 0.1875 0.221875 0.0234375 0.025
1 0.053125 0.2890625 0.0296875 0.0234375
1 0.0140625 0.2890625 0.0265625 0.0234375
1 0.046875 0.315625 0.0359375 0.025
1 0.034375 0.3453125 0.040625 0.01875
1 0.0375 0.3640625 0.0265625 0.0109375
1 0.0484375 0.440625 0.025 0.0171875
1 0.196875 0.4015625 0.0140625 0.021875
1 0.0234375 0.403125 0.0265625 0.015625
0 0.9578125 0.0375 0.065625 0.075
0 0.9171875 0.121875 0.08125 0.209375
1 0.9 0.3046875 0.040625 0.028125
1 0.5765625 0.0421875 0.01875 0.0171875
1 0.7421875 0.1578125 0.0203125 0.0203125
1 0.4 0.5859375 0.0328125 0.0203125
1 0.49296875 0.59453125 0.0140625 0.0296875
1 0.378125 0.6671875 0.0390625 0.040625
1 0.309375 0.5859375 0.025 0.028125
1 0.2640625 0.565625 0.0375 0.0296875
1 0.228125 0.58125 0.025 0.025
1 0.2796875 0.6125 0.0515625 0.0203125
1 0.49609375 0.853125 0.0078125 0.021875
1 0.0578125 0.5578125 0.0203125 0.0234375
1 0.1875 0.609375 0.0265625 0.0265625
1 0.040625 0.6453125 0.034375 0.046875
1 0.0046875 0.63046875 0.009375 0.0328125
1 0.04375 0.8453125 0.034375 0.03125
1 0.1515625 0.8203125 0.0234375 0.0328125
1 0.49296875 0.76953125 0.0140625 0.0234375
1 0.484375 0.7890625 0.0296875 0.0375
1 0.49296875 0.70703125 0.0140625 0.0140625
1 0.4921875 0.68984375 0.015625 0.0140625
1 0.4734375 0.6953125 0.0140625 0.0234375
1 0.4859375 0.6765625 0.0203125 0.01875
1 0.3859375 0.7828125 0.025 0.0140625
1 0.4 0.7671875 0.0140625 0.0140625
1 0.38125 0.753125 0.0125 0.021875
1 0.3671875 0.7671875 0.0140625 0.015625
1 0.3484375 0.765625 0.0234375 0.021875
0 0.2421875 0.66875 0.24375 0.1953125
0 0.2796875 0.8109375 0.2265625 0.1109375
1 0.1640625 0.61875 0.0234375 0.0234375
1 0.14375 0.6078125 0.01875 0.0203125
1 0.1265625 0.625 0.0203125 0.028125
1 0.15 0.5984375 0.03125 0.0203125
1 0.01328125 0.54453125 0.0265625 0.0109375
1 0.0328125 0.54765625 0.01875 0.0171875
1 0.0265625 0.5625 0.0265625 0.0171875
1 0.0125 0.725 0.025 0.04375
1 0.0484375 0.6875 0.0359375 0.0359375
1 0.0328125 0.753125 0.01875 0.015625
1 0.0203125 0.7953125 0.0265625 0.0234375
1 0.046875 0.8 0.0203125 0.01875
1 0.05625 0.7640625 0.0109375 0.0125
1 0.0125 0.8171875 0.01875 0.0125
1 0.9921875 0.99140625 0.015625 0.0171875
1 0.9625 0.9578125 0.0359375 0.0453125
1 0.871875 0.859375 0.01875 0.01875
0 0.7390625 0.9703125 0.1375 0.059375
0 0.72890625 0.8875 0.1890625 0.225
0 0.690625 0.8125 0.1734375 0.0765625
1 0.51015625 0.8546875 0.0203125 0.025
1 0.509375 0.81015625 0.01875 0.0265625
1 0.5890625 0.9671875 0.028125 0.0328125