1 0.01015625 0.04375 0.0203125 0.034375
1 0.075 0.0734375 0.05625 0.06875
1 0.13125 0.1234375 0.025 0.0140625
1 0.0453125 0.3578125 0.0375 0.034375
1 0.01875 0.4203125 0.0375 0.0328125
1 0.3203125 0.2375 0.025 0.03125
1 0.21875 0.1265625 0.0640625 0.053125
1 0.1796875 0.0265625 0.0546875 0.053125
1 0.165625 0.3890625 0.03125 0.1703125
0 0.315625 0.32265625 0.16875 0.2234375
1 0.3921875 0.32109375 0.015625 0.0234375
0 0.196875 0.1609375 0.309375 0.321875
0 0.29609375 0.08671875 0.2078125 0.1734375
0 0.2234375 0.03125 0.25 0.0625
1 0.6796875 0.16875 0.00625 0.015625
0 0.7671875 0.41875 0.0953125 0.1125
1 0.78125 0.3859375 0.3859375 0.178125
0 0.796875 0.1515625 0.2 0.303125
0 0.8 0.02265625 0.178125 0.0453125
1 0.55625 0.015625 0.025 0.0296875
1 0.5671875 0.034375 0.034375 0.0234375
1 0.5265625 0.04375 0.025 0.0234375
1 0.4078125 0.203125 0.015625 0.01875
1 0.3640625 0.7828125 0.0390625 0.059375
0 0.046875 0.771875 0.09375 0.165625
0 0.4875 0.7328125 0.175 0.0875
1 0.5234375 0.840625 0.01875 0.06875
1 0.528125 0.921875 0.04375 0.05
1 0.584375 0.76875 0.015625 0.046875
1 0.9765625 0.9640625 0.03125 0.028125
1 0.678125 0.8625 0.025 0.0234375
1 0.7078125 0.8609375 0.0234375 0.025
1 0.6703125 0.9234375 0.0390625 0.0203125
1 0.684375 0.9125 0.021875 0.0265625
1 0.5421875 0.859375 0.015625 0.0171875