1 0.146875 0.3828125 0.03125 0.0265625
1 0.171875 0.503125 0.028125 0.03125
1 0.390625 0.5546875 0.028125 0.03125
1 0.4375 0.3453125 0.0953125 0.059375
0 0.41875 0.2828125 0.1 0.1171875
0 0.390625 0.41875 0.0453125 0.0546875
1 0.39375 0.3953125 0.021875 0.0234375
1 0.375 0.3796875 0.0515625 0.015625
1 0.3015625 0.45625 0.03125 0.0234375
0 0.4328125 0.5015625 0.128125 0.1109375
0 0.4796875 0.56328125 0.159375 0.0734375
1 0.1140625 0.5953125 0.01875 0.009375
1 0.09296875 0.596875 0.0328125 0.00625
1 0.1390625 0.46875 0.0234375 0.0234375
1 0.03125 0.4640625 0.028125 0.0265625
1 0.0359375 0.4984375 0.01875 0.0125
1 0.025 0.3578125 0.0203125 0.028125
1 0.0453125 0.321875 0.01875 0.015625
1 0.1125 0.534375 0.0171875 0.01875
1 0.19375 0.5359375 0.0171875 0.015625
1 0.2078125 0.5453125 0.01875 0.0140625
1 0.99765625 0.51875 0.0046875 0.009375
1 0.99453125 0.5125 0.0109375 0.00625
1 0.9953125 0.3234375 0.009375 0.015625
1 0.9546875 0.5578125 0.0171875 0.0140625
1 0.934375 0.5484375 0.025 0.0203125
1 0.9515625 0.5484375 0.0109375 0.040625
1 0.978125 0.471875 0.028125 0.028125
1 0.9921875 0.3 0.0140625 0.01875
1 0.9734375 0.3 0.0125 0.0125
1 0.9015625 0.365625 0.040625 0.0140625
1 0.89375 0.3515625 0.01875 0.0171875
1 0.8578125 0.3765625 0.021875 0.025
1 0.8921875 0.40625 0.0265625 0.028125
1 0.8953125 0.43125 0.028125 0.0203125
1 0.9328125 0.5734375 0.0078125 0.015625
1 0.9296875 0.5890625 0.0109375 0.0109375
1 0.88046875 0.59765625 0.0109375 0.0046875
1 0.8671875 0.2671875 0.025 0.021875
1 0.97734375 0.27109375 0.0453125 0.0453125
1 0.9984375 0.171875 0.003125 0.021875
1 0.98125 0.1203125 0.0328125 0.0140625
1 0.7765625 0.1703125 0.0265625 0.028125
1 0.759375 0.18125 0.03125 0.0140625
1 0.6734375 0.1171875 0.0125 0.015625
1 0.7203125 0.1203125 0.0046875 0.0109375
1 0.646875 0.228125 0.046875 0.0484375
1 0.8046875 0.234375 0.0265625 0.025
1 0.78125 0.240625 0.0125 0.009375
1 0.765625 0.2421875 0.0140625 0.015625
1 0.734375 0.2359375 0.0625 0.0515625
1 0.828125 0.2671875 0.0140625 0.01875
1 0.803125 0.553125 0.021875 0.03125
1 0.6203125 0.4828125 0.0625 0.0515625
1 0.6453125 0.5328125 0.0234375 0.0171875
1 0.57109375 0.54765625 0.0234375 0.0390625
1 0.640625 0.3546875 0.0203125 0.0171875
1 0.60625 0.3125 0.0453125 0.0234375
0 0.79765625 0.44765625 0.2765625 0.3046875
1 0.86875 0.4859375 0.0125 0.0109375
1 0.7671875 0.46875 0.0109375 0.015625
0 0.821875 0.25 0.2796875 0.28125
1 0.8859375 0.3046875 0.0234375 0.01875
0 0.7984375 0.19375 0.2171875 0.16875
0 0.78125 0.115625 0.0203125 0.0125
0 0.75625 0.1109375 0.0375 0.0046875
0 0.7125 0.1109375 0.025 0.0015625
1 0.5640625 0.4828125 0.009375 0.015625
1 0.3875 0.7765625 0.00625 0.0203125
1 0.0734375 0.775 0.009375 0.00625
1 0.2203125 0.8078125 0.0296875 0.01875
1 0.471875 0.85625 0.015625 0.0078125
0 0.3703125 0.72421875 0.378125 0.2234375
0 0.4375 0.81875 0.2 0.1234375
0 0.715625 0.86875 0.221875 0.1453125
0 0.6796875 0.70625 0.21875 0.096875
1 0.9234375 0.7828125 0.0625 0.0484375
1 0.7015625 0.971875 0.0125 0.015625