1 0.33515625 0.128125 0.0296875 0.05
1 0.2890625 0.1046875 0.0234375 0.025
1 0.2984375 0.065625 0.0328125 0.0265625
1 0.2109375 0.00703125 0.034375 0.0140625
1 0.0734375 0.0546875 0.0203125 0.025
1 0.08125 0.046875 0.015625 0.021875
1 0.1359375 0.0140625 0.0625 0.028125
1 0.290625 0.0390625 0.028125 0.046875
1 0.0375 0.228125 0.040625 0.0640625
1 0.1359375 0.240625 0.0203125 0.028125
1 0.1984375 0.209375 0.021875 0.0328125
1 0.2390625 0.2671875 0.04375 0.0359375
1 0.103125 0.2125 0.0328125 0.0390625
1 0.2984375 0.35 0.0453125 0.059375
1 0.309375 0.5359375 0.0453125 0.04375
1 0.065625 0.4875 0.0328125 0.028125
0 0.08125 0.4359375 0.1625 0.096875
1 0.153125 0.54375 0.0359375 0.025
1 0.171875 0.603125 0.034375 0.0265625
1 0.20703125 0.615625 0.0140625 0.00625
0 0.215625 0.4359375 0.146875 0.128125
0 0.27890625 0.45625 0.1421875 0.125
1 0.2859375 0.4078125 0.0234375 0.0328125
1 0.3296875 0.415625 0.040625 0.046875
1 0.32890625 0.60859375 0.0390625 0.0203125
1 0.2890625 0.578125 0.0203125 0.0265625
1 0.2828125 0.60625 0.015625 0.015625
1 0.728125 0.1859375 0.03125 0.0296875
1 0.434375 0.0765625 0.028125 0.0296875
1 0.86875 0.446875 0.0265625 0.0234375
0 0.840625 0.284375 0.15 0.1859375
0 0.7359375 0.2609375 0.2921875 0.290625
0 0.54375 0.275 0.190625 0.275
0 0.4578125 0.2828125 0.1390625 0.209375
0 0.3078125 0.89453125 0.084375 0.2109375
0 0.28515625 0.89140625 0.1296875 0.2171875
0 0.8703125 0.91796875 0.259375 0.1640625
1 0.771875 0.9421875 0.04375 0.0390625
1 0.9890625 0.80625 0.021875 0.03125
1 0.8296875 0.7234375 0.015625 0.0203125
0 0.95703125 0.90234375 0.0859375 0.1953125
1 0.9375 0.90625 0.065625 0.05625
0 0.5921875 0.9375 0.0546875 0.1046875
0 0.603125 0.9140625 0.075 0.0453125
0 0.65625 0.81484375 0.175 0.3703125