1 0.1484375 0.434375 0.015625 0.0203125
1 0.1359375 0.2515625 0.0078125 0.009375
1 0.34375 0.2265625 0.01875 0.05625
1 0.2140625 0.2203125 0.0109375 0.0125
1 0.1890625 0.1640625 0.0265625 0.0265625
1 0.00625 0.15546875 0.0125 0.0140625
1 0.0171875 0.103125 0.0125 0.015625
1 0.025 0.0859375 0.0265625 0.009375
1 0.1890625 0.00234375 0.009375 0.0046875
0 0.3546875 0.10703125 0.109375 0.2140625
1 0.0015625 0.465625 0.003125 0.015625
1 0.39609375 0.2296875 0.0265625 0.025
1 0.5625 0.046875 0.034375 0.025
1 0.571875 0.0203125 0.0375 0.025
1 0.509375 0.0234375 0.0234375 0.0234375
1 0.4171875 0.0828125 0.015625 0.01875
1 0.5046875 0.1421875 0.0375 0.021875
1 0.4984375 0.178125 0.0203125 0.025
1 0.50625 0.284375 0.0515625 0.0328125
0 0.56875 0.2046875 0.090625 0.175
0 0.5890625 0.2984375 0.109375 0.1109375
0 0.6125 0.375 0.1421875 0.053125
1 0.515625 0.3515625 0.03125 0.025
1 0.796875 0.28125 0.065625 0.065625
1 0.7265625 0.328125 0.04375 0.03125
1 0.7671875 0.1703125 0.0328125 0.0375
1 0.678125 0.2015625 0.040625 0.028125
1 0.79375 0.1375 0.0265625 0.0265625
1 0.7921875 0.009375 0.034375 0.01875
1 0.76015625 0.009375 0.0203125 0.01875
1 0.83515625 0.0046875 0.0328125 0.009375
1 0.99453125 0.35546875 0.0109375 0.0265625
1 0.9890625 0.225 0.021875 0.034375
1 0.934375 0.20625 0.0265625 0.025
1 0.0453125 0.7546875 0.053125 0.0171875
1 0.16875 0.803125 0.034375 0.01875
0 0.2296875 0.8203125 0.1984375 0.103125
1 0.2171875 0.9078125 0.0453125 0.046875
1 0.2421875 0.946875 0.0390625 0.025
0 0.22890625 0.9828125 0.1703125 0.034375
1 0.08828125 0.978125 0.0390625 0.04375
1 0.39453125 0.9875 0.0296875 0.025
1 0.5890625 0.99375 0.0125 0.0125
1 0.5890625 0.9109375 0.0140625 0.0234375
1 0.5515625 0.8828125 0.0765625 0.06875
1 0.490625 0.8078125 0.021875 0.025
1 0.63125 0.7796875 0.0078125 0.0125
1 0.696875 0.7015625 0.015625 0.009375
1 0.965625 0.696875 0.0390625 0.0421875
1 0.55 0.6140625 0.04375 0.040625
1 0.7203125 0.5734375 0.01875 0.015625
1 0.5265625 0.5515625 0.009375 0.003125
0 0.77109375 0.715625 0.4578125 0.20625
0 0.8046875 0.8859375 0.303125 0.225
0 0.85234375 0.63125 0.2265625 0.1625