0 0.50625 0.60546875 0.025 0.0109375
1 0.4828125 0.4546875 0.01875 0.0203125
1 0.4921875 0.453125 0.0046875 0.0078125
1 0.51015625 0.425 0.0171875 0.021875
1 0.44375 0.4171875 0.015625 0.0109375
1 0.4421875 0.4078125 0.0328125 0.0234375
1 0.5078125 0.425 0.021875 0.04375
1 0.49140625 0.26640625 0.0546875 0.0453125
1 0.5078125 0.28984375 0.021875 0.0140625
1 0.4890625 0.2 0.0171875 0.03125
1 0.4078125 0.1046875 0.0578125 0.0375
1 0.3984375 0.14375 0.03125 0.01875
1 0.3703125 0.1515625 0.015625 0.009375
1 0.3234375 0.1359375 0.0296875 0.0234375
1 0.321875 0.153125 0.00625 0.0140625
1 0.29375 0.146875 0.04375 0.0484375
1 0.28125 0.1609375 0.0296875 0.025
1 0.271875 0.1328125 0.0265625 0.015625
1 0.3609375 0.1984375 0.021875 0.01875
1 0.321875 0.221875 0.0203125 0.01875
1 0.2828125 0.2328125 0.0203125 0.0421875
1 0.4046875 0.2296875 0.05625 0.034375
1 0.4015625 0.24375 0.003125 0.0046875
1 0.415625 0.3078125 0.028125 0.0234375
1 0.40625 0.41875 0.0296875 0.0234375
1 0.334375 0.415625 0.0078125 0.0171875
1 0.40625 0.3984375 0.0234375 0.0265625
1 0.365625 0.3796875 0.0484375 0.0578125
1 0.3203125 0.346875 0.00625 0.009375
1 0.296875 0.3671875 0.01875 0.0203125
1 0.3140625 0.496875 0.0078125 0.015625
1 0.259375 0.4890625 0.0109375 0.0125
1 0.39375 0.465625 0.0140625 0.028125
1 0.4109375 0.4953125 0.0078125 0.0078125
1 0.4453125 0.5390625 0.00625 0.0140625
1 0.2625 0.5546875 0.0265625 0.05625
1 0.24375 0.3078125 0.0203125 0.015625
1 0.1703125 0.2171875 0.01875 0.034375
1 0.1640625 0.24375 0.0140625 0.015625
1 0.1859375 0.2515625 0.04375 0.0421875
1 0.1984375 0.4203125 0.0546875 0.01875
1 0.1625 0.415625 0.0265625 0.04375
1 0.0953125 0.5515625 0.071875 0.040625
1 0.0984375 0.5109375 0.03125 0.03125
1 0.1296875 0.2875 0.046875 0.05625
1 0.096875 0.25 0.04375 0.046875
1 0.05 0.39375 0.015625 0.03125
1 0.05625 0.4609375 0.0359375 0.0203125
1 0.0265625 0.4890625 0.01875 0.0234375
1 0.00390625 0.4328125 0.0078125 0.0625
0 0.059375 0.375 0.046875 0.0375
1 0.04296875 0.4078125 0.0859375 0.121875
1 0.003125 0.2390625 0.00625 0.028125
0 0.490625 0.36796875 0.05625 0.0765625
0 0.50625 0.1171875 0.025 0.0625
0 0.49140625 0.5171875 0.0546875 0.125
0 0.0390625 0.55 0.0234375 0.03125
1 0.0578125 0.553125 0.0328125 0.0140625
0 0.03046875 0.58515625 0.0609375 0.0515625
1 0.05625 0.5484375 0.0203125 0.053125
0 0.0859375 0.196875 0.1203125 0.15625
0 0.06484375 0.1484375 0.1296875 0.125
0 0.05625 0.10859375 0.1125 0.0484375
1 0.93125 0.2171875 0.015625 0.0140625
1 0.79375 0.225 0.028125 0.01875
1 0.76875 0.2578125 0.015625 0.009375
1 0.5578125 0.290625 0.021875 0.01875
1 0.7828125 0.4578125 0.01875 0.015625
1 0.6015625 0.4921875 0.015625 0.0078125
1 0.78125 0.596875 0.0078125 0.0046875
1 0.921875 0.675 0.015625 0.009375
0 0.68125 0.1890625 0.0953125 0.0421875
0 0.665625 0.259375 0.121875 0.1265625
0 0.6796875 0.3859375 0.1453125 0.134375
1 0.63125 0.521875 0.0234375 0.0234375
0 0.67890625 0.65234375 0.1171875 0.0546875
0 0.646875 0.56875 0.10625 0.1515625
0 0.6609375 0.4890625 0.0984375 0.0875
1 0.1546875 0.6828125 0.0109375 0.00625
0 0.38125 0.7390625 0.1796875 0.05625
1 0.053125 0.775 0.025 0.028125
1 0.0546875 0.7984375 0.0203125 0.0125
1 0.084375 0.8046875 0.0109375 0.0265625
1 0.190625 0.796875 0.03125 0.0328125
0 0.3609375 0.7984375 0.096875 0.05
1 0.2265625 0.7546875 0.0375 0.028125
1 0.25 0.75625 0.0140625 0.015625
0 0.50703125 0.75703125 0.0234375 0.0421875
0 0.47421875 0.7875 0.0890625 0.071875
0 0.01875 0.753125 0.025 0.05
1 0.7609375 0.759375 0.025 0.028125
1 0.7625 0.7828125 0.0203125 0.0125
1 0.7921875 0.7890625 0.0109375 0.0265625
1 0.8984375 0.78125 0.03125 0.0328125
1 0.5453125 0.8 0.0109375 0.0109375
1 0.934375 0.7390625 0.0375 0.028125
1 0.9578125 0.740625 0.0140625 0.015625
1 0.59375 0.7125 0.0234375 0.021875
1 0.6234375 0.71875 0.00625 0.0125
0 0.7265625 0.7375 0.025 0.05
1 0.69921875 0.6859375 0.0265625 0.0125