1 0.0015625 0.146875 0.003125 0.0125
1 0.35 0.3796875 0.0640625 0.04375
0 0.2265625 0.1640625 0.3234375 0.0484375
1 0.209375 0.2921875 0.03125 0.034375
1 0.165625 0.2078125 0.0265625 0.0375
0 0.2265625 0.29921875 0.259375 0.2609375
1 0.7734375 0.3859375 0.0203125 0.0265625
0 0.68125 0.3578125 0.115625 0.14375
0 0.6703125 0.2328125 0.3234375 0.2546875
1 0.7765625 0.15625 0.0625 0.046875
1 0.809375 0.11875 0.0359375 0.05625
0 0.7015625 0.0375 0.44375 0.075
0 0.734375 0.09765625 0.30625 0.1953125
1 0.4859375 0.15703125 0.0125 0.0328125
1 0.5640625 0.01875 0.03125 0.0234375
0 0.440625 0.6296875 0.078125 0.071875
1 0.18125 0.696875 0.021875 0.05
1 0.1953125 0.6234375 0.0296875 0.0453125
1 0.4 0.6625 0.0375 0.04375
1 0.3453125 0.80625 0.0359375 0.021875
1 0.3546875 0.8453125 0.0234375 0.0296875
1 0.303125 0.903125 0.0375 0.034375
1 0.2625 0.7703125 0.0328125 0.0328125
1 0.1421875 0.6390625 0.021875 0.0265625
1 0.04375 0.6140625 0.0375 0.0296875
1 0.0578125 0.709375 0.028125 0.0265625
1 0.0359375 0.8 0.028125 0.0296875
1 0.08125 0.7859375 0.021875 0.028125
1 0.153125 0.8265625 0.0359375 0.0234375
1 0.1328125 0.8578125 0.0265625 0.021875
1 0.0953125 0.8984375 0.0203125 0.0171875
1 0.13125 0.890625 0.0359375 0.0453125
1 0.1796875 0.884375 0.0390625 0.0375
1 0.2125 0.8875 0.021875 0.028125
1 0.240625 0.9015625 0.034375 0.0421875
1 0.2390625 0.9296875 0.0234375 0.0265625
1 0.3734375 0.978125 0.03125 0.01875
0 0.40390625 0.74375 0.1515625 0.128125
0 0.428125 0.8890625 0.103125 0.221875
1 0.3125 0.7109375 0.0109375 0.0171875
1 0.3078125 0.7796875 0.0140625 0.009375
1 0.1984375 0.7796875 0.0375 0.0390625
1 0.2265625 0.7625 0.0484375 0.05
1 0.1953125 0.8125 0.034375 0.01875
1 0.19375 0.8296875 0.0296875 0.0328125
1 0.184375 0.8546875 0.0140625 0.0171875
1 0.2 0.9015625 0.01875 0.0203125
1 0.1734375 0.9265625 0.034375 0.03125
1 0.196875 0.921875 0.0265625 0.0203125
1 0.18203125 0.98828125 0.0359375 0.0234375
1 0.209375 0.9703125 0.04375 0.0453125
1 0.04375 0.946875 0.0171875 0.0234375
1 0.0171875 0.9515625 0.028125 0.028125
1 0.528125 0.4953125 0.0171875 0.0203125
1 0.553125 0.6296875 0.021875 0.0234375
0 0.8953125 0.45859375 0.1875 0.0578125
0 0.87890625 0.51484375 0.1640625 0.1703125
0 0.9125 0.803125 0.0953125 0.134375
0 0.89921875 0.7015625 0.2015625 0.334375
1 0.803125 0.846875 0.0296875 0.046875
1 0.64375 0.76875 0.0203125 0.015625