1 0.3640625 0.0859375 0.025 0.0234375
1 0.325 0.034375 0.021875 0.0203125
1 0.1953125 0.0671875 0.015625 0.0234375
1 0.13125 0.0515625 0.021875 0.021875
1 0.121875 0.196875 0.0328125 0.0328125
1 0.1625 0.2 0.034375 0.0140625
1 0.29375 0.1921875 0.028125 0.0296875
1 0.353125 0.1953125 0.0234375 0.0171875
1 0.0828125 0.259375 0.0296875 0.0375
1 0.371875 0.275 0.0203125 0.01875
0 0.34296875 0.31640625 0.1140625 0.1265625
0 0.084375 0.3234375 0.1265625 0.103125
1 0.2828125 0.021875 0.0265625 0.01875
0 0.25859375 0.33671875 0.1015625 0.0859375
0 0.18125 0.3140625 0.096875 0.13125
1 0.7609375 0.04375 0.025 0.0625
1 0.6734375 0.1359375 0.04375 0.025
1 0.7375 0.1078125 0.05 0.0265625
1 0.7078125 0.2171875 0.025 0.0296875
1 0.5875 0.11875 0.0359375 0.021875
1 0.4265625 0.10625 0.0359375 0.0515625
1 0.4578125 0.165625 0.01875 0.0265625
1 0.5171875 0.090625 0.0359375 0.021875
1 0.459375 0.0265625 0.0328125 0.0265625
1 0.4171875 0.178125 0.0203125 0.0265625
1 0.66171875 0.02109375 0.0671875 0.0421875
1 0.5078125 0.1515625 0.0171875 0.01875
1 0.59375 0.2015625 0.025 0.025
1 0.5890625 0.225 0.0203125 0.01875
1 0.5546875 0.3375 0.0375 0.0453125
1 0.58125 0.33125 0.021875 0.01875
1 0.515625 0.37109375 0.028125 0.0171875
1 0.4515625 0.34375 0.0234375 0.0140625
1 0.653125 0.3671875 0.0296875 0.01875
0 0.4234375 0.2640625 0.046875 0.1375
0 0.5234375 0.278125 0.109375 0.0875
1 0.48125 0.2515625 0.0171875 0.0359375
1 0.528125 0.234375 0.04375 0.0125
0 0.771875 0.25 0.0484375 0.1140625
1 0.5 0.3421875 0.015625 0.015625
0 0.6484375 0.2546875 0.0765625 0.11875
0 0.6953125 0.2890625 0.134375 0.0671875
1 0.0453125 0.603125 0.0140625 0.0171875
1 0.0875 0.7203125 0.015625 0.0078125
1 0.1203125 0.6109375 0.0078125 0.0125
1 0.1390625 0.4125 0.0109375 0.009375
1 0.1359375 0.6421875 0.0234375 0.03125
1 0.1375 0.6921875 0.03125 0.03125
1 0.178125 0.78125 0.028125 0.015625
1 0.2140625 0.75625 0.021875 0.0453125
1 0.240625 0.8296875 0.0171875 0.01875
1 0.3515625 0.4125 0.015625 0.0140625
0 0.3359375 0.40078125 0.096875 0.0421875
1 0.315625 0.4015625 0.0203125 0.021875
1 0.29375 0.421875 0.0171875 0.03125
1 0.25 0.459375 0.0203125 0.03125
1 0.2046875 0.415625 0.0359375 0.0390625
1 0.1953125 0.3921875 0.01875 0.015625
1 0.00546875 0.41328125 0.0109375 0.0328125
1 0.00859375 0.3921875 0.0171875 0.025
1 0.084375 0.453125 0.03125 0.03125
1 0.05 0.4328125 0.0546875 0.06875
1 0.0640625 0.4734375 0.03125 0.0140625
1 0.053125 0.5078125 0.01875 0.025
1 0.0640625 0.5734375 0.015625 0.021875
1 0.0140625 0.5109375 0.021875 0.028125
1 0.00625 0.51171875 0.0125 0.0390625
1 0.0484375 0.64375 0.059375 0.04375
1 0.128125 0.484375 0.0375 0.0125
1 0.16875 0.4765625 0.0140625 0.021875
1 0.1765625 0.525 0.0265625 0.040625
1 0.1890625 0.55 0.0140625 0.0140625
1 0.1578125 0.55 0.065625 0.0546875
1 0.115625 0.5359375 0.021875 0.028125
1 0.1390625 0.54375 0.0390625 0.03125
1 0.3859375 0.4703125 0.0265625 0.0359375
1 0.39375 0.53984375 0.0125 0.0359375
1 0.334375 0.5453125 0.03125 0.0171875
1 0.278125 0.5359375 0.025 0.0375
1 0.2390625 0.51875 0.0140625 0.0140625
1 0.3046875 0.5625 0.0109375 0.0203125
1 0.2375 0.5828125 0.0625 0.075
1 0.18125 0.615625 0.0171875 0.0203125
1 0.2109375 0.61875 0.03125 0.046875
1 0.39375 0.7375 0.0125 0.025
1 0.328125 0.6203125 0.0328125 0.0296875
1 0.3 0.6546875 0.01875 0.025
1 0.2625 0.6359375 0.0265625 0.015625
1 0.253125 0.6515625 0.0265625 0.025
1 0.0078125 0.728125 0.015625 0.015625
1 0.034375 0.7484375 0.025 0.0234375
1 0.078125 0.665625 0.0171875 0.0265625
1 0.0796875 0.68125 0.0234375 0.0171875
1 0.1546875 0.6140625 0.0421875 0.0390625
1 0.121875 0.6609375 0.0390625 0.01875
1 0.115625 0.6390625 0.01875 0.015625
1 0.040625 0.8953125 0.04375 0.03125
1 0.0375 0.9203125 0.0375 0.0390625
1 0.0125 0.9328125 0.0171875 0.025
1 0.0734375 0.8046875 0.025 0.034375
1 0.1078125 0.8375 0.034375 0.03125
1 0.0296875 0.809375 0.0140625 0.021875
0 0.046875 0.83671875 0.09375 0.1109375
1 0.1109375 0.7671875 0.0125 0.01875
1 0.1265625 0.784375 0.04375 0.04375
1 0.1171875 0.8046875 0.03125 0.021875
1 0.1734375 0.7484375 0.01875 0.0234375
1 0.175 0.8296875 0.0328125 0.0171875
1 0.18125 0.8515625 0.0296875 0.028125
1 0.2171875 0.85 0.0171875 0.0328125
1 0.20625 0.859375 0.0140625 0.021875
1 0.1828125 0.8859375 0.04375 0.0625
1 0.2453125 0.8578125 0.0171875 0.015625
1 0.25 0.86875 0.0296875 0.01875
1 0.2484375 0.9078125 0.0234375 0.0359375
1 0.278125 0.9125 0.040625 0.04375
1 0.2375 0.9328125 0.01875 0.0234375
1 0.3046875 0.8625 0.0296875 0.03125
1 0.315625 0.7859375 0.06875 0.0484375
0 0.3015625 0.8484375 0.1046875 0.1015625
1 0.3796875 0.8328125 0.01875 0.015625
1 0.3609375 0.7953125 0.0140625 0.0140625
1 0.359375 0.83125 0.0140625 0.025
1 0.35 0.890625 0.0390625 0.03125
1 0.371875 0.9015625 0.015625 0.0203125
1 0.3890625 0.828125 0.0140625 0.0171875
0 0.39375 0.8546875 0.0125 0.053125
1 0.38125 0.8578125 0.0375 0.0515625
1 0.38828125 0.88359375 0.0234375 0.0390625
1 0.3859375 0.92421875 0.028125 0.0359375
1 0.109375 0.934375 0.04375 0.0375
1 0.121875 0.9828125 0.0203125 0.0109375
1 0.0734375 0.965625 0.0265625 0.034375
1 0.06640625 0.996875 0.0265625 0.00625
1 0.03046875 0.984375 0.0546875 0.03125
1 0.228125 0.978125 0.0109375 0.021875
1 0.2125 0.984375 0.03125 0.021875
1 0.19296875 0.98828125 0.0484375 0.0234375
1 0.25546875 0.9921875 0.0390625 0.015625
1 0.29453125 0.99140625 0.0484375 0.0171875
1 0.2890625 0.975 0.009375 0.0046875
1 0.39140625 0.95390625 0.0171875 0.0171875
1 0.36875 0.94375 0.0203125 0.0046875
1 0.3578125 0.975 0.025 0.025
1 0.34921875 0.9921875 0.0390625 0.015625
1 0.3875 0.98046875 0.025 0.0390625
1 0.36328125 0.9984375 0.0234375 0.003125
1 0.60078125 0.39140625 0.0265625 0.0234375
1 0.5859375 0.471875 0.025 0.025
1 0.6796875 0.3921875 0.015625 0.0203125
1 0.7609375 0.38203125 0.015625 0.0046875
1 0.9859375 0.409375 0.0171875 0.04375
1 0.940625 0.4109375 0.0359375 0.0625
1 0.8578125 0.4484375 0.021875 0.0234375
1 0.8109375 0.4859375 0.028125 0.0265625
1 0.834375 0.4828125 0.0171875 0.015625
1 0.8296875 0.50625 0.025 0.025
1 0.8140625 0.5125 0.0171875 0.01875
1 0.8046875 0.5171875 0.028125 0.034375
1 0.7265625 0.5328125 0.0828125 0.059375
1 0.99375 0.52578125 0.0125 0.0234375
1 0.99140625 0.7015625 0.0171875 0.03125
1 0.9609375 0.6453125 0.0265625 0.025
1 0.865625 0.68125 0.046875 0.0484375
1 0.8625 0.6375 0.03125 0.0390625
1 0.8546875 0.6203125 0.0140625 0.0140625
1 0.75 0.5578125 0.021875 0.0125
1 0.759375 0.575 0.0421875 0.0234375
1 0.784375 0.640625 0.040625 0.0359375
1 0.93125 0.609375 0.009375 0.025
0 0.9046875 0.7078125 0.1078125 0.1828125
0 0.9484375 0.7265625 0.0734375 0.071875
1 0.5703125 0.734375 0.0125 0.0140625
1 0.54375 0.7453125 0.0234375 0.01875
1 0.5625 0.746875 0.0125 0.01875
1 0.584375 0.628125 0.0203125 0.0140625
1 0.5453125 0.665625 0.046875 0.0609375
0 0.6640625 0.68125 0.1421875 0.115625
1 0.690625 0.653125 0.0234375 0.034375
1 0.6609375 0.6421875 0.0140625 0.009375
1 0.8 0.6703125 0.040625 0.0453125
0 0.7453125 0.7046875 0.0828125 0.14375
0 0.79375 0.696875 0.0578125 0.0390625
1 0.9609375 0.9453125 0.0296875 0.0140625
1 0.9234375 0.9375 0.01875 0.0203125
1 0.9078125 0.8796875 0.021875 0.01875
1 0.8359375 0.8453125 0.046875 0.0359375
1 0.8625 0.8078125 0.009375 0.009375
1 0.7640625 0.85 0.0296875 0.025
1 0.5609375 0.984375 0.03125 0.03125
1 0.66328125 0.9921875 0.0234375 0.015625
1 0.665625 0.9625 0.03125 0.015625
1 0.6828125 0.9875 0.0171875 0.0171875
1 0.59375 0.85 0.0265625 0.021875
1 0.559375 0.8546875 0.028125 0.0234375
1 0.5359375 0.8484375 0.0234375 0.0171875