1 0.08125 0.0671875 0.0296875 0.0234375
1 0.3546875 0.24375 0.03125 0.025
0 0.409375 0.2171875 0.1546875 0.0765625
0 0.4109375 0.1125 0.134375 0.1921875
0 0.37734375 0.02890625 0.1546875 0.0578125
1 0.0875 0.0296875 0.025 0.03125
1 0.0546875 0.04375 0.0234375 0.028125
1 0.0984375 0.15 0.0265625 0.0234375
1 0.1046875 0.175 0.0140625 0.015625
1 0.0828125 0.2328125 0.0234375 0.009375
1 0.125 0.15625 0.015625 0.0125
1 0.09375 0.1296875 0.01875 0.0171875
1 0.046875 0.08125 0.01875 0.0171875
1 0.203125 0.0796875 0.01875 0.015625
1 0.1828125 0.084375 0.0171875 0.0171875
1 0.0609375 0.2 0.021875 0.0234375
1 0.0453125 0.209375 0.03125 0.021875
1 0.0078125 0.1765625 0.015625 0.021875
1 0.971875 0.0875 0.0109375 0.0125
1 0.8796875 0.0671875 0.0078125 0.0234375
1 0.84375 0.18125 0.0109375 0.0140625
1 0.8515625 0.2203125 0.03125 0.0359375
1 0.621875 0.0875 0.0609375 0.040625
1 0.575 0.190625 0.01875 0.015625
1 0.771875 0.0375 0.0234375 0.025
1 0.7453125 0.0265625 0.0140625 0.015625
1 0.75 0.046875 0.015625 0.0171875
1 0.75859375 0.00234375 0.0265625 0.0046875
1 0.7328125 0.0984375 0.06875 0.0265625
1 0.6484375 0.15 0.0171875 0.0328125
1 0.721875 0.2296875 0.028125 0.021875
1 0.7265625 0.165625 0.0734375 0.0890625
1 0.725 0.25 0.0265625 0.0203125
0 0.6953125 0.184375 0.190625 0.153125
0 0.73203125 0.07109375 0.1671875 0.1421875
1 0.66484375 0.01640625 0.0140625 0.0328125
1 0.5234375 0.19765625 0.009375 0.0265625
1 0.053125 0.46875 0.0171875 0.01875
1 0.5171875 0.51484375 0.003125 0.0109375
1 0.0515625 0.5109375 0.01875 0.03125
1 0.04375 0.5578125 0.025 0.0125
1 0.1265625 0.546875 0.04375 0.040625
1 0.071875 0.58125 0.0328125 0.040625
1 0.1890625 0.6359375 0.015625 0.0203125
1 0.0609375 0.6546875 0.034375 0.021875
1 0.0640625 0.78125 0.0140625 0.0265625
0 0.03984375 0.69609375 0.0796875 0.2890625
1 0.4859375 0.7796875 0.0390625 0.0421875
1 0.465625 0.640625 0.0328125 0.028125
1 0.4328125 0.6078125 0.021875 0.01875
1 0.25 0.75 0.01875 0.025
1 0.1375 0.828125 0.015625 0.0265625
0 0.6984375 0.5765625 0.109375 0.08125
0 0.6796875 0.5359375 0.0734375 0.0546875
0 0.709375 0.65625 0.0859375 0.0890625
0 0.690625 0.7390625 0.11875 0.0890625
0 0.6953125 0.8375 0.0703125 0.10625
0 0.6828125 0.94375 0.15 0.1109375
0 0.7015625 0.98515625 0.0375 0.0296875
1 0.73828125 0.98515625 0.0578125 0.0296875
1 0.5546875 0.88125 0.0359375 0.034375
1 0.52421875 0.8484375 0.0109375 0.028125