1 0.0703125 0.46796875 0.071875 0.0421875
1 0.0546875 0.4640625 0.0234375 0.0234375
1 0.084375 0.4515625 0.009375 0.015625
1 0.096875 0.4375 0.0234375 0.0265625
1 0.14375 0.4109375 0.01875 0.0234375
1 0.078125 0.35625 0.0109375 0.0046875
1 0.0921875 0.390625 0.0265625 0.0421875
1 0.375 0.234375 0.0234375 0.0234375
1 0.3640625 0.2234375 0.0140625 0.01875
1 0.353125 0.21875 0.0265625 0.0265625
1 0.3546875 0.20625 0.0125 0.009375
1 0.31875 0.2390625 0.0234375 0.015625
1 0.25 0.253125 0.0140625 0.0078125
1 0.2578125 0.309375 0.003125 0.0078125
1 0.196875 0.246875 0.028125 0.01875
1 0.1734375 0.2484375 0.0328125 0.025
1 0.134375 0.240625 0.021875 0.015625
1 0.15 0.240625 0.0125 0.0140625
1 0.346875 0.14375 0.0296875 0.0265625
1 0.165625 0.14375 0.0109375 0.0171875
1 0.2 0.1328125 0.0203125 0.028125
1 0.196875 0.1015625 0.015625 0.015625
1 0.2375 0.109375 0.0171875 0.0109375
1 0.1203125 0.171875 0.0140625 0.0125
1 0.1296875 0.1203125 0.0203125 0.021875
1 0.1359375 0.059375 0.0078125 0.0046875
1 0.11015625 0.00234375 0.0203125 0.0046875
1 0.42109375 0.00390625 0.0234375 0.0078125
1 0.2734375 0.3609375 0.01875 0.021875
0 0.384375 0.434375 0.1375 0.0640625
0 0.35078125 0.47109375 0.1640625 0.0359375
1 0.2671875 0.4828125 0.01875 0.0125
0 0.2546875 0.425 0.146875 0.128125
0 0.1796875 0.428125 0.14375 0.1140625
1 0.2078125 0.4265625 0.0125 0.01875
1 0.00234375 0.36796875 0.0046875 0.0296875
0 0.05234375 0.42734375 0.1046875 0.1234375
1 0.853125 0.4125 0.025 0.03125
1 0.825 0.2234375 0.0265625 0.0234375
0 0.82109375 0.05703125 0.0921875 0.1140625
1 0.78125 0.421875 0.015625 0.0171875
1 0.7640625 0.440625 0.0203125 0.0078125
1 0.7609375 0.20625 0.0203125 0.0390625
1 0.7328125 0.34921875 0.028125 0.0421875
1 0.734375 0.24765625 0.03125 0.0671875
1 0.728125 0.0828125 0.015625 0.0234375
1 0.7296875 0.065625 0.0140625 0.0078125
1 0.74375 0.0625 0.03125 0.0296875
1 0.4609375 0.98125 0.0171875 0.021875
1 0.578125 0.975 0.03125 0.0328125
1 0.2 0.903125 0.040625 0.034375
1 0.2109375 0.7125 0.0359375 0.0234375
1 0.6140625 0.6109375 0.0203125 0.0140625
1 0.184375 0.559375 0.0078125 0.0078125
1 0.365625 0.6890625 0.0109375 0.009375
0 0.36328125 0.5953125 0.2953125 0.2125
0 0.578125 0.6015625 0.209375 0.1921875
0 0.6859375 0.5703125 0.0390625 0.034375
1 0.721875 0.784375 0.00625 0.0125
1 0.771875 0.7140625 0.015625 0.021875
1 0.8171875 0.7609375 0.0234375 0.0390625
1 0.8359375 0.7625 0.025 0.0296875
1 0.8328125 0.715625 0.021875 0.0171875
1 0.8953125 0.7859375 0.021875 0.021875
1 0.98125 0.9625 0.03125 0.0375
1 0.9421875 0.884375 0.0171875 0.03125
0 0.7375 0.54140625 0.0375 0.0328125
1 0.7578125 0.515625 0.0203125 0.028125
0 0.7953125 0.553125 0.065625 0.06875
0 0.890625 0.571875 0.16875 0.0984375
0 0.9375 0.5625 0.0875 0.096875
1 0.9125 0.5046875 0.034375 0.03125
1 0.9625 0.5109375 0.015625 0.0171875
1 0.9046875 0.5984375 0.0140625 0.009375
1 0.9359375 0.6390625 0.015625 0.0078125