0 0.28359375 0.41875 0.1890625 0.1
0 0.3109375 0.38828125 0.11875 0.1609375
1 0.353125 0.3828125 0.0265625 0.0234375
1 0.228125 0.371875 0.021875 0.0265625
0 0.3109375 0.275 0.203125 0.1140625
1 0.00703125 0.375 0.0140625 0.021875
0 0.65625 0.384375 0.19375 0.16875
0 0.728125 0.2515625 0.315625 0.178125
1 0.2 0.4828125 0.01875 0.028125
1 0.1921875 0.528125 0.025 0.0125
1 0.275 0.5171875 0.04375 0.040625
1 0.2203125 0.5515625 0.0328125 0.040625
1 0.3375 0.60625 0.015625 0.0203125
1 0.209375 0.625 0.034375 0.021875
1 0.2125 0.7515625 0.0140625 0.0265625
0 0.1140625 0.66640625 0.228125 0.2890625
1 0.3984375 0.7203125 0.01875 0.025
1 0.2859375 0.7984375 0.015625 0.0265625
0 0.7703125 0.61875 0.0859375 0.0796875
1 0.8359375 0.7265625 0.015625 0.0171875
0 0.7375 0.8046875 0.096875 0.165625
0 0.765625 0.8609375 0.0859375 0.0703125
0 0.7484375 0.5453125 0.15 0.078125
0 0.74765625 0.48671875 0.1109375 0.0359375
1 0.8203125 0.5171875 0.0296875 0.021875
1 0.6171875 0.5046875 0.0203125 0.046875
1 0.571875 0.5546875 0.01875 0.025
1 0.58125 0.578125 0.028125 0.025
1 0.6 0.840625 0.0296875 0.0265625
1 0.6140625 0.7421875 0.0171875 0.01875
1 0.6296875 0.740625 0.01875 0.015625
1 0.5796875 0.659375 0.0234375 0.0265625
1 0.6453125 0.825 0.0265625 0.021875
1 0.634375 0.7890625 0.0234375 0.025
1 0.725 0.6875 0.0390625 0.0328125
1 0.815625 0.640625 0.034375 0.034375
1 0.840625 0.603125 0.0328125 0.03125
1 0.93125 0.49375 0.0234375 0.028125
1 0.978125 0.7140625 0.0296875 0.0234375
1 0.9734375 0.6671875 0.0265625 0.01875
1 0.953125 0.66875 0.01875 0.0265625
1 0.94375 0.7078125 0.0234375 0.021875
1 0.83125 0.8671875 0.028125 0.03125
1 0.9703125 0.8875 0.03125 0.015625
1 0.928125 0.846875 0.0265625 0.01875