1 0.359375 0.621875 0.01875 0.0265625
1 0.43046875 0.63046875 0.0671875 0.0171875
1 0.4546875 0.596875 0.046875 0.0328125
1 0.4546875 0.525 0.0609375 0.0609375
1 0.5140625 0.5140625 0.0546875 0.1046875
1 0.584375 0.4796875 0.075 0.1109375
1 0.584375 0.390625 0.05625 0.0390625
1 0.6546875 0.3984375 0.028125 0.0328125
1 0.63125 0.3703125 0.0296875 0.03125
0 0.57578125 0.540625 0.2140625 0.196875
1 0.4265625 0.4453125 0.0203125 0.0328125
0 0.3859375 0.5453125 0.0828125 0.1828125
0 0.2671875 0.55 0.18125 0.140625
1 0.3453125 0.471875 0.0328125 0.0390625
1 0.3671875 0.48125 0.040625 0.0484375
1 0.41875 0.3515625 0.040625 0.053125
1 0.4703125 0.3515625 0.0859375 0.0625
1 0.48125 0.309375 0.1140625 0.0625
1 0.5453125 0.3203125 0.034375 0.05
1 0.60625 0.2984375 0.0953125 0.05625
1 0.5359375 0.2546875 0.1015625 0.0640625
1 0.4421875 0.2125 0.1078125 0.090625
1 0.5234375 0.2125 0.0359375 0.0359375
1 0.5625 0.1828125 0.0515625 0.06875
1 0.6265625 0.175 0.0546875 0.05
1 0.6671875 0.19375 0.0328125 0.0390625
1 0.6671875 0.265625 0.0390625 0.11875
1 0.3875 0.1703125 0.0625 0.0578125
1 0.371875 0.1015625 0.046875 0.0515625
1 0.340625 0.16875 0.0375 0.0796875
1 0.4421875 0.09375 0.04375 0.0546875
1 0.5015625 0.128125 0.06875 0.0546875
1 0.575 0.1375 0.0671875 0.04375
1 0.553125 0.0921875 0.034375 0.04375
1 0.603125 0.0796875 0.084375 0.084375
0 0.653125 0.02109375 0.0625 0.0421875
0 0.53828125 0.04765625 0.1109375 0.0953125
0 0.4078125 0.034375 0.159375 0.06875
1 0.3 0.0671875 0.05 0.0546875
0 0.30078125 0.025 0.0546875 0.05
1 0.2375 0.040625 0.06875 0.05625
1 0.18984375 0.01796875 0.0609375 0.0359375
1 0.18125 0.1046875 0.0375 0.04375
1 0.1921875 0.0625 0.0359375 0.0390625
1 0.196875 0.1390625 0.0296875 0.03125
1 0.1984375 0.1828125 0.0734375 0.0625
1 0.1734375 0.2296875 0.0234375 0.040625
1 0.1828125 0.278125 0.0421875 0.0375
1 0.2390625 0.253125 0.05625 0.0625
1 0.221875 0.2859375 0.025 0.0359375
1 0.2953125 0.2359375 0.0328125 0.034375
1 0.2671875 0.3 0.0234375 0.0203125
1 0.30625 0.290625 0.059375 0.0328125
1 0.3671875 0.290625 0.0515625 0.053125
1 0.3703125 0.3375 0.03125 0.046875
1 0.16875 0.3328125 0.0171875 0.0296875
1 0.21875 0.34375 0.084375 0.0765625
1 0.2671875 0.3484375 0.0421875 0.0546875
1 0.2890625 0.4421875 0.1015625 0.090625
1 0.2375 0.44375 0.028125 0.0453125
1 0.19375 0.51875 0.0375 0.028125
1 0.1734375 0.5578125 0.0265625 0.0609375
0 0.2015625 0.4421875 0.0828125 0.1609375
1 0.309375 0.184375 0.021875 0.034375
0 0.275 0.1421875 0.0921875 0.1109375
1 0.321875 0.3296875 0.078125 0.05625
1 0.315625 0.384375 0.09375 0.065625
1 0.8484375 0.5546875 0.034375 0.025
1 0.99453125 0.36484375 0.0109375 0.0140625
1 0.9859375 0.3234375 0.0171875 0.0296875
1 0.934375 0.4359375 0.05 0.0671875
1 0.90625 0.4015625 0.0109375 0.0421875
1 0.8875 0.3828125 0.01875 0.01875
1 0.7453125 0.1578125 0.0265625 0.0328125
1 0.775 0.35625 0.0453125 0.0453125
1 0.7859375 0.3359375 0.0140625 0.0109375
1 0.74375 0.3828125 0.025 0.0390625
0 0.8046875 0.2453125 0.1453125 0.26875
0 0.87578125 0.3 0.2484375 0.309375
1 0.8390625 0.0765625 0.028125 0.040625
1 0.9 0.0578125 0.0234375 0.021875
1 0.44375 0.721875 0.0203125 0.034375
1 0.41875 0.815625 0.0171875 0.0171875
1 0.4046875 0.828125 0.0234375 0.03125
1 0.403125 0.759375 0.0234375 0.01875
1 0.1203125 0.7421875 0.0296875 0.025
1 0.040625 0.8078125 0.0203125 0.0203125
1 0.021875 0.7921875 0.0140625 0.0265625
1 0.04921875 0.98671875 0.0921875 0.0265625
0 0.26171875 0.96015625 0.1140625 0.0796875
1 0.4421875 0.9015625 0.01875 0.01875
1 0.4203125 0.746875 0.028125 0.015625
1 0.453125 0.75 0.025 0.0140625
1 0.125 0.715625 0.025 0.0234375
1 0.171875 0.8 0.015625 0.0140625
1 0.2328125 0.7859375 0.01875 0.0140625
1 0.275 0.7 0.0203125 0.015625
1 0.3296875 0.7359375 0.021875 0.0203125
1 0.3609375 0.746875 0.0125 0.015625
1 0.2953125 0.7875 0.01875 0.0234375
0 0.90078125 0.86875 0.1234375 0.2625
1 0.778125 0.9125 0.025 0.034375
1 0.78125 0.7765625 0.0296875 0.0296875
1 0.9453125 0.64375 0.0125 0.009375
1 0.99296875 0.946875 0.0140625 0.046875