1 0.4140625 0.178125 0.0328125 0.0265625
1 0.225 0.2265625 0.0421875 0.0671875
0 0.3484375 0.1328125 0.18125 0.265625
0 0.25546875 0.1234375 0.2734375 0.246875
0 0.06171875 0.09140625 0.1109375 0.1828125
1 0.1515625 0.196875 0.03125 0.015625
1 0.15625 0.040625 0.0453125 0.028125
1 0.1734375 0.128125 0.0390625 0.01875
1 0.63046875 0.3140625 0.0890625 0.071875
0 0.9515625 0.20703125 0.096875 0.1203125
1 0.9703125 0.134375 0.025 0.040625
0 0.909375 0.21875 0.128125 0.1609375
0 0.84375 0.2109375 0.1171875 0.0734375
1 0.803125 0.16875 0.06875 0.075
1 0.6984375 0.125 0.0375 0.0625
0 0.6484375 0.1984375 0.125 0.0953125
1 0.753125 0.1953125 0.021875 0.021875
1 0.7703125 0.275 0.0171875 0.0203125
0 0.121875 0.70625 0.06875 0.1453125
0 0.3828125 0.65703125 0.1125 0.0859375
1 0.19375 0.95078125 0.15 0.0984375
1 0.0109375 0.4 0.021875 0.034375
1 0.075 0.4875 0.015625 0.0265625
1 0.5515625 0.95625 0.0125 0.015625
1 0.89375 0.984375 0.040625 0.03125
1 0.928125 0.965625 0.0234375 0.0203125
1 0.884375 0.9265625 0.0234375 0.025
1 0.5265625 0.903125 0.0234375 0.0140625
1 0.4828125 0.921875 0.046875 0.0359375
1 0.4640625 0.8734375 0.0078125 0.01875
1 0.91875 0.8359375 0.0578125 0.03125
1 0.9390625 0.7734375 0.0171875 0.0328125
1 0.8171875 0.828125 0.0203125 0.01875
0 0.834375 0.8171875 0.05625 0.0703125
0 0.85625 0.7734375 0.1328125 0.0671875
1 0.7484375 0.846875 0.0453125 0.034375
0 0.725 0.775 0.0875 0.0953125
1 0.70625 0.725 0.046875 0.04375
1 0.665625 0.765625 0.0515625 0.0609375
0 0.60625 0.7609375 0.115625 0.1015625
1 0.5703125 0.828125 0.0125 0.0375
0 0.4875 0.7875 0.096875 0.11875
1 0.9421875 0.7421875 0.0109375 0.0203125
1 0.825 0.6796875 0.015625 0.0171875
1 0.9171875 0.6625 0.053125 0.034375
1 0.9234375 0.64375 0.009375 0.01875
1 0.753125 0.6421875 0.021875 0.0109375
1 0.7453125 0.621875 0.034375 0.0171875
1 0.5453125 0.621875 0.0265625 0.0171875
1 0.45078125 0.63671875 0.0234375 0.0703125
1 0.44609375 0.65703125 0.0140625 0.0328125
1 0.884375 0.5765625 0.0171875 0.015625
1 0.934375 0.5015625 0.025 0.0265625
1 0.653125 0.5390625 0.0125 0.01875
1 0.66875 0.5265625 0.0234375 0.0390625
1 0.646875 0.521875 0.021875 0.015625
1 0.6453125 0.4984375 0.0515625 0.03125
1 0.64375 0.459375 0.0328125 0.0359375
1 0.578125 0.4921875 0.0515625 0.0234375
1 0.6203125 0.4234375 0.03125 0.0421875
1 0.4796875 0.4125 0.021875 0.0265625
1 0.46875 0.3734375 0.046875 0.0265625
1 0.44296875 0.359375 0.0078125 0.01875
1 0.45234375 0.43671875 0.0265625 0.0296875
1 0.45078125 0.40859375 0.0234375 0.0390625
1 0.44375 0.39921875 0.009375 0.0234375
0 0.66640625 0.3546875 0.0515625 0.009375
1 0.6734375 0.40625 0.0453125 0.0390625
0 0.82109375 0.3640625 0.1140625 0.028125
0 0.90078125 0.35703125 0.0640625 0.0140625
1 0.878125 0.3953125 0.034375 0.0328125
1 0.9140625 0.4390625 0.015625 0.015625
1 0.925 0.409375 0.0125 0.0171875
1 0.7640625 0.9359375 0.0140625 0.0140625