0 0.46875 0.3234375 0.115625 0.0375
1 0.503125 0.3109375 0.0609375 0.053125
0 0.4984375 0.115625 0.0953125 0.0609375
1 0.521875 0.1359375 0.0203125 0.028125
0 0.4796875 0.1671875 0.078125 0.075
1 0.4375 0.1875 0.0265625 0.0546875
1 0.353125 0.00546875 0.040625 0.0109375
0 0.4984375 0.025 0.1375 0.05
1 0.375 0.2546875 0.0234375 0.028125
1 0.2484375 0.2421875 0.0265625 0.0265625
1 0.3453125 0.2046875 0.0296875 0.028125
1 0.3390625 0.1265625 0.0234375 0.01875
1 0.328125 0.21875 0.028125 0.0234375
1 0.2578125 0.2171875 0.0265625 0.021875
1 0.3359375 0.2671875 0.01875 0.0203125
1 0.2265625 0.284375 0.01875 0.01875
1 0.1546875 0.2953125 0.0359375 0.0234375
1 0.2265625 0.30625 0.0265625 0.0359375
1 0.171875 0.325 0.01875 0.0203125
1 0.065625 0.278125 0.0296875 0.0171875
1 0.0421875 0.2734375 0.0203125 0.015625
1 0.009375 0.275 0.01875 0.034375
1 0.159375 0.253125 0.028125 0.0265625
1 0.225 0.2296875 0.025 0.0171875
1 0.228125 0.1265625 0.040625 0.0375
1 0.24375 0.159375 0.0265625 0.03125
1 0.2125 0.16875 0.025 0.0171875
1 0.2265625 0.1578125 0.03125 0.03125
1 0.2046875 0.00625 0.03125 0.0125
1 0.2453125 0.0484375 0.0203125 0.0203125
1 0.14375 0.040625 0.0203125 0.03125
1 0.128125 0.03125 0.0265625 0.0234375
1 0.059375 0.00390625 0.01875 0.0078125
1 0.0734375 0.0796875 0.0203125 0.028125
1 0.0390625 0.0859375 0.05625 0.05
1 0.009375 0.1046875 0.01875 0.046875
1 0.01015625 0.13359375 0.0203125 0.0171875
1 0.05 0.165625 0.0296875 0.021875
1 0.0453125 0.2 0.025 0.028125
1 0.0546875 0.18125 0.0171875 0.015625
1 0.06875 0.1609375 0.021875 0.015625
0 0.009375 0.30546875 0.01875 0.0703125
0 0.01796875 0.20078125 0.0359375 0.1078125
1 0.59453125 0.21015625 0.0109375 0.0171875
1 0.59375 0.28984375 0.009375 0.0203125
1 0.75 0.3734375 0.028125 0.0203125
1 0.9296875 0.30625 0.0515625 0.0390625
1 0.9875 0.3875 0.025 0.040625
1 0.99140625 0.3203125 0.0171875 0.028125
1 0.9765625 0.1125 0.0171875 0.025
1 0.9828125 0.0515625 0.021875 0.0171875
1 0.57890625 0.7140625 0.0203125 0.046875
1 0.4796875 0.759375 0.040625 0.0484375
1 0.5203125 0.753125 0.034375 0.0390625
1 0.5125 0.696875 0.0484375 0.0390625
1 0.5046875 0.64375 0.03125 0.05625
1 0.4203125 0.65625 0.0703125 0.06875
1 0.31875 0.66875 0.071875 0.034375
1 0.2734375 0.6390625 0.0265625 0.0625
0 0.1765625 0.6546875 0.1046875 0.125
1 0.259375 0.9453125 0.0375 0.0484375
1 0.3 0.928125 0.0359375 0.0375
1 0.27265625 0.978125 0.0546875 0.04375
1 0.0421875 0.69375 0.0421875 0.05
1 0.0078125 0.7234375 0.015625 0.0625
1 0.03046875 0.7515625 0.0609375 0.053125
1 0.00390625 0.78828125 0.0078125 0.0296875
1 0.0703125 0.7828125 0.0265625 0.03125
1 0.01171875 0.84296875 0.0234375 0.0171875
1 0.0390625 0.8796875 0.078125 0.046875
1 0.0328125 0.9359375 0.053125 0.0578125
1 0.06875 0.97109375 0.078125 0.0578125
1 0.271875 0.734375 0.0328125 0.0421875
1 0.31875 0.8015625 0.046875 0.0328125
1 0.3671875 0.803125 0.0390625 0.046875
1 0.4015625 0.8390625 0.0484375 0.0625
1 0.4515625 0.859375 0.06875 0.09375
1 0.5625 0.88203125 0.053125 0.0984375
1 0.5015625 0.96953125 0.046875 0.0609375
1 0.3640625 0.8984375 0.028125 0.0484375
1 0.3984375 0.928125 0.0515625 0.059375
1 0.353125 0.9703125 0.0140625 0.028125
1 0.390625 0.9796875 0.05 0.0328125
1 0.33125 0.709375 0.0234375 0.028125
1 0.421875 0.740625 0.0375 0.040625
1 0.0578125 0.64296875 0.115625 0.1046875
0 0.153125 0.7859375 0.1109375 0.153125
0 0.17734375 0.95234375 0.0703125 0.0953125
1 0.240625 0.878125 0.15625 0.1125
1 0.640625 0.7140625 0.0328125 0.03125
1 0.7734375 0.7859375 0.0484375 0.0421875
1 0.8125 0.634375 0.03125 0.0234375
1 0.9703125 0.7828125 0.0265625 0.021875
1 0.9171875 0.7359375 0.0328125 0.0296875
1 0.946875 0.7140625 0.034375 0.0359375
1 0.98671875 0.75 0.0265625 0.01875
1 0.909375 0.6796875 0.01875 0.0109375
1 0.9109375 0.65625 0.040625 0.0296875
1 0.9734375 0.5765625 0.03125 0.04375
1 0.946875 0.5765625 0.0359375 0.0265625
1 0.9875 0.54375 0.0234375 0.021875
1 0.884375 0.534375 0.028125 0.0125
1 0.965625 0.7578125 0.0234375 0.00625
1 0.775 0.7296875 0.025 0.01875
1 0.7578125 0.725 0.0171875 0.0203125
1 0.784375 0.6828125 0.0296875 0.01875
1 0.8203125 0.7171875 0.0234375 0.0125
1 0.740625 0.646875 0.0234375 0.0328125
1 0.709375 0.6921875 0.0140625 0.0171875
1 0.8078125 0.5453125 0.021875 0.0234375
1 0.765625 0.5484375 0.0390625 0.021875
1 0.7859375 0.5046875 0.028125 0.025
1 0.7640625 0.5140625 0.028125 0.0140625
1 0.775 0.4796875 0.015625 0.01875
1 0.7484375 0.4609375 0.025 0.015625
1 0.7609375 0.475 0.0171875 0.028125
1 0.9890625 0.471875 0.021875 0.0203125
1 0.665625 0.5640625 0.1328125 0.0453125
1 0.60390625 0.490625 0.0296875 0.034375
1 0.6453125 0.4890625 0.0171875 0.0140625
1 0.640625 0.4484375 0.0140625 0.0140625