1 0.26015625 0.35859375 0.0453125 0.0421875
0 0.1015625 0.2265625 0.1484375 0.103125
0 0.2328125 0.1984375 0.11875 0.08125
0 0.3 0.1859375 0.03125 0.115625
1 0.121875 0.1375 0.0453125 0.0296875
1 0.034375 0.165625 0.021875 0.0359375
1 0.065625 0.0921875 0.046875 0.040625
1 0.29375 0.0125 0.040625 0.025
1 0.04765625 0.00625 0.0421875 0.0125
1 0.109375 0.075 0.015625 0.0171875
1 0.084375 0.065625 0.01875 0.0234375
1 0.190625 0.0171875 0.025 0.0078125
1 0.18125 0.0453125 0.0203125 0.0171875
1 0.2265625 0.06875 0.01875 0.0265625
1 0.2484375 0.090625 0.015625 0.0203125
1 0.3046875 0.3609375 0.0203125 0.0203125
1 0.1015625 0.05 0.0265625 0.0421875
1 0.0203125 0.2890625 0.0171875 0.01875
1 0.9796875 0.109375 0.015625 0.0203125
0 0.96953125 0.2796875 0.0609375 0.184375
1 0.8375 0.140625 0.0125 0.009375
1 0.7453125 0.0109375 0.03125 0.021875
1 0.7140625 0.2015625 0.015625 0.0140625
1 0.6953125 0.2109375 0.0109375 0.015625
1 0.603125 0.215625 0.015625 0.0109375
1 0.659375 0.35 0.0234375 0.021875
0 0.8828125 0.2953125 0.11875 0.121875
0 0.69375 0.2734375 0.1625 0.1125
1 0.7703125 0.3234375 0.065625 0.1
0 0.8125 0.315625 0.078125 0.128125
1 0.5703125 0.3265625 0.10625 0.10625
0 0.615625 0.284375 0.05 0.1390625
1 0.1546875 0.6921875 0.0125 0.0125
1 0.1609375 0.8890625 0.04375 0.0140625
1 0.0484375 0.6078125 0.0171875 0.03125
1 0.034375 0.5609375 0.0421875 0.015625
1 0.0109375 0.85 0.0140625 0.0125
1 0.3234375 0.8453125 0.0390625 0.0453125
1 0.034375 0.8 0.00625 0.0078125
1 0.14375 0.9265625 0.009375 0.0171875
1 0.409375 0.7015625 0.0203125 0.0125
0 0.4234375 0.6328125 0.153125 0.50625
0 0.32734375 0.55703125 0.3453125 0.2015625
0 0.12421875 0.5234375 0.2484375 0.1375
1 0.0859375 0.7078125 0.0203125 0.0171875
1 0.4 0.4390625 0.04375 0.0484375
1 0.634375 0.409375 0.0125 0.01875
1 0.609375 0.7859375 0.0125 0.0125
1 0.5453125 0.6375 0.015625 0.0109375
1 0.7140625 0.8578125 0.0421875 0.0625
0 0.765625 0.6203125 0.0671875 0.0109375
0 0.58671875 0.746875 0.1734375 0.390625
0 0.7265625 0.76875 0.146875 0.2453125