1 0.1375 0.3296875 0.0296875 0.0375
1 0.23125 0.4796875 0.06875 0.0421875
1 0.2421875 0.2171875 0.071875 0.046875
0 0.22890625 0.09140625 0.2140625 0.1828125
1 0.465625 0.353125 0.0625 0.05625
1 0.496875 0.103125 0.0203125 0.04375
1 0.540625 0.08203125 0.0375 0.0296875
0 0.4453125 0.15 0.19375 0.3
0 0.52734375 0.06796875 0.0640625 0.1359375
1 0.59375 0.5625 0.021875 0.0125
1 0.6390625 0.4734375 0.0109375 0.0078125
1 0.690625 0.3859375 0.01875 0.01875
1 0.696875 0.3515625 0.015625 0.009375
1 0.778125 0.51875 0.015625 0.015625
1 0.83125 0.4828125 0.0140625 0.0109375
0 0.8640625 0.19375 0.084375 0.0921875
0 0.775 0.184375 0.1015625 0.1578125
1 0.7203125 0.10625 0.0359375 0.0453125
0 0.671875 0.20625 0.10625 0.0859375
0 0.62890625 0.16015625 0.1390625 0.1109375
1 0.5796875 0.1109375 0.040625 0.0625
1 0.371875 0.57734375 0.034375 0.0171875
1 0.2015625 0.646875 0.040625 0.0390625
1 0.1828125 0.79375 0.025 0.0375
1 0.2375 0.8 0.0140625 0.0234375
1 0.146875 0.7421875 0.06875 0.0546875
1 0.13125 0.684375 0.0390625 0.0671875
1 0.1671875 0.6296875 0.021875 0.025
1 0.18125 0.6421875 0.015625 0.021875
1 0.090625 0.5734375 0.0375 0.009375
1 0.265625 0.6109375 0.025 0.015625
1 0.3890625 0.715625 0.034375 0.015625
1 0.2984375 0.7453125 0.01875 0.0265625
1 0.246875 0.8296875 0.0234375 0.0140625
1 0.43125 0.7578125 0.0125 0.0140625
1 0.4671875 0.6734375 0.0046875 0.009375
1 0.45 0.6015625 0.025 0.01875
1 0.53125 0.6453125 0.03125 0.0203125
1 0.49375 0.7109375 0.0421875 0.0453125
1 0.534375 0.721875 0.0296875 0.0421875
1 0.5296875 0.690625 0.0390625 0.0453125
1 0.509375 0.8 0.0890625 0.0984375
1 0.053125 0.6828125 0.0203125 0.0203125
1 0.1265625 0.8125 0.0375 0.04375
1 0.1640625 0.8765625 0.00625 0.0078125
1 0.35 0.85 0.021875 0.025
1 0.4796875 0.8875 0.0203125 0.01875
1 0.44375 0.93125 0.0140625 0.0109375
0 0.496875 0.98203125 0.115625 0.0359375
1 0.4421875 0.9546875 0.0078125 0.0046875
1 0.4390625 0.965625 0.0078125 0.0078125
1 0.3390625 0.99765625 0.021875 0.0046875
1 0.353125 0.8890625 0.025 0.01875
1 0.3375 0.95625 0.0296875 0.0296875
1 0.34375 0.94375 0.021875 0.0328125
1 0.346875 0.921875 0.0171875 0.015625
0 0.39375 0.984375 0.0875 0.03125
1 0.38125 0.984375 0.021875 0.0265625
0 0.21015625 0.98125 0.1296875 0.0375
1 0.1453125 0.9 0.0390625 0.01875
1 0.1328125 0.8921875 0.01875 0.015625
1 0.1359375 0.9359375 0.0359375 0.0578125
0 0.10703125 0.97578125 0.1390625 0.0484375
1 0.0578125 0.8375 0.0140625 0.0078125
1 0.75234375 0.5703125 0.0140625 0.003125
1 0.7609375 0.7015625 0.01875 0.028125
1 0.79375 0.7265625 0.009375 0.015625
1 0.8265625 0.9375 0.01875 0.021875
1 0.99296875 0.7125 0.0140625 0.01875
0 0.725 0.8140625 0.0421875 0.0953125
0 0.7953125 0.8296875 0.1265625 0.121875
0 0.921875 0.815625 0.134375 0.1453125
0 0.990625 0.83359375 0.01875 0.0984375