1 0.4078125 0.33203125 0.021875 0.0421875
0 0.378125 0.2296875 0.08125 0.1765625
1 0.253125 0.1015625 0.00625 0.0125
1 0.2234375 0.4109375 0.01875 0.01875
1 0.184375 0.40625 0.015625 0.0203125
1 0.103125 0.1515625 0.0125 0.009375
1 0.0484375 0.5203125 0.0578125 0.0328125
1 0.078125 0.496875 0.0125 0.015625
1 0.1109375 0.503125 0.065625 0.0625
1 0.228125 0.528125 0.0203125 0.0203125
1 0.2828125 0.5359375 0.0109375 0.009375
1 0.29375 0.509375 0.0390625 0.03125
1 0.39375 0.4109375 0.025 0.03125
1 0.4 0.41875 0.028125 0.01875
1 0.3171875 0.440625 0.0328125 0.0484375
1 0.29375 0.353125 0.03125 0.0234375
1 0.271875 0.23125 0.040625 0.0765625
1 0.246875 0.234375 0.025 0.0203125
1 0.2421875 0.2671875 0.0640625 0.0390625
0 0.171875 0.23125 0.09375 0.159375
1 0.00546875 0.19921875 0.0109375 0.0109375
0 0.03203125 0.2578125 0.0640625 0.109375
0 0.096875 0.23125 0.109375 0.140625
1 0.1515625 0.0484375 0.015625 0.015625
1 0.7296875 0.5078125 0.01875 0.03125
1 0.6171875 0.4546875 0.03125 0.021875
1 0.590625 0.090625 0.0109375 0.0078125
1 0.56875 0.4875 0.0375 0.0234375
1 0.5375 0.0765625 0.015625 0.0109375
1 0.540625 0.0390625 0.0265625 0.028125
1 0.528125 0.4359375 0.0140625 0.0171875
1 0.484375 0.484375 0.0109375 0.015625
1 0.465625 0.4546875 0.0078125 0.0078125
1 0.471875 0.425 0.0359375 0.01875
1 0.4421875 0.3921875 0.0453125 0.0453125
0 0.4734375 0.1796875 0.109375 0.15
0 0.565625 0.2046875 0.1515625 0.1734375
0 0.640625 0.225 0.090625 0.075
1 0.7828125 0.4125 0.034375 0.0265625
1 0.68125 0.1265625 0.0484375 0.0203125
1 0.6234375 0.05625 0.05 0.0328125
1 0.509375 0.0875 0.0171875 0.0171875
1 0.775 0.1953125 0.03125 0.04375
0 0.790625 0.25625 0.0296875 0.0640625
1 0.7640625 0.2890625 0.0390625 0.0359375
1 0.721875 0.3375 0.0859375 0.1
1 0.425 0.40703125 0.0125 0.0453125
1 0.56875 0.2921875 0.0203125 0.0265625
1 0.0515625 0.7796875 0.0671875 0.0453125
1 0.0796875 0.678125 0.025 0.0265625
1 0.10859375 0.58203125 0.0421875 0.0265625
1 0.1484375 0.7453125 0.0125 0.021875
1 0.215625 0.70625 0.053125 0.0515625
1 0.2 0.5953125 0.01875 0.0265625
1 0.175 0.578125 0.025 0.01875
1 0.1796875 0.809375 0.0453125 0.053125
1 0.21875 0.790625 0.0234375 0.0375
1 0.2609375 0.80625 0.034375 0.046875
1 0.259375 0.8984375 0.028125 0.025
1 0.30546875 0.99375 0.0234375 0.0125
1 0.3359375 0.8203125 0.0453125 0.0515625
0 0.36875 0.8953125 0.04375 0.1625
1 0.3 0.9515625 0.0171875 0.021875
0 0.290625 0.884375 0.0609375 0.1
1 0.2421875 0.6359375 0.015625 0.021875
1 0.2921875 0.6015625 0.0234375 0.0328125
1 0.3125 0.65625 0.028125 0.028125
1 0.26484375 0.57265625 0.0296875 0.0078125
1 0.3453125 0.6421875 0.0234375 0.0296875
0 0.16875 0.91171875 0.11875 0.1765625
1 0.1328125 0.9515625 0.0234375 0.0203125
0 0.02421875 0.90546875 0.0484375 0.1296875
0 0.0953125 0.878125 0.1296875 0.10625
1 0.51796875 0.98125 0.0359375 0.0375
1 0.66640625 0.99375 0.0421875 0.0125
1 0.6421875 0.9859375 0.01875 0.028125
1 0.65 0.9671875 0.0203125 0.0203125
1 0.62109375 0.9921875 0.0203125 0.015625
1 0.584375 0.9671875 0.01875 0.0171875
1 0.9578125 0.9625 0.040625 0.025
1 0.903125 0.91875 0.03125 0.0234375
1 0.8484375 0.925 0.0234375 0.040625
1 0.8546875 0.9734375 0.0140625 0.0234375
1 0.759375 0.921875 0.0328125 0.046875
1 0.74140625 0.996875 0.0140625 0.00625
1 0.8453125 0.8609375 0.0359375 0.05625
1 0.9203125 0.90625 0.025 0.015625
1 0.909375 0.8890625 0.025 0.0234375
1 0.890625 0.884375 0.015625 0.015625
1 0.8859375 0.8984375 0.0203125 0.009375
1 0.9 0.871875 0.015625 0.015625
1 0.721875 0.853125 0.0390625 0.053125
1 0.6578125 0.9203125 0.015625 0.01875
1 0.671875 0.975 0.01875 0.028125
1 0.653125 0.896875 0.021875 0.01875
1 0.66875 0.8734375 0.03125 0.0609375
1 0.6609375 0.8328125 0.015625 0.01875
1 0.734375 0.790625 0.0109375 0.0140625
1 0.6 0.846875 0.046875 0.0296875
1 0.615625 0.784375 0.053125 0.028125
1 0.4890625 0.88125 0.0328125 0.034375
1 0.475 0.7515625 0.0125 0.0390625
1 0.9640625 0.871875 0.034375 0.028125
1 0.953125 0.89375 0.025 0.0140625
1 0.971875 0.8453125 0.0296875 0.021875
1 0.978125 0.7953125 0.03125 0.0390625
1 0.9875 0.75625 0.0171875 0.028125
1 0.940625 0.7515625 0.0296875 0.04375
1 0.9078125 0.7515625 0.0296875 0.0171875
1 0.98125 0.690625 0.028125 0.0375
1 0.8765625 0.69375 0.0234375 0.0328125
1 0.7984375 0.65625 0.0265625 0.0546875
1 0.8296875 0.6234375 0.0390625 0.0265625
1 0.8421875 0.6015625 0.0265625 0.0203125
1 0.665625 0.6515625 0.028125 0.0265625
1 0.640625 0.659375 0.053125 0.040625
1 0.5953125 0.6640625 0.0234375 0.01875
1 0.6 0.6125 0.0875 0.06875
1 0.5296875 0.6921875 0.046875 0.1171875
0 0.73515625 0.62578125 0.1109375 0.1140625
1 0.7765625 0.6203125 0.0265625 0.0109375
1 0.70390625 0.5765625 0.0484375 0.015625
1 0.696875 0.596875 0.0203125 0.0390625
0 0.9484375 0.628125 0.09375 0.11875
0 0.88203125 0.61015625 0.1078125 0.0828125