1 0.215625 0.1 0.0484375 0.0703125
1 0.1421875 0.3390625 0.015625 0.0140625
1 0.25 0.4015625 0.10625 0.0703125
1 0.3453125 0.4234375 0.0203125 0.025
1 0.3890625 0.41875 0.0109375 0.0109375
0 0.47578125 0.26953125 0.0265625 0.0796875
1 0.4953125 0.4203125 0.0125 0.0125
1 0.753125 0.4140625 0.015625 0.0125
1 0.7890625 0.4078125 0.0109375 0.0203125
1 0.90625 0.353125 0.03125 0.03125
1 0.9015625 0.3109375 0.028125 0.0203125
1 0.815625 0.2453125 0.0078125 0.0125
1 0.8 0.2140625 0.0171875 0.0171875
1 0.815625 0.2015625 0.034375 0.0265625
1 0.5953125 0.1203125 0.0171875 0.01875
1 0.8234375 0.096875 0.0328125 0.0171875
1 0.7890625 0.078125 0.03125 0.0390625
1 0.6875 0.3453125 0.009375 0.0171875
1 0.7234375 0.34375 0.0390625 0.028125
1 0.55625 0.415625 0.025 0.0171875
1 0.5265625 0.41875 0.0234375 0.015625
0 0.65546875 0.14453125 0.3328125 0.2890625
1 0.65625 0.1890625 0.025 0.0359375
1 0.8109375 0.284375 0.0296875 0.01875
0 0.66796875 0.3 0.3578125 0.253125
0 0.58125 0.25859375 0.184375 0.2171875
1 0.803125 0.128125 0.0296875 0.0515625
1 0.9015625 0.384375 0.01875 0.01875
1 0.91875 0.3734375 0.021875 0.025
1 0.8265625 0.4140625 0.0296875 0.0234375
1 0.8265625 0.375 0.0390625 0.028125
1 0.8359375 0.3953125 0.0109375 0.0171875
1 0.85 0.39375 0.0125 0.0484375
1 0.8640625 0.3984375 0.015625 0.015625
1 0.915625 0.4109375 0.015625 0.0265625
1 0.940625 0.4109375 0.0234375 0.0234375
1 0.9609375 0.4 0.0234375 0.0421875
1 0.975 0.396875 0.009375 0.021875
1 0.996875 0.41640625 0.00625 0.0171875
1 0.8515625 0.3171875 0.0390625 0.04375
1 0.9078125 0.1453125 0.0234375 0.0328125
1 0.90625 0.1765625 0.0125 0.021875
1 0.9296875 0.190625 0.0234375 0.0390625
1 0.9015625 0.2125 0.025 0.0140625
1 0.9015625 0.2 0.028125 0.0078125
1 0.90625 0.2421875 0.01875 0.0171875
1 0.91875 0.246875 0.00625 0.0125
1 0.934375 0.246875 0.015625 0.0296875
1 0.9609375 0.25625 0.0328125 0.01875
1 0.98125 0.203125 0.0375 0.009375
1 0.9390625 0.2203125 0.025 0.0203125
1 0.9609375 0.240625 0.0265625 0.0078125
1 0.9828125 0.2265625 0.0265625 0.025
1 0.98984375 0.26171875 0.0203125 0.0203125
1 0.9953125 0.021875 0.009375 0.028125
1 0.91875 0.0875 0.05 0.03125
1 0.828125 0.0578125 0.0078125 0.0234375
1 0.834375 0.0453125 0.0078125 0.0234375
1 0.8484375 0.053125 0.015625 0.05625
1 0.871875 0.0515625 0.0359375 0.0296875
1 0.9453125 0.0640625 0.0203125 0.021875
1 0.965625 0.08125 0.0234375 0.0203125
1 0.9765625 0.071875 0.0421875 0.0375
1 0.921875 0.065625 0.0265625 0.03125
1 0.0421875 0.5921875 0.0265625 0.0234375
1 0.1796875 0.696875 0.0390625 0.0359375
1 0.4296875 0.73125 0.025 0.0375
1 0.0328125 0.8609375 0.0265625 0.0265625
0 0.3984375 0.65234375 0.18125 0.1671875
0 0.4046875 0.740625 0.16875 0.253125
1 0.978125 0.825 0.040625 0.0234375
1 0.9296875 0.7984375 0.0171875 0.0140625
1 0.76875 0.753125 0.0234375 0.0265625
1 0.953125 0.74375 0.034375 0.0234375
1 0.928125 0.6953125 0.03125 0.0234375
1 0.99609375 0.67578125 0.0078125 0.0234375
1 0.8609375 0.65625 0.015625 0.0140625
1 0.9796875 0.6515625 0.028125 0.028125
1 0.81875 0.63125 0.0265625 0.009375
1 0.9921875 0.62578125 0.015625 0.0140625
1 0.7828125 0.9890625 0.0140625 0.0203125
1 0.75 0.9484375 0.0140625 0.015625
1 0.771875 0.9140625 0.028125 0.021875
1 0.7578125 0.95 0.0296875 0.0265625
1 0.6796875 0.9515625 0.0328125 0.04375
0 0.60859375 0.9734375 0.1171875 0.053125
1 0.7359375 0.6875 0.0234375 0.0203125
1 0.7875 0.6953125 0.015625 0.0171875
1 0.703125 0.6546875 0.04375 0.0234375
1 0.634375 0.85 0.034375 0.0296875
0 0.621875 0.728125 0.0953125 0.1078125
0 0.615625 0.803125 0.215625 0.1421875
1 0.953125 0.7171875 0.0203125 0.021875
1 0.9046875 0.959375 0.015625 0.01875
1 0.921875 0.9578125 0.021875 0.015625
1 0.89375 0.9734375 0.0234375 0.0171875
1 0.94296875 0.9890625 0.0296875 0.021875
1 0.946875 0.8265625 0.015625 0.0234375
1 0.946875 0.865625 0.0140625 0.0203125
1 0.83125 0.8 0.0203125 0.0125
1 0.865625 0.8546875 0.0171875 0.0109375
1 0.921875 0.8140625 0.015625 0.0140625
1 0.9890625 0.903125 0.021875 0.0171875
1 0.99453125 0.8828125 0.0109375 0.015625
1 0.99296875 0.94296875 0.0140625 0.0140625
1 0.9875 0.7375 0.0140625 0.0203125