0 0.1359375 0.4390625 0.1125 0.0875
0 0.14296875 0.490625 0.0796875 0.0375
1 0.3828125 0.328125 0.0390625 0.0453125
1 0.3984375 0.25 0.03125 0.0359375
1 0.428125 0.259375 0.021875 0.040625
1 0.4265625 0.309375 0.025 0.03125
1 0.43359375 0.3609375 0.0109375 0.021875
1 0.4171875 0.3453125 0.0140625 0.0203125
1 0.4046875 0.409375 0.025 0.03125
1 0.325 0.171875 0.034375 0.021875
1 0.2765625 0.175 0.0296875 0.0296875
1 0.3578125 0.1609375 0.0296875 0.025
1 0.4078125 0.140625 0.021875 0.025
1 0.43203125 0.1234375 0.0140625 0.025
1 0.25 0.35 0.025 0.0328125
1 0.2921875 0.3734375 0.028125 0.03125
1 0.26875 0.43125 0.01875 0.01875
1 0.221875 0.453125 0.0171875 0.0234375
1 0.23125 0.4875 0.0203125 0.025
1 0.30625 0.446875 0.03125 0.0296875
1 0.3390625 0.28125 0.0296875 0.0265625
1 0.3765625 0.3 0.0234375 0.009375
1 0.20625 0.2734375 0.01875 0.0328125
1 0.265625 0.2046875 0.015625 0.0234375
1 0.203125 0.0890625 0.0265625 0.0296875
1 0.2265625 0.403125 0.0203125 0.015625
1 0.0421875 0.090625 0.025 0.0265625
1 0.028125 0.165625 0.025 0.028125
1 0.04375 0.2140625 0.0265625 0.0296875
1 0.0359375 0.353125 0.03125 0.0234375
0 0.1125 0.05625 0.128125 0.08125
0 0.1515625 0.1484375 0.1390625 0.13125
0 0.1328125 0.2890625 0.096875 0.1640625
0 0.084375 0.3546875 0.1078125 0.1109375
1 0.4484375 0.01953125 0.01875 0.0171875
1 0.565625 0.115625 0.0421875 0.04375
1 0.9125 0.1796875 0.015625 0.0203125
1 0.9328125 0.18125 0.0078125 0.0109375
1 0.5671875 0.2109375 0.025 0.0140625
1 0.5359375 0.3046875 0.025 0.0125
1 0.4796875 0.3109375 0.025 0.015625
1 0.971875 0.3640625 0.053125 0.028125
1 0.484375 0.4625 0.0234375 0.0203125
1 0.759375 0.4625 0.021875 0.028125
1 0.8421875 0.49375 0.00625 0.009375
1 0.86875 0.5015625 0.0125 0.015625
0 0.66015625 0.490625 0.2296875 0.0375
0 0.8 0.3859375 0.265625 0.196875
0 0.828125 0.2875 0.34375 0.184375
1 0.8578125 0.4578125 0.0171875 0.0234375
1 0.7109375 0.1453125 0.0359375 0.04375
1 0.6765625 0.1890625 0.034375 0.05
1 0.7140625 0.20625 0.065625 0.0703125
1 0.4875 0.35625 0.05 0.059375
1 0.44921875 0.3515625 0.0203125 0.015625
1 0.86875 0.196875 0.0078125 0.025
0 0.940625 0.0328125 0.05625 0.04375
0 0.7953125 0.11875 0.353125 0.2171875
1 0.1734375 0.8734375 0.0671875 0.078125
0 0.37578125 0.6625 0.1265625 0.30625
0 0.40546875 0.5625 0.0671875 0.10625
0 0.36875 0.76640625 0.140625 0.2328125
0 0.36171875 0.8734375 0.1546875 0.21875
1 0.36796875 0.98359375 0.0796875 0.0328125
1 0.59375 0.5609375 0.0328125 0.0234375
1 0.634375 0.615625 0.0203125 0.0234375
1 0.7234375 0.740625 0.0046875 0.0078125
1 0.9421875 0.625 0.03125 0.0328125
1 0.8875 0.6109375 0.015625 0.01875
1 0.859375 0.7625 0.0234375 0.0234375
1 0.8703125 0.84375 0.03125 0.0234375
1 0.8625 0.828125 0.0265625 0.0140625
1 0.9015625 0.99140625 0.015625 0.0171875
1 0.8703125 0.990625 0.021875 0.01875
1 0.8296875 0.965625 0.025 0.0265625
1 0.96875 0.8453125 0.025 0.025
1 0.5609375 0.828125 0.0375 0.025
1 0.5671875 0.721875 0.03125 0.0328125
1 0.6 0.7375 0.046875 0.0625
1 0.459375 0.7921875 0.0328125 0.021875
0 0.559375 0.803125 0.2296875 0.275
0 0.55078125 0.9328125 0.1421875 0.134375
1 0.7203125 0.9078125 0.025 0.03125
1 0.71875 0.7703125 0.0546875 0.040625
1 0.7359375 0.80625 0.0453125 0.04375
1 0.7421875 0.646875 0.0453125 0.075
1 0.7375 0.6078125 0.0203125 0.03125
1 0.98828125 0.5515625 0.0234375 0.028125
1 0.6546875 0.5734375 0.021875 0.015625
0 0.6578125 0.5578125 0.2390625 0.0703125