1 0.096875 0.0609375 0.0109375 0.0109375
1 0.203125 0.06875 0.0421875 0.0296875
1 0.24375 0.096875 0.009375 0.0296875
0 0.42734375 0.09296875 0.0640625 0.0890625
1 0.0390625 0.140625 0.0078125 0.0109375
1 0.240625 0.1953125 0.025 0.0140625
1 0.15 0.225 0.0609375 0.0609375
1 0.0796875 0.2671875 0.01875 0.0203125
1 0.3015625 0.28125 0.0171875 0.015625
1 0.009375 0.3046875 0.015625 0.0234375
1 0.3203125 0.3140625 0.03125 0.0234375
1 0.009375 0.3625 0.0078125 0.009375
1 0.0359375 0.3515625 0.034375 0.046875
1 0.2953125 0.3046875 0.025 0.0234375
0 0.40390625 0.18125 0.1109375 0.1
0 0.403125 0.25625 0.1125 0.128125
0 0.3984375 0.33125 0.121875 0.1
0 0.4 0.37265625 0.11875 0.0328125
1 0.00390625 0.2453125 0.0078125 0.028125
1 0.646875 0.271875 0.0359375 0.0453125
1 0.815625 0.346875 0.05 0.04375
1 0.9 0.334375 0.096875 0.109375
1 0.925 0.309375 0.06875 0.0484375
1 0.9671875 0.3296875 0.03125 0.021875
0 0.8296875 0.2375 0.2265625 0.13125
1 0.83125 0.1640625 0.1171875 0.1109375
1 0.615625 0.2921875 0.034375 0.025
1 0.271875 0.703125 0.03125 0.0390625
1 0.2515625 0.759375 0.0703125 0.06875
1 0.2640625 0.8078125 0.0265625 0.021875
1 0.1890625 0.7796875 0.028125 0.03125
1 0.3515625 0.6328125 0.0453125 0.0671875
1 0.25 0.6046875 0.0265625 0.025
1 0.14375 0.575 0.046875 0.0421875
1 0.1265625 0.6171875 0.0265625 0.0265625
1 0.3171875 0.5359375 0.021875 0.0125
1 0.278125 0.46875 0.0515625 0.053125
1 0.1671875 0.484375 0.0265625 0.01875
1 0.146875 0.509375 0.025 0.025
1 0.2046875 0.709375 0.0296875 0.0296875
1 0.1515625 0.75 0.028125 0.03125
1 0.06875 0.790625 0.028125 0.0375
1 0.03125 0.69375 0.0265625 0.03125
1 0.0109375 0.6453125 0.021875 0.028125
1 0.0453125 0.5578125 0.0359375 0.0390625
1 0.4359375 0.7515625 0.034375 0.0234375
1 0.38125 0.5046875 0.053125 0.0453125
1 0.3625 0.465625 0.0375 0.0234375
1 0.378125 0.4234375 0.046875 0.034375
0 0.4328125 0.40625 0.053125 0.034375
1 0.2078125 0.4421875 0.021875 0.015625
1 0.17265625 0.39609375 0.0328125 0.0140625
1 0.1328125 0.41875 0.03125 0.0296875
1 0.028125 0.484375 0.021875 0.021875
1 0.015625 0.5359375 0.015625 0.0234375
1 0.0796875 0.6796875 0.0171875 0.021875
1 0.1453125 0.725 0.0171875 0.0140625
1 0.096875 0.8078125 0.0140625 0.0109375
0 0.42734375 0.515625 0.0640625 0.11875
0 0.4359375 0.6875 0.046875 0.103125
0 0.428125 0.58828125 0.0625 0.1296875
1 0.40625 0.7921875 0.0328125 0.028125
0 0.42734375 0.796875 0.0640625 0.04375
1 0.8328125 0.4 0.046875 0.021875
1 0.9734375 0.40625 0.028125 0.0171875
1 0.690625 0.4421875 0.021875 0.0296875
1 0.59375 0.4546875 0.01875 0.040625
1 0.9859375 0.478125 0.0265625 0.0078125
1 0.8953125 0.475 0.0171875 0.0203125
1 0.8203125 0.5140625 0.00625 0.0109375
1 0.9796875 0.515625 0.040625 0.0359375
1 0.8453125 0.5359375 0.025 0.0265625
1 0.9421875 0.559375 0.00625 0.0078125
1 0.5390625 0.5671875 0.0125 0.0140625
1 0.6375 0.59375 0.0125 0.0109375
1 0.990625 0.609375 0.009375 0.0171875
1 0.8640625 0.5953125 0.0484375 0.0625
1 0.4953125 0.6109375 0.0328125 0.0328125
1 0.76875 0.6234375 0.0296875 0.0171875
1 0.65 0.6359375 0.00625 0.0109375
1 0.49375 0.659375 0.0390625 0.0390625
1 0.97734375 0.64375 0.0453125 0.046875
1 0.60625 0.6546875 0.0171875 0.0265625
1 0.8640625 0.71875 0.0125 0.009375
1 0.828125 0.715625 0.0328125 0.05
1 0.9 0.7421875 0.01875 0.0328125
1 0.9875 0.75546875 0.025 0.0265625
1 0.8390625 0.6203125 0.028125 0.0328125
1 0.8125 0.64375 0.0359375 0.0234375
1 0.8390625 0.66875 0.0390625 0.0625
1 0.903125 0.68125 0.05625 0.025
1 0.8734375 0.6609375 0.05625 0.0375
1 0.81875 0.459375 0.084375 0.078125
1 0.7625 0.7265625 0.0390625 0.0734375
1 0.7453125 0.46875 0.0515625 0.053125
1 0.4984375 0.5234375 0.0359375 0.034375
1 0.5140625 0.553125 0.0453125 0.078125
1 0.5171875 0.5765625 0.0171875 0.0171875
1 0.5609375 0.5453125 0.040625 0.021875
1 0.571875 0.615625 0.046875 0.05625
1 0.58125 0.571875 0.0328125 0.040625
1 0.565625 0.4890625 0.0234375 0.0265625
1 0.528125 0.4671875 0.06875 0.05
1 0.546875 0.4109375 0.015625 0.025
1 0.55859375 0.3921875 0.0390625 0.00625
0 0.7015625 0.5140625 0.2171875 0.1078125
0 0.7140625 0.6265625 0.096875 0.165625
0 0.7015625 0.715625 0.0875 0.1140625
1 0.6546875 0.6640625 0.0390625 0.0375
1 0.6359375 0.671875 0.0109375 0.0109375
1 0.6375 0.709375 0.05 0.0578125
1 0.609375 0.7078125 0.0171875 0.0203125
0 0.6953125 0.771875 0.1234375 0.03125
1 0.578125 0.740625 0.090625 0.0890625
1 0.6125 0.775 0.0546875 0.0234375
1 0.6546875 0.6828125 0.0203125 0.025
1 0.503125 0.7484375 0.0578125 0.0640625
1 0.5015625 0.778125 0.0328125 0.0171875
1 0.4625 0.775 0.00625 0.025
1 0.46875 0.63125 0.01875 0.015625
1 0.759375 0.4078125 0.040625 0.034375
1 0.65546875 0.4046875 0.0265625 0.03125
1 0.72109375 0.39921875 0.0296875 0.0203125
1 0.6953125 0.4109375 0.03125 0.040625
1 0.73125 0.4109375 0.0375 0.0171875
1 0.48125 0.40859375 0.04375 0.0390625
1 0.4875 0.4265625 0.05625 0.075