1 0.428125 0.484375 0.03125 0.034375
1 0.421875 0.528125 0.021875 0.03125
1 0.48125 0.578125 0.015625 0.03125
1 0.5671875 0.49375 0.0484375 0.0484375
1 0.54375 0.4390625 0.0234375 0.0265625
1 0.59765625 0.51640625 0.0234375 0.0359375
1 0.5078125 0.3109375 0.021875 0.025
1 0.603125 0.35546875 0.0125 0.0796875
1 0.5953125 0.2859375 0.028125 0.015625
0 0.53125 0.175 0.078125 0.1015625
1 0.5484375 0.153125 0.0390625 0.0203125
0 0.4484375 0.1453125 0.1234375 0.140625
0 0.353125 0.1734375 0.1234375 0.19375
1 0.29375 0.1796875 0.046875 0.0171875
0 0.1984375 0.20625 0.090625 0.1046875
1 0.44140625 0.01796875 0.0671875 0.0359375
1 0.9875 0.296875 0.025 0.015625
1 0.978125 0.2765625 0.0140625 0.03125
1 0.9796875 0.359375 0.0296875 0.025
1 0.9734375 0.4671875 0.0390625 0.065625
1 0.9734375 0.42109375 0.053125 0.0390625
1 0.94921875 0.62734375 0.0265625 0.0234375
1 0.9546875 0.5453125 0.0328125 0.0484375
1 0.94375 0.209375 0.025 0.0328125
1 0.946875 0.321875 0.05 0.0484375
1 0.9171875 0.425 0.0328125 0.0203125
1 0.90625 0.1859375 0.0609375 0.040625
1 0.8890625 0.01640625 0.03125 0.0328125
1 0.8859375 0.2359375 0.0234375 0.0078125
1 0.8828125 0.3859375 0.0265625 0.0234375
1 0.875 0.18125 0.0125 0.015625
1 0.88125 0.5671875 0.0359375 0.025
1 0.8578125 0.284375 0.025 0.0234375
1 0.8390625 0.2578125 0.00625 0.01875
1 0.8171875 0.3375 0.0578125 0.0296875
1 0.8171875 0.2078125 0.01875 0.0078125
1 0.834375 0.14375 0.0546875 0.025
1 0.7984375 0.575 0.0453125 0.034375
1 0.76875 0.5609375 0.015625 0.03125
1 0.7203125 0.2328125 0.0140625 0.021875
1 0.71875 0.078125 0.0390625 0.03125
1 0.715625 0.1296875 0.046875 0.0328125
1 0.6984375 0.25625 0.015625 0.0734375
1 0.7 0.396875 0.0171875 0.028125
1 0.72578125 0.6171875 0.0703125 0.04375
1 0.70625 0.559375 0.03125 0.075
1 0.96484375 0.56484375 0.0703125 0.1484375
1 0.98671875 0.50078125 0.0265625 0.0515625
1 0.98359375 0.22421875 0.0328125 0.0546875
1 0.9953125 0.24921875 0.009375 0.0296875
1 0.8328125 0.03203125 0.075 0.0640625
1 0.796875 0.04375 0.028125 0.03125
1 0.9859375 0.04765625 0.028125 0.0515625
1 0.9953125 0.13359375 0.009375 0.0265625
1 0.990625 0.10390625 0.01875 0.0234375
1 0.9828125 0.165625 0.03125 0.025
1 0.8984375 0.140625 0.075 0.05625
0 0.9578125 0.084375 0.071875 0.1640625
1 0.98046875 0.02109375 0.0390625 0.0203125
0 0.8953125 0.0890625 0.08125 0.053125
1 0.859375 0.1046875 0.0234375 0.0171875
1 0.8421875 0.08125 0.0140625 0.0296875
1 0.53203125 0.98125 0.0890625 0.0375
1 0.484375 0.915625 0.059375 0.071875
1 0.36484375 0.984375 0.0703125 0.03125
1 0.365625 0.928125 0.0296875 0.0375
1 0.328125 0.85625 0.03125 0.06875
1 0.5796875 0.821875 0.05 0.0546875
0 0.56328125 0.7421875 0.0921875 0.15625
0 0.4515625 0.7328125 0.1453125 0.125
0 0.2921875 0.7421875 0.109375 0.1171875
1 0.2015625 0.8515625 0.03125 0.0296875
1 0.13125 0.7296875 0.05 0.1203125
1 0.165625 0.9359375 0.040625 0.0390625
1 0.1421875 0.9390625 0.046875 0.0421875
1 0.1328125 0.878125 0.0265625 0.0328125
1 0.1546875 0.8546875 0.034375 0.0359375
1 0.1765625 0.9890625 0.053125 0.021875
0 0.68125 0.7765625 0.1171875 0.1390625
0 0.63046875 0.77421875 0.0421875 0.2109375
1 0.734375 0.9203125 0.0640625 0.0703125
1 0.790625 0.896875 0.0609375 0.0484375
1 0.9390625 0.8296875 0.015625 0.0109375
0 0.946875 0.7703125 0.05 0.1109375
0 0.8671875 0.7640625 0.125 0.1265625
0 0.7953125 0.778125 0.096875 0.1359375
1 0.759375 0.8625 0.0453125 0.0171875
1 0.9140625 0.8234375 0.0234375 0.01875
1 0.946875 0.659375 0.0171875 0.0328125
1 0.7953125 0.66875 0.028125 0.0265625