1 0.159375 0.0703125 0.0265625 0.03125
1 0.02109375 0.08359375 0.0421875 0.0765625
1 0.1640625 0.1125 0.03125 0.0171875
1 0.225 0.140625 0.015625 0.015625
1 0.05625 0.109375 0.096875 0.0921875
1 0.134375 0.146875 0.01875 0.04375
1 0.1625 0.165625 0.0296875 0.025
1 0.23125 0.171875 0.01875 0.0203125
1 0.1390625 0.1828125 0.025 0.015625
1 0.00703125 0.203125 0.0140625 0.015625
1 0.2578125 0.221875 0.0171875 0.009375
1 0.1640625 0.225 0.009375 0.015625
1 0.1703125 0.25625 0.01875 0.01875
1 0.109375 0.234375 0.0484375 0.0609375
0 0.2796875 0.1453125 0.040625 0.140625
0 0.27109375 0.23828125 0.0578125 0.0796875
1 0.0453125 0.1828125 0.0203125 0.0203125
1 0.059375 0.178125 0.0140625 0.0125
0 0.97109375 0.4828125 0.0578125 0.034375
0 0.93515625 0.4296875 0.1296875 0.1
1 0.95625 0.3640625 0.021875 0.0125
1 0.9046875 0.303125 0.0203125 0.025
1 0.99453125 0.35546875 0.0109375 0.0078125
0 0.978125 0.28203125 0.04375 0.1578125
0 0.96171875 0.15703125 0.0765625 0.1171875
0 0.94609375 0.16953125 0.1078125 0.1171875
1 0.8828125 0.1296875 0.0046875 0.0109375
1 0.784375 0.225 0.0203125 0.0203125
1 0.728125 0.21875 0.0234375 0.0234375
1 0.7328125 0.190625 0.0296875 0.0296875
1 0.853125 0.196875 0.0109375 0.0078125
1 0.8765625 0.1609375 0.0234375 0.03125
1 0.784375 0.49375 0.034375 0.0125
1 0.790625 0.45625 0.0171875 0.0140625
1 0.7859375 0.440625 0.0234375 0.0234375
1 0.6953125 0.425 0.0625 0.0640625
1 0.703125 0.353125 0.03125 0.0296875
1 0.7421875 0.3234375 0.0125 0.01875
1 0.68125 0.23125 0.0125 0.01875
1 0.5890625 0.2140625 0.0375 0.034375
1 0.5609375 0.49296875 0.028125 0.0140625
1 0.5078125 0.4296875 0.015625 0.0203125
1 0.5109375 0.3984375 0.0265625 0.03125
1 0.5703125 0.3234375 0.01875 0.0171875
1 0.5515625 0.334375 0.0265625 0.034375
1 0.515625 0.275 0.025 0.021875
1 0.596875 0.1015625 0.015625 0.0078125
1 0.4484375 0.1625 0.0609375 0.0625
0 0.446875 0.125 0.15625 0.0546875
0 0.43515625 0.46796875 0.1265625 0.0640625
1 0.4328125 0.4703125 0.015625 0.0265625
1 0.4421875 0.45 0.0078125 0.0234375
0 0.465625 0.41875 0.0640625 0.1046875
0 0.475 0.3546875 0.1109375 0.0796875
0 0.4296875 0.303125 0.109375 0.134375
1 0.4328125 0.265625 0.0140625 0.0171875
1 0.3359375 0.3578125 0.01875 0.0203125
1 0.3140625 0.2640625 0.0109375 0.01875
0 0.0828125 0.8390625 0.103125 0.0984375
0 0.0875 0.596875 0.103125 0.0484375
1 0.27421875 0.8328125 0.0515625 0.078125
1 0.2109375 0.8609375 0.0359375 0.0390625
1 0.1921875 0.7515625 0.0296875 0.0390625
1 0.2546875 0.69375 0.053125 0.046875
1 0.2921875 0.7125 0.015625 0.046875
1 0.265625 0.53046875 0.06875 0.0609375
1 0.2046875 0.571875 0.0390625 0.0578125
1 0.1703125 0.6046875 0.0375 0.0375
1 0.140625 0.63125 0.034375 0.03125
1 0.18125 0.69375 0.04375 0.028125
1 0.015625 0.865625 0.03125 0.04375
0 0.0859375 0.528125 0.071875 0.05625
1 0.08125 0.5734375 0.028125 0.021875
1 0.09375 0.6109375 0.0265625 0.03125
0 0.090625 0.7484375 0.0875 0.096875
0 0.08125 0.7015625 0.109375 0.0671875
1 0.9015625 0.91875 0.028125 0.015625
1 0.8875 0.8875 0.0203125 0.021875
1 0.815625 0.9046875 0.0203125 0.021875
1 0.8546875 0.671875 0.028125 0.034375
1 0.884375 0.6703125 0.0390625 0.015625
1 0.9265625 0.6171875 0.01875 0.0140625
1 0.99140625 0.615625 0.0171875 0.03125
1 0.953125 0.690625 0.0140625 0.00625
1 0.8765625 0.646875 0.015625 0.0328125
1 0.8453125 0.621875 0.015625 0.0078125
1 0.7671875 0.61875 0.0390625 0.034375
1 0.71796875 0.9953125 0.0265625 0.009375
1 0.6921875 0.9609375 0.03125 0.028125
1 0.6734375 0.9484375 0.0171875 0.025
1 0.8078125 0.728125 0.04375 0.0328125
1 0.675 0.621875 0.0171875 0.021875
1 0.9234375 0.7140625 0.0296875 0.0265625
1 0.8453125 0.6625 0.021875 0.021875
1 0.5125 0.5546875 0.028125 0.015625
1 0.4984375 0.6 0.0375 0.015625
1 0.6296875 0.8828125 0.04375 0.0265625
0 0.52265625 0.95703125 0.1046875 0.0859375
1 0.521875 0.5765625 0.0484375 0.040625
0 0.5265625 0.6796875 0.1734375 0.1
0 0.50625 0.7875 0.1296875 0.146875
1 0.590625 0.79375 0.028125 0.0234375
1 0.575 0.859375 0.03125 0.0265625
1 0.38125 0.690625 0.03125 0.0328125
1 0.359375 0.634375 0.0234375 0.015625
1 0.3046875 0.66640625 0.009375 0.0390625