1 0.25625 0.2421875 0.021875 0.01875
0 0.259375 0.24296875 0.11875 0.1515625
0 0.284375 0.22265625 0.06875 0.1546875
1 0.8421875 0.3046875 0.0234375 0.0203125
1 0.8515625 0.2890625 0.0234375 0.0140625
0 0.6375 0.225 0.340625 0.078125
0 0.67265625 0.25234375 0.2609375 0.1328125
0 0.23671875 0.3484375 0.1453125 0.059375
0 0.196875 0.7546875 0.0984375 0.071875
1 0.046875 0.4484375 0.0515625 0.0375
1 0.0109375 0.43515625 0.021875 0.0265625
1 0.1078125 0.696875 0.034375 0.03125
1 0.2484375 0.721875 0.0375 0.04375
1 0.3015625 0.578125 0.034375 0.021875
1 0.29375 0.5390625 0.0234375 0.0296875
1 0.275 0.40625 0.03125 0.01875
1 0.271875 0.3703125 0.04375 0.021875
0 0.20859375 0.640625 0.2203125 0.128125
0 0.1859375 0.4875 0.171875 0.2375
1 0.403125 0.98828125 0.05625 0.0234375
1 0.4578125 0.9515625 0.0453125 0.0578125
1 0.546875 0.9796875 0.09375 0.040625
1 0.5265625 0.9015625 0.05 0.0796875
1 0.5390625 0.778125 0.0625 0.0375
1 0.5890625 0.8734375 0.0546875 0.03125
1 0.609375 0.8421875 0.0359375 0.0578125
1 0.64375 0.825 0.0625 0.053125
1 0.3984375 0.575 0.0390625 0.0328125
1 0.4828125 0.5984375 0.10625 0.0828125
1 0.4984375 0.6125 0.0546875 0.0640625
1 0.5328125 0.5546875 0.0859375 0.0328125
1 0.5875 0.7515625 0.0328125 0.0390625
1 0.54375 0.71875 0.0328125 0.0296875
1 0.5984375 0.6921875 0.0359375 0.0421875
1 0.70625 0.5546875 0.075 0.0453125
0 0.753125 0.5375 0.0796875 0.0546875
0 0.7171875 0.678125 0.1109375 0.115625
1 0.7625 0.5953125 0.034375 0.040625
1 0.790625 0.58125 0.0609375 0.034375
1 0.8046875 0.5515625 0.0375 0.0625
1 0.8609375 0.609375 0.0328125 0.0609375
1 0.8984375 0.6078125 0.034375 0.04375
1 0.884375 0.653125 0.0328125 0.0140625
1 0.946875 0.615625 0.05 0.0453125
1 0.99296875 0.5671875 0.0140625 0.075
1 0.940625 0.665625 0.040625 0.025
1 0.7765625 0.8015625 0.1109375 0.0796875
0 0.73359375 0.8921875 0.1234375 0.215625
1 0.65625 0.9375 0.0328125 0.0390625
1 0.6625 0.9921875 0.0375 0.015625
1 0.8765625 0.95 0.075 0.071875
1 0.96875 0.98125 0.0625 0.0375
1 0.834375 0.74375 0.065625 0.103125
1 0.9296875 0.75625 0.0875 0.08125
1 0.9234375 0.890625 0.1390625 0.1328125
1 0.96640625 0.84453125 0.0671875 0.0609375
1 0.9890625 0.78515625 0.021875 0.0578125
1 0.98671875 0.74765625 0.0265625 0.0515625
1 0.9765625 0.6625 0.046875 0.0328125