0 0.42578125 0.41953125 0.0265625 0.0203125
1 0.3484375 0.396875 0.01875 0.0265625
1 0.3359375 0.378125 0.0203125 0.0203125
1 0.3515625 0.3453125 0.028125 0.0203125
1 0.2953125 0.325 0.028125 0.021875
1 0.26875 0.3046875 0.015625 0.0203125
1 0.3953125 0.403125 0.0109375 0.01875
1 0.43203125 0.40859375 0.0140625 0.0203125
0 0.3984375 0.3453125 0.08125 0.09375
1 0.3671875 0.303125 0.0421875 0.046875
0 0.40625 0.2625 0.065625 0.13125
1 0.384375 0.2109375 0.025 0.0265625
1 0.340625 0.2203125 0.03125 0.025
1 0.2625 0.2203125 0.0296875 0.034375
1 0.328125 0.18125 0.078125 0.0703125
1 0.2953125 0.121875 0.0421875 0.040625
1 0.346875 0.134375 0.0390625 0.0265625
1 0.365625 0.115625 0.028125 0.025
1 0.3671875 0.140625 0.0203125 0.0171875
1 0.3984375 0.14375 0.0234375 0.015625
1 0.4265625 0.2109375 0.025 0.0203125
1 0.41640625 0.1640625 0.0453125 0.03125
0 0.4078125 0.06640625 0.0625 0.1140625
1 0.425 0.0125 0.0265625 0.0125
1 0.2390625 0.0171875 0.0296875 0.0203125
1 0.2140625 0.0578125 0.04375 0.046875
1 0.1640625 0.078125 0.0203125 0.0234375
1 0.215625 0.2078125 0.04375 0.0609375
1 0.2296875 0.25625 0.0203125 0.015625
1 0.1640625 0.1515625 0.0375 0.025
1 0.1609375 0.13125 0.025 0.025
1 0.1640625 0.10625 0.0296875 0.0296875
1 0.1515625 0.090625 0.0140625 0.0234375
1 0.128125 0.159375 0.0359375 0.0515625
1 0.1109375 0.1421875 0.015625 0.0234375
1 0.0578125 0.03125 0.0421875 0.0328125
1 0.021875 0.0578125 0.0265625 0.01875
1 0.1359375 0.278125 0.0234375 0.01875
1 0.096875 0.3140625 0.015625 0.03125
1 0.1796875 0.31875 0.0296875 0.0359375
1 0.2078125 0.3078125 0.0203125 0.0203125
1 0.178125 0.3796875 0.028125 0.0234375
1 0.15625 0.365625 0.015625 0.03125
1 0.15625 0.3859375 0.015625 0.0109375
1 0.1296875 0.3953125 0.028125 0.015625
1 0.046875 0.409375 0.04375 0.0234375
1 0.14453125 0.42109375 0.0421875 0.0171875
1 0.01015625 0.16015625 0.0203125 0.0265625
1 0.0578125 0.178125 0.0171875 0.021875
1 0.8421875 0.21875 0.046875 0.0515625
1 0.665625 0.1875 0.0234375 0.0421875
1 0.6625 0.134375 0.0328125 0.0625
1 0.6328125 0.1359375 0.0234375 0.021875
1 0.59375 0.184375 0.034375 0.028125
1 0.5921875 0.146875 0.0234375 0.021875
1 0.590625 0.059375 0.025 0.0515625
1 0.4765625 0.08046875 0.075 0.0984375
0 0.46171875 0.2421875 0.0453125 0.0625
1 0.44921875 0.1375 0.0203125 0.034375
1 0.41875 0.621875 0.040625 0.034375
0 0.08828125 0.5796875 0.1765625 0.1375
1 0.309375 0.6890625 0.0078125 0.015625
1 0.4296875 0.75390625 0.01875 0.0203125
1 0.3328125 0.7703125 0.015625 0.01875
1 0.00859375 0.8328125 0.0171875 0.009375
1 0.0078125 0.89453125 0.015625 0.0234375
1 0.1890625 0.971875 0.0359375 0.0328125
1 0.1734375 0.840625 0.0265625 0.0171875
1 0.1328125 0.8953125 0.015625 0.0234375
1 0.009375 0.72578125 0.01875 0.0328125
1 0.046875 0.690625 0.034375 0.0390625
0 0.065625 0.76796875 0.13125 0.1359375
1 0.0546875 0.84375 0.0203125 0.0234375
0 0.05625 0.9140625 0.1078125 0.1328125
0 0.0453125 0.98515625 0.040625 0.0296875
1 0.0046875 0.96171875 0.009375 0.0421875
1 0.89375 0.4875 0.015625 0.0265625
1 0.8453125 0.575 0.01875 0.0171875
0 0.55 0.7375 0.1015625 0.053125
1 0.9828125 0.6765625 0.0234375 0.0265625
1 0.98984375 0.6953125 0.0203125 0.021875
1 0.871875 0.6765625 0.028125 0.0546875
1 0.8984375 0.6515625 0.0203125 0.015625
1 0.9078125 0.6390625 0.0203125 0.0140625
1 0.7953125 0.64375 0.01875 0.0234375
1 0.8171875 0.6203125 0.0171875 0.0125
1 0.834375 0.63125 0.015625 0.0109375
1 0.6015625 0.49375 0.0265625 0.0234375
0 0.5453125 0.475 0.096875 0.090625
0 0.5375 0.5515625 0.084375 0.08125
1 0.4765625 0.5140625 0.0171875 0.021875
1 0.7984375 0.4921875 0.0265625 0.0234375
1 0.940625 0.59375 0.0125 0.0234375
1 0.9328125 0.5640625 0.0265625 0.025
1 0.8921875 0.5640625 0.0234375 0.0234375
1 0.825 0.734375 0.034375 0.0234375
1 0.70625 0.5734375 0.0203125 0.0234375
1 0.78125 0.7390625 0.0234375 0.015625