1 0.3296875 0.47421875 0.03125 0.0109375
0 0.278125 0.3515625 0.121875 0.1015625
1 0.28125 0.2921875 0.009375 0.0109375
1 0.0625 0.15625 0.0171875 0.0171875
1 0.071875 0.234375 0.0234375 0.0234375
1 0.0765625 0.259375 0.015625 0.0140625
1 0.078125 0.2765625 0.0109375 0.0234375
1 0.0703125 0.29375 0.021875 0.0140625
1 0.278125 0.265625 0.021875 0.015625
1 0.265625 0.2375 0.0328125 0.0140625
1 0.3328125 0.2859375 0.0265625 0.0203125
1 0.309375 0.26875 0.0140625 0.0109375
0 0.2828125 0.1875 0.10625 0.05625
0 0.2703125 0.1421875 0.0703125 0.025
1 0.4234375 0.315625 0.0328125 0.025
1 0.3828125 0.39375 0.0203125 0.0203125
1 0.3875 0.409375 0.028125 0.0171875
1 0.5 0.44609375 0.021875 0.0328125
1 0.496875 0.4296875 0.0109375 0.00625
1 0.55 0.3921875 0.0078125 0.0078125
1 0.559375 0.309375 0.028125 0.0328125
1 0.56875 0.3625 0.0421875 0.0203125
1 0.509375 0.2171875 0.0140625 0.0125
1 0.50078125 0.17421875 0.0234375 0.0484375
1 0.7265625 0.1828125 0.01875 0.0234375
1 0.7671875 0.159375 0.0328125 0.0515625
1 0.8125 0.1859375 0.06875 0.0515625
1 0.8125 0.26875 0.009375 0.0078125
1 0.8703125 0.2765625 0.040625 0.0265625
1 0.734375 0.346875 0.0171875 0.0140625
1 0.8078125 0.41875 0.065625 0.071875
1 0.796875 0.375 0.009375 0.0046875
1 0.834375 0.45 0.0078125 0.009375
1 0.9921875 0.4390625 0.015625 0.040625
0 0.6546875 0.221875 0.13125 0.1796875
0 0.63515625 0.37421875 0.2359375 0.2109375
1 0.00546875 0.66640625 0.0109375 0.0203125
1 0.03125 0.678125 0.0203125 0.0125
1 0.0640625 0.696875 0.021875 0.021875
1 0.0125 0.5578125 0.0203125 0.0234375
1 0.10625 0.6234375 0.01875 0.0203125
1 0.146875 0.6265625 0.0265625 0.028125
1 0.0875 0.5953125 0.021875 0.0234375
1 0.10625 0.584375 0.015625 0.0140625
1 0.103125 0.5296875 0.025 0.0265625
1 0.13125 0.5453125 0.015625 0.0078125
1 0.128125 0.503125 0.015625 0.025
1 0.1390625 0.7265625 0.0171875 0.0171875
1 0.0796875 0.7828125 0.0203125 0.0171875
1 0.1640625 0.7546875 0.021875 0.0234375
1 0.165625 0.6484375 0.0296875 0.0265625
1 0.2296875 0.678125 0.0234375 0.0203125
1 0.340625 0.7375 0.0171875 0.025
1 0.3875 0.6859375 0.0171875 0.015625
0 0.3140625 0.7515625 0.1421875 0.078125
1 0.39375 0.6703125 0.021875 0.015625
0 0.3171875 0.6703125 0.1 0.06875
0 0.3140625 0.5421875 0.103125 0.125
0 0.321875 0.596875 0.1953125 0.1375
1 0.4671875 0.590625 0.0234375 0.021875
0 0.5875 0.8171875 0.0171875 0.046875
1 0.67265625 0.49609375 0.0421875 0.0328125
1 0.5890625 0.50625 0.034375 0.0515625
1 0.5296875 0.7859375 0.0375 0.0609375
1 0.53125 0.6625 0.0234375 0.0171875
1 0.9921875 0.6625 0.015625 0.015625
1 0.9125 0.625 0.0234375 0.0171875
1 0.85625 0.7984375 0.0359375 0.0375
0 0.771875 0.59296875 0.228125 0.2265625
0 0.70625 0.7109375 0.30625 0.259375