1 0.5125 0.3453125 0.04375 0.0296875
1 0.315625 0.1859375 0.0078125 0.009375
1 0.3890625 0.159375 0.015625 0.0140625
1 0.265625 0.1390625 0.0375 0.021875
1 0.33125 0.1421875 0.0515625 0.05
1 0.209375 0.1234375 0.01875 0.0171875
0 0.0859375 0.3796875 0.171875 0.103125
1 0.01015625 0.29609375 0.0203125 0.0171875
0 0.0875 0.2171875 0.175 0.303125
0 0.0875 0.084375 0.175 0.16875
0 0.63671875 0.39140625 0.0953125 0.2953125
1 0.8203125 0.4171875 0.071875 0.1046875
1 0.9046875 0.3890625 0.0671875 0.09375
1 0.846875 0.3421875 0.034375 0.0375
1 0.7546875 0.234375 0.03125 0.0515625
1 0.95 0.28125 0.0359375 0.0328125
1 0.946875 0.1203125 0.05625 0.0390625
1 0.846875 0.15625 0.0453125 0.04375
1 0.8859375 0.18125 0.021875 0.028125
1 0.8859375 0.246875 0.03125 0.0203125
0 0.3 0.915625 0.0140625 0.0203125
1 0.484375 0.878125 0.021875 0.0171875
0 0.3984375 0.890625 0.178125 0.0703125
1 0.4828125 0.8453125 0.03125 0.0234375
1 0.57578125 0.8328125 0.0265625 0.021875
1 0.3796875 0.8296875 0.015625 0.0171875
1 0.2828125 0.7875 0.0140625 0.0125
1 0.55 0.7578125 0.0265625 0.0171875
1 0.0578125 0.759375 0.0359375 0.0453125
1 0.2984375 0.709375 0.0265625 0.0203125
1 0.0703125 0.615625 0.0828125 0.0640625
1 0.09375 0.54375 0.0125 0.00625
1 0.0890625 0.7390625 0.034375 0.025
1 0.478125 0.7953125 0.065625 0.0515625
1 0.5171875 0.78125 0.0265625 0.034375
0 0.41875 0.7484375 0.140625 0.096875
0 0.4265625 0.659375 0.096875 0.1
0 0.40625 0.55859375 0.10625 0.0390625
1 0.628125 0.5875 0.0203125 0.028125
1 0.703125 0.825 0.034375 0.0375
0 0.740625 0.553125 0.15 0.028125
1 0.6890625 0.575 0.0625 0.0171875
1 0.85 0.7640625 0.0453125 0.03125
1 0.9484375 0.7515625 0.0234375 0.025
0 0.7046875 0.9078125 0.2046875 0.13125
0 0.75 0.6046875 0.1984375 0.0578125
0 0.75625 0.73125 0.2078125 0.2265625