1 0.01328125 0.15390625 0.0265625 0.0453125
1 0.096875 0.21875 0.0453125 0.04375
0 0.3015625 0.08046875 0.1625 0.1609375
0 0.309375 0.253125 0.3234375 0.1515625
0 0.2890625 0.325 0.1796875 0.1203125
1 0.18125 0.3109375 0.0734375 0.0515625
1 0.409375 0.1265625 0.1140625 0.1
1 0.42265625 0.009375 0.0359375 0.01875
1 0.94296875 0.38203125 0.0953125 0.1140625
1 0.953125 0.3125 0.0390625 0.0375
1 0.98125 0.28125 0.021875 0.0265625
1 0.9453125 0.2515625 0.03125 0.0359375
1 0.86875 0.2328125 0.0484375 0.021875
1 0.7078125 0.2515625 0.0375 0.059375
1 0.7078125 0.315625 0.0359375 0.0390625
1 0.5171875 0.42890625 0.021875 0.0203125
1 0.646875 0.2609375 0.01875 0.0375
1 0.6828125 0.2828125 0.0265625 0.025
1 0.0546875 0.6171875 0.0421875 0.05625
1 0.03125 0.71875 0.0390625 0.0328125
1 0.03125 0.775 0.0234375 0.0203125
1 0.009375 0.7609375 0.01875 0.0203125
0 0.096875 0.88359375 0.19375 0.2328125
1 0.3046875 0.925 0.05625 0.065625
1 0.0796875 0.890625 0.05 0.0390625
1 0.125 0.9125 0.059375 0.025
1 0.15 0.8421875 0.046875 0.0546875
1 0.225 0.878125 0.03125 0.0265625
1 0.1640625 0.715625 0.0390625 0.0375
1 0.18125 0.696875 0.0359375 0.025
1 0.2328125 0.715625 0.0375 0.0328125
1 0.290625 0.7203125 0.0453125 0.05
1 0.2921875 0.778125 0.05625 0.05625
1 0.3234375 0.853125 0.0328125 0.028125
1 0.34375 0.803125 0.053125 0.0359375
1 0.3953125 0.6625 0.03125 0.0234375
1 0.434375 0.978125 0.0421875 0.028125
1 0.48359375 0.98515625 0.0109375 0.0234375
1 0.39375 0.753125 0.03125 0.03125
1 0.40625 0.825 0.025 0.0359375
1 0.440625 0.8984375 0.0265625 0.015625
1 0.39375 0.8484375 0.0375 0.0296875
1 0.7078125 0.671875 0.0375 0.03125
1 0.725 0.578125 0.0171875 0.0171875
1 0.615625 0.5609375 0.034375 0.0375
1 0.9921875 0.52265625 0.015625 0.0453125
1 0.9671875 0.4984375 0.053125 0.03125
1 0.778125 0.4453125 0.025 0.0125
1 0.59375 0.44765625 0.0625 0.0171875
0 0.8078125 0.565625 0.3640625 0.2265625
1 0.8765625 0.6453125 0.16875 0.1328125
0 0.875 0.72734375 0.25 0.1546875