1 0.096875 0.228125 0.0125 0.015625
1 0.009375 0.2625 0.0125 0.0203125
1 0.3171875 0.3 0.0078125 0.0125
1 0.0765625 0.3546875 0.0234375 0.015625
1 0.228125 0.4125 0.015625 0.0078125
1 0.025 0.41875 0.028125 0.0296875
1 0.38515625 0.45625 0.0296875 0.015625
1 0.084375 0.4578125 0.0390625 0.0328125
1 0.275 0.503125 0.03125 0.0328125
1 0.04375 0.540625 0.021875 0.01875
1 0.26875 0.5375 0.034375 0.040625
1 0.2765625 0.43125 0.025 0.01875
1 0.3453125 0.3671875 0.0296875 0.0328125
1 0.05625 0.3765625 0.021875 0.034375
1 0.00703125 0.4015625 0.0140625 0.025
0 0.1828125 0.4515625 0.096875 0.078125
0 0.1828125 0.35 0.0953125 0.121875
0 0.1734375 0.2671875 0.171875 0.053125
1 0.196875 0.2109375 0.0484375 0.034375
1 0.140625 0.21875 0.028125 0.0203125
1 0.0640625 0.23125 0.025 0.0171875
1 0.046875 0.24375 0.015625 0.0234375
1 0.0390625 0.321875 0.0171875 0.0203125
0 0.1671875 0.1859375 0.0546875 0.090625
0 0.175 0.1109375 0.13125 0.1109375
1 0.04375 0.109375 0.03125 0.04375
1 0.2234375 0.1234375 0.1265625 0.0484375
1 0.99609375 0.5125 0.0078125 0.0125
1 0.98671875 0.3359375 0.0265625 0.01875
1 0.9828125 0.1171875 0.034375 0.0265625
1 0.9671875 0.096875 0.0265625 0.015625
1 0.9921875 0.0796875 0.015625 0.01875
1 0.9765625 0.0890625 0.015625 0.0171875
1 0.9609375 0.15625 0.025 0.0125
1 0.940625 0.15625 0.025 0.015625
1 0.9359375 0.3109375 0.028125 0.03125
1 0.9484375 0.3484375 0.0453125 0.034375
1 0.96875 0.346875 0.028125 0.01875
1 0.934375 0.3890625 0.0109375 0.0140625
1 0.95078125 0.5578125 0.0234375 0.021875
1 0.9296875 0.56328125 0.021875 0.0109375
1 0.9421875 0.509375 0.0140625 0.0140625
1 0.9171875 0.49375 0.0140625 0.0078125
1 0.9171875 0.46875 0.0125 0.015625
1 0.8859375 0.5234375 0.0625 0.0265625
1 0.8921875 0.4828125 0.0359375 0.040625
1 0.846875 0.346875 0.0296875 0.0390625
1 0.8234375 0.36875 0.0125 0.0125
1 0.8921875 0.271875 0.015625 0.0078125
1 0.8203125 0.1 0.01875 0.0234375
0 0.7328125 0.1109375 0.075 0.0875
1 0.7484375 0.1421875 0.015625 0.0203125
0 0.7640625 0.1609375 0.034375 0.0984375
1 0.7515625 0.228125 0.0703125 0.034375
0 0.7453125 0.2609375 0.0828125 0.0546875
1 0.6859375 0.278125 0.0234375 0.025
1 0.709375 0.2640625 0.015625 0.0125
1 0.6453125 0.3125 0.0046875 0.0171875
0 0.7390625 0.328125 0.153125 0.05625
1 0.6640625 0.315625 0.0265625 0.0234375
0 0.7234375 0.403125 0.13125 0.1734375
1 0.8359375 0.49375 0.0125 0.0109375
1 0.79375 0.54375 0.025 0.01875
1 0.653125 0.4859375 0.015625 0.0125
0 0.7296875 0.528125 0.0875 0.08125
0 0.68125 0.559375 0.06875 0.01875
1 0.5921875 0.1015625 0.028125 0.01875
1 0.653125 0.1671875 0.01875 0.0140625
1 0.56875 0.08125 0.0578125 0.0265625
1 0.49375 0.090625 0.0375 0.0375
1 0.525 0.371875 0.0140625 0.0109375
1 0.4859375 0.375 0.0328125 0.0296875
1 0.44375 0.121875 0.0125 0.015625
1 0.4234375 0.121875 0.01875 0.0234375
1 0.40390625 0.42265625 0.0078125 0.0265625
1 0.4703125 0.340625 0.00625 0.0140625
1 0.4203125 0.3109375 0.0125 0.0125
1 0.5234375 0.30625 0.0125 0.0078125
1 0.5765625 0.353125 0.0171875 0.0125
1 0.0078125 0.8609375 0.015625 0.01875
1 0.034375 0.8140625 0.0109375 0.0046875
1 0.0671875 0.8625 0.015625 0.015625
1 0.0671875 0.8140625 0.009375 0.00625
1 0.0171875 0.7703125 0.025 0.0328125
1 0.0109375 0.7859375 0.015625 0.0140625
1 0.1109375 0.64375 0.0109375 0.009375
1 0.1453125 0.6375 0.025 0.0296875
1 0.196875 0.6578125 0.025 0.025
1 0.134375 0.7234375 0.0125 0.0078125
1 0.1203125 0.7609375 0.0140625 0.01875
1 0.165625 0.753125 0.0171875 0.0203125
1 0.1359375 0.590625 0.0375 0.034375
1 0.1359375 0.575 0.04375 0.0125
1 0.20859375 0.5765625 0.0515625 0.015625
1 0.2078125 0.5859375 0.0234375 0.0234375
1 0.2296875 0.5828125 0.0296875 0.021875
1 0.26875 0.5875 0.015625 0.015625
1 0.2671875 0.6421875 0.021875 0.0234375
1 0.2640625 0.6609375 0.03125 0.025
1 0.240625 0.6765625 0.0203125 0.015625
1 0.21875 0.7203125 0.021875 0.0234375
1 0.278125 0.696875 0.0265625 0.0234375
1 0.2953125 0.7109375 0.0265625 0.025
1 0.26875 0.7375 0.0328125 0.0171875
1 0.265625 0.7203125 0.0265625 0.03125
1 0.2625 0.8 0.0171875 0.025
1 0.284375 0.875 0.0296875 0.0265625
1 0.271875 0.8984375 0.025 0.015625
1 0.2734375 0.853125 0.05 0.0640625
1 0.30625 0.778125 0.0296875 0.0265625
1 0.3421875 0.734375 0.015625 0.01875
1 0.3171875 0.8234375 0.046875 0.0359375
1 0.3109375 0.7984375 0.053125 0.0453125
1 0.371875 0.8203125 0.0234375 0.0265625
1 0.39140625 0.7921875 0.0171875 0.028125
1 0.36875 0.7265625 0.0125 0.01875
1 0.3703125 0.70625 0.0359375 0.0296875
1 0.3703125 0.665625 0.01875 0.0171875
1 0.378125 0.6796875 0.0328125 0.034375
1 0.38203125 0.640625 0.0359375 0.025
1 0.3671875 0.6234375 0.0265625 0.015625
1 0.3421875 0.6421875 0.0234375 0.0234375
1 0.3234375 0.64375 0.0234375 0.0203125
1 0.378125 0.57421875 0.021875 0.0109375
1 0.33671875 0.57265625 0.0265625 0.0078125
0 0.0625 0.875 0.1078125 0.0984375
1 0.0515625 0.6796875 0.0234375 0.009375
0 0.0796875 0.7265625 0.075 0.15
0 0.08515625 0.6 0.1703125 0.0625
1 0.35625 0.9140625 0.0265625 0.0203125
1 0.3296875 0.9171875 0.03125 0.015625
1 0.3375 0.8703125 0.01875 0.0234375
1 0.35 0.8609375 0.0203125 0.015625
1 0.378125 0.859375 0.0203125 0.0203125
1 0.3234375 0.7515625 0.01875 0.021875
1 0.33125 0.6765625 0.0203125 0.01875
1 0.8 0.8296875 0.05 0.046875
1 0.8125 0.865625 0.05 0.0359375
1 0.8953125 0.8703125 0.0234375 0.0453125
1 0.6859375 0.8953125 0.0265625 0.0484375
1 0.9625 0.99453125 0.075 0.0109375
1 0.99296875 0.934375 0.0140625 0.071875
1 0.9234375 0.934375 0.040625 0.0375
1 0.9484375 0.9078125 0.078125 0.0359375
1 0.95390625 0.9828125 0.0453125 0.034375
1 0.86484375 0.9671875 0.1046875 0.065625
0 0.6328125 0.9546875 0.059375 0.090625
0 0.6140625 0.875 0.1125 0.1421875