0 0.04921875 0.04921875 0.0984375 0.0984375
1 0.0875 0.021875 0.025 0.0203125
1 0.0203125 0.1375 0.0328125 0.0296875
1 0.0296875 0.1765625 0.0171875 0.0203125
1 0.028125 0.196875 0.0171875 0.0234375
0 0.05625 0.28671875 0.1125 0.1453125
0 0.0375 0.35859375 0.075 0.0984375
1 0.0984375 0.284375 0.0296875 0.0296875
1 0.1078125 0.303125 0.0171875 0.0234375
1 0.0859375 0.3078125 0.0203125 0.01875
1 0.1421875 0.275 0.0234375 0.0171875
1 0.175 0.1484375 0.04375 0.0234375
1 0.2265625 0.334375 0.0140625 0.0234375
1 0.2796875 0.0984375 0.0234375 0.015625
1 0.2640625 0.1625 0.021875 0.021875
1 0.3375 0.346875 0.0203125 0.0234375
1 0.3875 0.346875 0.028125 0.021875
1 0.409375 0.171875 0.0328125 0.0328125
1 0.4125 0.13125 0.0140625 0.034375
1 0.40390625 0.00703125 0.0296875 0.0140625
1 0.471875 0.2109375 0.0375 0.0296875
0 0.53515625 0.3421875 0.1078125 0.11875
0 0.5359375 0.209375 0.103125 0.1265625
1 0.5375 0.3984375 0.0390625 0.0234375
1 0.5734375 0.3984375 0.015625 0.021875
1 0.509375 0.39375 0.015625 0.03125
1 0.234375 0.01171875 0.01875 0.0234375
0 0.54765625 0.0421875 0.0828125 0.084375
0 0.525 0.1125 0.128125 0.096875
1 0.990625 0.4515625 0.0078125 0.0109375
1 0.909375 0.4359375 0.009375 0.009375
1 0.7234375 0.434375 0.01875 0.015625
1 0.9421875 0.3765625 0.0703125 0.0984375
1 0.7046875 0.3078125 0.0265625 0.0140625
1 0.9984375 0.2546875 0.003125 0.015625
1 0.90625 0.2171875 0.0484375 0.0328125
1 0.621875 0.4359375 0.015625 0.03125
1 0.6 0.4421875 0.021875 0.021875
0 0.6296875 0.40625 0.08125 0.075
1 0.6296875 0.33984375 0.08125 0.0515625
1 0.6046875 0.34375 0.028125 0.0140625
1 0.65 0.3546875 0.015625 0.0171875
0 0.6125 0.265625 0.046875 0.1625
0 0.6375 0.209375 0.096875 0.08125
0 0.6359375 0.140625 0.09375 0.08125
1 0.7203125 0.396875 0.0140625 0.015625
1 0.75625 0.4234375 0.01875 0.015625
1 0.7546875 0.446875 0.0125 0.015625
1 0.75 0.378125 0.0578125 0.025
1 0.8375 0.165625 0.05 0.059375
1 0.8453125 0.1109375 0.0328125 0.0234375
1 0.275 0.975 0.015625 0.0109375
1 0.028125 0.9375 0.0296875 0.034375
1 0.071875 0.8390625 0.0546875 0.034375
1 0.4828125 0.821875 0.0109375 0.009375
1 0.328125 0.79375 0.009375 0.0078125
1 0.459375 0.5203125 0.0125 0.015625
1 0.52265625 0.46171875 0.0078125 0.0046875
1 0.175 0.809375 0.0546875 0.0609375
1 0.1625 0.8875 0.0625 0.0640625
0 0.225 0.8578125 0.04375 0.0796875
1 0.2734375 0.8359375 0.0109375 0.0171875
0 0.215625 0.9484375 0.0953125 0.0640625
1 0.3 0.9140625 0.0203125 0.0171875
1 0.31875 0.684375 0.034375 0.034375
1 0.3265625 0.6703125 0.0109375 0.0046875
1 0.2875 0.678125 0.01875 0.0234375
0 0.2140625 0.734375 0.0515625 0.0390625
1 0.246875 0.7015625 0.053125 0.05
1 0.159375 0.5546875 0.021875 0.0296875
1 0.19609375 0.490625 0.0703125 0.0625
0 0.24375 0.48984375 0.071875 0.0609375
1 0.2453125 0.54375 0.0703125 0.0546875
0 0.2671875 0.5828125 0.11875 0.065625
0 0.2171875 0.6203125 0.14375 0.1140625
1 0.165625 0.659375 0.0703125 0.0421875
1 0.1984375 0.6921875 0.05 0.040625
1 0.3640625 0.784375 0.025 0.0203125
1 0.434375 0.83125 0.0171875 0.009375
1 0.38125 0.853125 0.009375 0.015625
1 0.0125 0.90625 0.0140625 0.009375
1 0.540625 0.85 0.0203125 0.015625
1 0.53125 0.875 0.015625 0.03125
1 0.56875 0.80625 0.021875 0.0234375
1 0.53125 0.7109375 0.0234375 0.015625
1 0.5109375 0.515625 0.025 0.0171875
1 0.6171875 0.8 0.01875 0.0265625
0 0.8171875 0.58828125 0.365625 0.2015625
0 0.83671875 0.825 0.3265625 0.35
0 0.82734375 0.928125 0.3453125 0.14375