1 0.21875 0.265625 0.01875 0.0234375
1 0.246875 0.403125 0.0125 0.0078125
1 0.4328125 0.44375 0.0109375 0.009375
1 0.44375 0.4703125 0.0125 0.0078125
1 0.4921875 0.496875 0.0078125 0.0171875
1 0.4953125 0.1859375 0.0078125 0.0109375
1 0.5109375 0.3125 0.0140625 0.01875
1 0.6125 0.3390625 0.021875 0.0546875
1 0.696875 0.0125 0.009375 0.025
1 0.2109375 0.1078125 0.01875 0.021875
1 0.2328125 0.1171875 0.03125 0.03125
1 0.67890625 0.00234375 0.0140625 0.0046875
1 0.396875 0.0484375 0.0140625 0.0359375
1 0.3921875 0.05625 0.034375 0.01875
1 0.415625 0.0765625 0.03125 0.028125
1 0.390625 0.0828125 0.0125 0.0140625
0 0.246875 0.375 0.1453125 0.1484375
0 0.378125 0.396875 0.1328125 0.3265625
1 0.65 0.3578125 0.040625 0.0453125
0 0.640625 0.3671875 0.121875 0.0890625
1 0.6734375 0.6125 0.01875 0.0203125
1 0.6796875 0.628125 0.01875 0.0125
1 0.5859375 0.6125 0.0203125 0.028125
1 0.5625 0.6078125 0.034375 0.0296875
1 0.54296875 0.6359375 0.0078125 0.00625
1 0.5703125 0.5765625 0.01875 0.028125
1 0.5734375 0.5875 0.025 0.0171875
1 0.91875 0.4140625 0.021875 0.015625
1 0.99375 0.4796875 0.009375 0.0125
1 0.9765625 0.0984375 0.028125 0.0328125
1 0.99453125 0.10625 0.0109375 0.0125
0 0.8625 0.5109375 0.225 0.1984375
0 0.9328125 0.4984375 0.134375 0.28125
1 0.1546875 0.6890625 0.0125 0.00625
1 0.475 0.7109375 0.021875 0.025
1 0.4609375 0.7296875 0.0109375 0.0078125
1 0.41875 0.7875 0.0109375 0.0171875
1 0.371875 0.74375 0.015625 0.015625
1 0.4078125 0.7921875 0.0078125 0.0171875
1 0.3859375 0.8078125 0.0125 0.0109375
0 0.3203125 0.846875 0.165625 0.30625
1 0.271875 0.8078125 0.0140625 0.028125
1 0.2796875 0.81875 0.01875 0.0171875
1 0.2640625 0.8390625 0.01875 0.0046875
1 0.2765625 0.878125 0.00625 0.0125
1 0.48125 0.85625 0.0234375 0.021875
1 0.4734375 0.90625 0.0140625 0.0140625
0 0.49375 0.8453125 0.103125 0.10625
0 0.5171875 0.9390625 0.05625 0.0171875
1 0.4109375 0.8734375 0.025 0.0265625
1 0.1125 0.8171875 0.0671875 0.0796875
0 0.1515625 0.8828125 0.253125 0.1828125
1 0.3984375 0.934375 0.0078125 0.0046875
1 0.4 0.9609375 0.00625 0.0078125
1 0.1890625 0.73125 0.009375 0.0046875
0 0.965625 0.925 0.06875 0.15
0 0.78984375 0.9421875 0.1015625 0.115625