1 0.14453125 0.01015625 0.0296875 0.0203125
1 0.071875 0.0796875 0.040625 0.028125
1 0.115625 0.0859375 0.0359375 0.0578125
1 0.371875 0.06015625 0.015625 0.0234375
1 0.3375 0.165625 0.01875 0.0171875
1 0.33125 0.1828125 0.021875 0.03125
1 0.3015625 0.1578125 0.028125 0.01875
1 0.2734375 0.1984375 0.0296875 0.025
1 0.2296875 0.2140625 0.03125 0.0375
0 0.1703125 0.26875 0.14375 0.1125
0 0.275 0.284375 0.059375 0.1578125
0 0.33125 0.275 0.0828125 0.14375
0 0.34375 0.3140625 0.071875 0.0875
1 0.334375 0.353125 0.0234375 0.01875
1 0.365625 0.3609375 0.025 0.0125
1 0.24375 0.2671875 0.0171875 0.01875
0 0.05703125 0.284375 0.1140625 0.109375
1 0.0109375 0.296875 0.015625 0.0140625
1 0.0015625 0.31015625 0.003125 0.0234375
1 0.01015625 0.42890625 0.0203125 0.0703125
1 0.203125 0.421875 0.0234375 0.0296875
1 0.365625 0.4578125 0.028125 0.065625
1 0.37578125 0.4953125 0.0078125 0.03125
1 0.2890625 0.4078125 0.0203125 0.0171875
1 0.3390625 0.4484375 0.0265625 0.03125
1 0.309375 0.496875 0.0265625 0.03125
1 0.2703125 0.49375 0.021875 0.01875
1 0.0234375 0.48125 0.0234375 0.025
1 0.071875 0.521875 0.028125 0.015625
1 0.10625 0.4734375 0.0140625 0.0234375
1 0.1046875 0.490625 0.01875 0.028125
1 0.1703125 0.4921875 0.0109375 0.0203125
1 0.1890625 0.4671875 0.015625 0.0203125
1 0.10234375 0.52109375 0.0296875 0.0171875
1 0.5046875 0.265625 0.0078125 0.00625
1 0.5109375 0.41875 0.009375 0.0078125
1 0.5140625 0.328125 0.028125 0.03125
1 0.61875 0.3234375 0.0359375 0.0375
1 0.725 0.096875 0.0125 0.0078125
1 0.71875 0.50703125 0.05 0.0453125
1 0.753125 0.103125 0.015625 0.0171875
1 0.7546875 0.1671875 0.0140625 0.0078125
1 0.7828125 0.015625 0.0171875 0.01875
1 0.79375 0.184375 0.00625 0.009375
1 0.8171875 0.021875 0.0109375 0.0125
1 0.8390625 0.103125 0.0453125 0.0515625
1 0.8734375 0.3 0.0109375 0.009375
1 0.909375 0.303125 0.0078125 0.00625
1 0.96875 0.09375 0.0125 0.0125
1 0.971875 0.059375 0.01875 0.0125
1 0.94375 0.0890625 0.0453125 0.04375
1 0.9375 0.0625 0.0125 0.0171875
1 0.8421875 0.0484375 0.03125 0.0234375
1 0.8375 0.2390625 0.021875 0.028125
1 0.890625 0.2421875 0.0171875 0.028125
1 0.971875 0.253125 0.0140625 0.021875
1 0.890625 0.26875 0.01875 0.0140625
1 0.8921875 0.2859375 0.01875 0.0234375
0 0.603125 0.384375 0.1703125 0.1453125
0 0.728125 0.3546875 0.0640625 0.09375
1 0.7546875 0.3671875 0.01875 0.0125
1 0.740625 0.371875 0.009375 0.025
0 0.83125 0.371875 0.175 0.1078125
1 0.89375 0.390625 0.015625 0.015625
1 0.8859375 0.3796875 0.021875 0.0203125
0 0.9515625 0.39375 0.096875 0.171875
1 0.984375 0.3203125 0.028125 0.025
1 0.953125 0.3171875 0.0234375 0.034375
1 0.9046875 0.5203125 0.0171875 0.015625
1 0.8828125 0.5171875 0.028125 0.0171875
0 0.3078125 0.55078125 0.075 0.0421875
1 0.3109375 0.5921875 0.0109375 0.025
1 0.28125 0.565625 0.015625 0.0359375
1 0.24140625 0.54296875 0.0234375 0.0265625
1 0.225 0.565625 0.0421875 0.0390625
0 0.15 0.5640625 0.096875 0.06875
1 0.175 0.578125 0.065625 0.05
1 0.1375 0.6078125 0.0671875 0.0640625
1 0.090625 0.628125 0.021875 0.0234375
1 0.3421875 0.675 0.05625 0.0546875
1 0.3671875 0.74140625 0.025 0.0296875
1 0.3234375 0.8671875 0.0421875 0.04375
1 0.35546875 0.84375 0.0484375 0.09375
1 0.36015625 0.953125 0.0390625 0.053125
1 0.2734375 0.690625 0.028125 0.025
1 0.2546875 0.7109375 0.034375 0.0421875
1 0.20625 0.821875 0.0390625 0.040625
1 0.2875 0.953125 0.0453125 0.0375
1 0.15625 0.89375 0.034375 0.0390625
1 0.1078125 0.8203125 0.0578125 0.075
1 0.1390625 0.79375 0.0375 0.0453125
1 0.1671875 0.8546875 0.0796875 0.0375
0 0.2171875 0.97421875 0.171875 0.0515625
1 0.4203125 0.540625 0.071875 0.021875
1 0.69453125 0.5359375 0.0078125 0.0125
1 0.775 0.5375 0.009375 0.015625
1 0.54375 0.634375 0.0109375 0.0171875
1 0.5078125 0.6078125 0.0265625 0.0296875
1 0.5875 0.5859375 0.034375 0.0578125
1 0.66875 0.578125 0.0125 0.009375
1 0.63125 0.565625 0.0640625 0.0625
1 0.38359375 0.71015625 0.0078125 0.0078125
1 0.5046875 0.6859375 0.0328125 0.03125
1 0.5 0.7640625 0.0421875 0.04375
1 0.4421875 0.753125 0.025 0.0234375
0 0.4421875 0.7 0.0703125 0.09375
1 0.5703125 0.7390625 0.0265625 0.021875
0 0.534375 0.7078125 0.109375 0.090625
0 0.5859375 0.7109375 0.0625 0.0375
1 0.5609375 0.671875 0.0578125 0.03125
0 0.6640625 0.7109375 0.1328125 0.06875
0 0.7671875 0.7046875 0.025 0.0578125
1 0.75 0.6734375 0.0578125 0.0421875
1 0.6390625 0.746875 0.0203125 0.0203125
1 0.6578125 0.7515625 0.015625 0.0140625
1 0.6453125 0.7828125 0.0171875 0.0203125
1 0.6046875 0.8171875 0.0265625 0.0234375
1 0.7359375 0.8359375 0.021875 0.0265625
1 0.6859375 0.8921875 0.0171875 0.01875
1 0.6703125 0.83125 0.0453125 0.0234375
1 0.765625 0.909375 0.028125 0.0390625
1 0.7609375 0.9765625 0.03125 0.046875
1 0.5390625 0.934375 0.0375 0.0203125