0 0.16171875 0.3 0.3234375 0.259375
0 0.06875 0.16015625 0.1375 0.1265625
1 0.278125 0.2484375 0.021875 0.046875
1 0.4203125 0.3734375 0.046875 0.059375
0 0.13203125 0.40625 0.1640625 0.046875
1 0.5890625 0.05 0.0203125 0.0328125
0 0.1703125 0.075 0.340625 0.15
0 0.90234375 0.034375 0.1296875 0.06875
1 0.85234375 0.0140625 0.0296875 0.028125
0 0.90625 0.08125 0.0859375 0.096875
1 0.984375 0.1171875 0.0265625 0.0359375
1 0.8453125 0.2 0.03125 0.0265625
0 0.9046875 0.2078125 0.0921875 0.1046875
0 0.9 0.2640625 0.1328125 0.0390625
1 0.96875 0.2234375 0.034375 0.0203125
1 0.7609375 0.1734375 0.03125 0.0234375
1 0.02734375 0.55546875 0.0546875 0.0640625
1 0.0640625 0.640625 0.0265625 0.015625
1 0.0796875 0.6546875 0.01875 0.0296875
1 0.071875 0.778125 0.03125 0.034375
1 0.0109375 0.9203125 0.0203125 0.0234375
1 0.1578125 0.828125 0.0390625 0.0265625
1 0.18125 0.871875 0.0125 0.0296875
1 0.153125 0.821875 0.0234375 0.0171875
1 0.2 0.634375 0.0078125 0.0109375
1 0.315625 0.609375 0.0265625 0.0296875
1 0.31875 0.559375 0.015625 0.0125
1 0.3578125 0.6453125 0.0234375 0.0140625
1 0.3 0.646875 0.0140625 0.0125
1 0.5015625 0.771875 0.0359375 0.021875
1 0.5171875 0.7703125 0.0234375 0.0234375
1 0.61328125 0.7984375 0.0109375 0.00625
1 0.5796875 0.76875 0.025 0.0203125
1 0.390625 0.6375 0.0109375 0.00625
0 0.40625 0.684375 0.1125 0.1609375
0 0.40625 0.915625 0.1109375 0.0953125
1 0.621875 0.4734375 0.00625 0.03125
1 0.746875 0.478125 0.0203125 0.0265625
1 0.709375 0.5234375 0.09375 0.08125
1 0.66875 0.546875 0.0671875 0.053125
1 0.6765625 0.575 0.0578125 0.0421875
1 0.8359375 0.446875 0.0625 0.0203125
1 0.7859375 0.440625 0.0484375 0.0078125
1 0.7921875 0.4515625 0.0203125 0.028125
1 0.93125 0.4453125 0.05 0.01875
1 0.9484375 0.446875 0.0171875 0.0203125
1 0.859375 0.4640625 0.046875 0.0484375
1 0.83125 0.490625 0.0515625 0.0546875
1 0.91875 0.4921875 0.0671875 0.0453125
1 0.959375 0.49375 0.04375 0.0453125
1 0.8265625 0.525 0.071875 0.046875
1 0.88125 0.5328125 0.0625 0.046875
1 0.8515625 0.5515625 0.025 0.028125
1 0.9890625 0.534375 0.021875 0.03125
1 0.98125 0.553125 0.0375 0.034375
1 0.959375 0.5625 0.0515625 0.0625
1 0.9953125 0.76875 0.009375 0.05
1 0.8578125 0.7515625 0.0625 0.103125
1 0.8640625 0.721875 0.0375 0.053125
1 0.9375 0.7375 0.0484375 0.04375
1 0.9125 0.6640625 0.021875 0.0625
1 0.909375 0.596875 0.0484375 0.0546875
1 0.9390625 0.5859375 0.0265625 0.034375
1 0.8890625 0.5828125 0.015625 0.03125
1 0.846875 0.6421875 0.065625 0.075
1 0.9375 0.6390625 0.028125 0.040625
1 0.9703125 0.609375 0.0265625 0.034375
1 0.7859375 0.625 0.04375 0.059375
1 0.6921875 0.6890625 0.0109375 0.0421875
0 0.765625 0.675 0.1109375 0.1671875
1 0.8546875 0.6796875 0.0171875 0.0265625
1 0.8296875 0.6828125 0.0265625 0.046875
1 0.8203125 0.7828125 0.0578125 0.0703125
1 0.865625 0.83125 0.0296875 0.046875
1 0.6984375 0.809375 0.040625 0.078125
1 0.69375 0.7703125 0.0359375 0.009375
0 0.7328125 0.8578125 0.0546875 0.1234375
1 0.6875 0.8265625 0.0265625 0.0703125
1 0.6625 0.853125 0.0875 0.06875
1 0.70625 0.878125 0.03125 0.06875
1 0.8578125 0.8765625 0.0671875 0.0453125
1 0.903125 0.8953125 0.053125 0.025
1 0.7953125 0.88125 0.05625 0.0625
1 0.7671875 0.9109375 0.109375 0.1046875
0 0.7859375 0.9453125 0.06875 0.034375
1 0.99140625 0.88828125 0.0171875 0.0578125
1 0.98125 0.940625 0.0375 0.028125
1 0.95 0.93125 0.0375 0.025
1 0.909375 0.93125 0.0375 0.0515625
1 0.9234375 0.9515625 0.040625 0.021875
1 0.9390625 0.9 0.03125 0.025
1 0.9296875 0.84375 0.040625 0.0671875
1 0.975 0.7890625 0.0234375 0.01875
1 0.94375 0.7796875 0.03125 0.0296875
1 0.91875 0.771875 0.0328125 0.0375
1 0.8984375 0.778125 0.0234375 0.0265625
1 0.6234375 0.77421875 0.009375 0.0203125