1 0.578125 0.159375 0.025 0.03125
1 0.6078125 0.0421875 0.05 0.059375
1 0.5734375 0.2953125 0.0171875 0.028125
1 0.5109375 0.328125 0.034375 0.028125
1 0.3390625 0.1515625 0.0125 0.0125
1 0.346875 0.09375 0.0453125 0.0390625
1 0.16875 0.0171875 0.0171875 0.0140625
1 0.2515625 0.14375 0.0640625 0.021875
1 0.2953125 0.328125 0.0140625 0.015625
1 0.0796875 0.225 0.0203125 0.01875
1 0.01484375 0.22890625 0.0296875 0.0484375
1 0.0875 0.04375 0.0234375 0.03125
1 0.0859375 0.0453125 0.0078125 0.0109375
1 0.0515625 0.096875 0.0125 0.0171875
0 0.378125 0.11796875 0.325 0.2359375
0 0.2796875 0.2921875 0.3578125 0.128125
0 0.325 0.3390625 0.0953125 0.0328125
0 0.2609375 0.340625 0.0140625 0.0296875
0 0.2359375 0.3453125 0.0125 0.021875
1 0.2796875 0.19375 0.0390625 0.015625
1 0.4703125 0.2828125 0.0359375 0.0140625
1 0.884375 0.059375 0.009375 0.015625
1 0.9859375 0.0890625 0.021875 0.025
1 0.9765625 0.15625 0.0203125 0.021875
1 0.9765625 0.196875 0.009375 0.00625
1 0.9171875 0.196875 0.0390625 0.03125
1 0.7515625 0.1828125 0.05625 0.0734375
1 0.928125 0.2875 0.0203125 0.0203125
1 0.9015625 0.321875 0.0078125 0.015625
0 0.846875 0.3359375 0.0671875 0.0234375
1 0.921875 0.05625 0.0109375 0.0171875
1 0.953125 0.0359375 0.021875 0.0234375
1 0.9640625 0.0328125 0.009375 0.00625
1 0.96875 0.053125 0.0328125 0.028125
1 0.95 0.1703125 0.0078125 0.0203125
1 0.98515625 0.21328125 0.0296875 0.0234375
1 0.978125 0.228125 0.0390625 0.0453125
0 0.84375 0.2546875 0.134375 0.0984375
1 0.90625 0.171875 0.021875 0.034375
1 0.809375 0.1984375 0.0234375 0.0265625
1 0.7890625 0.2078125 0.0328125 0.03125
0 0.840625 0.0328125 0.078125 0.065625
1 0.82421875 0.0109375 0.0234375 0.021875
1 0.8125 0.04375 0.021875 0.0171875
0 0.84375 0.0796875 0.0953125 0.0515625
0 0.8375 0.146875 0.1140625 0.103125
1 0.67265625 0.075 0.0265625 0.053125
1 0.71953125 0.05390625 0.1203125 0.1078125
1 0.66875 0.16640625 0.01875 0.0578125
1 0.6828125 0.1765625 0.015625 0.0203125
1 0.37109375 0.978125 0.2140625 0.04375
1 0.640625 0.9609375 0.0296875 0.04375
1 0.5640625 0.875 0.0609375 0.0296875
1 0.3765625 0.9234375 0.103125 0.0859375
1 0.484375 0.8390625 0.025 0.0484375
1 0.3265625 0.8234375 0.0828125 0.0921875
1 0.278125 0.8078125 0.0390625 0.0546875
1 0.259375 0.859375 0.065625 0.0734375
1 0.3078125 0.9484375 0.0671875 0.034375
1 0.125 0.98203125 0.04375 0.0359375
1 0.165625 0.8609375 0.05625 0.0828125
1 0.225 0.8859375 0.021875 0.021875
1 0.1265625 0.93125 0.0765625 0.0640625
1 0.0796875 0.928125 0.0453125 0.0359375
1 0.0828125 0.85625 0.0359375 0.0640625
0 0.484375 0.746875 0.1515625 0.1578125
0 0.4484375 0.640625 0.0640625 0.04375
1 0.340625 0.68125 0.08125 0.0640625
1 0.2609375 0.6390625 0.0234375 0.0390625
1 0.23125 0.7375 0.0890625 0.0640625
1 0.146875 0.7390625 0.1015625 0.075
1 0.153125 0.6734375 0.084375 0.0453125
1 0.14375 0.6390625 0.078125 0.0421875
1 0.934375 0.9390625 0.025 0.028125
1 0.99296875 0.6421875 0.0140625 0.015625
1 0.8578125 0.5234375 0.034375 0.0203125
1 0.871875 0.6578125 0.034375 0.03125
1 0.85625 0.65625 0.0203125 0.021875
1 0.8484375 0.728125 0.03125 0.0359375
1 0.825 0.5828125 0.0234375 0.0296875
1 0.75625 0.6203125 0.00625 0.0125
1 0.825 0.9015625 0.015625 0.015625
1 0.734375 0.940625 0.025 0.021875
1 0.715625 0.9265625 0.0078125 0.0109375
1 0.6625 0.88359375 0.00625 0.0109375
1 0.7015625 0.8375 0.015625 0.015625
0 0.70546875 0.7859375 0.0921875 0.165625
1 0.7140625 0.6546875 0.0046875 0.009375