1 0.09375 0.38125 0.053125 0.0671875
1 0.0171875 0.340625 0.0140625 0.028125
0 0.10234375 0.3671875 0.2046875 0.153125
0 0.1921875 0.3734375 0.1921875 0.1390625
0 0.05234375 0.2734375 0.1046875 0.196875
0 0.09140625 0.1546875 0.1828125 0.309375
1 0.24375 0.1859375 0.040625 0.0625
1 0.3125 0.3015625 0.0265625 0.0234375
1 0.396875 0.290625 0.028125 0.028125
1 0.421875 0.3 0.0140625 0.015625
1 0.44375 0.42421875 0.0125 0.0328125
1 0.40625 0.0421875 0.025 0.0171875
1 0.40625 0.0875 0.0140625 0.021875
1 0.41875 0.0859375 0.0171875 0.0171875
1 0.41875 0.1046875 0.0421875 0.0171875
1 0.4265625 0.1109375 0.0390625 0.028125
0 0.8125 0.3421875 0.0125 0.01875
1 0.6890625 0.3171875 0.0109375 0.0078125
1 0.6671875 0.2796875 0.009375 0.0078125
1 0.73125 0.246875 0.0109375 0.0125
1 0.5171875 0.2296875 0.0125 0.0078125
1 0.703125 0.225 0.009375 0.0109375
1 0.709375 0.2 0.0171875 0.015625
1 0.7265625 0.1171875 0.0125 0.0078125
1 0.7015625 0.0875 0.0296875 0.0328125
1 0.459375 0.0390625 0.0125 0.0046875
1 0.675 0.00625 0.0125 0.0125
1 0.5 0.1984375 0.0140625 0.0109375
0 0.9140625 0.25859375 0.171875 0.1859375
1 0.98125 0.3375 0.015625 0.01875
1 0.85 0.134375 0.0078125 0.0078125
1 0.8609375 0.1421875 0.0078125 0.0078125
0 0.92578125 0.0984375 0.1484375 0.196875
0 0.09921875 0.5515625 0.1109375 0.04375
0 0.1359375 0.6875 0.1265625 0.14375
0 0.109375 0.7546875 0.109375 0.06875
1 0.425 0.7296875 0.0328125 0.034375
1 0.4234375 0.6359375 0.03125 0.0296875
1 0.4015625 0.590625 0.028125 0.0328125
1 0.565625 0.8203125 0.034375 0.0203125
1 0.5515625 0.6859375 0.034375 0.03125
1 0.5671875 0.6875 0.0203125 0.021875
1 0.575 0.615625 0.03125 0.0359375
1 0.5984375 0.7609375 0.0234375 0.0296875
1 0.6671875 0.7234375 0.00625 0.0125
0 0.8265625 0.58515625 0.309375 0.1109375
1 0.7859375 0.60625 0.028125 0.0140625
1 0.796875 0.5984375 0.0171875 0.01875
1 0.8171875 0.6140625 0.0046875 0.01875
1 0.85625 0.6015625 0.0125 0.00625
1 0.7953125 0.765625 0.0796875 0.0671875
0 0.8609375 0.7265625 0.1828125 0.253125
1 0.709375 0.6890625 0.0046875 0.009375