1 0.3359375 0.3546875 0.0171875 0.0125
1 0.34453125 0.40546875 0.0109375 0.0296875
1 0.3171875 0.3890625 0.0234375 0.046875
1 0.34453125 0.28984375 0.0109375 0.0390625
1 0.3015625 0.2359375 0.0234375 0.021875
1 0.2765625 0.2984375 0.0359375 0.0125
1 0.1328125 0.30625 0.040625 0.0609375
1 0.0296875 0.259375 0.015625 0.01875
1 0.1828125 0.45625 0.025 0.0234375
1 0.19375 0.4296875 0.015625 0.0140625
1 0.1734375 0.434375 0.0171875 0.015625
1 0.2234375 0.44375 0.015625 0.0265625
1 0.121875 0.4171875 0.0265625 0.06875
1 0.0703125 0.3328125 0.0328125 0.0171875
1 0.0546875 0.4109375 0.0890625 0.0734375
0 0.05625 0.3796875 0.1125 0.190625
0 0.21328125 0.4109375 0.2734375 0.15625
1 0.2125 0.35 0.0515625 0.0140625
1 0.3265625 0.478125 0.025 0.015625
1 0.021875 0.203125 0.0265625 0.0203125
1 0.0765625 0.19375 0.01875 0.021875
1 0.0625 0.1296875 0.0140625 0.0125
1 0.1171875 0.1640625 0.03125 0.0375
1 0.09375 0.1171875 0.03125 0.0375
1 0.00546875 0.09921875 0.0109375 0.0359375
1 0.009375 0.0421875 0.0078125 0.015625
1 0.109375 0.0046875 0.015625 0.009375
1 0.13515625 0.00234375 0.0140625 0.0046875
1 0.2453125 0.0265625 0.028125 0.015625
1 0.115625 0.078125 0.034375 0.028125
1 0.2375 0.0734375 0.01875 0.0140625
1 0.275 0.059375 0.0234375 0.0359375
1 0.321875 0.0796875 0.0125 0.0046875
1 0.2328125 0.1734375 0.0296875 0.01875
1 0.309375 0.19375 0.0125 0.00625
1 0.0765625 0.0203125 0.025 0.0359375
1 0.03359375 0.00390625 0.0265625 0.0078125
1 0.53125 0.471875 0.025 0.034375
1 0.58125 0.3703125 0.121875 0.1546875
1 0.5828125 0.4375 0.034375 0.0625
1 0.63125 0.4265625 0.096875 0.0734375
0 0.6796875 0.4734375 0.115625 0.03125
1 0.784375 0.4234375 0.0375 0.0546875
1 0.83515625 0.475 0.0359375 0.028125
1 0.884375 0.334375 0.046875 0.0546875
1 0.871875 0.2984375 0.0859375 0.071875
1 0.809375 0.3390625 0.0390625 0.046875
1 0.81875 0.2828125 0.03125 0.0375
1 0.828125 0.3921875 0.0203125 0.021875
1 0.834375 0.3171875 0.021875 0.025
1 0.946875 0.1671875 0.034375 0.0359375
1 0.8015625 0.2109375 0.015625 0.028125
1 0.71875 0.2546875 0.034375 0.034375
1 0.6734375 0.228125 0.046875 0.0390625
1 0.59375 0.175 0.046875 0.06875
1 0.6359375 0.1484375 0.0609375 0.0421875
1 0.621875 0.1 0.0609375 0.0515625
1 0.546875 0.171875 0.0546875 0.059375
1 0.5625 0.0625 0.053125 0.04375
0 0.54609375 0.025 0.0546875 0.05
0 0.65078125 0.03203125 0.1390625 0.0640625
1 0.7796875 0.09375 0.040625 0.0234375
1 0.846875 0.190625 0.0203125 0.0265625
1 0.74296875 0.0171875 0.0984375 0.034375
0 0.79609375 0.03046875 0.1234375 0.0609375
0 0.8671875 0.034375 0.084375 0.06875
0 0.93203125 0.05078125 0.1359375 0.1015625
1 0.92421875 0.0078125 0.0390625 0.015625
1 0.05234375 0.78515625 0.1046875 0.2140625
1 0.18515625 0.9734375 0.0296875 0.053125
1 0.1375 0.790625 0.0859375 0.103125
1 0.221875 0.8984375 0.0484375 0.025
1 0.2375 0.740625 0.0921875 0.0828125
1 0.253125 0.6921875 0.0546875 0.0390625
1 0.2015625 0.6734375 0.0734375 0.065625
1 0.1125 0.721875 0.034375 0.0671875
1 0.0375 0.68125 0.0640625 0.034375
1 0.01015625 0.665625 0.0203125 0.0625
1 0.0046875 0.528125 0.009375 0.021875
1 0.0734375 0.5390625 0.0453125 0.04375
1 0.2 0.5796875 0.0828125 0.05625
1 0.175 0.6390625 0.021875 0.021875
1 0.1296875 0.540625 0.0640625 0.0765625
1 0.13203125 0.50234375 0.0359375 0.0265625
1 0.20390625 0.5015625 0.0640625 0.025
0 0.2921875 0.89765625 0.115625 0.1515625
1 0.3203125 0.64453125 0.059375 0.0890625
1 0.3171875 0.56015625 0.065625 0.1015625
1 0.40625 0.7015625 0.0296875 0.0390625
0 0.4515625 0.57109375 0.134375 0.1640625
1 0.4609375 0.5859375 0.0265625 0.0296875
0 0.58125 0.64375 0.1421875 0.2578125
1 0.7765625 0.6515625 0.034375 0.0328125
1 0.771875 0.8140625 0.03125 0.03125
1 0.4046875 0.5 0.01875 0.021875
1 0.60625 0.546875 0.0234375 0.021875
1 0.825 0.6640625 0.0234375 0.0265625
1 0.584375 0.7890625 0.0140625 0.0234375
1 0.478125 0.7859375 0.021875 0.0375
1 0.4171875 0.840625 0.03125 0.0296875
1 0.64375 0.6484375 0.0984375 0.0375
1 0.41875 0.609375 0.0234375 0.0171875
1 0.81484375 0.49765625 0.0234375 0.0171875
0 0.75078125 0.56640625 0.2609375 0.1546875
0 0.87421875 0.5765625 0.0703125 0.175