1 0.309375 0.0421875 0.0125 0.0078125
1 0.3046875 0.34375 0.0203125 0.0140625
1 0.284375 0.228125 0.0234375 0.021875
1 0.2546875 0.4578125 0.0171875 0.0296875
1 0.2046875 0.49375 0.0078125 0.01875
1 0.203125 0.4484375 0.0375 0.028125
1 0.1515625 0.01875 0.0109375 0.009375
1 0.1453125 0.4125 0.0140625 0.0140625
1 0.1140625 0.296875 0.0125 0.0171875
1 0.084375 0.23125 0.021875 0.0125
0 0.0859375 0.14375 0.09375 0.128125
0 0.1265625 0.1140625 0.1375 0.096875
0 0.2015625 0.109375 0.071875 0.10625
0 0.28359375 0.121875 0.0703125 0.084375
1 0.4203125 0.4984375 0.0453125 0.0328125
1 0.39375 0.5390625 0.021875 0.0265625
1 0.3875 0.4640625 0.021875 0.065625
1 0.44765625 0.51328125 0.0828125 0.0921875
1 0.5015625 0.5203125 0.0203125 0.0296875
1 0.5234375 0.5265625 0.0171875 0.0234375
1 0.53828125 0.54765625 0.0234375 0.0234375
1 0.5171875 0.471875 0.0234375 0.0296875
1 0.49375 0.4515625 0.0203125 0.01875
1 0.45 0.434375 0.0546875 0.034375
0 0.3953125 0.3109375 0.0375 0.1265625
0 0.4296875 0.334375 0.075 0.1140625
0 0.5046875 0.3328125 0.1734375 0.0953125
1 0.5046875 0.278125 0.0703125 0.078125
1 0.4484375 0.3984375 0.0421875 0.0515625
1 0.5328125 0.44375 0.04375 0.015625
1 0.5234375 0.3765625 0.11875 0.06875
1 0.5453125 0.4203125 0.0375 0.025
1 0.584375 0.4171875 0.034375 0.06875
1 0.571875 0.4640625 0.03125 0.0234375
1 0.5640625 0.5015625 0.0109375 0.028125
1 0.6 0.534375 0.0546875 0.0234375
1 0.615625 0.521875 0.0375 0.025
1 0.6453125 0.5359375 0.0671875 0.0328125
1 0.64375 0.4984375 0.05 0.0234375
1 0.6125 0.5015625 0.0390625 0.0203125
1 0.65 0.5140625 0.0484375 0.015625
1 0.6109375 0.446875 0.0328125 0.0296875
1 0.70625 0.5 0.03125 0.0578125
1 0.6859375 0.490625 0.021875 0.046875
1 0.665625 0.4859375 0.0203125 0.03125
1 0.6796875 0.465625 0.053125 0.040625
1 0.665625 0.4328125 0.053125 0.06875
1 0.778125 0.5453125 0.028125 0.028125
1 0.865625 0.525 0.0359375 0.053125
1 0.8203125 0.5078125 0.0734375 0.078125
1 0.7734375 0.484375 0.071875 0.084375
1 0.88125 0.471875 0.046875 0.065625
1 0.8953125 0.4421875 0.0171875 0.0484375
1 0.75 0.4078125 0.1265625 0.0953125
1 0.8578125 0.4015625 0.03125 0.0375
0 0.8515625 0.346875 0.103125 0.09375
1 0.81875 0.3765625 0.034375 0.025
1 0.8578125 0.2671875 0.0890625 0.1046875
1 0.778125 0.3453125 0.078125 0.04375
1 0.7828125 0.296875 0.0390625 0.0703125
1 0.7640625 0.36875 0.0734375 0.0234375
1 0.728125 0.328125 0.0203125 0.046875
1 0.6578125 0.36875 0.1015625 0.1078125
0 0.6265625 0.328125 0.1265625 0.071875
1 0.7578125 0.2625 0.0609375 0.0421875
1 0.8671875 0.2109375 0.046875 0.053125
1 0.8296875 0.2140625 0.065625 0.0625
1 0.675 0.275 0.0734375 0.04375
1 0.68125 0.2453125 0.0328125 0.0140625
1 0.89375 0.1578125 0.015625 0.0296875
1 0.7578125 0.18125 0.0625 0.065625
1 0.8390625 0.1578125 0.021875 0.0265625
1 0.85 0.1359375 0.025 0.0375
1 0.76875 0.125 0.05 0.0375
1 0.6890625 0.2046875 0.0640625 0.0359375
1 0.634375 0.1984375 0.065625 0.0609375
1 0.728125 0.159375 0.046875 0.0609375
1 0.6765625 0.153125 0.078125 0.046875
1 0.815625 0.103125 0.0703125 0.0890625
1 0.8796875 0.0765625 0.046875 0.0359375
1 0.84765625 0.0359375 0.0546875 0.071875
1 0.8015625 0.0578125 0.05 0.0390625
1 0.72890625 0.02109375 0.0734375 0.0421875
1 0.7046875 0.1171875 0.0484375 0.0734375
1 0.71875 0.0453125 0.0359375 0.0265625
1 0.721875 0.0765625 0.034375 0.04375
1 0.7 0.08125 0.03125 0.0265625
1 0.690625 0.1265625 0.0546875 0.0171875
1 0.68125 0.0078125 0.034375 0.015625
1 0.64609375 0.015625 0.0296875 0.03125
1 0.6453125 0.0609375 0.046875 0.0703125
1 0.64375 0.0921875 0.0390625 0.021875
1 0.6265625 0.059375 0.0203125 0.040625
1 0.625 0.08125 0.025 0.01875
1 0.5984375 0.040625 0.03125 0.0421875
1 0.40859375 0.02265625 0.0578125 0.0453125
1 0.39609375 0.00625 0.0390625 0.0125
1 0.4078125 0.196875 0.0625 0.13125
1 0.44375 0.2515625 0.053125 0.0625
1 0.4265625 0.209375 0.034375 0.0296875
1 0.5515625 0.2546875 0.1359375 0.1234375
1 0.56875 0.1875 0.103125 0.1140625
1 0.509375 0.20625 0.0625 0.05
1 0.4515625 0.1546875 0.1125 0.103125
1 0.50625 0.134375 0.0796875 0.0546875
1 0.6265625 0.159375 0.0546875 0.034375
1 0.6 0.09375 0.05 0.0375
1 0.6 0.1375 0.0296875 0.034375
1 0.5796875 0.1140625 0.0296875 0.028125
1 0.5234375 0.08125 0.025 0.025
1 0.484375 0.09375 0.090625 0.0578125
1 0.4296875 0.0890625 0.040625 0.03125
1 0.4578125 0.053125 0.0796875 0.0296875
1 0.54375 0.09375 0.059375 0.0390625
1 0.771875 0.065625 0.0125 0.009375
1 0.73125 0.1296875 0.01875 0.021875
1 0.484375 0.3984375 0.015625 0.01875
1 0.559375 0.484375 0.0296875 0.0140625
1 0.5734375 0.5078125 0.0125 0.015625
1 0.6140625 0.428125 0.01875 0.0203125
1 0.43125 0.39375 0.025 0.0234375
1 0.8734375 0.3703125 0.0375 0.03125
0 0.02578125 0.8671875 0.0515625 0.128125
0 0.178125 0.871875 0.09375 0.2359375
1 0.7890625 0.9671875 0.03125 0.03125
0 0.52734375 0.91875 0.1046875 0.1625
1 0.5 0.9546875 0.01875 0.0125
1 0.58125 0.8796875 0.01875 0.0234375
1 0.640625 0.8234375 0.05 0.05625
1 0.7546875 0.8109375 0.0109375 0.0140625
1 0.7515625 0.803125 0.0171875 0.0140625
1 0.9421875 0.8171875 0.0234375 0.0296875
1 0.98359375 0.82109375 0.0328125 0.0328125
1 0.9609375 0.925 0.03125 0.0171875
1 0.94296875 0.97578125 0.0546875 0.0484375
0 0.98046875 0.88515625 0.0390625 0.1546875
0 0.9453125 0.8953125 0.0859375 0.05625
0 0.86640625 0.8921875 0.1140625 0.215625
0 0.721875 0.8890625 0.10625 0.078125
0 0.7890625 0.8875 0.0921875 0.1609375
1 0.784375 0.76875 0.0140625 0.0203125
1 0.790625 0.7171875 0.0171875 0.0109375
1 0.715625 0.740625 0.0109375 0.0234375
1 0.5921875 0.7 0.0109375 0.009375
0 0.63125 0.9125 0.09375 0.1515625
1 0.546875 0.7 0.0234375 0.021875
1 0.58125 0.6203125 0.021875 0.028125
1 0.60625 0.6234375 0.0390625 0.034375
1 0.5765625 0.646875 0.0046875 0.0140625
1 0.7046875 0.5703125 0.0234375 0.021875
1 0.6921875 0.5765625 0.015625 0.025
1 0.653125 0.584375 0.0078125 0.0140625
1 0.4796875 0.5890625 0.009375 0.0125
1 0.4828125 0.58125 0.0140625 0.0078125