1 0.259375 0.565625 0.0203125 0.025
1 0.1265625 0.5046875 0.0359375 0.028125
1 0.0421875 0.4703125 0.0140625 0.015625
1 0.2703125 0.4203125 0.015625 0.01875
1 0.284375 0.43125 0.009375 0.034375
1 0.28125 0.3265625 0.015625 0.046875
1 0.0265625 0.2703125 0.0390625 0.015625
1 0.203125 0.175 0.0390625 0.0359375
1 0.259375 0.2453125 0.025 0.034375
1 0.2671875 0.184375 0.040625 0.0484375
1 0.5875 0.0859375 0.03125 0.0265625
1 0.6375 0.1046875 0.0234375 0.0203125
1 0.6890625 0.1125 0.0234375 0.03125
1 0.7109375 0.153125 0.025 0.0078125
1 0.5 0.075 0.0234375 0.0203125
1 0.5625 0.175 0.0109375 0.0109375
1 0.4875 0.165625 0.0359375 0.03125
1 0.5171875 0.203125 0.04375 0.0390625
1 0.4703125 0.2015625 0.0234375 0.0203125
1 0.5765625 0.3078125 0.0265625 0.0265625
1 0.2921875 0.17890625 0.00625 0.0171875
1 0.315625 0.33125 0.0265625 0.0234375
1 0.346875 0.325 0.0265625 0.0171875
0 0.9140625 0.015625 0.1 0.03125
1 0.95078125 0.1046875 0.0984375 0.09375
1 0.8671875 0.0609375 0.025 0.0453125
1 0.828125 0.234375 0.034375 0.0328125
0 0.909375 0.209375 0.1234375 0.10625
0 0.9359375 0.309375 0.128125 0.109375
0 0.3765625 0.2734375 0.1265625 0.103125
0 0.4109375 0.3484375 0.053125 0.0375
0 0.396875 0.1703125 0.1453125 0.1421875
0 0.3875 0.0875 0.1515625 0.1140625
0 0.41875 0.0296875 0.15 0.059375
1 0.05 0.65625 0.00625 0.0171875
1 0.090625 0.621875 0.0078125 0.015625
1 0.034375 0.75 0.0328125 0.0265625
1 0.225 0.6921875 0.05625 0.028125
0 0.771875 0.8484375 0.0859375 0.096875
1 0.809375 0.9171875 0.0609375 0.0375
1 0.778125 0.9375 0.040625 0.04375
0 0.77890625 0.984375 0.1640625 0.03125
1 0.4796875 0.959375 0.0265625 0.028125
1 0.465625 0.9453125 0.0328125 0.028125
1 0.4875 0.90625 0.0140625 0.03125
1 0.4984375 0.871875 0.03125 0.0265625
1 0.509375 0.928125 0.01875 0.021875
1 0.5625 0.871875 0.0328125 0.025
1 0.5734375 0.9078125 0.01875 0.0234375
1 0.6390625 0.7515625 0.0328125 0.04375
1 0.4890625 0.75 0.0328125 0.0265625
1 0.56953125 0.9921875 0.0296875 0.015625
1 0.58125 0.953125 0.0234375 0.0171875