0 0.05234375 0.028125 0.0765625 0.05625
0 0.04296875 0.1125 0.0859375 0.065625
0 0.0359375 0.2734375 0.071875 0.153125
0 0.03984375 0.365625 0.0796875 0.06875
1 0.378125 0.0171875 0.0203125 0.01875
1 0.3890625 0.053125 0.03125 0.0234375
1 0.340625 0.0515625 0.025 0.034375
1 0.334375 0.0765625 0.025 0.0203125
1 0.225 0.1484375 0.03125 0.025
1 0.290625 0.134375 0.021875 0.028125
1 0.3046875 0.13125 0.0203125 0.0234375
1 0.2859375 0.353125 0.0265625 0.0421875
1 0.3109375 0.271875 0.025 0.028125
1 0.3171875 0.3328125 0.021875 0.028125
1 0.3453125 0.2890625 0.0234375 0.025
1 0.3484375 0.321875 0.0203125 0.025
0 0.5671875 0.3296875 0.096875 0.140625
1 0.5640625 0.2234375 0.0265625 0.0203125
1 0.6 0.19375 0.021875 0.0234375
1 0.5 0.178125 0.0265625 0.021875
0 0.571875 0.08203125 0.165625 0.1640625
1 0.46328125 0.00390625 0.0359375 0.0078125
1 0.634375 0.1828125 0.015625 0.0203125
1 0.53125 0.2015625 0.0203125 0.01875
1 0.4890625 0.2078125 0.01875 0.0171875
1 0.525 0.178125 0.028125 0.01875
1 0.64375 0.271875 0.021875 0.03125
1 0.1484375 0.0421875 0.025 0.0328125
1 0.134375 0.2015625 0.03125 0.0296875
1 0.98828125 0.26796875 0.0234375 0.0390625
1 0.9625 0.2125 0.0609375 0.1515625
1 0.9046875 0.28125 0.05 0.0125
0 0.72421875 0.16171875 0.1109375 0.2140625
0 0.7078125 0.2078125 0.078125 0.159375
1 0.415625 0.628125 0.0953125 0.125
1 0.425 0.553125 0.0390625 0.0375
1 0.453125 0.521875 0.021875 0.0265625
1 0.4171875 0.4921875 0.03125 0.0359375
1 0.340625 0.4734375 0.0484375 0.021875
1 0.1796875 0.4921875 0.0375 0.059375
1 0.1796875 0.55625 0.0359375 0.0390625
1 0.11875 0.5015625 0.01875 0.0375
1 0.146875 0.9234375 0.0421875 0.0296875
1 0.140625 0.721875 0.03125 0.0234375
1 0.3171875 0.925 0.0265625 0.025
1 0.6375 0.878125 0.0625 0.0671875
1 0.6296875 0.81875 0.0359375 0.0359375
1 0.1546875 0.5234375 0.0265625 0.025
0 0.365625 0.7421875 0.378125 0.090625
0 0.409375 0.85 0.165625 0.2625
0 0.8484375 0.790625 0.053125 0.0375
0 0.8671875 0.759375 0.0203125 0.0140625
1 0.99140625 0.7453125 0.0171875 0.03125
0 0.8703125 0.7109375 0.1484375 0.1140625
1 0.928125 0.6140625 0.0390625 0.0375
1 0.765625 0.571875 0.0234375 0.0328125
0 0.8828125 0.5359375 0.0578125 0.0421875
1 0.803125 0.471875 0.0203125 0.021875
1 0.846875 0.4609375 0.0171875 0.01875
1 0.675 0.475 0.0125 0.009375
1 0.7109375 0.4578125 0.0171875 0.0109375
1 0.70625 0.5578125 0.01875 0.0171875
1 0.7078125 0.5359375 0.0203125 0.0140625
0 0.853125 0.64375 0.0359375 0.0859375
1 0.99453125 0.65546875 0.0109375 0.0140625
1 0.896875 0.4203125 0.0234375 0.021875
1 0.784375 0.4109375 0.01875 0.0171875
1 0.7953125 0.415625 0.0234375 0.021875
1 0.75625 0.465625 0.028125 0.0203125
1 0.7890625 0.5171875 0.0203125 0.0171875
1 0.8140625 0.5109375 0.0265625 0.015625
1 0.8171875 0.659375 0.06875 0.05
1 0.89375 0.48125 0.021875 0.021875
1 0.9109375 0.446875 0.015625 0.021875
1 0.828125 0.4703125 0.028125 0.025
1 0.89375 0.5703125 0.015625 0.0171875
1 0.8765625 0.590625 0.0171875 0.015625