1 0.45234375 0.14453125 0.0140625 0.0203125
1 0.4234375 0.1296875 0.0203125 0.028125
1 0.403125 0.1859375 0.021875 0.028125
1 0.3828125 0.2125 0.0203125 0.015625
0 0.41796875 0.06484375 0.0828125 0.1140625
1 0.38125 0.1140625 0.046875 0.0421875
0 0.340625 0.05390625 0.13125 0.1078125
1 0.2890625 0.096875 0.0265625 0.025
1 0.2984375 0.140625 0.025 0.03125
1 0.2984375 0.21875 0.034375 0.0296875
1 0.259375 0.153125 0.0703125 0.078125
1 0.2 0.1859375 0.040625 0.0421875
1 0.2125 0.134375 0.0265625 0.0390625
1 0.19375 0.115625 0.025 0.028125
1 0.21875 0.1140625 0.0171875 0.0203125
1 0.221875 0.0828125 0.015625 0.0234375
1 0.2890625 0.0546875 0.0203125 0.025
1 0.2421875 0.05625 0.03125 0.0609375
1 0.1265625 0.00625 0.021875 0.0125
0 0.14453125 0.05234375 0.1140625 0.1046875
1 0.090625 0.05625 0.0125 0.0265625
1 0.0953125 0.2421875 0.0203125 0.0296875
1 0.1359375 0.2671875 0.046875 0.04375
1 0.15625 0.3171875 0.0234375 0.0203125
1 0.2859375 0.265625 0.0609375 0.04375
1 0.334375 0.2515625 0.015625 0.0203125
1 0.2296875 0.3171875 0.025 0.0375
1 0.209375 0.3203125 0.025 0.025
1 0.184375 0.3171875 0.0296875 0.0296875
1 0.16875 0.3296875 0.0234375 0.0140625
1 0.2375 0.353125 0.0515625 0.0359375
1 0.2203125 0.3703125 0.0234375 0.015625
1 0.109375 0.4234375 0.0328125 0.0421875
1 0.1359375 0.459375 0.01875 0.0265625
1 0.35625 0.3453125 0.01875 0.0234375
1 0.3921875 0.384375 0.03125 0.015625
1 0.396875 0.3015625 0.0359375 0.0296875
1 0.3859375 0.2734375 0.0203125 0.0203125
1 0.45234375 0.303125 0.0140625 0.028125
1 0.44375 0.325 0.03125 0.015625
0 0.425 0.56171875 0.06875 0.1359375
1 0.3515625 0.5203125 0.0359375 0.0328125
0 0.31015625 0.57109375 0.1578125 0.1171875
1 0.2390625 0.4796875 0.0265625 0.0390625
1 0.25625 0.4234375 0.021875 0.0171875
1 0.278125 0.61328125 0.05625 0.0328125
1 0.246875 0.6 0.025 0.0234375
1 0.1359375 0.6125 0.01875 0.03125
1 0.11875 0.5765625 0.028125 0.0296875
1 0.1359375 0.525 0.0375 0.0390625
1 0.1703125 0.5171875 0.034375 0.0390625
1 0.096875 0.521875 0.0265625 0.04375
0 0.18359375 0.5578125 0.1484375 0.14375
1 0.7265625 0.1625 0.0125 0.0078125
1 0.765625 0.5578125 0.0078125 0.0078125
1 0.7734375 0.2640625 0.0078125 0.0140625
1 0.86875 0.3234375 0.009375 0.0078125
1 0.9453125 0.4359375 0.0109375 0.015625
1 0.94375 0.4671875 0.0359375 0.0203125
1 0.9609375 0.421875 0.015625 0.0078125
1 0.9953125 0.0515625 0.009375 0.021875
1 0.99296875 0.14609375 0.0140625 0.0328125
1 0.88125 0.14375 0.0171875 0.0234375
1 0.828125 0.1203125 0.0078125 0.0078125
1 0.834375 0.2203125 0.0453125 0.034375
1 0.7953125 0.2703125 0.0125 0.009375
1 0.7046875 0.325 0.0234375 0.0234375
1 0.684375 0.321875 0.0140625 0.009375
1 0.8015625 0.4984375 0.0390625 0.0296875
1 0.9546875 0.371875 0.0328125 0.0234375
1 0.8421875 0.5671875 0.0078125 0.00625
1 0.9734375 0.59375 0.0078125 0.0078125
1 0.678125 0.5828125 0.025 0.025
1 0.721875 0.628125 0.009375 0.003125
0 0.734375 0.4046875 0.1671875 0.21875
0 0.85625 0.3671875 0.225 0.3921875
1 0.26484375 0.6375 0.0265625 0.015625
1 0.2453125 0.64375 0.015625 0.0265625
1 0.23671875 0.6359375 0.0171875 0.0125
1 0.3046875 0.65 0.0125 0.025
1 0.3046875 0.6703125 0.015625 0.025
1 0.4515625 0.675 0.015625 0.028125
1 0.4203125 0.71875 0.0078125 0.015625
1 0.2484375 0.790625 0.0234375 0.01875
0 0.259375 0.878125 0.0875 0.075
1 0.290625 0.8625 0.0203125 0.015625
0 0.309375 0.846875 0.0984375 0.034375
1 0.3765625 0.859375 0.034375 0.0703125
0 0.409375 0.865625 0.0546875 0.0828125
1 0.4265625 0.925 0.025 0.0234375
1 0.4125 0.9015625 0.0125 0.015625
1 0.45546875 0.96484375 0.0078125 0.0046875
1 0.45546875 0.94609375 0.0078125 0.0265625
1 0.315625 0.9578125 0.0140625 0.01875
1 0.7046875 0.8515625 0.0234375 0.040625
1 0.725 0.6734375 0.01875 0.0171875
1 0.7390625 0.8125 0.0125 0.0125
1 0.734375 0.8828125 0.0328125 0.0265625
1 0.7609375 0.7890625 0.015625 0.0171875
1 0.7578125 0.6578125 0.0203125 0.0375
1 0.796875 0.7859375 0.0265625 0.03125
1 0.8390625 0.846875 0.0203125 0.0234375
1 0.8296875 0.7171875 0.0328125 0.0421875
1 0.83125 0.79375 0.0359375 0.03125
1 0.8796875 0.7171875 0.0265625 0.03125
1 0.8984375 0.8234375 0.009375 0.015625
1 0.921875 0.7234375 0.028125 0.025
1 0.91484375 0.65078125 0.0640625 0.0421875
1 0.9453125 0.9625 0.015625 0.01875
1 0.9828125 0.740625 0.025 0.01875
1 0.7078125 0.7125 0.028125 0.053125
1 0.84765625 0.63359375 0.0390625 0.0078125
1 0.9625 0.68125 0.0125 0.015625
1 0.978125 0.70625 0.01875 0.0171875
1 0.9859375 0.6890625 0.0234375 0.0171875
1 0.99296875 0.84140625 0.0140625 0.0234375
1 0.9875 0.828125 0.0203125 0.0171875
1 0.9734375 0.8203125 0.0234375 0.0171875
1 0.9421875 0.7984375 0.0421875 0.0453125
1 0.8875 0.7875 0.025 0.0171875
1 0.8828125 0.796875 0.0203125 0.015625
1 0.875 0.7828125 0.021875 0.0171875
1 0.88125 0.8265625 0.021875 0.0140625
1 0.9078125 0.8578125 0.028125 0.034375
1 0.771875 0.7484375 0.0421875 0.0453125
1 0.8375 0.98125 0.04375 0.0375
0 0.7828125 0.9765625 0.059375 0.046875
0 0.73828125 0.98984375 0.0921875 0.0203125