0 0.4140625 0.5640625 0.071875 0.03125
1 0.2140625 0.5578125 0.0125 0.04375
1 0.4265625 0.403125 0.046875 0.125
1 0.4046875 0.5078125 0.03125 0.0203125
1 0.3125 0.5484375 0.0734375 0.0453125
1 0.24453125 0.56953125 0.0421875 0.0203125
1 0.309375 0.425 0.04375 0.0453125
1 0.284375 0.33125 0.06875 0.06875
1 0.228125 0.396875 0.046875 0.0671875
1 0.2796875 0.3921875 0.025 0.028125
1 0.359375 0.3953125 0.0546875 0.0390625
1 0.31875 0.3875 0.0234375 0.028125
1 0.4296875 0.31875 0.025 0.03125
1 0.446875 0.334375 0.00625 0.040625
1 0.4203125 0.2421875 0.03125 0.0453125
1 0.396875 0.203125 0.03125 0.0265625
1 0.43828125 0.16484375 0.0234375 0.0265625
1 0.4078125 0.1734375 0.0359375 0.028125
1 0.42421875 0.12890625 0.0515625 0.0453125
1 0.3546875 0.196875 0.03125 0.0203125
1 0.371875 0.1484375 0.021875 0.0234375
1 0.3375 0.259375 0.025 0.015625
1 0.240625 0.1390625 0.021875 0.034375
1 0.2328125 0.096875 0.0546875 0.046875
1 0.215625 0.0421875 0.0171875 0.03125
1 0.42890625 0.01015625 0.0421875 0.0203125
1 0.375 0.01484375 0.0625 0.0296875
1 0.378125 0.0421875 0.0796875 0.0421875
1 0.3515625 0.084375 0.05625 0.046875
1 0.3140625 0.11875 0.0515625 0.0375
1 0.303125 0.0734375 0.0703125 0.0640625
1 0.43359375 0.071875 0.0328125 0.053125
1 0.225 0.18125 0.0203125 0.0171875
1 0.890625 0.253125 0.015625 0.0125
1 0.69375 0.440625 0.0109375 0.0203125
1 0.6625 0.234375 0.0109375 0.0109375
1 0.615625 0.0234375 0.0203125 0.01875
0 0.546875 0.3859375 0.134375 0.3125
0 0.771875 0.3796875 0.31875 0.1859375
0 0.8484375 0.4109375 0.1640625 0.271875
1 0.78125 0.4 0.0078125 0.0109375
1 0.0203125 0.9546875 0.040625 0.034375
1 0.015625 0.925 0.03125 0.046875
1 0.05625 0.99609375 0.04375 0.0078125
1 0.071875 0.9734375 0.0234375 0.025
1 0.06640625 0.990625 0.0296875 0.01875
1 0.13046875 0.996875 0.0140625 0.00625
1 0.1203125 0.953125 0.0171875 0.0203125
1 0.2546875 0.9125 0.04375 0.0546875
1 0.2796875 0.940625 0.0125 0.034375
0 0.12578125 0.9203125 0.2515625 0.159375
0 0.24765625 0.87890625 0.2046875 0.2421875
1 0.0828125 0.896875 0.0203125 0.03125
1 0.028125 0.8140625 0.021875 0.025
1 0.0703125 0.75625 0.0203125 0.01875
1 0.146875 0.65625 0.0390625 0.0328125
1 0.184375 0.6984375 0.05625 0.0421875
1 0.2296875 0.759375 0.115625 0.1421875
1 0.209375 0.6046875 0.0296875 0.040625
1 0.3125 0.6125 0.0453125 0.0484375
1 0.31328125 0.584375 0.0203125 0.009375
1 0.34375 0.653125 0.015625 0.028125
1 0.246875 0.6625 0.01875 0.0234375
1 0.2578125 0.6390625 0.034375 0.0234375
1 0.2546875 0.634375 0.0421875 0.0265625
1 0.25625 0.615625 0.0265625 0.0234375
1 0.3140625 0.7109375 0.01875 0.0328125
1 0.2625 0.6703125 0.0234375 0.015625
1 0.2265625 0.8453125 0.01875 0.0171875
1 0.2421875 0.8328125 0.03125 0.0359375
1 0.00859375 0.6140625 0.0171875 0.015625
1 0.075 0.6390625 0.034375 0.0421875
1 0.06875 0.5984375 0.04375 0.0234375
1 0.0765625 0.590625 0.046875 0.0203125
1 0.0828125 0.58359375 0.025 0.0078125
1 0.090625 0.6125 0.0265625 0.0203125
1 0.1015625 0.590625 0.015625 0.0125
1 0.12890625 0.584375 0.0234375 0.009375
1 0.053125 0.8640625 0.05625 0.0515625
1 0.121875 0.8359375 0.103125 0.1
1 0.090625 0.846875 0.04375 0.040625
1 0.0703125 0.834375 0.0390625 0.0375
1 0.0234375 0.68125 0.028125 0.0203125
1 0.1078125 0.6734375 0.028125 0.025
1 0.0625 0.7390625 0.021875 0.0140625
1 0.04375 0.8 0.015625 0.025
1 0.634375 0.734375 0.0390625 0.0671875
1 0.778125 0.6453125 0.040625 0.0203125
1 0.4859375 0.8734375 0.053125 0.05
0 0.4734375 0.9109375 0.046875 0.178125
0 0.66484375 0.8453125 0.3203125 0.309375
0 0.78125 0.8734375 0.275 0.253125
0 0.85859375 0.96328125 0.1203125 0.0734375
0 0.85625 0.8875 0.125 0.225