1 0.4625 0.190625 0.0125 0.0171875
1 0.3296875 0.1609375 0.015625 0.0171875
1 0.25 0.2046875 0.021875 0.025
1 0.259375 0.184375 0.015625 0.021875
1 0.225 0.3421875 0.0171875 0.0171875
0 0.11953125 0.2828125 0.2390625 0.2125
1 0.0703125 0.3515625 0.0265625 0.034375
1 0.078125 0.328125 0.025 0.034375
1 0.021875 0.2875 0.0390625 0.046875
0 0.06875 0.25390625 0.1375 0.1734375
1 0.096875 0.2203125 0.0546875 0.08125
1 0.1234375 0.15625 0.0625 0.053125
1 0.078125 0.1484375 0.0453125 0.028125
0 0.01015625 0.13203125 0.0203125 0.0203125
1 0.259375 0.1625 0.0375 0.028125
1 0.5609375 0.0546875 0.0078125 0.0140625
0 0.5375 0.1015625 0.1375 0.109375
1 0.9546875 0.19375 0.0109375 0.0140625
0 0.54375 0.234375 0.15 0.309375
0 0.55 0.00859375 0.03125 0.0171875
0 0.12421875 0.96328125 0.1390625 0.0734375
0 0.11328125 0.9109375 0.1828125 0.178125
0 0.1078125 0.6640625 0.215625 0.153125
1 0.83125 0.44375 0.0171875 0.009375
1 0.8421875 0.4609375 0.03125 0.028125
1 0.51875 0.5109375 0.03125 0.0234375
1 0.521875 0.54375 0.0203125 0.025
1 0.5953125 0.54375 0.0484375 0.0578125
1 0.8359375 0.578125 0.0453125 0.0328125
1 0.8375 0.6484375 0.0234375 0.0171875
1 0.865625 0.6765625 0.009375 0.0328125
1 0.71875 0.6625 0.04375 0.0359375
1 0.5140625 0.66875 0.0375 0.034375
1 0.8046875 0.6859375 0.0234375 0.015625
1 0.7078125 0.721875 0.0140625 0.028125
1 0.6875 0.7625 0.046875 0.0578125
1 0.8265625 0.8171875 0.0421875 0.04375
1 0.7375 0.8734375 0.0390625 0.053125
1 0.5421875 0.878125 0.025 0.03125
1 0.9609375 0.9046875 0.03125 0.025
1 0.7921875 0.91875 0.0125 0.0078125
1 0.71875 0.9234375 0.03125 0.01875
1 0.6328125 0.9328125 0.025 0.0171875
1 0.7609375 0.93125 0.0234375 0.021875
1 0.990625 0.878125 0.01875 0.040625
1 0.9390625 0.865625 0.0203125 0.01875
1 0.99765625 0.8140625 0.0046875 0.0125
1 0.9515625 0.778125 0.0265625 0.025
1 0.978125 0.7421875 0.0234375 0.0265625
1 0.9421875 0.70625 0.0203125 0.0140625
1 0.8890625 0.9078125 0.0109375 0.01875
1 0.821875 0.71875 0.0203125 0.0171875
1 0.6765625 0.9 0.03125 0.0125
1 0.6484375 0.8453125 0.009375 0.0109375
1 0.7046875 0.865625 0.0203125 0.0203125
1 0.7421875 0.8171875 0.0234375 0.0203125
1 0.78125 0.828125 0.040625 0.0328125
1 0.703125 0.7984375 0.025 0.03125
1 0.5640625 0.6859375 0.0328125 0.025
1 0.578125 0.6640625 0.040625 0.034375
1 0.725 0.7421875 0.0109375 0.009375
1 0.925 0.5578125 0.021875 0.0234375
1 0.75 0.61875 0.025 0.0125
1 0.7796875 0.6390625 0.0125 0.01875
0 0.6765625 0.51875 0.253125 0.20625
1 0.6140625 0.471875 0.059375 0.025
1 0.59375 0.4359375 0.0265625 0.0375
1 0.6625 0.4921875 0.053125 0.0359375
1 0.728125 0.6203125 0.0234375 0.01875
1 0.7109375 0.60625 0.025 0.01875
1 0.47421875 0.65859375 0.0109375 0.0328125
1 0.47578125 0.609375 0.0140625 0.053125
1 0.47421875 0.4265625 0.0109375 0.00625