0 0.34375 0.3515625 0.271875 0.0609375
1 0.6546875 0.2109375 0.01875 0.0296875
1 0.725 0.38359375 0.015625 0.0109375
1 0.640625 0.2671875 0.0546875 0.046875
1 0.7109375 0.165625 0.053125 0.046875
1 0.6921875 0.021875 0.0203125 0.00625
1 0.00703125 0.83671875 0.0140625 0.0859375
1 0.1359375 0.8703125 0.0484375 0.0390625
1 0.0671875 0.7859375 0.015625 0.0265625
1 0.08125 0.7703125 0.0296875 0.01875
1 0.0609375 0.959375 0.0484375 0.0625
1 0.0953125 0.9734375 0.0625 0.053125
1 0.2046875 0.778125 0.034375 0.03125
1 0.346875 0.8390625 0.0234375 0.0203125
1 0.3203125 0.9671875 0.0484375 0.046875
1 0.3140625 0.9421875 0.0125 0.0140625
1 0.3734375 0.91875 0.0265625 0.03125
1 0.2546875 0.6921875 0.0265625 0.0390625
1 0.2984375 0.66875 0.0296875 0.0125
1 0.2484375 0.696875 0.0171875 0.0234375
1 0.0609375 0.65 0.0109375 0.0078125
1 0.0359375 0.534375 0.0296875 0.0265625
1 0.071875 0.4921875 0.0140625 0.0234375
1 0.0734375 0.55 0.0125 0.0140625
1 0.0640625 0.459375 0.00625 0.0109375
0 0.11015625 0.44453125 0.1609375 0.1109375
0 0.34140625 0.44375 0.0953125 0.109375
0 0.3734375 0.98125 0.03125 0.0375
0 0.2859375 0.95 0.046875 0.1
0 0.234375 0.93984375 0.084375 0.1203125
1 0.846875 0.725 0.0359375 0.0125
1 0.8328125 0.8765625 0.015625 0.03125
1 0.8234375 0.75625 0.009375 0.00625
1 0.8125 0.8609375 0.025 0.028125
1 0.8109375 0.6 0.025 0.025
1 0.79375 0.89375 0.034375 0.034375
1 0.7578125 0.7234375 0.0203125 0.025
1 0.7484375 0.759375 0.028125 0.0203125
1 0.7375 0.5859375 0.0375 0.046875
1 0.728125 0.415625 0.028125 0.0390625
1 0.6671875 0.828125 0.0125 0.0203125
1 0.63359375 0.40078125 0.0265625 0.0234375
1 0.609375 0.6265625 0.03125 0.03125
1 0.5375 0.7109375 0.0203125 0.015625
1 0.590625 0.8890625 0.025 0.0296875
1 0.74375 0.934375 0.0578125 0.071875
1 0.596875 0.69375 0.021875 0.01875
1 0.6109375 0.7484375 0.0375 0.03125
1 0.7859375 0.6984375 0.028125 0.0328125
1 0.69375 0.728125 0.021875 0.0359375
1 0.69375 0.6890625 0.0296875 0.0453125
1 0.740625 0.68125 0.071875 0.078125
1 0.6578125 0.765625 0.0234375 0.04375
1 0.6046875 0.40234375 0.034375 0.0265625
1 0.72734375 0.3953125 0.0296875 0.0125
0 0.5203125 0.51953125 0.0625 0.2109375
0 0.621875 0.5234375 0.178125 0.134375
1 0.70625 0.4734375 0.0296875 0.0453125
0 0.8265625 0.5328125 0.1171875 0.096875
0 0.83515625 0.44296875 0.1015625 0.1078125
0 0.79375 0.5125 0.05 0.046875
0 0.8765625 0.515625 0.0203125 0.075
1 0.8625 0.5921875 0.046875 0.0546875
1 0.8671875 0.6390625 0.034375 0.040625
1 0.7640625 0.40078125 0.04375 0.0234375
1 0.803125 0.4046875 0.034375 0.03125