1 0.1671875 0.4 0.0265625 0.0234375
0 0.1109375 0.36875 0.096875 0.1
1 0.04140625 0.4140625 0.0171875 0.009375
1 0.2328125 0.16953125 0.0125 0.0203125
0 0.115625 0.21875 0.0921875 0.0953125
1 0.8140625 0.29375 0.0609375 0.03125
1 0.8234375 0.25625 0.0234375 0.0296875
1 0.8265625 0.2296875 0.028125 0.021875
1 0.79375 0.2484375 0.0234375 0.0171875
1 0.79375 0.171875 0.0703125 0.05625
1 0.878125 0.1921875 0.0265625 0.01875
1 0.9171875 0.1484375 0.0359375 0.021875
1 0.946875 0.06875 0.0171875 0.0375
1 0.9203125 0.015625 0.053125 0.03125
1 0.8328125 0.0296875 0.0296875 0.0203125
1 0.7359375 0.0765625 0.046875 0.0390625
1 0.6671875 0.121875 0.0328125 0.0265625
1 0.67578125 0.01796875 0.0515625 0.0359375
1 0.6875 0.1875 0.021875 0.0265625
1 0.8765625 0.1171875 0.021875 0.025
1 0.7515625 0.19375 0.0140625 0.0171875
1 0.7109375 0.3 0.0484375 0.0171875
1 0.6625 0.2703125 0.0796875 0.078125
1 0.6234375 0.23125 0.0328125 0.0328125
1 0.5359375 0.2421875 0.028125 0.0296875
1 0.5 0.26875 0.021875 0.0203125
0 0.446875 0.121875 0.0890625 0.0875
1 0.5421875 0.078125 0.0234375 0.025
1 0.5484375 0.03125 0.0453125 0.0421875
1 0.446875 0.046875 0.075 0.0625
1 0.3609375 0.0671875 0.0265625 0.0359375
1 0.3453125 0.0953125 0.0265625 0.028125
0 0.2875 0.0671875 0.0875 0.1265625
1 0.24375 0.0578125 0.009375 0.03125
1 0.246875 0.01953125 0.015625 0.0390625
0 0.30078125 0.2375 0.1234375 0.140625
1 0.4109375 0.2625 0.028125 0.03125
1 0.4046875 0.29375 0.0234375 0.0265625
1 0.7859375 0.1203125 0.0234375 0.0140625
1 0.42421875 0.003125 0.0359375 0.00625
1 0.1125 0.7953125 0.0265625 0.03125
1 0.309375 0.6015625 0.0078125 0.009375
0 0.7546875 0.6078125 0.03125 0.0296875
0 0.6421875 0.609375 0.04375 0.03125
1 0.303125 0.6328125 0.009375 0.0125
0 0.5515625 0.6265625 0.05 0.0453125
0 0.484375 0.65625 0.03125 0.0515625
1 0.70625 0.6640625 0.0265625 0.0171875
0 0.253125 0.640625 0.028125 0.065625
1 0.509375 0.66875 0.0125 0.0109375
1 0.340625 0.671875 0.015625 0.0203125
0 0.846875 0.684375 0.0234375 0.0296875
0 0.80625 0.675 0.0390625 0.0625
0 0.25 0.715625 0.021875 0.065625
1 0.3109375 0.753125 0.0171875 0.0203125
1 0.85 0.7515625 0.03125 0.0375
1 0.540625 0.7890625 0.0078125 0.0140625
0 0.709375 0.778125 0.046875 0.0453125
1 0.31875 0.8015625 0.00625 0.0078125
1 0.828125 0.8265625 0.025 0.0140625
1 0.575 0.828125 0.0375 0.0234375
0 0.3109375 0.8453125 0.059375 0.071875
0 0.465625 0.859375 0.03125 0.05625
0 0.53125 0.865625 0.021875 0.0546875
0 0.384375 0.8546875 0.0875 0.0875
0 0.9171875 0.871875 0.034375 0.05625
0 0.25625 0.9046875 0.034375 0.034375
1 0.3625 0.915625 0.025 0.040625
1 0.41875 0.925 0.0171875 0.0203125
1 0.8140625 0.9265625 0.021875 0.028125
1 0.7875 0.8984375 0.025 0.0234375
1 0.8078125 0.8984375 0.01875 0.0203125
1 0.8984375 0.9390625 0.028125 0.015625
1 0.7484375 0.934375 0.01875 0.015625
0 0.7875 0.7703125 0.046875 0.0484375
1 0.9921875 0.6 0.015625 0.0125
1 0.9890625 0.61796875 0.021875 0.0265625
1 0.8390625 0.61875 0.0359375 0.0359375
0 0.6265625 0.6953125 0.13125 0.1375
1 0.6859375 0.6875 0.021875 0.03125
0 0.721875 0.8265625 0.05 0.034375
0 0.6203125 0.7765625 0.0578125 0.08125
0 0.6375 0.884375 0.1453125 0.1359375
0 0.7109375 0.9328125 0.0453125 0.0359375
0 0.74140625 0.9765625 0.0546875 0.046875
1 0.765625 0.9703125 0.01875 0.015625
0 0.6109375 0.97578125 0.096875 0.0484375
0 0.93671875 0.98984375 0.0296875 0.0203125
0 0.9328125 0.9578125 0.0359375 0.0421875
0 0.4640625 0.753125 0.0734375 0.06875
0 0.4140625 0.7859375 0.0390625 0.05625
0 0.45625 0.8015625 0.0546875 0.0421875
0 0.325 0.7203125 0.053125 0.0234375
0 0.3671875 0.73125 0.04375 0.053125
0 0.4 0.96875 0.059375 0.0390625
1 0.4375 0.9734375 0.0140625 0.0140625
1 0.4296875 0.959375 0.01875 0.0109375
1 0.4171875 0.953125 0.009375 0.0078125
1 0.5265625 0.959375 0.0203125 0.01875
0 0.47890625 0.96484375 0.0734375 0.0703125
1 0.553125 0.96875 0.015625 0.01875
1 0.5234375 0.7734375 0.0234375 0.0140625
1 0.3890625 0.7265625 0.0203125 0.0265625
0 0.27265625 0.98125 0.0578125 0.0375
0 0.2515625 0.95703125 0.025 0.0765625
0 0.515625 0.609375 0.0109375 0.028125
0 0.390625 0.621875 0.059375 0.0578125
0 0.3359375 0.628125 0.0546875 0.0375