1 0.45625 0.0984375 0.0265625 0.0109375
0 0.421875 0.1234375 0.1359375 0.059375
1 0.3109375 0.275 0.021875 0.01875
1 0.2609375 0.6015625 0.00625 0.0125
1 0.5671875 0.6140625 0.00625 0.0109375
1 0.5703125 0.209375 0.01875 0.025
1 0.56796875 0.1390625 0.0234375 0.03125
1 0.571875 0.1 0.015625 0.0125
1 0.5609375 0.3375 0.0203125 0.015625
1 0.56875 0.3734375 0.021875 0.034375
1 0.5546875 0.3734375 0.009375 0.0140625
1 0.5359375 0.5640625 0.0171875 0.0109375
1 0.57578125 0.53984375 0.0078125 0.0234375
1 0.57734375 0.4859375 0.0046875 0.025
1 0.565625 0.484375 0.0125 0.0078125
1 0.5625 0.425 0.01875 0.034375
1 0.54375 0.4390625 0.0078125 0.021875
1 0.55 0.4234375 0.0140625 0.0109375
1 0.565625 0.4453125 0.0203125 0.021875
1 0.553125 0.4640625 0.0328125 0.025
1 0.5609375 0.5046875 0.0140625 0.015625
1 0.5234375 0.3421875 0.021875 0.0265625
1 0.525 0.2453125 0.0671875 0.06875
1 0.4546875 0.35 0.028125 0.0203125
1 0.428125 0.365625 0.0203125 0.0296875
1 0.4234375 0.33125 0.046875 0.0421875
1 0.509375 0.278125 0.0375 0.04375
1 0.4734375 0.3 0.0859375 0.0890625
1 0.4703125 0.259375 0.046875 0.0171875
1 0.4296875 0.2515625 0.0125 0.0078125
1 0.35 0.2125 0.0265625 0.0234375
1 0.396875 0.1859375 0.0265625 0.009375
0 0.309375 0.1375 0.365625 0.084375
0 0.2984375 0.284375 0.1859375 0.26875
1 0.2890625 0.1890625 0.0625 0.0390625
1 0.228125 0.1625 0.0125 0.015625
1 0.2125 0.1890625 0.015625 0.0203125
1 0.2296875 0.2375 0.028125 0.03125
1 0.1046875 0.2078125 0.025 0.015625
1 0.1921875 0.3296875 0.015625 0.0234375
1 0.2265625 0.303125 0.0125 0.028125
1 0.3125 0.3328125 0.0453125 0.0265625
1 0.321875 0.365625 0.0109375 0.015625
1 0.3375 0.371875 0.015625 0.015625
1 0.340625 0.2734375 0.01875 0.0234375
1 0.3265625 0.2515625 0.01875 0.0203125
1 0.303125 0.259375 0.021875 0.025
1 0.5046875 0.4140625 0.0625 0.0515625
0 0.3484375 0.48125 0.309375 0.1578125
1 0.278125 0.521875 0.0453125 0.04375
1 0.278125 0.540625 0.0140625 0.0203125
1 0.25625 0.5578125 0.021875 0.0203125
1 0.415625 0.5328125 0.0234375 0.03125
1 0.4359375 0.53125 0.009375 0.021875
1 0.41875 0.5 0.0171875 0.0171875
1 0.278125 0.5015625 0.0109375 0.0140625
0 0.425 0.596875 0.0546875 0.046875
0 0.28125 0.6109375 0.1296875 0.01875
1 0.2671875 0.4203125 0.0265625 0.03125
1 0.221875 0.4140625 0.0234375 0.015625
1 0.1734375 0.421875 0.0234375 0.0234375
1 0.1015625 0.534375 0.0234375 0.03125
1 0.071875 0.521875 0.0171875 0.0359375
1 0.075 0.490625 0.0390625 0.021875
1 0.0921875 0.4953125 0.0125 0.0109375
1 0.0578125 0.4546875 0.0359375 0.021875
1 0.0875 0.459375 0.034375 0.0296875
1 0.071875 0.4046875 0.0328125 0.0265625
1 0.034375 0.4125 0.021875 0.01875
1 0.00703125 0.41484375 0.0140625 0.0046875
1 0.0703125 0.4328125 0.0171875 0.0125
1 0.1109375 0.3984375 0.03125 0.0296875
1 0.046875 0.2 0.01875 0.0265625
1 0.0109375 0.21328125 0.021875 0.0234375
1 0.08125 0.2328125 0.0375 0.0359375
1 0.9796875 0.021875 0.040625 0.04375
1 0.990625 0.1546875 0.015625 0.0109375
1 0.8625 0.2375 0.0375 0.0328125
1 0.99609375 0.46484375 0.0078125 0.0171875
0 0.7625 0.4171875 0.084375 0.0546875
1 0.6671875 0.415625 0.021875 0.0265625
0 0.7390625 0.2890625 0.06875 0.071875
1 0.71875 0.215625 0.0265625 0.025
1 0.7453125 0.1890625 0.090625 0.0890625
1 0.828125 0.209375 0.05625 0.0296875
1 0.7453125 0.1265625 0.0375 0.053125
0 0.7296875 0.0859375 0.040625 0.0734375
0 0.71796875 0.0265625 0.0578125 0.053125
1 0.65 0.3484375 0.0421875 0.0328125
1 0.628125 0.390625 0.03125 0.0296875
1 0.48046875 0.98984375 0.0421875 0.0203125
1 0.09375 0.9875 0.0078125 0.009375
1 0.1328125 0.9734375 0.0203125 0.0265625
1 0.1484375 0.9796875 0.015625 0.0109375
1 0.0234375 0.6875 0.0265625 0.021875
1 0.1640625 0.7234375 0.0265625 0.0234375
1 0.1515625 0.6984375 0.015625 0.0109375
1 0.2640625 0.7421875 0.0078125 0.00625
1 0.1609375 0.740625 0.015625 0.0265625
1 0.2 0.825 0.0109375 0.0109375
1 0.1546875 0.8421875 0.015625 0.01875
1 0.153125 0.9359375 0.0140625 0.0140625
1 0.1734375 0.9203125 0.0421875 0.028125
1 0.153125 0.925 0.0328125 0.03125
1 0.1515625 0.91875 0.0140625 0.0140625
1 0.128125 0.8578125 0.0046875 0.00625
1 0.1765625 0.859375 0.0078125 0.0078125
1 0.1890625 0.8890625 0.0078125 0.0078125
1 0.3421875 0.7546875 0.0109375 0.0109375
1 0.4296875 0.7578125 0.0109375 0.015625
1 0.359375 0.9921875 0.0078125 0.0046875
1 0.478125 0.8828125 0.0171875 0.0171875
0 0.3703125 0.8828125 0.240625 0.225
0 0.35625 0.7015625 0.05625 0.0546875
1 0.853125 0.84375 0.009375 0.0109375
1 0.6375 0.9203125 0.03125 0.025
1 0.9375 0.7765625 0.0140625 0.0328125
0 0.59765625 0.765625 0.0359375 0.11875
0 0.59921875 0.7015625 0.0390625 0.084375
0 0.6 0.90625 0.040625 0.1125
1 0.775 0.7875 0.025 0.028125
1 0.8640625 0.8203125 0.034375 0.0390625
1 0.840625 0.865625 0.0234375 0.034375
1 0.796875 0.896875 0.0296875 0.0234375
1 0.85 0.68125 0.0265625 0.025
1 0.615625 0.8671875 0.01875 0.0234375