1 0.0734375 0.00625 0.03125 0.0125
1 0.096875 0.0203125 0.0375 0.0203125
1 0.084375 0.0421875 0.015625 0.0046875
1 0.01875 0.028125 0.0078125 0.003125
1 0.01875 0.1640625 0.0203125 0.0203125
1 0.1265625 0.175 0.04375 0.0265625
1 0.0921875 0.1375 0.00625 0.0140625
1 0.0515625 0.1 0.009375 0.009375
1 0.13125 0.103125 0.0125 0.0140625
1 0.05625 0.1875 0.0234375 0.028125
1 0.071875 0.2078125 0.015625 0.0203125
1 0.14375 0.2484375 0.0125 0.0125
1 0.2375 0.0171875 0.025 0.0203125
1 0.24921875 0.003125 0.0234375 0.00625
1 0.284375 0.0046875 0.025 0.009375
1 0.2953125 0.0171875 0.0140625 0.0171875
1 0.25625 0.065625 0.021875 0.01875
1 0.2390625 0.0484375 0.021875 0.021875
1 0.2859375 0.0375 0.0234375 0.015625
1 0.30625 0.05 0.021875 0.0203125
1 0.275 0.0859375 0.0234375 0.01875
1 0.3109375 0.090625 0.0203125 0.0125
1 0.3171875 0.14375 0.01875 0.0359375
1 0.2125 0.2375 0.0234375 0.0171875
1 0.31875 0.2265625 0.021875 0.028125
1 0.340625 0.265625 0.015625 0.01875
1 0.334375 0.271875 0.03125 0.015625
1 0.3671875 0.271875 0.015625 0.0203125
1 0.3875 0.2765625 0.021875 0.0109375
1 0.4171875 0.2578125 0.0171875 0.021875
1 0.38125 0.1 0.0390625 0.01875
1 0.3375 0.1171875 0.015625 0.0125
1 0.3796875 0.034375 0.0125 0.0109375
1 0.6765625 0.0578125 0.015625 0.015625
1 0.6703125 0.1515625 0.03125 0.0375
1 0.6859375 0.22109375 0.00625 0.0234375
1 0.6265625 0.221875 0.0125 0.015625
1 0.6421875 0.2609375 0.021875 0.0234375
1 0.640625 0.2546875 0.0234375 0.0171875
1 0.6515625 0.259375 0.015625 0.015625
1 0.5921875 0.2765625 0.01875 0.009375
1 0.63125 0.134375 0.021875 0.021875
1 0.571875 0.0234375 0.0171875 0.0234375
1 0.515625 0.00390625 0.059375 0.0078125
1 0.5078125 0.1890625 0.0171875 0.015625
1 0.521875 0.2140625 0.021875 0.0171875
1 0.521875 0.2140625 0.0125 0.0203125
0 0.4859375 0.246875 0.1359375 0.0671875
1 0.5078125 0.2140625 0.0234375 0.0453125
0 0.490625 0.1578125 0.1546875 0.078125
1 0.559375 0.15625 0.0171875 0.01875
0 0.475 0.109375 0.0390625 0.096875
0 0.478125 0.06796875 0.115625 0.1359375
1 0.99296875 0.11640625 0.0140625 0.0203125
1 0.9671875 0.09375 0.0234375 0.0234375
1 0.9703125 0.1125 0.0125 0.0171875
1 0.93125 0.14375 0.0375 0.0296875
1 0.975 0.1984375 0.0171875 0.0171875
1 0.9484375 0.2328125 0.0203125 0.0109375
1 0.95 0.0875 0.015625 0.0125
0 0.959375 0.12890625 0.08125 0.1109375
1 0.99140625 0.3078125 0.0171875 0.01875
1 0.9859375 0.3140625 0.015625 0.01875
1 0.98828125 0.328125 0.0171875 0.003125
0 0.9375 0.303125 0.0875 0.0453125
1 0.784375 0.3015625 0.01875 0.0140625
1 0.8171875 0.3203125 0.025 0.01875
1 0.896875 0.2140625 0.0203125 0.0109375
1 0.85625 0.1109375 0.0140625 0.0265625
1 0.859375 0.1171875 0.0265625 0.0203125
1 0.834375 0.0890625 0.0125 0.0203125
1 0.8203125 0.0515625 0.025 0.03125
1 0.759375 0.034375 0.009375 0.0046875
1 0.7390625 0.0484375 0.05 0.034375
1 0.7 0.0828125 0.0125 0.0171875
1 0.7421875 0.1453125 0.00625 0.0078125
1 0.73125 0.2296875 0.0078125 0.0265625
1 0.746875 0.2890625 0.05 0.0515625
1 0.7234375 0.31953125 0.021875 0.0203125
1 0.7453125 0.3234375 0.021875 0.0125
1 0.6953125 0.3203125 0.0125 0.01875
1 0.00390625 0.478125 0.0078125 0.01875
1 0.0890625 0.5421875 0.021875 0.0171875
1 0.0953125 0.659375 0.0328125 0.03125
1 0.459375 0.6953125 0.0140625 0.0203125
1 0.615625 0.5578125 0.009375 0.0140625
1 0.38125 0.446875 0.009375 0.0109375
0 0.4796875 0.4609375 0.221875 0.2625
0 0.46875 0.659375 0.1921875 0.209375
0 0.5 0.7671875 0.034375 0.0390625
1 0.703125 0.509375 0.0265625 0.015625
0 0.86484375 0.5046875 0.2453125 0.35
1 0.96875 0.33671875 0.028125 0.0140625
0 0.8609375 0.734375 0.1515625 0.2015625
0 0.8546875 0.7921875 0.1125 0.090625
1 0.984375 0.6875 0.0265625 0.0359375