1 0.13203125 0.00390625 0.0265625 0.0078125
1 0.21640625 0.0046875 0.0296875 0.009375
1 0.203125 0.04375 0.03125 0.0234375
1 0.2328125 0.1359375 0.025 0.028125
1 0.0921875 0.1078125 0.03125 0.0265625
1 0.109375 0.3703125 0.0265625 0.0234375
1 0.19375 0.296875 0.034375 0.0359375
1 0.2421875 0.2796875 0.03125 0.03125
1 0.3171875 0.2578125 0.0390625 0.0421875
1 0.2796875 0.328125 0.021875 0.0328125
1 0.25625 0.31875 0.0234375 0.03125
1 0.3375 0.01171875 0.028125 0.0234375
0 0.40546875 0.0546875 0.0265625 0.109375
0 0.39375 0.16875 0.05 0.103125
0 0.36796875 0.30546875 0.1015625 0.1515625
0 0.39140625 0.39921875 0.0546875 0.0609375
1 0.4125 0.38046875 0.0125 0.0296875
1 0.35703125 0.00703125 0.0234375 0.0140625
1 0.546875 0.0984375 0.0234375 0.0265625
0 0.915625 0.2125 0.0375 0.06875
1 0.984375 0.18671875 0.03125 0.0453125
1 0.98125 0.23046875 0.0375 0.0296875
1 0.9671875 0.18125 0.0203125 0.021875
1 0.9921875 0.00625 0.015625 0.0125
1 0.9609375 0.0078125 0.028125 0.015625
1 0.9171875 0.03125 0.0234375 0.0078125
1 0.8859375 0.0421875 0.0140625 0.0078125
0 0.7375 0.184375 0.3375 0.1265625
0 0.78671875 0.06953125 0.4265625 0.1390625
0 0.796875 0.0796875 0.315625 0.159375
1 0.11875 0.615625 0.1203125 0.06875
1 0.215625 0.6171875 0.0296875 0.0203125
0 0.13125 0.6640625 0.2625 0.10625
1 0.009375 0.6328125 0.015625 0.0171875
1 0.015625 0.553125 0.0265625 0.0203125
0 0.07265625 0.84140625 0.1453125 0.0453125
0 0.1828125 0.84375 0.0453125 0.0421875
1 0.2125 0.721875 0.0171875 0.0171875
1 0.3890625 0.7375 0.028125 0.0203125
1 0.321875 0.8078125 0.04375 0.021875
1 0.2984375 0.66875 0.0140625 0.01875
1 0.3140625 0.7640625 0.01875 0.021875
1 0.234375 0.50625 0.0140625 0.01875
1 0.259375 0.55 0.015625 0.015625
1 0.3234375 0.5875 0.0171875 0.0234375
1 0.2140625 0.640625 0.01875 0.015625
1 0.1671875 0.540625 0.0171875 0.0125
1 0.39375 0.609375 0.0078125 0.0125
1 0.5875 0.4953125 0.0140625 0.009375
1 0.64609375 0.4328125 0.0109375 0.00625
1 0.60625 0.7484375 0.009375 0.0078125
1 0.6140625 0.725 0.0078125 0.009375
1 0.6140625 0.7296875 0.0078125 0.0109375
1 0.603125 0.65 0.021875 0.0171875
1 0.76875 0.4453125 0.009375 0.0125
1 0.7828125 0.6625 0.015625 0.0140625
1 0.721875 0.7578125 0.00625 0.009375
0 0.8515625 0.9328125 0.171875 0.0296875
1 0.978125 0.8765625 0.01875 0.0125
0 0.8828125 0.75 0.146875 0.2625
0 0.890625 0.4921875 0.16875 0.125
0 0.90078125 0.58515625 0.1984375 0.1265625