1 0.13359375 0.48046875 0.0453125 0.0171875
1 0.259375 0.44375 0.059375 0.0859375
1 0.2375 0.4078125 0.0484375 0.0359375
1 0.1 0.4125 0.071875 0.04375
1 0.1765625 0.321875 0.0234375 0.028125
1 0.253125 0.3 0.028125 0.0359375
1 0.2890625 0.3 0.028125 0.04375
1 0.4546875 0.325 0.0578125 0.0484375
0 0.190625 0.1109375 0.0953125 0.1171875
0 0.4171875 0.0921875 0.125 0.134375
1 0.471875 0.09921875 0.034375 0.1265625
1 0.3203125 0.03125 0.0359375 0.0390625
1 0.3609375 0.096875 0.04375 0.0359375
1 0.1875 0.4359375 0.0234375 0.0265625
1 0.99296875 0.30703125 0.0140625 0.0171875
1 0.99375 0.2484375 0.0125 0.034375
1 0.99453125 0.39609375 0.0109375 0.0078125
1 0.9875 0.00859375 0.025 0.0171875
1 0.9625 0.21875 0.0359375 0.028125
0 0.8984375 0.0890625 0.1453125 0.1609375
1 0.6703125 0.25 0.0265625 0.0375
0 0.68125 0.10625 0.1140625 0.1703125
1 0.86875 0.3375 0.0171875 0.0296875
1 0.875 0.2296875 0.03125 0.015625
0 0.9828125 0.09453125 0.034375 0.0734375
1 0.8109375 0.2390625 0.0265625 0.015625
1 0.771875 0.2140625 0.0203125 0.021875
1 0.690625 0.2578125 0.0140625 0.0140625
1 0.86171875 0.01640625 0.0421875 0.0328125
1 0.3640625 0.8484375 0.0140625 0.015625
1 0.35625 0.7109375 0.01875 0.028125
1 0.3234375 0.6859375 0.009375 0.015625
1 0.1234375 0.7 0.015625 0.01875
1 0.0890625 0.51875 0.0078125 0.015625
0 0.3921875 0.5984375 0.0421875 0.0953125
0 0.321875 0.5828125 0.1265625 0.121875
0 0.1953125 0.596875 0.134375 0.1453125
1 0.059375 0.5484375 0.0234375 0.0234375
0 0.04375 0.5640625 0.0875 0.10625
0 0.0921875 0.578125 0.0875 0.0984375
1 0.9421875 0.9234375 0.040625 0.04375
1 0.86875 0.8203125 0.0390625 0.046875
1 0.8375 0.73125 0.0421875 0.053125
1 0.8265625 0.6671875 0.0296875 0.0515625
1 0.8875 0.6796875 0.0375 0.025
1 0.9265625 0.696875 0.0421875 0.03125
0 0.946875 0.5890625 0.0703125 0.1125
1 0.909375 0.8359375 0.0296875 0.0421875
1 0.8234375 0.8921875 0.046875 0.0390625
1 0.6828125 0.921875 0.0328125 0.0296875
1 0.6421875 0.959375 0.0328125 0.03125
1 0.53125 0.8453125 0.040625 0.0640625
1 0.53125 0.9640625 0.040625 0.040625
1 0.5765625 0.9578125 0.046875 0.028125
1 0.58515625 0.9953125 0.0234375 0.009375
1 0.771875 0.7875 0.025 0.0171875
1 0.95625 0.4984375 0.05 0.01875
1 0.746875 0.51875 0.046875 0.0265625
1 0.50546875 0.49765625 0.0328125 0.0171875
1 0.5953125 0.7203125 0.0375 0.0390625
0 0.8140625 0.578125 0.1328125 0.0953125
1 0.8015625 0.6453125 0.0234375 0.0328125
0 0.6984375 0.584375 0.0859375 0.10625
1 0.6625 0.5109375 0.03125 0.0265625
0 0.6234375 0.56875 0.0671875 0.15
0 0.5421875 0.584375 0.10625 0.1125
1 0.5203125 0.54375 0.0375 0.0375
1 0.71875 0.703125 0.01875 0.0359375
1 0.953125 0.975 0.0296875 0.0265625
1 0.84453125 0.49921875 0.1078125 0.0203125