1 0.140625 0.0484375 0.0140625 0.009375
1 0.21875 0.528125 0.03125 0.03125
0 0.24375 0.196875 0.096875 0.1578125
0 0.0875 0.121875 0.175 0.24375
0 0.06796875 0.15859375 0.1359375 0.3171875
1 0.5515625 0.13125 0.0125 0.015625
1 0.571875 0.1296875 0.0125 0.00625
1 0.584375 0.48125 0.0296875 0.0328125
1 0.61875 0.165625 0.025 0.025
1 0.634375 0.1890625 0.0171875 0.0234375
1 0.6640625 0.165625 0.025 0.0296875
1 0.6859375 0.290625 0.0265625 0.0265625
1 0.6953125 0.2703125 0.0140625 0.0078125
1 0.7375 0.4546875 0.0125 0.0109375
0 0.7140625 0.1140625 0.065625 0.0734375
1 0.7640625 0.04375 0.015625 0.0125
1 0.7828125 0.4359375 0.0078125 0.009375
1 0.81875 0.0765625 0.040625 0.0515625
1 0.83125 0.41875 0.025 0.0265625
1 0.8875 0.215625 0.0140625 0.0125
1 0.9234375 0.35625 0.0359375 0.0328125
1 0.9515625 0.4625 0.0109375 0.0171875
1 0.99375 0.45 0.009375 0.009375
1 0.6375 0.1078125 0.025 0.03125
0 0.8375 0.140625 0.1140625 0.109375
1 0.79375 0.09375 0.0421875 0.04375
1 0.8546875 0.196875 0.0359375 0.0609375
0 0.93671875 0.1375 0.1265625 0.146875
0 0.99375 0.1515625 0.0125 0.121875
1 0.290625 0.878125 0.021875 0.01875
1 0.3640625 0.740625 0.0296875 0.03125
1 0.3921875 0.7890625 0.0265625 0.0234375
1 0.3953125 0.8890625 0.0203125 0.0234375
1 0.5984375 0.978125 0.0171875 0.0125
1 0.6890625 0.578125 0.0171875 0.009375
1 0.6953125 0.55703125 0.01875 0.0140625
1 0.6953125 0.6640625 0.0140625 0.0078125
1 0.7359375 0.8765625 0.0171875 0.0109375
1 0.746875 0.5609375 0.0203125 0.0140625
1 0.753125 0.5828125 0.015625 0.025
1 0.7625 0.9484375 0.01875 0.034375
1 0.76875 0.5890625 0.0234375 0.0203125
1 0.77890625 0.98359375 0.0265625 0.0328125
1 0.7984375 0.8046875 0.00625 0.0484375
1 0.8015625 0.9609375 0.0265625 0.0140625
1 0.81875 0.596875 0.0203125 0.0171875
1 0.8390625 0.8296875 0.021875 0.0140625
1 0.859375 0.9671875 0.0171875 0.009375
1 0.8671875 0.9546875 0.009375 0.00625
1 0.9015625 0.60625 0.0203125 0.015625
1 0.934375 0.578125 0.0296875 0.04375
1 0.97890625 0.55390625 0.0234375 0.0078125
1 0.98828125 0.94609375 0.0234375 0.0203125
1 0.99375 0.55703125 0.0125 0.0140625
1 0.9796875 0.6734375 0.0171875 0.0296875
1 0.9640625 0.6921875 0.03125 0.0171875
1 0.9625 0.5890625 0.0171875 0.0171875
1 0.8796875 0.73125 0.01875 0.028125
1 0.896875 0.7 0.0375 0.0328125
1 0.8171875 0.678125 0.028125 0.0125
1 0.8140625 0.69375 0.0234375 0.021875
1 0.85 0.6265625 0.0140625 0.0109375
1 0.853125 0.6109375 0.0234375 0.015625
1 0.85 0.6 0.0234375 0.0109375
1 0.9078125 0.6390625 0.0296875 0.0234375
1 0.8953125 0.6578125 0.0359375 0.0359375
1 0.7 0.8921875 0.0234375 0.0203125
1 0.7140625 0.8984375 0.01875 0.0125
1 0.678125 0.690625 0.025 0.028125
1 0.703125 0.6828125 0.025 0.03125
1 0.5953125 0.646875 0.0078125 0.0125
1 0.5953125 0.6890625 0.0109375 0.0109375
0 0.7515625 0.7890625 0.090625 0.1734375
0 0.6484375 0.7890625 0.1171875 0.2046875
1 0.621875 0.81875 0.028125 0.01875
1 0.5984375 0.959375 0.0171875 0.0171875
1 0.615625 0.93125 0.015625 0.0171875
1 0.8859375 0.9015625 0.03125 0.021875
1 0.8796875 0.8828125 0.0265625 0.021875
1 0.9109375 0.9265625 0.0234375 0.021875
1 0.9046875 0.94375 0.0265625 0.021875
1 0.8859375 0.940625 0.0125 0.0109375
1 0.94375 0.940625 0.0453125 0.0390625
1 0.965625 0.95 0.0140625 0.0125
1 0.9546875 0.9640625 0.0171875 0.015625
1 0.840625 0.9578125 0.015625 0.015625
1 0.8421875 0.9765625 0.0171875 0.015625
0 0.97265625 0.80390625 0.0546875 0.1140625
0 0.921875 0.809375 0.1171875 0.1109375
1 0.7140625 0.9578125 0.0453125 0.05
1 0.696875 0.953125 0.01875 0.0390625
1 0.6734375 0.98125 0.01875 0.01875