1 0.2015625 0.0234375 0.009375 0.0140625
1 0.3625 0.028125 0.0390625 0.0296875
1 0.3921875 0.1078125 0.0203125 0.0234375
1 0.42421875 0.09453125 0.0109375 0.0390625
1 0.415625 0.15 0.0171875 0.015625
0 0.37578125 0.22578125 0.1078125 0.1484375
1 0.3390625 0.2140625 0.034375 0.0421875
1 0.375 0.31875 0.0171875 0.01875
1 0.42734375 0.246875 0.0046875 0.028125
1 0.13828125 0.321875 0.0078125 0.015625
1 0.128125 0.2953125 0.0078125 0.0140625
0 0.02421875 0.1578125 0.0484375 0.315625
0 0.18828125 0.16484375 0.3171875 0.3296875
0 0.0921875 0.1890625 0.1625 0.28125
1 0.640625 0.0796875 0.0265625 0.03125
1 0.6296875 0.1078125 0.0046875 0.0140625
1 0.603125 0.096875 0.009375 0.01875
1 0.5828125 0.103125 0.0390625 0.034375
1 0.890625 0.140625 0.021875 0.0140625
1 0.8703125 0.071875 0.009375 0.00625
1 0.91875 0.134375 0.0296875 0.0265625
1 0.9328125 0.1859375 0.015625 0.015625
1 0.9390625 0.196875 0.0109375 0.01875
1 0.7015625 0.2125 0.009375 0.0140625
1 0.6609375 0.253125 0.0078125 0.0125
1 0.6484375 0.259375 0.0171875 0.015625
0 0.49765625 0.315625 0.0703125 0.028125
1 0.93125 0.296875 0.03125 0.0421875
0 0.890625 0.30625 0.09375 0.046875
0 0.8390625 0.2875 0.09375 0.084375
0 0.74765625 0.31171875 0.1265625 0.0359375
0 0.5671875 0.29453125 0.1375 0.0703125
0 0.403125 0.396875 0.0421875 0.0796875
1 0.3890625 0.621875 0.0453125 0.0390625
1 0.3109375 0.60625 0.0359375 0.03125
1 0.3203125 0.575 0.040625 0.0234375
1 0.3703125 0.575 0.03125 0.0296875
1 0.4203125 0.5625 0.01875 0.028125
1 0.40625 0.5875 0.0203125 0.0140625
1 0.2328125 0.6796875 0.021875 0.034375
1 0.2359375 0.728125 0.0296875 0.0296875
1 0.221875 0.646875 0.025 0.0296875
1 0.2015625 0.596875 0.025 0.021875
1 0.184375 0.56875 0.025 0.0203125
1 0.3328125 0.503125 0.0203125 0.0203125
1 0.4109375 0.7546875 0.0328125 0.025
1 0.42421875 0.7125 0.0109375 0.028125
1 0.3421875 0.665625 0.0265625 0.0296875
1 0.3609375 0.628125 0.009375 0.0234375
1 0.334375 0.7984375 0.0328125 0.01875
1 0.265625 0.7390625 0.0234375 0.015625
1 0.15 0.8015625 0.0296875 0.0265625
1 0.1515625 0.9625 0.0265625 0.025
1 0.2265625 0.9765625 0.028125 0.025
1 0.275 0.9609375 0.0296875 0.0265625
1 0.4140625 0.96875 0.0234375 0.03125
1 0.30234375 0.3859375 0.1546875 0.1125
0 0.178125 0.36328125 0.1625 0.0671875
0 0.1171875 0.8921875 0.08125 0.128125
0 0.209375 0.853125 0.13125 0.1390625
0 0.3484375 0.871875 0.1625 0.096875
0 0.39453125 0.91953125 0.0703125 0.1078125
0 0.9125 0.42421875 0.175 0.1828125
0 0.7875 0.4328125 0.1859375 0.109375
0 0.6375 0.4484375 0.1109375 0.0828125
1 0.9734375 0.546875 0.0265625 0.0328125
1 0.97734375 0.9765625 0.0453125 0.046875
1 0.8125 0.925 0.05625 0.071875
1 0.725 0.7734375 0.065625 0.0828125
1 0.8015625 0.81875 0.0328125 0.0359375
1 0.6546875 0.5953125 0.0453125 0.0390625
1 0.671875 0.6125 0.0359375 0.059375
1 0.6328125 0.6953125 0.04375 0.03125
1 0.6046875 0.675 0.0328125 0.040625
1 0.5921875 0.7296875 0.025 0.046875
1 0.6234375 0.8046875 0.078125 0.065625
1 0.6078125 0.85 0.05625 0.0484375
1 0.84375 0.590625 0.0453125 0.06875
1 0.8453125 0.625 0.0234375 0.04375
1 0.7953125 0.61875 0.034375 0.0390625
1 0.7640625 0.690625 0.046875 0.04375
0 0.6125 0.965625 0.065625 0.06875
0 0.6765625 0.97578125 0.128125 0.0484375
0 0.76953125 0.96640625 0.1109375 0.0671875
1 0.98203125 0.84140625 0.0359375 0.0484375
1 0.9640625 0.85 0.05 0.046875
1 0.90625 0.8734375 0.0203125 0.040625
1 0.9640625 0.7921875 0.028125 0.0265625
1 0.903125 0.8390625 0.021875 0.0328125
0 0.91640625 0.9671875 0.0921875 0.065625