1 0.3828125 0.340625 0.0328125 0.040625
1 0.4640625 0.3125 0.0171875 0.0375
1 0.40625 0.41328125 0.028125 0.0109375
1 0.278125 0.41328125 0.0125 0.0109375
1 0.03125 0.3109375 0.0578125 0.0546875
1 0.071875 0.2265625 0.0796875 0.0796875
1 0.3296875 0.2515625 0.0828125 0.0875
0 0.4140625 0.15 0.11875 0.3
0 0.2671875 0.1203125 0.271875 0.240625
0 0.1015625 0.13359375 0.203125 0.2671875
1 0.909375 0.24375 0.0328125 0.0421875
1 0.95 0.3671875 0.015625 0.0265625
0 0.940625 0.1015625 0.1140625 0.2
1 0.98984375 0.35390625 0.0203125 0.0265625
1 0.99765625 0.27734375 0.0046875 0.0171875
1 0.9828125 0.4078125 0.034375 0.021875
1 0.99375 0.19453125 0.0125 0.0140625
1 0.97421875 0.109375 0.0515625 0.16875
1 0.59375 0.465625 0.0421875 0.0765625
0 0.596875 0.575 0.0359375 0.1046875
1 0.55 0.546875 0.128125 0.153125
0 0.465625 0.55625 0.09375 0.16875
0 0.3859375 0.55 0.1078125 0.1515625
0 0.29375 0.565625 0.1609375 0.121875
1 0.2578125 0.634375 0.0265625 0.0265625
1 0.29375 0.6890625 0.0140625 0.0140625
1 0.3203125 0.46015625 0.11875 0.0828125
0 0.2265625 0.5140625 0.1453125 0.1125
1 0.1265625 0.490625 0.05 0.0625
0 0.1109375 0.5609375 0.04375 0.0609375
1 0.3625 0.9015625 0.0609375 0.046875
1 0.39296875 0.98046875 0.0359375 0.0390625
1 0.203125 0.859375 0.0109375 0.0125
1 0.76171875 0.9984375 0.0140625 0.003125
1 0.78125 0.5375 0.0125 0.0203125
1 0.81875 0.5828125 0.0140625 0.0078125
1 0.690625 0.96015625 0.021875 0.0359375
0 0.7125 0.91640625 0.065625 0.0734375
1 0.765625 0.8578125 0.0265625 0.0234375
1 0.7375 0.8703125 0.0296875 0.0203125
1 0.753125 0.88125 0.015625 0.021875
0 0.7953125 0.91875 0.071875 0.1203125