0 0.40703125 0.02109375 0.1015625 0.0421875
0 0.2546875 0.01796875 0.0875 0.0359375
1 0.3875 0.2703125 0.0375 0.0296875
1 0.315625 0.1484375 0.025 0.0296875
1 0.3921875 0.2984375 0.034375 0.0390625
1 0.3203125 0.3171875 0.0328125 0.03125
0 0.39453125 0.43984375 0.1484375 0.0390625
1 0.3078125 0.428125 0.025 0.0296875
1 0.46484375 0.4171875 0.0078125 0.03125
1 0.459375 0.3 0.01875 0.0203125
1 0.48046875 0.14921875 0.0234375 0.0171875
0 0.496875 0.29765625 0.05625 0.0984375
1 0.5984375 0.23125 0.0328125 0.0375
0 0.5796875 0.3125 0.11875 0.146875
1 0.6671875 0.1359375 0.0234375 0.040625
1 0.69375 0.0875 0.0140625 0.0171875
0 0.6859375 0.3203125 0.1078125 0.0765625
1 0.7484375 0.1109375 0.0234375 0.034375
1 0.7703125 0.196875 0.01875 0.0140625
1 0.796875 0.0859375 0.0234375 0.03125
1 0.815625 0.1578125 0.0234375 0.015625
1 0.8359375 0.01875 0.0140625 0.015625
1 0.840625 0.1375 0.028125 0.028125
0 0.815625 0.29375 0.0578125 0.171875
1 0.8578125 0.2359375 0.0234375 0.0296875
1 0.865625 0.1578125 0.0140625 0.0296875
1 0.775 0.1109375 0.021875 0.0203125
1 0.5328125 0.0625 0.01875 0.015625
1 0.534375 0.0796875 0.015625 0.021875
1 0.51875 0.0515625 0.0171875 0.0234375
1 0.496875 0.1015625 0.0328125 0.0296875
1 0.665625 0.1046875 0.0234375 0.015625
1 0.6265625 0.1046875 0.0203125 0.0140625
1 0.6375 0.0234375 0.0109375 0.0171875
1 0.678125 0.0796875 0.0140625 0.015625
1 0.5890625 0.146875 0.0171875 0.021875
1 0.609375 0.15625 0.015625 0.0171875
1 0.5640625 0.196875 0.015625 0.0234375
1 0.5484375 0.153125 0.0140625 0.0171875
1 0.7546875 0.1453125 0.0203125 0.0140625
1 0.740625 0.25625 0.0234375 0.0125
1 0.78125 0.246875 0.0171875 0.0171875
1 0.6703125 0.2421875 0.015625 0.0234375
1 0.5609375 0.246875 0.0171875 0.01875
1 0.603125 0.365625 0.021875 0.015625
1 0.64375 0.384375 0.021875 0.021875
1 0.6375 0.3765625 0.009375 0.0140625
1 0.4734375 0.2171875 0.009375 0.015625
1 0.5828125 0.2515625 0.0171875 0.0203125
1 0.7734375 0.2703125 0.01875 0.01875
1 0.7875 0.2875 0.01875 0.03125
1 0.7875 0.2171875 0.0359375 0.0203125
1 0.8421875 0.28125 0.021875 0.0265625
1 0.728125 0.4015625 0.01875 0.0125
1 0.75 0.3859375 0.0203125 0.0171875
1 0.7421875 0.3484375 0.0140625 0.015625
1 0.00234375 0.59609375 0.0046875 0.0109375
1 0.0421875 0.615625 0.0140625 0.0125
1 0.0671875 0.60625 0.0171875 0.0203125
1 0.065625 0.634375 0.0265625 0.0234375
1 0.078125 0.6546875 0.0171875 0.025
1 0.0875 0.66875 0.0234375 0.0203125
1 0.1171875 0.671875 0.0203125 0.015625
1 0.103125 0.6796875 0.0125 0.009375
1 0.15 0.6765625 0.0265625 0.0265625
1 0.171875 0.671875 0.028125 0.0265625
1 0.1640625 0.678125 0.0171875 0.015625
1 0.1765625 0.6921875 0.0140625 0.0140625
1 0.1921875 0.696875 0.0234375 0.0171875
1 0.190625 0.7125 0.021875 0.0171875
1 0.2078125 0.7 0.0140625 0.0203125
1 0.1703125 0.5796875 0.0296875 0.0234375
1 0.3609375 0.625 0.0203125 0.025
1 0.3078125 0.7859375 0.021875 0.025
1 0.240625 0.7359375 0.01875 0.015625
1 0.25 0.8078125 0.03125 0.0375
1 0.2296875 0.8125 0.009375 0.0140625
1 0.1671875 0.73125 0.0109375 0.0125
1 0.1453125 0.7484375 0.015625 0.0140625
1 0.128125 0.728125 0.0125 0.015625
1 0.1453125 0.7234375 0.0078125 0.0140625
1 0.0078125 0.725 0.0125 0.015625
1 0.0875 0.803125 0.01875 0.015625
1 0.0953125 0.809375 0.0171875 0.0125
1 0.0625 0.803125 0.0203125 0.0203125
1 0.0296875 0.975 0.0265625 0.0203125
1 0.3140625 0.9796875 0.015625 0.01875
1 0.3515625 0.99765625 0.015625 0.0046875
0 0.3703125 0.875 0.0625 0.0625
0 0.3171875 0.9015625 0.0734375 0.1171875
0 0.03046875 0.8828125 0.0609375 0.159375
0 0.078125 0.890625 0.078125 0.1265625
0 0.209375 0.853125 0.0796875 0.09375
0 0.1828125 0.903125 0.084375 0.0984375
0 0.14375 0.8875 0.0609375 0.1015625
1 0.76875 0.5578125 0.0078125 0.0125
1 0.63125 0.6265625 0.015625 0.0140625
0 0.90859375 0.74375 0.1828125 0.35625
1 0.8421875 0.821875 0.021875 0.0203125
0 0.721875 0.7125 0.140625 0.246875
0 0.628125 0.728125 0.1046875 0.1390625
1 0.765625 0.7703125 0.028125 0.0265625
0 0.5921875 0.9671875 0.03125 0.0140625