1 0.4859375 0.0265625 0.0375 0.0171875
1 0.334375 0.0953125 0.0234375 0.0234375
1 0.2265625 0.178125 0.0265625 0.0390625
1 0.01015625 0.171875 0.0203125 0.03125
1 0.1109375 0.171875 0.03125 0.028125
1 0.1421875 0.26875 0.015625 0.034375
1 0.434375 0.4203125 0.015625 0.0125
1 0.2140625 0.4609375 0.0203125 0.0125
1 0.35 0.4796875 0.03125 0.025
1 0.16875 0.4984375 0.0078125 0.0140625
1 0.396875 0.4984375 0.0328125 0.025
1 0.28359375 0.01328125 0.0296875 0.0265625
1 0.45 0.184375 0.03125 0.034375
0 0.353125 0.1703125 0.06875 0.059375
1 0.37109375 0.01796875 0.1078125 0.0359375
1 0.4625 0.353125 0.021875 0.0203125
0 0.3890625 0.2609375 0.1515625 0.1171875
1 0.40625 0.203125 0.025 0.0296875
1 0.425 0.18125 0.0234375 0.0296875
1 0.3984375 0.134375 0.028125 0.0359375
0 0.3765625 0.371875 0.178125 0.1171875
1 0.2171875 0.1140625 0.025 0.028125
1 0.2609375 0.059375 0.0359375 0.0640625
1 0.0578125 0.3421875 0.01875 0.021875
1 0.0359375 0.3421875 0.01875 0.0265625
0 0.8578125 0.3828125 0.10625 0.0796875
0 0.8640625 0.278125 0.146875 0.1328125
1 0.840625 0.2015625 0.025 0.0234375
0 0.875 0.1671875 0.059375 0.11875
0 0.8609375 0.053125 0.103125 0.10625
1 0.78359375 0.0046875 0.0265625 0.009375
1 0.9515625 0.1640625 0.03125 0.0296875
1 0.91875 0.2375 0.040625 0.0359375
1 0.79375 0.3546875 0.028125 0.021875
1 0.7734375 0.4140625 0.0296875 0.01875
1 0.0640625 0.6171875 0.0125 0.015625
1 0.3171875 0.6328125 0.00625 0.009375
1 0.203125 0.6609375 0.0109375 0.015625
1 0.3234375 0.6734375 0.0234375 0.0171875
1 0.134375 0.6828125 0.00625 0.0109375
1 0.0359375 0.703125 0.0234375 0.0140625
1 0.109375 0.7265625 0.0171875 0.025
1 0.3484375 0.809375 0.015625 0.0109375
1 0.1546875 0.9515625 0.0296875 0.021875
1 0.3078125 0.984375 0.021875 0.0203125
1 0.4453125 0.8859375 0.015625 0.0203125
1 0.3015625 0.675 0.015625 0.0078125
1 0.5046875 0.68125 0.015625 0.0140625
1 0.4 0.9546875 0.0140625 0.0109375
1 0.4171875 0.9953125 0.0125 0.009375
1 0.24375 0.6875 0.028125 0.0203125
1 0.1828125 0.6671875 0.0125 0.0265625
1 0.14140625 0.615625 0.0171875 0.0125
1 0.1140625 0.6359375 0.0234375 0.01875
1 0.325 0.8546875 0.015625 0.0140625
1 0.1734375 0.8015625 0.028125 0.0265625
1 0.10625 0.8390625 0.0140625 0.015625
1 0.1390625 0.8296875 0.021875 0.0171875
1 0.1390625 0.846875 0.01875 0.021875
1 0.1421875 0.8625 0.0125 0.015625
1 0.1328125 0.7015625 0.0171875 0.0125
1 0.2375 0.7625 0.0171875 0.0171875
1 0.0265625 0.62109375 0.05 0.0234375
0 0.01875 0.7609375 0.0375 0.065625
0 0.03984375 0.83203125 0.0796875 0.0484375
1 0.04375 0.9 0.0421875 0.0390625
1 0.034375 0.88125 0.01875 0.01875
0 0.0171875 0.92421875 0.034375 0.0828125
1 0.88828125 0.98203125 0.0578125 0.0359375
1 0.903125 0.9296875 0.028125 0.0265625
1 0.8609375 0.921875 0.0296875 0.01875
1 0.99609375 0.84140625 0.0078125 0.0328125
1 0.7453125 0.7546875 0.040625 0.01875
0 0.68125 0.7890625 0.025 0.0953125
0 0.61875 0.7828125 0.0796875 0.078125