1 0.4140625 0.00234375 0.015625 0.0046875
1 0.2265625 0.096875 0.0140625 0.015625
0 0.2078125 0.05078125 0.303125 0.1015625
1 0.0515625 0.1171875 0.0171875 0.0265625
1 0.2953125 0.146875 0.028125 0.015625
1 0.3125 0.315625 0.01875 0.01875
1 0.1609375 0.134375 0.0203125 0.0171875
1 0.2 0.2046875 0.0140625 0.0109375
0 0.1265625 0.2125 0.1921875 0.1734375
0 0.1609375 0.31875 0.20625 0.05625
1 0.00703125 0.00390625 0.0140625 0.0078125
1 0.009375 0.00625 0.0171875 0.009375
1 0.00703125 0.00859375 0.0140625 0.0078125
0 0.94921875 0.3453125 0.1015625 0.05625
1 0.696875 0.2953125 0.025 0.021875
1 0.5296875 0.30625 0.0296875 0.03125
1 0.496875 0.296875 0.03125 0.034375
1 0.4796875 0.2671875 0.0375 0.0421875
1 0.465625 0.31171875 0.03125 0.0390625
1 0.45546875 0.34296875 0.0109375 0.0296875
1 0.51875 0.3765625 0.025 0.00625
1 0.4640625 0.3625 0.025 0.021875
1 0.0703125 0.903125 0.0296875 0.0296875
1 0.021875 0.9109375 0.0203125 0.0125
1 0.2671875 0.784375 0.0484375 0.0390625
1 0.178125 0.4140625 0.0703125 0.0453125
1 0.0828125 0.4421875 0.009375 0.015625
1 0.234375 0.4765625 0.06875 0.090625
1 0.228125 0.68125 0.01875 0.015625
1 0.35 0.80625 0.028125 0.03125
1 0.3375 0.8953125 0.065625 0.046875
1 0.3546875 0.509375 0.00625 0.015625
0 0.43046875 0.4578125 0.0390625 0.13125
0 0.40546875 0.78203125 0.0890625 0.2703125
0 0.3859375 0.66875 0.128125 0.246875
1 0.415625 0.5828125 0.0140625 0.009375
0 0.40078125 0.5203125 0.0984375 0.25625
0 0.3796875 0.409375 0.0125 0.034375
1 0.4046875 0.7140625 0.025 0.028125
1 0.4140625 0.7140625 0.0140625 0.0234375
1 0.99453125 0.40859375 0.0109375 0.0234375
1 0.9203125 0.753125 0.0375 0.046875
1 0.8640625 0.6515625 0.01875 0.0234375
1 0.865625 0.590625 0.0140625 0.01875
1 0.9046875 0.475 0.0359375 0.046875
1 0.909375 0.4078125 0.028125 0.0125
1 0.778125 0.4765625 0.03125 0.0265625
1 0.75 0.465625 0.0140625 0.0046875
1 0.7609375 0.4390625 0.01875 0.009375
1 0.7546875 0.41875 0.034375 0.0390625
1 0.7171875 0.7265625 0.0140625 0.021875
1 0.7859375 0.70625 0.00625 0.009375
1 0.7234375 0.7546875 0.0265625 0.0296875
1 0.671875 0.76875 0.015625 0.015625
1 0.6609375 0.775 0.01875 0.0109375
1 0.6453125 0.5375 0.0140625 0.009375
1 0.6046875 0.496875 0.0125 0.0078125
1 0.5984375 0.484375 0.015625 0.0171875
1 0.490625 0.7703125 0.0234375 0.015625
1 0.5609375 0.7671875 0.0421875 0.03125
0 0.5484375 0.7265625 0.053125 0.09375
1 0.4828125 0.6234375 0.0171875 0.015625
0 0.5390625 0.675 0.146875 0.09375
0 0.525 0.584375 0.078125 0.1265625
0 0.5359375 0.42578125 0.125 0.0921875
1 0.459375 0.4796875 0.0140625 0.015625
1 0.8984375 0.5265625 0.01875 0.0203125