1 0.2703125 0.2796875 0.0078125 0.015625
1 0.2578125 0.06875 0.0109375 0.00625
1 0.2359375 0.5265625 0.009375 0.003125
1 0.103125 0.265625 0.021875 0.015625
1 0.071875 0.053125 0.0125 0.00625
1 0.1234375 0.421875 0.034375 0.0234375
1 0.1359375 0.4125 0.0203125 0.0203125
0 0.33046875 0.15703125 0.1171875 0.1765625
1 0.140625 0.1625 0.0109375 0.009375
0 0.2015625 0.165625 0.1125 0.33125
1 0.2 0.265625 0.0234375 0.0296875
1 0.046875 0.3875 0.0125 0.0046875
1 0.04375 0.371875 0.00625 0.0109375
1 0.0890625 0.2046875 0.0234375 0.025
0 0.10390625 0.1046875 0.2078125 0.209375
1 0.021875 0.23125 0.015625 0.0203125
0 0.01328125 0.15 0.0265625 0.06875
1 0.0609375 0.0953125 0.0140625 0.0125
1 0.421875 0.575 0.021875 0.01875
1 0.5015625 0.490625 0.025 0.0203125
1 0.7484375 0.421875 0.021875 0.0171875
1 0.6703125 0.4015625 0.021875 0.0234375
1 0.7015625 0.515625 0.0140625 0.0203125
1 0.5875 0.5234375 0.015625 0.0171875
1 0.39296875 0.3875 0.0078125 0.021875
1 0.540625 0.196875 0.025 0.0203125
0 0.39921875 0.1296875 0.0203125 0.04375
0 0.45625 0.1484375 0.1 0.2125
0 0.621875 0.1265625 0.0703125 0.2359375
1 0.725 0.0640625 0.0203125 0.01875
1 0.696875 0.03125 0.0265625 0.01875
1 0.64375 0.1375 0.0828125 0.08125
1 0.7609375 0.103125 0.0328125 0.078125
0 0.8078125 0.13125 0.10625 0.2578125
1 0.31875 0.696875 0.03125 0.03125
0 0.35078125 0.66796875 0.0765625 0.1171875
1 0.290625 0.83125 0.01875 0.0171875
1 0.5765625 0.9765625 0.0328125 0.046875
1 0.809375 0.990625 0.0375 0.01875
1 0.8046875 0.96875 0.034375 0.0390625
1 0.8765625 0.95 0.0328125 0.03125
1 0.590625 0.86875 0.0296875 0.04375
0 0.565625 0.7625 0.115625 0.11875
0 0.6546875 0.7765625 0.10625 0.13125
0 0.7171875 0.7703125 0.0890625 0.128125
0 0.7984375 0.765625 0.15625 0.1609375
1 0.8890625 0.8390625 0.025 0.0296875
1 0.8921875 0.778125 0.0265625 0.034375
1 0.7203125 0.85 0.03125 0.03125
1 0.6703125 0.84375 0.0296875 0.053125
1 0.471875 0.8640625 0.025 0.046875
1 0.4890625 0.8203125 0.0515625 0.078125
1 0.68125 0.65 0.0234375 0.0234375
1 0.4984375 0.740625 0.0203125 0.0234375
1 0.4765625 0.703125 0.0328125 0.0484375
1 0.778125 0.7015625 0.0328125 0.028125
1 0.7375 0.9671875 0.01875 0.0203125
1 0.55625 0.734375 0.021875 0.025
1 0.528125 0.7265625 0.021875 0.021875