1 0.384375 0.009375 0.028125 0.01875
0 0.37265625 0.0828125 0.2328125 0.13125
1 0.421875 0.0609375 0.025 0.021875
1 0.459375 0.0921875 0.0375 0.0328125
1 0.3109375 0.1484375 0.034375 0.0328125
1 0.2890625 0.1734375 0.0234375 0.0203125
1 0.2890625 0.2078125 0.0359375 0.0265625
1 0.365625 0.178125 0.034375 0.03125
1 0.3546875 0.140625 0.0359375 0.0265625
1 0.45 0.2171875 0.025 0.0234375
1 0.4703125 0.1921875 0.0234375 0.028125
1 0.4671875 0.1671875 0.025 0.0203125
1 0.021875 0.04609375 0.04375 0.0359375
1 0.215625 0.0625 0.028125 0.0296875
1 0.0796875 0.153125 0.025 0.0171875
0 0.3484375 0.28203125 0.28125 0.1546875
0 0.40390625 0.3109375 0.1703125 0.11875
0 0.634375 0.1046875 0.153125 0.0609375
1 0.646875 0.1015625 0.0453125 0.0421875
0 0.6296875 0.1859375 0.1453125 0.203125
1 0.65 0.1609375 0.025 0.03125
1 0.6578125 0.24375 0.015625 0.009375
1 0.6015625 0.31875 0.028125 0.0375
1 0.7625 0.125 0.009375 0.015625
1 0.80625 0.0890625 0.040625 0.0203125
1 0.7671875 0.3296875 0.040625 0.0390625
0 0.65625 0.36953125 0.240625 0.1796875
1 0.7203125 0.3625 0.009375 0.009375
1 0.6515625 0.346875 0.0265625 0.0234375
1 0.93515625 0.4515625 0.0390625 0.015625
1 0.921875 0.38125 0.0484375 0.040625
1 0.8453125 0.42265625 0.1 0.0734375
1 0.98671875 0.34375 0.0265625 0.096875
1 0.9296875 0.4265625 0.0109375 0.015625
1 0.5125 0.4046875 0.0203125 0.021875
1 0.5140625 0.41875 0.025 0.009375
1 0.06484375 0.72265625 0.1296875 0.1671875
1 0.9359375 0.8734375 0.009375 0.0125
1 0.959375 0.759375 0.034375 0.0328125
1 0.5453125 0.6984375 0.015625 0.0171875
1 0.79375 0.6828125 0.0203125 0.0234375
1 0.884375 0.6625 0.01875 0.021875
1 0.93125 0.5453125 0.0078125 0.015625
1 0.81875 0.525 0.00625 0.0140625
1 0.778125 0.515625 0.025 0.025
1 0.9546875 0.503125 0.01875 0.0109375
0 0.5796875 0.57734375 0.18125 0.1640625
0 0.55 0.5078125 0.0734375 0.0234375
0 0.6140625 0.7921875 0.2046875 0.2515625
0 0.79140625 0.9640625 0.0453125 0.071875
0 0.63984375 0.94375 0.3015625 0.1125
1 0.7203125 0.915625 0.0265625 0.028125
1 0.540625 0.534375 0.0203125 0.021875
1 0.71875 0.5515625 0.04375 0.046875
1 0.603125 0.5109375 0.0703125 0.028125
1 0.925 0.8359375 0.04375 0.034375
1 0.9921875 0.88984375 0.015625 0.0203125
1 0.9484375 0.58125 0.0171875 0.0203125
1 0.95625 0.596875 0.0109375 0.0125
1 0.946875 0.6375 0.028125 0.0140625
1 0.99609375 0.92109375 0.0078125 0.0265625
1 0.6078125 0.8234375 0.0125 0.0109375
1 0.99296875 0.66875 0.0140625 0.03125