1 0.4296875 0.059375 0.0078125 0.0078125
1 0.425 0.08125 0.0171875 0.0125
1 0.425 0.128125 0.015625 0.015625
1 0.4453125 0.1328125 0.0140625 0.0234375
1 0.3421875 0.0546875 0.009375 0.0109375
1 0.334375 0.0625 0.0296875 0.04375
1 0.3296875 0.0875 0.0140625 0.015625
1 0.278125 0.0203125 0.01875 0.01875
1 0.2609375 0.0296875 0.0140625 0.028125
1 0.2890625 0.046875 0.040625 0.021875
1 0.2984375 0.0515625 0.0125 0.0484375
1 0.3109375 0.0515625 0.0234375 0.01875
1 0.465625 0.1890625 0.00625 0.01875
1 0.46484375 0.20390625 0.0078125 0.0203125
1 0.4375 0.1859375 0.0203125 0.0171875
0 0.41484375 0.178125 0.1078125 0.1
1 0.2296875 0.05625 0.0140625 0.00625
1 0.2203125 0.0578125 0.025 0.0234375
1 0.209375 0.05625 0.0140625 0.0109375
1 0.1921875 0.0171875 0.01875 0.0171875
1 0.1421875 0.06875 0.034375 0.0375
1 0.1328125 0.078125 0.0140625 0.0296875
1 0.4078125 0.240625 0.0078125 0.0078125
1 0.3984375 0.246875 0.015625 0.0171875
1 0.4015625 0.3296875 0.01875 0.021875
1 0.3796875 0.3203125 0.0078125 0.009375
1 0.309375 0.290625 0.0875 0.1109375
1 0.3140625 0.2359375 0.0375 0.0390625
1 0.284375 0.1984375 0.0328125 0.034375
1 0.30625 0.1796875 0.0234375 0.0265625
1 0.24375 0.196875 0.03125 0.015625
1 0.2171875 0.2390625 0.03125 0.028125
1 0.1921875 0.2359375 0.0390625 0.03125
1 0.16875 0.246875 0.0296875 0.0375
1 0.2578125 0.25625 0.028125 0.03125
0 0.3078125 0.1375 0.11875 0.078125
0 0.35 0.1734375 0.1359375 0.121875
1 0.38203125 0.340625 0.0328125 0.01875
1 0.3859375 0.3484375 0.009375 0.003125
1 0.1890625 0.146875 0.0109375 0.0203125
0 0.2234375 0.159375 0.0984375 0.14375
0 0.15625 0.1625 0.059375 0.046875
1 0.48828125 0.33125 0.0109375 0.0375
1 0.490625 0.1109375 0.0140625 0.03125
1 0.49375 0.0140625 0.015625 0.021875
1 0.4953125 0.1765625 0.0203125 0.0375
1 0.5015625 0.2203125 0.015625 0.0125
1 0.5109375 0.06875 0.0234375 0.0265625
1 0.5234375 0.128125 0.0234375 0.0203125
1 0.53125 0.09375 0.0078125 0.0109375
1 0.5375 0.1703125 0.015625 0.021875
1 0.5703125 0.1015625 0.021875 0.01875
1 0.565625 0.00625 0.0375 0.0125
1 0.56875 0.0671875 0.05 0.05
1 0.6078125 0.2421875 0.028125 0.0265625
1 0.6015625 0.15 0.028125 0.0109375
1 0.6171875 0.05625 0.034375 0.0359375
0 0.56171875 0.31640625 0.1578125 0.0671875
1 0.646875 0.0484375 0.0234375 0.0265625
1 0.634375 0.296875 0.0265625 0.0375
1 0.646875 0.328125 0.015625 0.0203125
1 0.6484375 0.1296875 0.0171875 0.0203125
1 0.6609375 0.265625 0.0234375 0.0171875
1 0.671875 0.1578125 0.0296875 0.0375
1 0.6828125 0.2390625 0.046875 0.0390625
1 0.6859375 0.1015625 0.025 0.01875
1 0.7453125 0.25625 0.0390625 0.0421875
1 0.7765625 0.3 0.0078125 0.0078125
1 0.8 0.0875 0.05 0.025
1 0.8203125 0.25 0.0390625 0.028125
1 0.846875 0.15625 0.015625 0.015625
1 0.86875 0.31875 0.015625 0.0265625
1 0.8671875 0.03125 0.0203125 0.0390625
1 0.875 0.26875 0.03125 0.0171875
1 0.9140625 0.225 0.01875 0.028125
1 0.909375 0.1859375 0.03125 0.03125
1 0.94375 0.153125 0.0375 0.0203125
1 0.946875 0.19375 0.034375 0.0328125
0 0.91796875 0.01953125 0.0671875 0.0390625
1 0.9640625 0.2421875 0.009375 0.0078125
1 0.96875 0.1546875 0.0125 0.015625
1 0.984375 0.0984375 0.0078125 0.0328125
1 0.9953125 0.04375 0.009375 0.04375
1 0.653125 0.0671875 0.0203125 0.009375
1 0.5828125 0.090625 0.0140625 0.0234375
1 0.7125 0.1484375 0.0234375 0.0171875
1 0.65703125 0.3421875 0.0234375 0.015625
0 0.72578125 0.328125 0.1359375 0.04375
0 0.8421875 0.328125 0.10625 0.04375
0 0.94609375 0.31796875 0.1078125 0.0640625
1 0.840625 0.10625 0.040625 0.0328125
1 0.834375 0.084375 0.015625 0.0171875
1 0.9625 0.2125 0.0296875 0.015625
1 0.95625 0.2203125 0.03125 0.0265625
1 0.946875 0.2421875 0.0140625 0.01875
1 0.175 0.3859375 0.0125 0.015625
1 0.2 0.4390625 0.0234375 0.0140625
1 0.24375 0.4203125 0.046875 0.0359375
1 0.2625 0.46875 0.0078125 0.01875
0 0.02265625 0.56640625 0.0453125 0.0953125
1 0.021875 0.6171875 0.04375 0.04375
1 0.0609375 0.5765625 0.0515625 0.0609375
0 0.1203125 0.58125 0.115625 0.1015625
1 0.15625 0.5140625 0.0125 0.0375
0 0.240625 0.5546875 0.1 0.11875
1 0.18125 0.7203125 0.0265625 0.0171875
1 0.284375 0.7046875 0.0421875 0.0703125
1 0.284375 0.684375 0.0234375 0.0328125
1 0.0734375 0.803125 0.0125 0.01875
1 0.0578125 0.815625 0.0234375 0.0390625
1 0.0796875 0.8203125 0.021875 0.015625
1 0.08125 0.84375 0.0515625 0.03125
1 0.0828125 0.8828125 0.0328125 0.0359375
1 0.1484375 0.85 0.0515625 0.0234375
1 0.10625 0.91875 0.03125 0.0421875
1 0.246875 0.9296875 0.021875 0.0265625
1 0.2578125 0.96875 0.046875 0.0265625
1 0.2875 0.984375 0.0171875 0.021875
1 0.275 0.9046875 0.0296875 0.0296875
1 0.2765625 0.9328125 0.0265625 0.0390625
1 0.2875 0.9421875 0.01875 0.0234375
0 0.05859375 0.990625 0.0515625 0.01875
1 0.053125 0.9359375 0.0453125 0.0390625
0 0.01796875 0.9953125 0.0359375 0.009375
1 0.740625 0.7671875 0.00625 0.0109375
1 0.89375 0.715625 0.0171875 0.0140625
1 0.915625 0.428125 0.0078125 0.015625
1 0.9625 0.5296875 0.0109375 0.00625
1 0.728125 0.4046875 0.025 0.0234375
1 0.7625 0.4265625 0.0375 0.015625
1 0.8453125 0.453125 0.09375 0.1109375
1 0.8203125 0.521875 0.0609375 0.034375
1 0.79375 0.5421875 0.0296875 0.0328125
0 0.696875 0.690625 0.15625 0.3625
1 0.6796875 0.8984375 0.121875 0.1296875
0 0.91015625 0.7359375 0.1796875 0.409375