1 0.3421875 0.4046875 0.0953125 0.125
1 0.3515625 0.3296875 0.0390625 0.0375
1 0.3796875 0.2984375 0.021875 0.0265625
1 0.34375 0.26875 0.03125 0.0359375
1 0.2671875 0.25 0.0484375 0.021875
1 0.10625 0.26875 0.0375 0.059375
1 0.10625 0.3328125 0.0359375 0.0390625
1 0.0453125 0.278125 0.01875 0.0375
1 0.0671875 0.4984375 0.03125 0.0234375
1 0.54375 0.59453125 0.0125 0.0359375
1 0.08125 0.3 0.0265625 0.025
0 0.2921875 0.51875 0.378125 0.090625
0 0.3359375 0.57734375 0.165625 0.1640625
0 0.60390625 0.175 0.1078125 0.10625
1 0.6671875 0.1078125 0.0859375 0.0984375
1 0.628125 0.1140625 0.0765625 0.05625
0 0.5796875 0.27734375 0.059375 0.0734375
1 0.565625 0.3234375 0.015625 0.028125
1 0.596875 0.328125 0.028125 0.0578125
0 0.58046875 0.3984375 0.0609375 0.128125
0 0.57578125 0.5546875 0.0515625 0.059375
0 0.57265625 0.50703125 0.0453125 0.1203125
1 0.65625 0.4828125 0.046875 0.059375
1 0.7421875 0.4125 0.046875 0.05
1 0.6609375 0.3484375 0.059375 0.053125
1 0.61875 0.375 0.0265625 0.0203125
1 0.6921875 0.2375 0.0375 0.0359375
1 0.6609375 0.2796875 0.03125 0.034375
1 0.7359375 0.284375 0.040625 0.05625
1 0.696875 0.2953125 0.0234375 0.034375
1 0.759375 0.2609375 0.0375 0.0640625
1 0.7234375 0.1625 0.053125 0.05625
1 0.7578125 0.1578125 0.053125 0.084375
1 0.775 0.109375 0.0390625 0.046875
1 0.8171875 0.1 0.046875 0.059375
1 0.7640625 0.071875 0.04375 0.028125
1 0.878125 0.10625 0.0375 0.0578125
1 0.8703125 0.1890625 0.0828125 0.046875
1 0.8625 0.2734375 0.0578125 0.0515625
1 0.775 0.2921875 0.046875 0.065625
1 0.9375 0.0875 0.0484375 0.05625
1 0.95625 0.1640625 0.0859375 0.0625
1 0.828125 0.3515625 0.046875 0.0703125
1 0.815625 0.41875 0.04375 0.0375
1 0.9484375 0.2421875 0.0578125 0.078125
1 0.9640625 0.2859375 0.025 0.0625
1 0.9390625 0.3296875 0.0484375 0.075
1 0.8796875 0.3421875 0.040625 0.046875
1 0.859375 0.453125 0.1 0.075
1 0.909375 0.553125 0.05 0.0625
1 0.775 0.4921875 0.040625 0.0578125
0 0.98515625 0.25390625 0.0296875 0.1453125
1 0.9890625 0.2703125 0.0140625 0.0484375
1 0.9390625 0.4546875 0.021875 0.034375
1 0.984375 0.4953125 0.0234375 0.0578125
1 0.9828125 0.5625 0.034375 0.034375
1 0.3921875 0.9125 0.03125 0.0453125
1 0.415625 0.8703125 0.0296875 0.0234375
0 0.1609375 0.771875 0.321875 0.225
1 0.1 0.709375 0.0265625 0.034375
1 0.0921875 0.7328125 0.025 0.034375
1 0.1484375 0.7734375 0.0390625 0.046875
0 0.2140625 0.80625 0.3640625 0.1734375
1 0.28125 0.85625 0.040625 0.015625
1 0.0734375 0.840625 0.0546875 0.08125
1 0.046875 0.9046875 0.0625 0.053125
1 0.0921875 0.9125 0.0453125 0.028125
1 0.21875 0.8921875 0.028125 0.0390625
0 0.1890625 0.928125 0.0796875 0.0203125
1 0.334375 0.6890625 0.01875 0.0203125
1 0.325 0.7 0.0234375 0.025
1 0.4875 0.7734375 0.015625 0.0265625
1 0.521875 0.884375 0.03125 0.028125
1 0.48125 0.8609375 0.0171875 0.0203125
1 0.4984375 0.8453125 0.0140625 0.03125
1 0.515625 0.85 0.015625 0.015625
1 0.3921875 0.803125 0.034375 0.0296875
1 0.365625 0.85625 0.025 0.0171875
1 0.384375 0.85625 0.021875 0.028125
1 0.4140625 0.78125 0.0296875 0.0359375
1 0.39375 0.75625 0.034375 0.0375
1 0.4 0.7140625 0.0421875 0.046875
1 0.41875 0.7171875 0.0171875 0.0140625
1 0.40625 0.7078125 0.01875 0.0046875
1 0.4015625 0.6671875 0.04375 0.015625
1 0.471875 0.678125 0.053125 0.0375
1 0.56875 0.7328125 0.0375 0.05625
1 0.578125 0.7171875 0.025 0.009375
1 0.6109375 0.71875 0.028125 0.0234375
0 0.58671875 0.8125 0.0734375 0.11875
1 0.70859375 0.66796875 0.0359375 0.0171875
1 0.7046875 0.7203125 0.028125 0.0125
1 0.8640625 0.6625 0.0140625 0.0046875
1 0.853125 0.6890625 0.01875 0.009375
1 0.859375 0.709375 0.034375 0.0390625