0 0.090625 0.1734375 0.021875 0.00625
1 0.65625 0.2078125 0.015625 0.0265625
1 0.378125 0.2703125 0.0171875 0.03125
1 0.4546875 0.3109375 0.0140625 0.025
1 0.59609375 0.4046875 0.0203125 0.009375
1 0.49375 0.3875 0.03125 0.025
0 0.546875 0.3546875 0.06875 0.1046875
0 0.584375 0.290625 0.090625 0.1453125
1 0.6375 0.3390625 0.015625 0.0125
1 0.4921875 0.2640625 0.025 0.025
1 0.6640625 0.18125 0.0171875 0.021875
0 0.5796875 0.1921875 0.1703125 0.04375
1 0.3828125 0.2171875 0.0234375 0.0265625
1 0.3515625 0.21875 0.0625 0.0453125
1 0.375 0.1984375 0.0125 0.0140625
1 0.3609375 0.1828125 0.0546875 0.025
1 0.2734375 0.228125 0.0234375 0.01875
1 0.33125 0.3390625 0.0375 0.04375
1 0.225 0.3265625 0.015625 0.0125
1 0.2515625 0.271875 0.01875 0.0171875
1 0.2390625 0.259375 0.01875 0.0109375
1 0.175 0.2078125 0.0578125 0.0390625
1 0.2515625 0.3828125 0.021875 0.01875
1 0.17734375 0.39296875 0.0203125 0.0328125
1 0.1609375 0.3484375 0.0171875 0.021875
1 0.10078125 0.40234375 0.0234375 0.0140625
1 0.128125 0.31875 0.021875 0.0234375
0 0.040625 0.2078125 0.08125 0.075
0 0.05078125 0.3203125 0.1015625 0.14375
1 0.08125 0.290625 0.0984375 0.125
0 0.0171875 0.2375 0.034375 0.134375
1 0.03046875 0.3859375 0.0609375 0.046875
1 0.771875 0.0375 0.0109375 0.0078125
1 0.9359375 0.165625 0.021875 0.015625
1 0.9234375 0.1875 0.00625 0.0078125
1 0.9203125 0.2046875 0.0125 0.0078125
0 0.78828125 0.01328125 0.0359375 0.0265625
1 0.8234375 0.0203125 0.00625 0.0125
1 0.70625 0.084375 0.00625 0.0046875
0 0.803125 0.13125 0.1890625 0.059375
0 0.825 0.265625 0.146875 0.1703125
1 0.884375 0.2953125 0.0109375 0.0140625
1 0.8703125 0.2625 0.0078125 0.0078125
0 0.3046875 0.6828125 0.0796875 0.075
1 0.3390625 0.728125 0.028125 0.021875
1 0.15625 0.753125 0.015625 0.0125
1 0.303125 0.7796875 0.0203125 0.028125
1 0.1953125 0.8296875 0.0078125 0.0125
0 0.2734375 0.9171875 0.18125 0.165625
1 0.2078125 0.8671875 0.01875 0.015625
1 0.2203125 0.85625 0.021875 0.015625
1 0.0234375 0.8359375 0.0171875 0.0140625
1 0.0125 0.8203125 0.0109375 0.0234375
1 0.9109375 0.7640625 0.015625 0.0140625
1 0.8703125 0.7671875 0.0109375 0.0140625
1 0.8015625 0.8828125 0.0234375 0.021875
1 0.7578125 0.8828125 0.0203125 0.0140625
1 0.70703125 0.8859375 0.0359375 0.04375
0 0.72265625 0.784375 0.0671875 0.153125
1 0.7625 0.590625 0.0796875 0.04375
1 0.725 0.6421875 0.0359375 0.0234375
1 0.8375 0.9515625 0.0140625 0.0109375