0 0.053125 0.2890625 0.0234375 0.06875
0 0.13125 0.2984375 0.115625 0.121875
0 0.15390625 0.32890625 0.0890625 0.0609375
0 0.2359375 0.29296875 0.1 0.1328125
1 0.3015625 0.3125 0.0125 0.021875
1 0.3625 0.2609375 0.025 0.0203125
1 0.30859375 0.35234375 0.0078125 0.0140625
0 0.36640625 0.3359375 0.1265625 0.046875
1 0.1578125 0.140625 0.0390625 0.034375
1 0.209375 0.146875 0.0140625 0.0171875
1 0.225 0.1421875 0.0234375 0.0234375
1 0.240625 0.0515625 0.0640625 0.0625
1 0.3125 0.059375 0.0296875 0.03125
1 0.3421875 0.0984375 0.01875 0.0125
1 0.42734375 0.0375 0.0046875 0.0125
1 0.48359375 0.353125 0.0078125 0.0125
1 0.478125 0.3171875 0.015625 0.0125
1 0.5515625 0.340625 0.015625 0.01875
1 0.525 0.2953125 0.009375 0.0125
1 0.540625 0.3015625 0.0125 0.01875
1 0.71484375 0.35546875 0.0328125 0.0078125
1 0.8234375 0.34375 0.01875 0.015625
1 0.75234375 0.35546875 0.0078125 0.0078125
1 0.76328125 0.3515625 0.0203125 0.015625
1 0.7546875 0.334375 0.021875 0.01875
1 0.778125 0.3390625 0.021875 0.015625
1 0.76875 0.3265625 0.0203125 0.0171875
1 0.7546875 0.2984375 0.0203125 0.0109375
1 0.7890625 0.3015625 0.015625 0.015625
1 0.7796875 0.278125 0.015625 0.015625
1 0.5703125 0.2484375 0.0140625 0.025
1 0.59375 0.2375 0.015625 0.015625
1 0.596875 0.196875 0.0171875 0.0265625
1 0.6265625 0.25625 0.0375 0.03125
1 0.671875 0.2453125 0.0328125 0.025
1 0.671875 0.228125 0.015625 0.0171875
1 0.7078125 0.19375 0.0140625 0.0140625
1 0.675 0.2953125 0.0140625 0.0296875
1 0.7 0.2875 0.021875 0.0171875
1 0.746875 0.25625 0.0234375 0.015625
1 0.7828125 0.2265625 0.0125 0.0171875
1 0.8171875 0.1859375 0.021875 0.028125
1 0.4609375 0.1203125 0.0265625 0.0140625
1 0.4484375 0.0859375 0.0171875 0.0265625
1 0.4671875 0.009375 0.0171875 0.0109375
1 0.48125 0.10625 0.0421875 0.01875
1 0.484375 0.1265625 0.0125 0.0078125
1 0.4703125 0.0859375 0.00625 0.0203125
1 0.5046875 0.0625 0.0203125 0.0125
1 0.496875 0.090625 0.03125 0.0375
1 0.5671875 0.053125 0.0234375 0.015625
1 0.6015625 0.1265625 0.0140625 0.0203125
1 0.6328125 0.1234375 0.015625 0.0109375
1 0.63125 0.1078125 0.0140625 0.0171875
1 0.6515625 0.078125 0.0234375 0.0203125
1 0.6609375 0.1171875 0.01875 0.015625
1 0.615625 0.05 0.040625 0.0359375
1 0.628125 0.0296875 0.015625 0.0171875
1 0.59765625 0.009375 0.0328125 0.01875
1 0.7484375 0.1609375 0.0234375 0.0203125
1 0.7328125 0.20625 0.00625 0.0078125
1 0.70625 0.1203125 0.0375 0.04375
1 0.7203125 0.1 0.0171875 0.015625
1 0.6859375 0.0625 0.0171875 0.0125
1 0.696875 0.021875 0.025 0.0296875
1 0.7015625 0.0515625 0.021875 0.028125
1 0.734375 0.0640625 0.03125 0.0203125
1 0.75703125 0.00546875 0.0203125 0.0109375
1 0.778125 0.0265625 0.0296875 0.0171875
1 0.80625 0.059375 0.0171875 0.0109375
1 0.8125 0.109375 0.0265625 0.0296875
1 0.853125 0.021875 0.0234375 0.025
1 0.51875 0.3375 0.0125 0.0125
1 0.7359375 0.103125 0.021875 0.015625
1 0.75 0.125 0.0125 0.0125
1 0.7578125 0.1515625 0.0109375 0.0125
1 0.7453125 0.1359375 0.0140625 0.0109375
1 0.7171875 0.00234375 0.009375 0.0046875
0 0.028125 0.53046875 0.05625 0.2671875
0 0.1921875 0.5875 0.35625 0.2875
0 0.309375 0.528125 0.14375 0.3375
0 0.35546875 0.5703125 0.1484375 0.253125
1 0.228125 0.6046875 0.0203125 0.05
1 0.0625 0.5546875 0.025 0.03125
1 0.4375 0.965625 0.015625 0.034375
1 0.5328125 0.890625 0.0453125 0.05
1 0.534375 0.984375 0.03125 0.03125
1 0.58125 0.878125 0.059375 0.05625
1 0.6703125 0.9453125 0.0265625 0.021875
1 0.78828125 0.9796875 0.0421875 0.040625
1 0.7921875 0.8921875 0.025 0.0390625
1 0.79375 0.8453125 0.0453125 0.046875
1 0.7078125 0.9078125 0.034375 0.0390625
1 0.690625 0.8765625 0.0390625 0.0265625
1 0.6234375 0.8421875 0.03125 0.0328125
1 0.4375 0.80859375 0.015625 0.0390625
1 0.690625 0.821875 0.040625 0.0421875
1 0.740625 0.775 0.059375 0.0828125
1 0.790625 0.7859375 0.01875 0.0484375
1 0.828125 0.778125 0.01875 0.021875
1 0.778125 0.684375 0.01875 0.021875
1 0.8046875 0.64375 0.0640625 0.1265625
1 0.821875 0.6625 0.0203125 0.0546875
1 0.5859375 0.7953125 0.0515625 0.0515625
1 0.5703125 0.7125 0.04375 0.0703125
1 0.578125 0.6578125 0.0265625 0.0265625
1 0.44140625 0.62109375 0.0234375 0.0578125
1 0.4984375 0.6953125 0.0546875 0.0484375
1 0.5140625 0.746875 0.028125 0.0359375
1 0.4828125 0.746875 0.040625 0.0359375
1 0.45390625 0.7640625 0.0484375 0.04375
1 0.4484375 0.69140625 0.0375 0.0234375
1 0.4609375 0.7234375 0.040625 0.03125
1 0.45 0.4671875 0.040625 0.06875
0 0.47734375 0.5375 0.0953125 0.10625
1 0.4765625 0.59375 0.0421875 0.0421875
1 0.4796875 0.3875 0.0390625 0.03125
1 0.7421875 0.4515625 0.0671875 0.1
1 0.8015625 0.4234375 0.0703125 0.0890625
1 0.77265625 0.37265625 0.0328125 0.0265625
1 0.7171875 0.38125 0.08125 0.04375
0 0.7 0.5265625 0.2234375 0.1890625
1 0.634375 0.5875 0.1140625 0.0921875
1 0.7 0.640625 0.059375 0.0359375
1 0.6921875 0.7546875 0.0421875 0.0578125
1 0.703125 0.709375 0.05625 0.0390625
1 0.63125 0.6796875 0.1078125 0.128125
1 0.765625 0.6234375 0.01875 0.0234375
0 0.5640625 0.54375 0.1140625 0.1515625
0 0.6109375 0.440625 0.1515625 0.1109375