1 0.353125 0.365625 0.00625 0.009375
1 0.3375 0.340625 0.0734375 0.0328125
0 0.3015625 0.2640625 0.15625 0.35
0 0.2265625 0.4734375 0.0078125 0.0234375
1 0.2421875 0.4171875 0.0328125 0.04375
0 0.2390625 0.30625 0.03125 0.0625
0 0.2984375 0.1921875 0.15 0.175
1 0.5765625 0.265625 0.0140625 0.025
1 0.609375 0.0296875 0.0234375 0.0203125
1 0.60625 0.0640625 0.0125 0.0171875
1 0.6109375 0.403125 0.021875 0.028125
1 0.8265625 0.3921875 0.015625 0.021875
1 0.8296875 0.05625 0.0265625 0.040625
1 0.915625 0.24375 0.0171875 0.0296875
1 0.9859375 0.478125 0.0125 0.021875
1 0.8953125 0.0140625 0.034375 0.028125
1 0.99296875 0.1203125 0.0140625 0.0125
1 0.98125 0.1765625 0.015625 0.01875
1 0.9734375 0.1609375 0.0265625 0.025
1 0.971875 0.1203125 0.0234375 0.0265625
1 0.953125 0.1375 0.028125 0.021875
1 0.9375 0.134375 0.01875 0.0171875
1 0.921875 0.09375 0.034375 0.0234375
1 0.921875 0.1171875 0.021875 0.0234375
1 0.9109375 0.075 0.0203125 0.0109375
1 0.85625 0.09375 0.0234375 0.0140625
1 0.8484375 0.1421875 0.034375 0.028125
1 0.8640625 0.1265625 0.021875 0.01875
1 0.8453125 0.11875 0.015625 0.0296875
1 0.815625 0.1484375 0.0203125 0.021875
1 0.80625 0.134375 0.0234375 0.01875
1 0.803125 0.1234375 0.028125 0.01875
1 0.7828125 0.1078125 0.040625 0.0484375
1 0.7515625 0.128125 0.028125 0.0296875
1 0.73125 0.0296875 0.0125 0.015625
1 0.7046875 0.0515625 0.028125 0.01875
1 0.6890625 0.190625 0.0171875 0.021875
1 0.65 0.128125 0.0359375 0.0296875
1 0.6875 0.1265625 0.0109375 0.015625
1 0.5859375 0.121875 0.040625 0.0328125
1 0.621875 0.103125 0.0203125 0.028125
1 0.6296875 0.059375 0.0125 0.0140625
1 0.5765625 0.0640625 0.025 0.03125
1 0.884375 0.365625 0.0390625 0.040625
0 0.9375 0.3140625 0.0921875 0.128125
0 0.98828125 0.3203125 0.0234375 0.08125
1 0.95 0.3796875 0.03125 0.0171875
1 0.734375 0.2453125 0.0234375 0.0171875
1 0.5953125 0.21875 0.0296875 0.021875
0 0.6578125 0.3078125 0.134375 0.1265625
1 0.7015625 0.3375 0.034375 0.015625
0 0.5671875 0.3328125 0.08125 0.1625
0 0.7578125 0.334375 0.1765625 0.196875
1 0.59921875 0.5015625 0.0265625 0.015625
1 0.771875 0.4953125 0.0265625 0.025
1 0.7796875 0.50625 0.01875 0.00625
1 0.32734375 0.5234375 0.0515625 0.028125
1 0.271875 0.5578125 0.046875 0.0515625
1 0.3171875 0.6734375 0.0484375 0.040625
1 0.3109375 0.6328125 0.0390625 0.034375
1 0.2546875 0.640625 0.0390625 0.0484375
1 0.2015625 0.6484375 0.05625 0.03125
1 0.2140625 0.7328125 0.06875 0.0703125
1 0.2265625 0.834375 0.034375 0.071875
1 0.196875 0.8796875 0.0625 0.0265625
0 0.2125 0.96171875 0.125 0.0765625
1 0.2921875 0.88125 0.0421875 0.0328125
1 0.359375 0.834375 0.0328125 0.046875
1 0.35859375 0.78515625 0.0421875 0.0390625
1 0.37265625 0.75078125 0.0140625 0.0484375
1 0.2671875 0.821875 0.028125 0.0234375
1 0.2984375 0.73125 0.040625 0.0375
0 0.3234375 0.971875 0.1125 0.05625
0 0.86484375 0.56484375 0.2703125 0.1109375
1 0.846875 0.8515625 0.03125 0.028125
1 0.9125 0.9390625 0.0171875 0.0265625
1 0.675 0.7203125 0.0546875 0.0828125
0 0.6953125 0.61875 0.234375 0.21875