1 0.3671875 0.2984375 0.015625 0.0109375
1 0.4765625 0.4265625 0.021875 0.009375
1 0.5484375 0.0515625 0.0375 0.01875
1 0.6453125 0.2421875 0.0125 0.0078125
1 0.6984375 0.403125 0.08125 0.0953125
1 0.3546875 0.025 0.0109375 0.01875
1 0.3515625 0.1359375 0.0140625 0.015625
0 0.3375 0.13671875 0.25 0.2734375
0 0.5234375 0.178125 0.428125 0.2984375
1 0.684375 0.225 0.0265625 0.021875
1 0.675 0.240625 0.0109375 0.009375
0 0.5796875 0.178125 0.2015625 0.28125
0 0.6984375 0.1625 0.08125 0.0890625
1 0.6875 0.140625 0.009375 0.0078125
1 0.921875 0.44375 0.0671875 0.0375
1 0.9484375 0.390625 0.03125 0.015625
1 0.9703125 0.071875 0.0109375 0.025
1 0.9640625 0.465625 0.0421875 0.0265625
1 0.99375 0.08203125 0.0125 0.0546875
1 0.98984375 0.215625 0.0203125 0.053125
0 0.83984375 0.096875 0.0203125 0.125
0 0.89375 0.11171875 0.128125 0.1265625
1 0.9828125 0.146875 0.034375 0.071875
1 0.9796875 0.1125 0.034375 0.046875
1 0.85625 0.39375 0.0453125 0.03125
1 0.834375 0.36328125 0.009375 0.0359375
1 0.8484375 0.3140625 0.0296875 0.0125
1 0.971875 0.359375 0.040625 0.0390625
1 0.89921875 0.31328125 0.1390625 0.1234375
1 0.8765625 0.3609375 0.0078125 0.0078125
1 0.9109375 0.2625 0.059375 0.0453125
1 0.934375 0.290625 0.0375 0.0234375
1 0.88359375 0.21484375 0.1078125 0.0921875
1 0.90625 0.21875 0.0140625 0.0203125
1 0.98671875 0.50546875 0.0265625 0.0078125
1 0.8578125 0.465625 0.0453125 0.0453125
1 0.86328125 0.490625 0.0609375 0.0375
1 0.41875 0.5171875 0.0375 0.015625
1 0.2390625 0.615625 0.0078125 0.034375
1 0.3109375 0.6453125 0.034375 0.0140625
1 0.2703125 0.646875 0.0203125 0.021875
1 0.4125 0.646875 0.021875 0.028125
1 0.6765625 0.6375 0.0265625 0.0265625
1 0.6015625 0.646875 0.0125 0.0265625
1 0.5171875 0.6328125 0.0234375 0.021875
1 0.2796875 0.6875 0.0203125 0.03125
1 0.4421875 0.771875 0.0359375 0.0390625
1 0.496875 0.75625 0.021875 0.0234375
1 0.728125 0.6828125 0.0375 0.04375
1 0.684375 0.665625 0.0296875 0.03125
1 0.68125 0.68125 0.0203125 0.01875
1 0.7296875 0.78125 0.0296875 0.0421875
1 0.7140625 0.84375 0.0203125 0.025
1 0.70625 0.8125 0.01875 0.0234375
1 0.68125 0.8078125 0.015625 0.01875
0 0.64609375 0.86953125 0.2265625 0.2609375
0 0.43046875 0.8765625 0.1828125 0.246875
0 0.31015625 0.87421875 0.1515625 0.2515625
1 0.84375 0.9515625 0.009375 0.034375
1 0.8890625 0.928125 0.034375 0.0234375
1 0.9140625 0.6296875 0.0359375 0.021875
1 0.9328125 0.7625 0.025 0.0203125
1 0.9375 0.8015625 0.034375 0.021875
1 0.95 0.5734375 0.0296875 0.0171875
1 0.9875 0.6234375 0.0125 0.0125
1 0.98125 0.665625 0.0265625 0.040625
1 0.9921875 0.91171875 0.015625 0.0140625
1 0.99140625 0.93828125 0.0171875 0.0171875
1 0.83828125 0.63984375 0.0171875 0.0203125
1 0.8515625 0.584375 0.021875 0.0125
1 0.9046875 0.6453125 0.03125 0.025
1 0.91875 0.6609375 0.028125 0.01875
0 0.940625 0.659375 0.11875 0.225
1 0.9328125 0.715625 0.01875 0.0265625
1 0.9140625 0.8328125 0.0515625 0.0375
1 0.9203125 0.859375 0.021875 0.03125
1 0.9390625 0.8546875 0.0390625 0.0375
1 0.9203125 0.940625 0.0296875 0.0234375
1 0.9359375 0.9328125 0.021875 0.0203125
1 0.946875 0.9328125 0.01875 0.0140625
1 0.9390625 0.9609375 0.015625 0.01875
1 0.98828125 0.94921875 0.0234375 0.0109375
1 0.8515625 0.9015625 0.0140625 0.021875
1 0.8640625 0.8703125 0.01875 0.0140625