1 0.46796875 0.16796875 0.0234375 0.0453125
1 0.41875 0.159375 0.0203125 0.028125
1 0.3875 0.178125 0.0234375 0.0140625
1 0.40625 0.41796875 0.025 0.0234375
0 0.35078125 0.34375 0.2578125 0.171875
1 0.3578125 0.396875 0.025 0.021875
1 0.3390625 0.403125 0.0140625 0.021875
1 0.2984375 0.34375 0.0125 0.015625
1 0.2234375 0.4140625 0.0203125 0.025
1 0.225 0.3765625 0.021875 0.015625
1 0.2484375 0.415625 0.028125 0.028125
0 0.17265625 0.3421875 0.1484375 0.175
1 0.215625 0.3921875 0.01875 0.0125
1 0.10625 0.359375 0.03125 0.0375
1 0.1390625 0.3484375 0.0234375 0.0234375
1 0.1546875 0.3515625 0.0140625 0.0140625
1 0.1484375 0.3296875 0.0296875 0.028125
1 0.1546875 0.3 0.0375 0.0296875
1 0.121875 0.2921875 0.025 0.028125
0 0.065625 0.3859375 0.046875 0.078125
0 0.0734375 0.3171875 0.0609375 0.065625
1 0.05 0.1984375 0.015625 0.01875
1 0.1234375 0.00859375 0.03125 0.0171875
1 0.146875 0.175 0.028125 0.0375
1 0.1609375 0.1640625 0.028125 0.0140625
1 0.1828125 0.15 0.01875 0.01875
1 0.1265625 0.146875 0.0296875 0.0359375
1 0.1 0.1625 0.028125 0.0484375
1 0.19375 0.040625 0.025 0.01875
1 0.228125 0.1546875 0.01875 0.01875
1 0.2515625 0.1625 0.0234375 0.034375
1 0.2578125 0.0875 0.021875 0.015625
1 0.246875 0.003125 0.01875 0.00625
1 0.290625 0.0140625 0.021875 0.0171875
1 0.2984375 0.00390625 0.025 0.0078125
1 0.296875 0.1046875 0.0140625 0.021875
1 0.3296875 0.1640625 0.0265625 0.021875
1 0.328125 0.1828125 0.028125 0.0140625
1 0.30625 0.190625 0.0140625 0.015625
1 0.31875 0.0984375 0.0234375 0.03125
1 0.3875 0.0203125 0.03125 0.021875
1 0.3859375 0.0578125 0.0375 0.0296875
1 0.346875 0.0453125 0.0203125 0.0140625
1 0.321875 0.0234375 0.0359375 0.034375
1 0.3359375 0.034375 0.0265625 0.025
1 0.4625 0.05 0.021875 0.015625
1 0.4734375 0.00703125 0.0125 0.0140625
1 0.0546875 0.01875 0.01875 0.0078125
1 0.275 0.115625 0.0171875 0.009375
1 0.1890625 0.2390625 0.0171875 0.009375
1 0.171875 0.2171875 0.0140625 0.0125
1 0.3703125 0.15 0.015625 0.0234375
1 0.9109375 0.1390625 0.0484375 0.0265625
1 0.8890625 0.0359375 0.0140625 0.0078125
1 0.8578125 0.046875 0.00625 0.0109375
1 0.8265625 0.0609375 0.015625 0.0109375
1 0.6859375 0.3890625 0.0078125 0.0140625
0 0.7171875 0.2734375 0.2234375 0.2796875
0 0.88515625 0.29921875 0.2296875 0.2609375
0 0.9703125 0.26953125 0.059375 0.2546875
0 0.0296875 0.5953125 0.059375 0.1125
1 0.1265625 0.8421875 0.0453125 0.0390625
1 0.2046875 0.8578125 0.0359375 0.03125
1 0.1953125 0.8890625 0.040625 0.0234375
1 0.1453125 0.8890625 0.03125 0.0296875
1 0.09375 0.9015625 0.021875 0.028125
1 0.109375 0.8765625 0.0203125 0.0140625
1 0.0453125 0.8640625 0.03125 0.025
1 0.034375 0.971875 0.0234375 0.03125
1 0.2828125 0.784375 0.021875 0.034375
1 0.2796875 0.7359375 0.0296875 0.0296875
1 0.29375 0.8171875 0.025 0.0296875
1 0.3140625 0.8671875 0.025 0.021875
1 0.33125 0.8953125 0.025 0.0203125
1 0.1828125 0.9609375 0.0203125 0.0203125
1 0.1046875 0.709375 0.0328125 0.025
1 0.08125 0.7515625 0.03125 0.028125
1 0.0234375 0.728125 0.01875 0.01875
1 0.00625 0.68046875 0.0125 0.0171875
1 0.0109375 0.765625 0.021875 0.03125
1 0.1734375 0.7984375 0.0265625 0.0296875
1 0.1546875 0.8359375 0.009375 0.0234375
1 0.18125 0.665625 0.0328125 0.01875
1 0.25 0.725 0.0234375 0.015625
1 0.365625 0.6625 0.0296875 0.0265625
1 0.0515625 0.6859375 0.015625 0.0203125
1 0.3640625 0.5015625 0.0265625 0.025
1 0.2890625 0.4875 0.028125 0.025
1 0.296875 0.4453125 0.0203125 0.021875
1 0.26953125 0.44453125 0.0296875 0.0296875
1 0.24765625 0.43828125 0.0265625 0.0171875
1 0.21328125 0.43828125 0.0296875 0.0171875
1 0.240625 0.503125 0.0296875 0.0265625
1 0.1015625 0.4953125 0.0234375 0.03125
0 0.3984375 0.571875 0.08125 0.128125
0 0.30625 0.6109375 0.13125 0.1390625
0 0.165625 0.5921875 0.1640625 0.096875
0 0.1 0.54375 0.1109375 0.1078125
1 0.98125 0.7484375 0.009375 0.0078125
1 0.9171875 0.603125 0.0109375 0.015625
1 0.890625 0.6234375 0.009375 0.0078125
1 0.871875 0.8515625 0.0125 0.0078125
1 0.790625 0.6828125 0.009375 0.0078125
1 0.734375 0.996875 0.009375 0.00625
1 0.725 0.9796875 0.015625 0.01875
1 0.7234375 0.678125 0.0328125 0.034375
1 0.59375 0.765625 0.0390625 0.0390625
0 0.5796875 0.8015625 0.05 0.040625
1 0.68125 0.8578125 0.009375 0.021875
1 0.95234375 0.44609375 0.0421875 0.0328125
0 0.9875 0.625 0.025 0.24375
0 0.84921875 0.57890625 0.3015625 0.2984375
0 0.625 0.5390625 0.140625 0.203125
0 0.7359375 0.54375 0.271875 0.228125
0 0.809375 0.5515625 0.0734375 0.1078125