0 0.390625 0.246875 0.1984375 0.0875
1 0.3390625 0.2984375 0.0171875 0.0171875
1 0.05625 0.3578125 0.0171875 0.0171875
1 0.00703125 0.34453125 0.0140625 0.0390625
1 0.1453125 0.35625 0.0078125 0.015625
0 0.3828125 0.61015625 0.13125 0.0578125
0 0.3703125 0.53125 0.0953125 0.1359375
1 0.35 0.3671875 0.10625 0.0515625
0 0.371875 0.4296875 0.1578125 0.10625
1 0.4421875 0.409375 0.0546875 0.0359375
1 0.45625 0.5328125 0.025 0.0359375
1 0.4390625 0.5515625 0.0390625 0.0265625
1 0.4859375 0.446875 0.04375 0.0234375
1 0.2375 0.315625 0.034375 0.0375
1 0.084375 0.2890625 0.025 0.034375
1 0.109375 0.2953125 0.0296875 0.0234375
1 0.003125 0.31875 0.00625 0.028125
1 0.0859375 0.484375 0.0296875 0.0171875
1 0.9125 0.2015625 0.0375 0.0546875
1 0.8765625 0.2125 0.0265625 0.0265625
1 0.9015625 0.2578125 0.0296875 0.034375
1 0.84375 0.190625 0.071875 0.046875
1 0.7921875 0.2296875 0.0171875 0.01875
1 0.9015625 0.159375 0.0140625 0.009375
1 0.8765625 0.1640625 0.0359375 0.01875
1 0.865625 0.1765625 0.015625 0.015625
1 0.8140625 0.159375 0.0125 0.0125
1 0.8234375 0.2578125 0.071875 0.0890625
1 0.790625 0.284375 0.0171875 0.015625
1 0.8234375 0.3140625 0.0296875 0.0453125
1 0.85 0.3046875 0.028125 0.0078125
1 0.8796875 0.2875 0.0265625 0.04375
1 0.8359375 0.33125 0.0203125 0.0234375
1 0.79375 0.3796875 0.0375 0.0546875
1 0.7640625 0.3875 0.0203125 0.0109375
1 0.7796875 0.4203125 0.01875 0.03125
1 0.8484375 0.3796875 0.03125 0.0671875
1 0.88125 0.4125 0.0296875 0.046875
1 0.9765625 0.428125 0.040625 0.0265625
1 0.99609375 0.4484375 0.0078125 0.0125
1 0.975 0.465625 0.04375 0.05
1 0.9890625 0.48203125 0.021875 0.0265625
1 0.8953125 0.4609375 0.0265625 0.0375
1 0.878125 0.459375 0.0109375 0.009375
1 0.85 0.4609375 0.0765625 0.0375
1 0.809375 0.45 0.0140625 0.0171875
1 0.984375 0.6171875 0.01875 0.0125
1 0.8984375 0.559375 0.0390625 0.046875
1 0.8578125 0.5109375 0.059375 0.0546875
1 0.8421875 0.5296875 0.034375 0.025
1 0.8625 0.571875 0.0703125 0.0546875
1 0.8296875 0.56875 0.025 0.0140625
1 0.8 0.575 0.0328125 0.053125
1 0.78125 0.5671875 0.0171875 0.0203125
1 0.7453125 0.578125 0.028125 0.021875
1 0.8359375 0.6078125 0.0640625 0.0359375
1 0.8375 0.63125 0.03125 0.015625
1 0.7546875 0.61328125 0.046875 0.0515625
0 0.6859375 0.61875 0.11875 0.040625
0 0.684375 0.565625 0.0828125 0.0875
0 0.7046875 0.5078125 0.153125 0.109375
1 0.634375 0.5546875 0.046875 0.053125
1 0.6 0.55 0.0390625 0.05
1 0.5625 0.5453125 0.025 0.046875
1 0.6390625 0.5953125 0.01875 0.028125
1 0.6015625 0.5765625 0.0078125 0.01875
1 0.5703125 0.5921875 0.0265625 0.028125
1 0.6265625 0.478125 0.084375 0.0578125
1 0.59375 0.471875 0.0234375 0.0296875
1 0.52265625 0.528125 0.0078125 0.028125
1 0.61875 0.4328125 0.03125 0.04375
1 0.6546875 0.4203125 0.0625 0.0640625
1 0.709375 0.4421875 0.025 0.028125
1 0.6015625 0.3921875 0.0265625 0.0390625
1 0.5859375 0.390625 0.009375 0.0234375
1 0.559375 0.425 0.0546875 0.065625
1 0.7109375 0.3515625 0.0359375 0.065625
1 0.7390625 0.3265625 0.0203125 0.021875
1 0.6625 0.3796875 0.0765625 0.053125
1 0.7171875 0.384375 0.0203125 0.04375
1 0.6359375 0.303125 0.0671875 0.084375
1 0.6203125 0.2828125 0.0171875 0.0265625
1 0.7046875 0.3203125 0.040625 0.0375
1 0.7234375 0.2796875 0.0234375 0.0359375
0 0.6984375 0.2640625 0.065625 0.10625
1 0.6484375 0.2296875 0.0390625 0.0546875
1 0.6296875 0.2203125 0.01875 0.0125
1 0.75625 0.2546875 0.046875 0.0296875
0 0.7125 0.1875 0.1671875 0.0671875
1 0.7515625 0.1640625 0.03125 0.021875
1 0.7703125 0.159375 0.0203125 0.0109375
1 0.5734375 0.21015625 0.109375 0.1140625
1 0.5328125 0.28125 0.0265625 0.0609375
1 0.52109375 0.2703125 0.0046875 0.025
1 0.53046875 0.33828125 0.0234375 0.0859375
1 0.5375 0.4453125 0.0375 0.065625
0 0.23671875 0.846875 0.2546875 0.30625
0 0.2625 0.75 0.2203125 0.196875
1 0.50390625 0.78515625 0.0296875 0.0515625
1 0.36875 0.7984375 0.01875 0.0234375
1 0.3984375 0.86875 0.0171875 0.028125
1 0.3734375 0.6734375 0.040625 0.03125
1 0.5859375 0.796875 0.084375 0.059375
1 0.7015625 0.709375 0.053125 0.0625
1 0.740625 0.7515625 0.0234375 0.040625
1 0.8109375 0.7984375 0.0734375 0.0703125
1 0.846875 0.83125 0.06875 0.0390625
1 0.8171875 0.740625 0.0515625 0.059375
0 0.85625 0.9296875 0.26875 0.1390625
0 0.8625 0.69375 0.275 0.109375
0 0.91640625 0.6625 0.1671875 0.046875