1 0.34296875 0.5015625 0.0328125 0.015625
1 0.3859375 0.475 0.0359375 0.0296875
1 0.37734375 0.49609375 0.0171875 0.0265625
1 0.3640625 0.4109375 0.0546875 0.0265625
0 0.40234375 0.34453125 0.0328125 0.1734375
0 0.3328125 0.328125 0.0953125 0.0625
0 0.2109375 0.3359375 0.09375 0.1515625
1 0.390625 0.2609375 0.046875 0.0515625
1 0.1734375 0.025 0.01875 0.0265625
1 0.2203125 0.1046875 0.0390625 0.0234375
1 0.309375 0.0640625 0.0234375 0.021875
1 0.31171875 0.00390625 0.0328125 0.0078125
1 0.365625 0.2421875 0.028125 0.025
1 0.1859375 0.0703125 0.0234375 0.03125
1 0.275 0.2484375 0.01875 0.0203125
1 0.38125 0.1171875 0.01875 0.0234375
1 0.3140625 0.446875 0.0234375 0.0203125
1 0.828125 0.3609375 0.0109375 0.0203125
1 0.8265625 0.3359375 0.0109375 0.025
1 0.7796875 0.2296875 0.0203125 0.0234375
1 0.753125 0.38125 0.03125 0.0375
1 0.71875 0.3828125 0.0265625 0.046875
1 0.6703125 0.3015625 0.021875 0.0140625
1 0.653125 0.140625 0.01875 0.0171875
1 0.6390625 0.259375 0.025 0.0375
1 0.6265625 0.371875 0.0421875 0.015625
1 0.6078125 0.3515625 0.0140625 0.03125
1 0.609375 0.434375 0.0296875 0.025
1 0.6046875 0.49296875 0.05625 0.0328125
1 0.5734375 0.284375 0.025 0.0328125
1 0.5765625 0.396875 0.05 0.0484375
1 0.5484375 0.00390625 0.034375 0.0078125
1 0.54609375 0.49921875 0.0328125 0.0203125
1 0.5375 0.0375 0.03125 0.0296875
1 0.5359375 0.2609375 0.0609375 0.040625
1 0.51875 0.084375 0.03125 0.0484375
1 0.515625 0.3109375 0.0234375 0.0078125
1 0.5125 0.4609375 0.0265625 0.0234375
1 0.5046875 0.25625 0.0125 0.015625
1 0.4875 0.359375 0.025 0.0234375
1 0.46875 0.3328125 0.00625 0.01875
1 0.47734375 0.02109375 0.0578125 0.0421875
1 0.446875 0.41171875 0.05625 0.0296875
1 0.446875 0.2828125 0.01875 0.0078125
1 0.4640625 0.21875 0.0546875 0.025
1 0.61875 0.3 0.04375 0.0546875
1 0.7140625 0.303125 0.0578125 0.0390625
1 0.6609375 0.3484375 0.0734375 0.071875
1 0.6375 0.325 0.0328125 0.0296875
1 0.765625 0.3234375 0.05625 0.05
1 0.7453125 0.253125 0.0515625 0.0453125
1 0.765625 0.2921875 0.0296875 0.03125
1 0.7390625 0.2875 0.01875 0.0171875
1 0.4625 0.1046875 0.075 0.06875
1 0.4296875 0.11875 0.021875 0.03125
1 0.8328125 0.05 0.0296875 0.046875
1 0.796875 0.059375 0.0625 0.053125
1 0.7578125 0.0484375 0.009375 0.01875
1 0.828125 0.1 0.034375 0.0359375
0 0.7734375 0.1484375 0.146875 0.08125
1 0.771875 0.1078125 0.05 0.028125
0 0.6859375 0.1453125 0.084375 0.1703125
1 0.6734375 0.234375 0.0328125 0.0390625
1 0.7171875 0.1875 0.0203125 0.01875
1 0.8125 0.0140625 0.0375 0.0171875
1 0.78671875 0.003125 0.0296875 0.00625
1 0.7671875 0.0125 0.0234375 0.015625
1 0.7296875 0.028125 0.05625 0.0546875
1 0.7234375 0.0703125 0.0640625 0.0390625
1 0.6609375 0.0890625 0.0328125 0.0359375
1 0.684375 0.071875 0.0234375 0.025
1 0.621875 0.1234375 0.0390625 0.0515625
1 0.6296875 0.209375 0.0171875 0.0265625
1 0.625 0.1796875 0.0265625 0.0234375
1 0.6125 0.240625 0.03125 0.025
1 0.528125 0.215625 0.075 0.05625
0 0.5875 0.159375 0.071875 0.1640625
1 0.6125 0.096875 0.04375 0.0203125
0 0.525 0.1640625 0.08125 0.053125
1 0.4890625 0.1796875 0.0234375 0.0171875
1 0.471875 0.15625 0.0140625 0.0296875
1 0.628125 0.03671875 0.125 0.0734375
1 0.696875 0.02109375 0.05625 0.0421875
1 0.7171875 0.00234375 0.015625 0.0046875
0 0.11796875 0.953125 0.0359375 0.09375
1 0.165625 0.95546875 0.128125 0.0890625
0 0.25 0.946875 0.09375 0.10625
0 0.32890625 0.95390625 0.1078125 0.0921875
0 0.3796875 0.95390625 0.078125 0.0921875
1 0.41640625 0.84453125 0.0046875 0.0140625
1 0.353125 0.6328125 0.0609375 0.046875
1 0.321875 0.55 0.0359375 0.046875
0 0.840625 0.9171875 0.009375 0.1125
1 0.71875 0.728125 0.040625 0.0375
1 0.6796875 0.703125 0.0234375 0.0203125
1 0.5453125 0.78125 0.025 0.01875
1 0.4828125 0.740625 0.0484375 0.0296875
1 0.428125 0.9421875 0.015625 0.021875
1 0.75078125 0.9734375 0.0796875 0.053125
0 0.6890625 0.9015625 0.071875 0.11875
1 0.68359375 0.9765625 0.0703125 0.046875
1 0.6640625 0.946875 0.028125 0.0265625
0 0.57890625 0.9203125 0.1390625 0.159375
0 0.428125 0.91484375 0.01875 0.1234375
1 0.47421875 0.9125 0.0890625 0.175
1 0.6875 0.8390625 0.025 0.021875
1 0.703125 0.8234375 0.0140625 0.021875
1 0.4703125 0.7015625 0.015625 0.0296875
1 0.484375 0.70625 0.01875 0.0125