1 0.2140625 0.3828125 0.0421875 0.05
1 0.1296875 0.4015625 0.034375 0.0515625
1 0.01875 0.2171875 0.0328125 0.0140625
1 0.0703125 0.66484375 0.0375 0.0296875
1 0.071875 0.5578125 0.0234375 0.0171875
1 0.5765625 0.5328125 0.0625 0.0640625
1 0.625 0.64375 0.0171875 0.05
1 0.5328125 0.5578125 0.015625 0.015625
1 0.453125 0.5203125 0.0234375 0.0171875
0 0.33125 0.2203125 0.0171875 0.0171875
0 0.2671875 0.21875 0.01875 0.0171875
0 0.2375 0.265625 0.35 0.1125
0 0.3125 0.4375 0.228125 0.3296875
0 0.246875 0.578125 0.30625 0.203125
1 0.70625 0.365625 0.009375 0.0125
1 0.796875 0.5 0.0078125 0.0078125
1 0.8328125 0.503125 0.009375 0.009375
1 0.825 0.3359375 0.0234375 0.0171875
1 0.834375 0.203125 0.028125 0.0109375
1 0.946875 0.2109375 0.0046875 0.0078125
1 0.9484375 0.203125 0.0078125 0.0046875
1 0.98984375 0.26640625 0.0203125 0.0296875
1 0.934375 0.3125 0.00625 0.0125
1 0.9859375 0.3453125 0.015625 0.0140625
1 0.99453125 0.65 0.0109375 0.01875
1 0.95234375 0.44140625 0.0953125 0.1671875
1 0.934375 0.59296875 0.13125 0.1734375
1 0.9890625 0.384375 0.021875 0.015625
1 0.421875 0.8203125 0.0296875 0.01875
1 0.609375 0.7578125 0.0265625 0.028125
1 0.371875 0.703125 0.03125 0.028125
1 0.1765625 0.6890625 0.028125 0.01875
1 0.20546875 0.684375 0.0171875 0.009375
1 0.2109375 0.73125 0.03125 0.021875
1 0.25 0.696875 0.0203125 0.0171875
1 0.1671875 0.7625 0.01875 0.0390625
1 0.1421875 0.8171875 0.0265625 0.0375
1 0.39375 0.759375 0.01875 0.0296875
0 0.4359375 0.8515625 0.0796875 0.0484375
0 0.496875 0.803125 0.15 0.0984375
1 0.4203125 0.8296875 0.0234375 0.01875
0 0.4671875 0.7390625 0.16875 0.078125
0 0.4546875 0.690625 0.1375 0.021875
1 0.6046875 0.8375 0.0265625 0.028125
1 0.646875 0.8296875 0.015625 0.015625
1 0.66875 0.8296875 0.01875 0.0171875
1 0.68515625 0.7921875 0.0078125 0.021875
1 0.640625 0.8 0.0078125 0.0109375
1 0.6203125 0.8 0.015625 0.015625
1 0.6828125 0.753125 0.0125 0.009375
1 0.66875 0.86875 0.034375 0.0140625
1 0.6078125 0.7390625 0.0234375 0.0171875
1 0.646875 0.684375 0.025 0.009375
1 0.7375 0.9859375 0.0234375 0.021875
1 0.7625 0.753125 0.0421875 0.0296875
1 0.825 0.76875 0.025 0.0203125
1 0.79375 0.7765625 0.0234375 0.01875
1 0.7890625 0.8015625 0.01875 0.015625
0 0.859375 0.8359375 0.2765625 0.2265625