1 0.0640625 0.3921875 0.0484375 0.03125
1 0.0640625 0.5296875 0.03125 0.0203125
1 0.0578125 0.5140625 0.0328125 0.0265625
1 0.03125 0.290625 0.015625 0.0328125
1 0.0625 0.3203125 0.021875 0.01875
1 0.21875 0.2078125 0.0421875 0.05625
1 0.1953125 0.309375 0.0390625 0.0328125
1 0.0953125 0.284375 0.025 0.01875
1 0.0796875 0.25 0.0234375 0.01875
1 0.1953125 0.365625 0.0234375 0.0203125
1 0.1734375 0.3515625 0.01875 0.0203125
0 0.221875 0.45859375 0.271875 0.2015625
1 0.46875 0.515625 0.05625 0.065625
1 0.24375 0.48125 0.05 0.0390625
1 0.2890625 0.503125 0.059375 0.025
1 0.3140625 0.4328125 0.046875 0.0546875
1 0.3890625 0.46875 0.03125 0.0265625
1 0.328125 0.30625 0.0390625 0.0375
1 0.3453125 0.2875 0.0359375 0.025
1 0.396875 0.30625 0.0375 0.0328125
1 0.4546875 0.3109375 0.0453125 0.05
1 0.45625 0.36875 0.05625 0.05625
1 0.48515625 0.44375 0.0296875 0.028125
1 0.490625 0.39296875 0.01875 0.0359375
1 0.603125 0.3203125 0.0328125 0.034375
1 0.5734375 0.340625 0.0296875 0.03125
1 0.5625 0.3109375 0.0171875 0.025
1 0.565625 0.2890625 0.015625 0.0296875
1 0.575 0.259375 0.0203125 0.0234375
1 0.6109375 0.2421875 0.025 0.01875
1 0.6875 0.3203125 0.0359375 0.034375
1 0.76875 0.3375 0.05625 0.03125
1 0.8140625 0.325 0.025 0.025
1 0.8578125 0.3265625 0.0328125 0.04375
1 0.7375 0.1953125 0.0296875 0.0171875
1 0.58125 0.21875 0.0171875 0.021875
1 0.553125 0.2171875 0.00625 0.0234375
0 0.75 0.22265625 0.5 0.3265625
1 0.534375 0.11875 0.0265625 0.028125
1 0.584375 0.1453125 0.0359375 0.034375
1 0.6359375 0.1 0.0296875 0.0296875
1 0.5875 0.1171875 0.01875 0.0328125
1 0.571875 0.1 0.0375 0.0375
1 0.61875 0.065625 0.0234375 0.025
1 0.7125 0.0421875 0.0140625 0.0328125
1 0.778125 0.1578125 0.0328125 0.0296875
1 0.70625 0.1984375 0.0109375 0.0140625
0 0.8125 0.1265625 0.375 0.253125
1 0.9421875 0.246875 0.0203125 0.025
1 0.9625 0.25625 0.015625 0.0234375
1 0.9484375 0.2265625 0.0234375 0.0203125
1 0.953125 0.20625 0.0203125 0.0140625
1 0.80625 0.125 0.0125 0.01875
1 0.815625 0.1140625 0.015625 0.025
1 0.8296875 0.1125 0.0140625 0.025
1 0.85 0.1265625 0.0328125 0.034375
1 0.8703125 0.121875 0.0078125 0.0125
1 0.8609375 0.1 0.0515625 0.046875
1 0.8546875 0.0578125 0.0359375 0.028125
1 0.875 0.0421875 0.009375 0.0171875
1 0.8609375 0.034375 0.015625 0.015625
1 0.8453125 0.00546875 0.01875 0.0109375
1 0.55 0.0328125 0.025 0.0390625
1 0.584375 0.0359375 0.03125 0.0390625
1 0.69375 0.003125 0.021875 0.00625
1 0.6 0.0046875 0.0125 0.009375
1 0.565625 0.0046875 0.028125 0.009375
1 0.5859375 0.003125 0.0125 0.00625
1 0.9609375 0.053125 0.0234375 0.03125
0 0.04765625 0.5953125 0.0953125 0.071875
0 0.046875 0.66328125 0.09375 0.0890625
1 0.13125 0.678125 0.0546875 0.0375
0 0.034375 0.76953125 0.06875 0.1078125
1 0.078125 0.7296875 0.03125 0.0359375
0 0.02734375 0.875 0.0546875 0.128125
1 0.2203125 0.778125 0.0546875 0.046875
1 0.25625 0.765625 0.071875 0.0859375
1 0.215625 0.703125 0.046875 0.0390625
1 0.271875 0.7125 0.0375 0.03125
1 0.1625 0.721875 0.021875 0.0203125
1 0.2375 0.728125 0.025 0.021875
1 0.3875 0.840625 0.0359375 0.034375
1 0.34375 0.6953125 0.028125 0.015625
1 0.3 0.6125 0.034375 0.034375
1 0.32578125 0.575 0.0390625 0.03125
1 0.4609375 0.6734375 0.0234375 0.040625
1 0.3640625 0.740625 0.0265625 0.0203125
0 0.47578125 0.840625 0.0484375 0.165625
0 0.48515625 0.91875 0.0296875 0.040625
1 0.5671875 0.6578125 0.0546875 0.0703125
0 0.63984375 0.67421875 0.2796875 0.2296875
0 0.58046875 0.725 0.1609375 0.140625
1 0.9609375 0.740625 0.059375 0.0390625