0 0.14375 0.0703125 0.178125 0.140625
0 0.159375 0.36875 0.171875 0.1078125
0 0.1453125 0.484375 0.0640625 0.0125
1 0.190625 0.2421875 0.028125 0.04375
1 0.040625 0.134375 0.0203125 0.028125
1 0.0171875 0.04375 0.025 0.0234375
1 0.0171875 0.3421875 0.0296875 0.028125
1 0.1546875 0.4234375 0.0296875 0.0328125
1 0.3671875 0.4125 0.0421875 0.0578125
1 0.3796875 0.4796875 0.034375 0.021875
1 0.48203125 0.21875 0.0359375 0.04375
1 0.3828125 0.209375 0.025 0.03125
1 0.3203125 0.1984375 0.0515625 0.0265625
1 0.2 0.4265625 0.0171875 0.01875
1 0.028125 0.4484375 0.0265625 0.01875
0 0.64296875 0.30546875 0.2859375 0.1234375
0 0.59921875 0.5359375 0.1984375 0.234375
1 0.525 0.421875 0.034375 0.03125
1 0.6125 0.1828125 0.034375 0.025
1 0.7484375 0.1859375 0.0296875 0.0296875
1 0.9296875 0.3109375 0.021875 0.0234375
1 0.8875 0.35 0.0234375 0.0125
1 0.578125 0.3984375 0.046875 0.015625
1 0.5796875 0.434375 0.0609375 0.0265625
1 0.3515625 0.95625 0.025 0.0171875
1 0.4765625 0.815625 0.0109375 0.0078125
1 0.1390625 0.8203125 0.0125 0.0453125
0 0.17734375 0.88515625 0.1078125 0.2296875
0 0.9046875 0.7671875 0.190625 0.196875
0 0.825 0.88046875 0.35 0.2203125
1 0.8375 0.7609375 0.0828125 0.103125
1 0.5796875 0.9265625 0.01875 0.0234375