1 0.00625 0.571875 0.00625 0.0234375
1 0.1140625 0.3828125 0.0125 0.0046875
1 0.3359375 0.7171875 0.00625 0.0078125
1 0.30859375 0.00234375 0.0203125 0.0046875
1 0.1765625 0.0078125 0.021875 0.015625
1 0.2125 0.025 0.025 0.0453125
1 0.225 0.0234375 0.0203125 0.0171875
1 0.021875 0.01875 0.0203125 0.01875
1 0.0453125 0.0125 0.021875 0.025
1 0.0609375 0.05 0.0203125 0.0109375
1 0.0640625 0.015625 0.0171875 0.0140625
1 0.0828125 0.0375 0.03125 0.028125
1 0.203125 0.1875 0.0171875 0.015625
1 0.259375 0.1890625 0.0046875 0.015625
1 0.2578125 0.0703125 0.0140625 0.0171875
1 0.0078125 0.20546875 0.015625 0.0171875
1 0.0109375 0.2515625 0.021875 0.01875
1 0.0421875 0.2046875 0.0390625 0.0203125
1 0.04375 0.21875 0.015625 0.025
1 0.071875 0.2078125 0.0234375 0.025
1 0.0609375 0.2234375 0.021875 0.0125
1 0.0953125 0.215625 0.03125 0.021875
1 0.1078125 0.2515625 0.025 0.034375
1 0.14375 0.240625 0.0140625 0.0171875
1 0.14375 0.2203125 0.0203125 0.0234375
1 0.13125 0.20625 0.0203125 0.0125
1 0.246875 0.21875 0.0171875 0.0171875
1 0.2453125 0.240625 0.025 0.0265625
1 0.003125 0.3390625 0.00625 0.021875
1 0.0359375 0.3328125 0.0125 0.0171875
1 0.01875 0.35 0.0171875 0.025
1 0.059375 0.35 0.028125 0.025
1 0.2375 0.365625 0.0171875 0.0234375
1 0.2125 0.4046875 0.01875 0.0140625
1 0.3328125 0.4109375 0.0125 0.0234375
1 0.2296875 0.5640625 0.021875 0.0109375
0 0.25625 0.5046875 0.1640625 0.2609375
1 0.1078125 0.475 0.0140625 0.0140625
0 0.128125 0.55 0.234375 0.259375
1 0.0546875 0.415625 0.021875 0.0234375
0 0.0515625 0.5328125 0.103125 0.409375
1 0.0140625 0.66875 0.0125 0.01875
1 0.00390625 0.69296875 0.0078125 0.0296875
1 0.00859375 0.703125 0.0171875 0.015625
1 0.15 0.7140625 0.0296875 0.03125
1 0.16875 0.7015625 0.028125 0.0203125
1 0.171875 0.696875 0.0265625 0.03125
1 0.1796875 0.6765625 0.01875 0.0140625
1 0.2078125 0.6921875 0.03125 0.0296875
1 0.21875 0.6703125 0.0234375 0.0234375
1 0.2234375 0.7109375 0.0203125 0.0265625
1 0.2265625 0.6921875 0.021875 0.015625
1 0.259375 0.653125 0.0140625 0.015625
1 0.2453125 0.675 0.028125 0.03125
1 0.2578125 0.70625 0.03125 0.015625
1 0.25 0.6734375 0.0140625 0.0234375
1 0.25625 0.6953125 0.0125 0.0234375
1 0.1 0.709375 0.028125 0.0328125
1 0.0796875 0.7125 0.0125 0.0265625
0 0.92578125 0.07109375 0.1484375 0.1203125
0 0.8234375 0.071875 0.09375 0.134375
1 0.8484375 0.3453125 0.0421875 0.0265625
1 0.9296875 0.3703125 0.028125 0.025
1 0.86875 0.3765625 0.028125 0.021875
1 0.9125 0.4046875 0.025 0.0234375
1 0.8796875 0.4078125 0.025 0.0203125
0 0.859375 0.6265625 0.165625 0.096875
1 0.978125 0.6234375 0.0203125 0.0265625
1 0.99765625 0.659375 0.0046875 0.021875
1 0.9953125 0.58984375 0.009375 0.0203125
1 0.9921875 0.5484375 0.015625 0.01875
1 0.9296875 0.703125 0.03125 0.021875
1 0.9921875 0.19375 0.015625 0.03125
0 0.15625 0.88203125 0.3125 0.2359375
0 0.2671875 0.85625 0.109375 0.18125
1 0.765625 0.8625 0.021875 0.009375
1 0.7953125 0.971875 0.0125 0.0109375
1 0.9734375 0.83828125 0.053125 0.0953125