1 0.265625 0.659375 0.028125 0.01875
1 0.228125 0.65625 0.034375 0.025
1 0.34921875 0.64140625 0.0515625 0.0546875
1 0.40625 0.59375 0.046875 0.0515625
1 0.3609375 0.478125 0.0484375 0.040625
1 0.3671875 0.51875 0.0390625 0.034375
1 0.4234375 0.5109375 0.0390625 0.0484375
1 0.4765625 0.503125 0.05625 0.03125
1 0.4640625 0.41875 0.06875 0.0703125
1 0.4515625 0.3171875 0.034375 0.071875
1 0.48125 0.271875 0.0625 0.0265625
0 0.465625 0.175 0.125 0.1046875
1 0.175 0.2578125 0.0484375 0.0375
1 0.1921875 0.2984375 0.0375 0.0359375
1 0.140625 0.271875 0.046875 0.0546875
1 0.0859375 0.290625 0.09375 0.053125
1 0.0515625 0.2484375 0.065625 0.0671875
0 0.0296875 0.18125 0.0484375 0.0953125
0 0.0734375 0.153125 0.13125 0.1140625
1 0.4265625 0.040625 0.05 0.0421875
1 0.396875 0.00703125 0.0625 0.0140625
1 0.36875 0.0296875 0.053125 0.059375
1 0.33046875 0.003125 0.0296875 0.00625
1 0.3375 0.06875 0.03125 0.0265625
1 0.27578125 0.0109375 0.0171875 0.021875
1 0.240625 0.03828125 0.046875 0.0765625
1 0.184375 0.03125 0.0578125 0.053125
1 0.1421875 0.0671875 0.071875 0.078125
1 0.1 0.01640625 0.059375 0.0328125
1 0.05625 0.0546875 0.0421875 0.0578125
1 0.0265625 0.0296875 0.04375 0.059375
1 0.3859375 0.2703125 0.0421875 0.0328125
1 0.31875 0.3171875 0.0328125 0.046875
1 0.3171875 0.365625 0.046875 0.0390625
1 0.28125 0.4 0.0625 0.0484375
1 0.2609375 0.45 0.09375 0.06875
1 0.2375 0.565625 0.0984375 0.0609375
1 0.2375 0.6234375 0.04375 0.025
1 0.1484375 0.5 0.0640625 0.046875
1 0.1078125 0.4671875 0.0328125 0.0453125
1 0.0875 0.415625 0.0703125 0.109375
1 0.221875 0.3625 0.0484375 0.028125
1 0.1921875 0.396875 0.059375 0.0515625
1 0.15 0.3515625 0.028125 0.0140625
1 0.140625 0.3890625 0.0328125 0.05
1 0.021875 0.528125 0.03125 0.053125
1 0.4109375 0.3296875 0.028125 0.0234375
1 0.3796875 0.4203125 0.040625 0.0375
1 0.47578125 0.05703125 0.1046875 0.1140625
0 0.1765625 0.615625 0.0875 0.10625
0 0.0859375 0.6390625 0.159375 0.059375
0 0.334375 0.1515625 0.153125 0.1109375
0 0.1640625 0.1765625 0.103125 0.0703125
1 0.2421875 0.2390625 0.1125 0.15625
1 0.9140625 0.5640625 0.0359375 0.0390625
1 0.859375 0.5796875 0.021875 0.0234375
1 0.628125 0.65 0.0375 0.0375
1 0.67109375 0.66171875 0.0296875 0.0140625
1 0.675 0.6546875 0.0203125 0.01875
1 0.6265625 0.5546875 0.0296875 0.0421875
1 0.6421875 0.4921875 0.0203125 0.025
1 0.65 0.5234375 0.01875 0.0234375
1 0.675 0.528125 0.015625 0.01875
0 0.709375 0.4578125 0.2265625 0.2765625
0 0.91640625 0.43203125 0.1671875 0.2984375
0 0.984375 0.459375 0.03125 0.25625
1 0.6015625 0.18125 0.0140625 0.0296875
1 0.678125 0.10625 0.0234375 0.021875
1 0.65625 0.059375 0.03125 0.0390625
1 0.6921875 0.0359375 0.025 0.0265625
1 0.6140625 0.0796875 0.0296875 0.03125
1 0.628125 0.05625 0.028125 0.034375
1 0.64375 0.0390625 0.0171875 0.025
1 0.640625 0.01875 0.0375 0.0375
1 0.775 0.0109375 0.01875 0.0171875
1 0.753125 0.00234375 0.025 0.0046875
1 0.6671875 0.00703125 0.021875 0.0140625
1 0.696875 0.0078125 0.03125 0.015625
1 0.6546875 0.003125 0.028125 0.00625
1 0.8296875 0.0703125 0.03125 0.0296875
1 0.815625 0.05 0.0296875 0.021875
0 0.31015625 0.98125 0.2484375 0.0375
0 0.140625 0.9546875 0.209375 0.08125
1 0.1046875 0.7796875 0.0203125 0.0203125
1 0.7734375 0.8125 0.0390625 0.0390625
1 0.8640625 0.98984375 0.046875 0.0203125
1 0.85625 0.7171875 0.065625 0.04375
1 0.64375 0.68046875 0.05 0.0234375
1 0.59453125 0.72734375 0.0109375 0.0234375
1 0.60625 0.69453125 0.034375 0.0265625
1 0.8828125 0.8984375 0.0375 0.034375
1 0.915625 0.9484375 0.03125 0.0375