1 0.4 0.45 0.0140625 0.0125
1 0.371875 0.2 0.0171875 0.015625
1 0.3671875 0.378125 0.009375 0.0078125
1 0.3625 0.28125 0.0140625 0.0078125
1 0.3625 0.0390625 0.0421875 0.0359375
1 0.33125 0.0171875 0.0234375 0.0203125
0 0.2984375 0.2515625 0.0421875 0.0453125
1 0.49375 0.49375 0.0296875 0.0234375
1 0.55625 0.509375 0.00625 0.01875
1 0.50625 0.4734375 0.0203125 0.025
1 0.55234375 0.48359375 0.0140625 0.0171875
1 0.3828125 0.428125 0.0140625 0.0234375
1 0.2703125 0.43125 0.015625 0.0234375
1 0.284375 0.403125 0.025 0.0265625
1 0.25 0.4375 0.0234375 0.015625
1 0.2484375 0.425 0.025 0.015625
0 0.521875 0.2359375 0.075 0.1375
0 0.4703125 0.2390625 0.1015625 0.1296875
1 0.5234375 0.078125 0.0265625 0.0203125
1 0.534375 0.034375 0.0171875 0.0109375
1 0.5484375 0.04375 0.021875 0.025
1 0.490625 0.0234375 0.0109375 0.0078125
1 0.5140625 0.0265625 0.0140625 0.0171875
1 0.409375 0.046875 0.025 0.0234375
1 0.425 0.184375 0.015625 0.0109375
1 0.403125 0.23125 0.0203125 0.021875
1 0.3625 0.06875 0.01875 0.021875
1 0.3484375 0.0609375 0.0171875 0.01875
1 0.3625 0.0515625 0.0375 0.015625
1 0.328125 0.0046875 0.01875 0.009375
1 0.3109375 0.1109375 0.01875 0.025
1 0.321875 0.0796875 0.0234375 0.021875
1 0.353125 0.1453125 0.0234375 0.0203125
1 0.35625 0.1828125 0.0140625 0.0203125
1 0.4453125 0.1546875 0.01875 0.015625
1 0.4171875 0.2171875 0.0171875 0.0140625
1 0.2421875 0.0640625 0.0171875 0.015625
1 0.24921875 0.00546875 0.0078125 0.0109375
1 0.2296875 0.0640625 0.0078125 0.021875
0 0.60234375 0.240625 0.0859375 0.25625
0 0.6765625 0.2265625 0.19375 0.153125
1 0.665625 0.096875 0.0234375 0.034375
1 0.7609375 0.309375 0.025 0.03125
0 0.33125 0.5734375 0.11875 0.025
1 0.196875 0.6015625 0.021875 0.0171875
1 0.1828125 0.5453125 0.0109375 0.00625
1 0.075 0.575 0.08125 0.0984375
1 0.2609375 0.9609375 0.04375 0.01875
1 0.2859375 0.9296875 0.021875 0.028125
0 0.0296875 0.70078125 0.059375 0.2046875
0 0.12265625 0.7953125 0.2453125 0.409375
0 0.2265625 0.8125 0.33125 0.375
1 0.98984375 0.5484375 0.0203125 0.01875
1 0.98828125 0.65703125 0.0234375 0.0421875
1 0.98359375 0.5828125 0.0328125 0.05
1 0.9484375 0.934375 0.0203125 0.0125
1 0.94375 0.59375 0.034375 0.0359375
1 0.928125 0.75625 0.025 0.0390625
1 0.9140625 0.6015625 0.0234375 0.0265625
1 0.9203125 0.9140625 0.028125 0.0375
1 0.91171875 0.52421875 0.0171875 0.0109375
1 0.875 0.5484375 0.025 0.01875
1 0.8578125 0.921875 0.034375 0.0203125
1 0.85625 0.9578125 0.0328125 0.03125
1 0.85625 0.66875 0.0125 0.01875
1 0.840625 0.7328125 0.03125 0.03125
1 0.803125 0.9078125 0.01875 0.0265625
0 0.8765625 0.8421875 0.184375 0.1765625
1 0.7609375 0.5625 0.05 0.025
1 0.746875 0.840625 0.0265625 0.0234375
1 0.7390625 0.7328125 0.0203125 0.025
1 0.69375 0.61875 0.0203125 0.0390625
1 0.7078125 0.6734375 0.075 0.0640625
0 0.7078125 0.8109375 0.140625 0.125
0 0.6421875 0.65625 0.0671875 0.090625
1 0.5765625 0.5515625 0.0078125 0.0328125
1 0.56484375 0.60625 0.0109375 0.04375
1 0.5734375 0.684375 0.028125 0.04375
1 0.978125 0.8390625 0.021875 0.0234375
1 0.99375 0.8015625 0.0078125 0.0234375
1 0.99375 0.7453125 0.0125 0.0234375
0 0.9953125 0.81484375 0.009375 0.0453125
1 0.9078125 0.5828125 0.0203125 0.009375
1 0.978125 0.559375 0.0140625 0.0234375
1 0.84375 0.9078125 0.0140625 0.0171875
0 0.58359375 0.8078125 0.0484375 0.11875
1 0.7890625 0.903125 0.015625 0.0359375
1 0.6234375 0.803125 0.03125 0.040625
1 0.6046875 0.878125 0.0484375 0.0390625
1 0.5953125 0.8359375 0.05625 0.0578125
1 0.7203125 0.54375 0.040625 0.0328125
1 0.7265625 0.565625 0.015625 0.0171875
1 0.56640625 0.6671875 0.0140625 0.025
1 0.575 0.6625 0.021875 0.0203125