0 0.034375 0.403125 0.06875 0.134375
0 0.0359375 0.328125 0.0671875 0.065625
1 0.2484375 0.1671875 0.01875 0.0234375
0 0.02109375 0.2328125 0.0421875 0.196875
1 0.0734375 0.1203125 0.021875 0.021875
1 0.1 0.0421875 0.0203125 0.0265625
0 0.0234375 0.02421875 0.046875 0.0484375
1 0.2578125 0.196875 0.0234375 0.028125
1 0.371875 0.2609375 0.04375 0.0421875
1 0.315625 0.0359375 0.0234375 0.0203125
1 0.3359375 0.0671875 0.025 0.03125
1 0.3765625 0.0828125 0.0375 0.0203125
1 0.43515625 0.1 0.0078125 0.015625
1 0.9609375 0.0921875 0.0234375 0.034375
1 0.7640625 0.215625 0.0796875 0.0609375
1 0.728125 0.1875 0.0546875 0.0421875
1 0.703125 0.146875 0.040625 0.03125
0 0.9953125 0.3890625 0.009375 0.084375
0 0.89765625 0.3546875 0.2046875 0.153125
0 0.8890625 0.190625 0.221875 0.334375
0 0.8921875 0.06171875 0.215625 0.1234375
1 0.378125 0.9234375 0.00625 0.009375
1 0.428125 0.871875 0.0078125 0.0109375
1 0.4375 0.86640625 0.003125 0.0140625
1 0.0921875 0.8515625 0.0203125 0.0171875
0 0.0796875 0.88828125 0.159375 0.2234375
1 0.3359375 0.728125 0.009375 0.0078125
1 0.1546875 0.8484375 0.015625 0.0203125
0 0.06015625 0.7984375 0.1203125 0.15
1 0.7984375 0.98125 0.0140625 0.015625
1 0.74375 0.9671875 0.0140625 0.0234375
0 0.8359375 0.971875 0.065625 0.05625
1 0.7203125 0.940625 0.025 0.0234375
1 0.8546875 0.9015625 0.015625 0.009375
1 0.9078125 0.890625 0.0125 0.0265625
1 0.5296875 0.865625 0.0265625 0.028125
1 0.5515625 0.8296875 0.0140625 0.0234375
1 0.615625 0.796875 0.01875 0.01875
1 0.725 0.7984375 0.021875 0.025
1 0.99453125 0.78671875 0.0109375 0.0140625
1 0.753125 0.7765625 0.015625 0.0265625
0 0.8390625 0.790625 0.125 0.0796875
1 0.778125 0.74375 0.01875 0.0109375
1 0.6109375 0.75 0.025 0.0234375
1 0.58125 0.909375 0.0203125 0.0296875
1 0.64375 0.9015625 0.034375 0.0328125
1 0.675 0.8171875 0.0234375 0.0265625
1 0.7328125 0.9140625 0.0328125 0.03125
1 0.7609375 0.8640625 0.0359375 0.028125
1 0.709375 0.7640625 0.0296875 0.025
1 0.9015625 0.7625 0.0265625 0.01875
1 0.925 0.803125 0.0203125 0.025
1 0.9671875 0.8015625 0.0203125 0.0296875
1 0.99296875 0.859375 0.0140625 0.021875
1 0.85625 0.934375 0.0328125 0.021875
1 0.7984375 0.8578125 0.0171875 0.01875
1 0.8546875 0.859375 0.015625 0.015625
1 0.771875 0.928125 0.015625 0.025
1 0.79375 0.94375 0.021875 0.025
1 0.79375 0.925 0.04375 0.03125
1 0.9 0.9609375 0.015625 0.0203125