1 0.01015625 0.06953125 0.0203125 0.0265625
1 0.234375 0.0171875 0.0546875 0.0328125
1 0.2609375 0.046875 0.0578125 0.0640625
1 0.1328125 0.0578125 0.0296875 0.0328125
1 0.153125 0.00859375 0.025 0.0171875
1 0.39296875 0.0234375 0.0140625 0.03125
1 0.38125 0.10546875 0.0375 0.0453125
1 0.228125 0.2140625 0.0265625 0.028125
1 0.2421875 0.228125 0.0328125 0.028125
1 0.2203125 0.2671875 0.0140625 0.03125
1 0.209375 0.3015625 0.03125 0.0265625
1 0.1984375 0.2453125 0.01875 0.021875
1 0.1453125 0.3015625 0.0328125 0.025
1 0.134375 0.265625 0.01875 0.0234375
1 0.06875 0.421875 0.0328125 0.04375
1 0.21875 0.4234375 0.0328125 0.0265625
1 0.1375 0.1765625 0.0296875 0.025
1 0.1265625 0.2203125 0.0234375 0.0171875
1 0.6296875 0.4640625 0.0234375 0.0234375
1 0.715625 0.4125 0.0296875 0.025
1 0.625 0.384375 0.0421875 0.0328125
1 0.609375 0.35 0.04375 0.0421875
1 0.71875 0.3546875 0.04375 0.034375
1 0.7125 0.2515625 0.03125 0.0265625
1 0.6625 0.2328125 0.0234375 0.0203125
1 0.6109375 0.225 0.0234375 0.03125
1 0.5890625 0.184375 0.025 0.0078125
1 0.8 0.2625 0.0234375 0.0203125
1 0.7375 0.1625 0.0109375 0.0109375
1 0.8125 0.171875 0.0359375 0.03125
1 0.7828125 0.134375 0.04375 0.0390625
1 0.8296875 0.1359375 0.0234375 0.0203125
1 0.7234375 0.0296875 0.0265625 0.0265625
1 0.98359375 0.00859375 0.0265625 0.0171875
1 0.953125 0.0125 0.0265625 0.0171875
1 0.4671875 0.4171875 0.03125 0.0375
0 0.41796875 0.35546875 0.0359375 0.1015625
1 0.4328125 0.2765625 0.025 0.0453125
1 0.471875 0.103125 0.034375 0.0328125
0 0.42578125 0.128125 0.0515625 0.10625
0 0.9234375 0.0640625 0.1265625 0.103125
0 0.8890625 0.00390625 0.053125 0.0078125
0 0.903125 0.1671875 0.1453125 0.1421875
0 0.9125 0.25 0.1515625 0.1140625
0 0.88125 0.3625 0.15 0.1703125
0 0.89609375 0.44296875 0.1609375 0.0921875
1 0.38359375 0.51796875 0.0328125 0.0328125
1 0.340625 0.5609375 0.0453125 0.0578125
1 0.2515625 0.528125 0.09375 0.05
1 0.271875 0.6109375 0.05 0.0796875
1 0.259375 0.734375 0.0625 0.0375
1 0.209375 0.6390625 0.0546875 0.03125
1 0.1890625 0.6703125 0.0359375 0.0578125
1 0.1546875 0.6875 0.0625 0.053125
1 0.38984375 0.93671875 0.0203125 0.0328125
1 0.315625 0.9140625 0.10625 0.0828125
1 0.3 0.9 0.0546875 0.0640625
1 0.265625 0.9578125 0.0859375 0.0328125
1 0.2109375 0.7609375 0.0328125 0.0390625
1 0.2546875 0.79375 0.0328125 0.0296875
1 0.2 0.8203125 0.0359375 0.0421875
1 0.0921875 0.9578125 0.075 0.0453125
0 0.04453125 0.9734375 0.0796875 0.053125
0 0.08125 0.834375 0.1109375 0.115625
1 0.0359375 0.9171875 0.034375 0.040625
1 0.01875 0.93125 0.0375 0.034375
1 0.00625 0.9609375 0.0125 0.0625
1 0.03828125 0.71015625 0.0765625 0.0796875
0 0.0640625 0.615625 0.1234375 0.225
1 0.1421875 0.575 0.0328125 0.0390625
1 0.1359375 0.5078125 0.0375 0.0375
1 0.6765625 0.6828125 0.0234375 0.0234375
1 0.6328125 0.7125 0.0109375 0.0109375
1 0.4796875 0.7390625 0.0234375 0.028125
1 0.6796875 0.73125 0.0234375 0.0265625
1 0.546875 0.7515625 0.015625 0.0234375
1 0.63125 0.7703125 0.0375 0.0296875
1 0.7765625 0.8203125 0.0390625 0.046875
1 0.4375 0.81875 0.03125 0.0296875
1 0.90625 0.8625 0.021875 0.0140625
1 0.471875 0.934375 0.0109375 0.0109375
1 0.9625 0.9421875 0.01875 0.0265625
1 0.6390625 0.93125 0.025 0.021875
1 0.6859375 0.946875 0.021875 0.0296875
1 0.81875 0.9375 0.0203125 0.03125
1 0.85 0.8234375 0.015625 0.0265625
1 0.875 0.8140625 0.01875 0.0390625
1 0.91875 0.765625 0.025 0.009375
0 0.8609375 0.7484375 0.16875 0.1875
1 0.803125 0.8390625 0.015625 0.0234375
1 0.7921875 0.871875 0.015625 0.01875
0 0.89765625 0.925 0.1671875 0.15
1 0.9578125 0.99765625 0.021875 0.0046875
1 0.51875 0.709375 0.0265625 0.015625
1 0.5796875 0.8421875 0.028125 0.028125
1 0.615625 0.83125 0.0296875 0.0390625