0 0.4140625 0.50078125 0.096875 0.0578125
0 0.2625 0.396875 0.0859375 0.0984375
0 0.3390625 0.29375 0.1140625 0.1
0 0.453125 0.2421875 0.053125 0.10625
0 0.3890625 0.0671875 0.121875 0.1203125
0 0.296875 0.03046875 0.103125 0.0609375
1 0.22890625 0.009375 0.0359375 0.01875
1 0.43984375 0.01875 0.0390625 0.0375
1 0.2578125 0.2671875 0.0828125 0.075
1 0.3109375 0.153125 0.01875 0.0265625
1 0.4640625 0.39375 0.03125 0.05625
1 0.4375 0.4703125 0.0390625 0.034375
1 0.46796875 0.3515625 0.0234375 0.025
1 0.3421875 0.490625 0.0359375 0.034375
1 0.3328125 0.19375 0.015625 0.009375
1 0.65 0.00234375 0.01875 0.0046875
1 0.70546875 0.01015625 0.0328125 0.0203125
1 0.7125 0.059375 0.04375 0.03125
1 0.7703125 0.0109375 0.021875 0.021875
1 0.99375 0.1 0.0125 0.053125
1 0.9125 0.121875 0.046875 0.0328125
1 0.8765625 0.115625 0.040625 0.021875
1 0.865625 0.065625 0.0546875 0.0375
1 0.8578125 0.04375 0.00625 0.0140625
1 0.8328125 0.046875 0.0078125 0.003125
1 0.7859375 0.121875 0.0578125 0.040625
1 0.8046875 0.203125 0.028125 0.0234375
1 0.8015625 0.2125 0.0140625 0.0109375
1 0.8140625 0.23125 0.015625 0.0125
1 0.709375 0.1734375 0.0171875 0.0328125
1 0.690625 0.153125 0.0203125 0.01875
1 0.66875 0.0765625 0.0171875 0.015625
1 0.6875 0.0640625 0.0140625 0.0109375
1 0.9140625 0.2203125 0.0359375 0.03125
1 0.90625 0.2671875 0.009375 0.009375
1 0.8765625 0.25 0.0125 0.0140625
1 0.7578125 0.259375 0.01875 0.01875
1 0.790625 0.24375 0.0109375 0.0109375
1 0.6875 0.52734375 0.01875 0.0046875
1 0.88125 0.52109375 0.015625 0.0171875
1 0.990625 0.4890625 0.0109375 0.0125
1 0.98125 0.4921875 0.0203125 0.0203125
1 0.9953125 0.50625 0.009375 0.015625
1 0.95 0.5078125 0.053125 0.04375
1 0.9296875 0.4375 0.0203125 0.0203125
1 0.890625 0.4515625 0.01875 0.015625
1 0.8765625 0.4421875 0.0171875 0.025
1 0.7390625 0.4671875 0.0109375 0.009375
1 0.740625 0.43125 0.0078125 0.0109375
1 0.803125 0.5046875 0.0203125 0.021875
1 0.7859375 0.4734375 0.0171875 0.015625
1 0.9875 0.3375 0.025 0.046875
1 0.95 0.3390625 0.0640625 0.0796875
1 0.940625 0.2734375 0.0078125 0.0078125
1 0.7109375 0.39375 0.0328125 0.0171875
1 0.8125 0.34375 0.025 0.0203125
1 0.8171875 0.3296875 0.0484375 0.028125
1 0.8046875 0.3328125 0.0109375 0.0140625
1 0.915625 0.2828125 0.009375 0.0109375
0 0.9046875 0.3796875 0.0796875 0.121875
0 0.865625 0.35 0.13125 0.140625
1 0.8015625 0.390625 0.009375 0.0109375
0 0.6828125 0.35625 0.1078125 0.1015625
1 0.63125 0.31875 0.021875 0.01875
0 0.6328125 0.36875 0.025 0.04375
1 0.0484375 0.6296875 0.0390625 0.0734375
1 0.221875 0.7296875 0.078125 0.0625
1 0.16640625 0.54296875 0.0703125 0.0265625
1 0.378125 0.8390625 0.0203125 0.0234375
1 0.36875 0.75625 0.021875 0.0140625
0 0.04453125 0.94453125 0.0890625 0.1109375
0 0.2125 0.946875 0.18125 0.10625
0 0.378125 0.959375 0.109375 0.08125
1 0.3390625 0.6140625 0.0203125 0.01875
1 0.4875 0.7109375 0.015625 0.028125
1 0.5265625 0.7828125 0.0671875 0.04375
1 0.59375 0.5359375 0.021875 0.0125
1 0.6078125 0.5453125 0.028125 0.0265625
1 0.50390625 0.6484375 0.0484375 0.0625
0 0.5625 0.6625 0.0953125 0.171875
0 0.771875 0.6203125 0.0390625 0.046875
0 0.7578125 0.6984375 0.06875 0.065625
0 0.690625 0.6828125 0.153125 0.0921875
0 0.6421875 0.640625 0.096875 0.096875
1 0.6015625 0.653125 0.075 0.0859375
1 0.6921875 0.75625 0.034375 0.0203125
1 0.7015625 0.8203125 0.0328125 0.0515625
1 0.690625 0.85 0.0203125 0.0265625
1 0.634375 0.8453125 0.0171875 0.0140625
1 0.55 0.9203125 0.03125 0.0234375
1 0.5625 0.9828125 0.028125 0.0234375
1 0.5125 0.8671875 0.028125 0.05
1 0.484375 0.76875 0.009375 0.046875
1 0.48828125 0.9328125 0.0171875 0.03125
1 0.7875 0.9265625 0.009375 0.0359375
1 0.7859375 0.99609375 0.0125 0.0078125
1 0.7546875 0.9609375 0.034375 0.0546875
1 0.7578125 0.98203125 0.05 0.0359375
1 0.70625 0.91875 0.0359375 0.040625
1 0.62265625 0.98359375 0.0546875 0.0328125
1 0.71171875 0.99296875 0.0265625 0.0140625
1 0.7125 0.9609375 0.0203125 0.01875
1 0.6890625 0.965625 0.0265625 0.0328125
1 0.696875 0.978125 0.015625 0.0375
1 0.521875 0.7046875 0.025 0.0140625
1 0.6765625 0.8421875 0.0125 0.0265625