1 0.4421875 0.1734375 0.009375 0.0171875
1 0.4203125 0.15 0.0125 0.028125
0 0.4296875 0.121875 0.1 0.109375
1 0.3734375 0.1484375 0.0390625 0.0296875
1 0.31875 0.4015625 0.0125 0.0171875
0 0.3046875 0.134375 0.13125 0.0984375
1 0.2484375 0.1703125 0.015625 0.025
1 0.153125 0.2015625 0.01875 0.0234375
1 0.1109375 0.43515625 0.021875 0.0078125
1 0.15625 0.4078125 0.0265625 0.025
1 0.0765625 0.4140625 0.021875 0.021875
1 0.21875 0.390625 0.0265625 0.0359375
1 0.30625 0.3875 0.021875 0.0265625
1 0.278125 0.3875 0.0203125 0.021875
1 0.0859375 0.340625 0.0171875 0.01875
1 0.228125 0.328125 0.0203125 0.0203125
1 0.2359375 0.35625 0.0140625 0.0171875
1 0.2734375 0.2984375 0.0203125 0.021875
1 0.2359375 0.2953125 0.0265625 0.0296875
1 0.178125 0.29375 0.025 0.0234375
1 0.2546875 0.2390625 0.021875 0.0125
1 0.3515625 0.28125 0.0234375 0.0171875
1 0.1859375 0.3515625 0.021875 0.01875
1 0.06875 0.2609375 0.0234375 0.025
1 0.1125 0.1625 0.0171875 0.021875
1 0.0640625 0.1734375 0.015625 0.0140625
1 0.0734375 0.146875 0.015625 0.0140625
1 0.178125 0.1359375 0.0234375 0.0546875
1 0.234375 0.1796875 0.015625 0.021875
1 0.4375 0.325 0.015625 0.0234375
1 0.4640625 0.3171875 0.021875 0.021875
1 0.4015625 0.34375 0.0125 0.0109375
1 0.378125 0.3 0.015625 0.0265625
1 0.43125 0.221875 0.0203125 0.0109375
1 0.171875 0.196875 0.01875 0.01875
1 0.234375 0.1484375 0.0125 0.015625
1 0.2609375 0.0265625 0.01875 0.0171875
1 0.196875 0.0421875 0.0109375 0.015625
1 0.2078125 0.01875 0.009375 0.0234375
1 0.096875 0.1109375 0.0109375 0.021875
1 0.109375 0.103125 0.0140625 0.0453125
1 0.09375 0.0921875 0.015625 0.0078125
1 0.0859375 0.078125 0.015625 0.0140625
1 0.075 0.0484375 0.0203125 0.01875
1 0.1109375 0.00625 0.009375 0.0125
1 0.1625 0.0890625 0.0203125 0.0203125
1 0.0453125 0.0921875 0.0171875 0.0171875
1 0.05625 0.1171875 0.0171875 0.015625
1 0.4578125 0.34375 0.0125 0.015625
1 0.478125 0.31015625 0.003125 0.0171875
1 0.4109375 0.2828125 0.0171875 0.0203125
1 0.403125 0.2671875 0.0265625 0.03125
1 0.3125 0.31875 0.0203125 0.0265625
1 0.2984375 0.3015625 0.0140625 0.021875
1 0.128125 0.1015625 0.0359375 0.0453125
0 0.590625 0.06796875 0.221875 0.1359375
0 0.76015625 0.084375 0.0984375 0.16875
1 0.6765625 0.1859375 0.065625 0.0734375
1 0.50703125 0.29296875 0.0546875 0.0390625
1 0.6015625 0.2515625 0.0625 0.0375
1 0.6171875 0.4046875 0.275 0.06875
0 0.321875 0.978125 0.15 0.04375
1 0.215625 0.9171875 0.015625 0.009375
1 0.06015625 0.99375 0.0546875 0.0125
1 0.05625 0.8859375 0.0328125 0.0140625
0 0.0671875 0.5171875 0.11875 0.0953125
0 0.146875 0.51875 0.1171875 0.096875
0 0.33515625 0.50078125 0.1203125 0.1234375
0 0.2453125 0.5078125 0.109375 0.1078125
1 0.3578125 0.5796875 0.0671875 0.10625
1 0.2390625 0.853125 0.034375 0.025
1 0.0453125 0.7234375 0.028125 0.025
1 0.015625 0.8125 0.03125 0.034375
1 0.1515625 0.7984375 0.025 0.0265625
1 0.12109375 0.97265625 0.0796875 0.0546875
1 0.5875 0.9875 0.021875 0.01875
1 0.6671875 0.903125 0.025 0.0203125
1 0.9140625 0.834375 0.021875 0.0171875
1 0.8359375 0.8140625 0.021875 0.0234375
1 0.8671875 0.928125 0.0140625 0.0203125
1 0.753125 0.9359375 0.015625 0.0171875
1 0.553125 0.8 0.0203125 0.021875
1 0.525 0.825 0.021875 0.021875
1 0.70625 0.609375 0.025 0.0203125
0 0.5375 0.5421875 0.075 0.04375
1 0.509375 0.5171875 0.0140625 0.015625
0 0.621875 0.5609375 0.1 0.2125
0 0.78671875 0.54765625 0.0703125 0.2171875
1 0.890625 0.4765625 0.0203125 0.01875
1 0.86171875 0.44609375 0.0265625 0.0140625
1 0.809375 0.55 0.0828125 0.08125
1 0.9265625 0.515625 0.0328125 0.078125
0 0.96015625 0.55546875 0.0796875 0.2328125