0 0.0859375 0.13203125 0.171875 0.2078125
0 0.021875 0.259375 0.04375 0.1125
0 0.2046875 0.3046875 0.0921875 0.015625
1 0.459375 0.2484375 0.046875 0.025
1 0.5125 0.23125 0.03125 0.0265625
1 0.5125 0.175 0.0234375 0.0328125
1 0.4921875 0.1234375 0.0328125 0.0390625
1 0.4828125 0.05 0.034375 0.040625
1 0.43671875 0.009375 0.0296875 0.01875
1 0.23828125 0.00703125 0.0453125 0.0140625
1 0.24375 0.0625 0.0375 0.0375
1 0.325 0.0515625 0.034375 0.040625
1 0.15 0.0359375 0.034375 0.03125
1 0.075 0.0265625 0.046875 0.053125
1 0.1828125 0.146875 0.025 0.0328125
1 0.21875 0.134375 0.0203125 0.0296875
1 0.2328125 0.20625 0.0265625 0.0328125
1 0.1171875 0.2 0.05 0.0515625
1 0.175 0.2390625 0.0546875 0.040625
1 0.1015625 0.2515625 0.0546875 0.034375
1 0.0796875 0.271875 0.025 0.0265625
1 0.071875 0.303125 0.0296875 0.0125
1 0.021875 0.10546875 0.04375 0.0421875
1 0.0171875 0.18125 0.034375 0.025
1 0.528125 0.07734375 0.003125 0.0140625
1 0.075 0.1765625 0.0296875 0.015625
1 0.93125 0.23125 0.00625 0.0078125
1 0.7984375 0.3203125 0.03125 0.0125
1 0.8296875 0.09375 0.0078125 0.0078125
1 0.7453125 0.1640625 0.0234375 0.0203125
1 0.8265625 0.3984375 0.00625 0.009375
1 0.53203125 0.26015625 0.0046875 0.0109375
1 0.5375 0.1734375 0.0140625 0.0109375
1 0.5828125 0.14375 0.0109375 0.0171875
1 0.6265625 0.115625 0.0234375 0.0296875
0 0.6578125 0.171875 0.1828125 0.215625
1 0.6546875 0.1578125 0.0265625 0.05625
1 0.7296875 0.246875 0.0078125 0.009375
0 0.63359375 0.31796875 0.1609375 0.1828125
1 0.6265625 0.328125 0.0046875 0.009375
1 0.38125 0.575 0.0203125 0.0171875
1 0.4875 0.815625 0.0125 0.00625
1 0.3796875 0.946875 0.015625 0.0140625
1 0.4484375 0.8171875 0.0140625 0.009375
1 0.1390625 0.4578125 0.015625 0.0171875
0 0.2890625 0.890625 0.2203125 0.0765625
1 0.3703125 0.9296875 0.01875 0.034375
1 0.3515625 0.925 0.0109375 0.025
1 0.346875 0.85 0.0203125 0.0171875
0 0.3 0.7453125 0.18125 0.165625
0 0.3078125 0.5640625 0.1765625 0.228125
0 0.2171875 0.471875 0.0109375 0.0453125
1 0.1125 0.9078125 0.0078125 0.0078125
1 0.1453125 0.8703125 0.0078125 0.00625
1 0.9328125 0.984375 0.0171875 0.01875
1 0.83203125 0.9984375 0.0328125 0.003125
1 0.8421875 0.9265625 0.0109375 0.0046875
1 0.99921875 0.975 0.0015625 0.009375
1 0.94765625 0.75234375 0.1046875 0.2765625
1 0.984375 0.7671875 0.0109375 0.0109375
1 0.725 0.984375 0.00625 0.0078125
1 0.7296875 0.884375 0.0140625 0.0140625
1 0.74375 0.6515625 0.040625 0.0296875
1 0.5578125 0.7296875 0.053125 0.0625
1 0.6046875 0.7671875 0.0234375 0.0203125
1 0.6609375 0.7640625 0.0046875 0.0109375
0 0.6421875 0.8703125 0.2109375 0.1546875
1 0.6984375 0.9125 0.0734375 0.0859375
0 0.63359375 0.97734375 0.2078125 0.0453125
0 0.6625 0.69453125 0.265625 0.1609375