0 0.26015625 0.05234375 0.2203125 0.1046875
1 0.30625 0.175 0.0234375 0.01875
1 0.215625 0.4078125 0.0171875 0.01875
1 0.61875 0.1390625 0.0375 0.028125
1 0.590625 0.0953125 0.0296875 0.0296875
1 0.5109375 0.1171875 0.0375 0.0453125
1 0.7640625 0.1140625 0.0234375 0.009375
0 0.8234375 0.0703125 0.05625 0.0625
0 0.465625 0.146875 0.053125 0.29375
0 0.59296875 0.05703125 0.2765625 0.1140625
0 0.83515625 0.015625 0.0296875 0.03125
0 0.75078125 0.0671875 0.1984375 0.134375
1 0.3078125 0.99296875 0.065625 0.0140625
1 0.303125 0.75625 0.0671875 0.053125
1 0.2625 0.8328125 0.028125 0.0140625
0 0.2890625 0.765625 0.153125 0.240625
0 0.2953125 0.6578125 0.1390625 0.1921875
0 0.1953125 0.8078125 0.196875 0.1265625
0 0.115625 0.76640625 0.23125 0.2015625
1 0.1078125 0.60625 0.0625 0.040625
1 0.2234375 0.5375 0.0234375 0.0265625
1 0.2125 0.46328125 0.028125 0.0078125
0 0.45625 0.79453125 0.034375 0.0859375
1 0.4796875 0.7890625 0.025 0.021875
1 0.50625 0.7796875 0.0328125 0.009375
1 0.521875 0.8390625 0.025 0.09375
1 0.8 0.8109375 0.05625 0.065625
1 0.784375 0.7875 0.009375 0.025
1 0.7859375 0.7546875 0.0234375 0.028125
1 0.678125 0.80625 0.0328125 0.0265625
0 0.5484375 0.815625 0.121875 0.08125
0 0.8796875 0.8 0.11875 0.115625
1 0.8296875 0.846875 0.015625 0.021875
1 0.45234375 0.671875 0.0265625 0.0375
1 0.54375 0.615625 0.0234375 0.01875
1 0.6046875 0.6171875 0.01875 0.0140625
1 0.7203125 0.65625 0.046875 0.0359375
1 0.7875 0.6609375 0.0125 0.028125
1 0.71875 0.5296875 0.0265625 0.03125
1 0.7296875 0.5015625 0.0046875 0.0140625
1 0.75625 0.5125 0.009375 0.01875
1 0.7765625 0.50625 0.0390625 0.034375
1 0.46875 0.46875 0.021875 0.0140625
1 0.4890625 0.5375 0.009375 0.00625
1 0.446875 0.47421875 0.015625 0.0265625
1 0.66875 0.65 0.0203125 0.01875