1 0.18125 0.109375 0.0109375 0.0265625
0 0.20625 0.14375 0.059375 0.1359375
1 0.3578125 0.2546875 0.01875 0.021875
1 0.2921875 0.00234375 0.025 0.0046875
1 0.221875 0.0046875 0.03125 0.009375
1 0.4203125 0.00703125 0.015625 0.0140625
1 0.425 0.0421875 0.0265625 0.021875
1 0.328125 0.040625 0.06875 0.0671875
1 0.4328125 0.1109375 0.0203125 0.028125
1 0.44140625 0.13671875 0.0171875 0.0203125
1 0.4140625 0.1421875 0.0421875 0.046875
1 0.3609375 0.05625 0.04375 0.0375
1 0.3828125 0.0921875 0.0890625 0.0859375
1 0.3421875 0.0953125 0.0171875 0.046875
1 0.334375 0.1359375 0.0078125 0.0125
1 0.2953125 0.215625 0.0234375 0.0265625
1 0.26875 0.16875 0.009375 0.0265625
0 0.2203125 0.25625 0.084375 0.365625
0 0.34140625 0.26640625 0.2171875 0.1859375
1 0.271875 0.2765625 0.0390625 0.0625
1 0.2453125 0.3375 0.015625 0.0125
1 0.271875 0.353125 0.0203125 0.015625
1 0.3203125 0.3359375 0.03125 0.028125
1 0.290625 0.4609375 0.015625 0.025
1 0.4125 0.3734375 0.0234375 0.015625
1 0.3859375 0.3390625 0.028125 0.0125
1 0.415625 0.253125 0.0265625 0.0453125
1 0.4453125 0.24296875 0.009375 0.0109375
1 0.4484375 0.228125 0.003125 0.015625
1 0.35625 0.225 0.0234375 0.01875
1 0.334375 0.2390625 0.0203125 0.01875
1 0.3421875 0.2625 0.025 0.021875
1 0.434375 0.6171875 0.0203125 0.0234375
1 0.4484375 0.6265625 0.003125 0.00625
1 0.384375 0.6234375 0.01875 0.0234375
1 0.3515625 0.6375 0.025 0.0234375
1 0.3109375 0.6171875 0.025 0.0140625
1 0.3140625 0.63125 0.0234375 0.009375
1 0.2875 0.6546875 0.015625 0.0234375
1 0.25625 0.6546875 0.0234375 0.0140625
1 0.2578125 0.6171875 0.0234375 0.025
1 0.2828125 0.51875 0.0265625 0.01875
1 0.296875 0.5546875 0.0234375 0.0234375
1 0.315625 0.484375 0.0359375 0.0375
1 0.6578125 0.190625 0.0078125 0.0109375
1 0.740625 0.1796875 0.03125 0.0296875
0 0.81953125 0.4796875 0.3609375 0.346875
1 0.8125 0.353125 0.0265625 0.034375
0 0.721875 0.44375 0.2140625 0.346875
0 0.6859375 0.4421875 0.1375 0.146875
1 0.3703125 0.8984375 0.021875 0.025
1 0.3453125 0.9234375 0.01875 0.0203125
1 0.44375 0.7515625 0.0125 0.01875
1 0.221875 0.8203125 0.0078125 0.0078125
0 0.6859375 0.8734375 0.1 0.253125
0 0.8625 0.92890625 0.275 0.1421875
1 0.7390625 0.8734375 0.0296875 0.040625