1 0.0453125 0.0515625 0.021875 0.028125
1 0.309375 0.0421875 0.0265625 0.0265625
1 0.234375 0.0515625 0.0125 0.0265625
1 0.15 0.0375 0.0234375 0.021875
1 0.075 0.1765625 0.0359375 0.0390625
1 0.1296875 0.1609375 0.021875 0.0234375
1 0.3609375 0.0875 0.0375 0.04375
1 0.3171875 0.0703125 0.0296875 0.03125
1 0.3140625 0.0859375 0.0203125 0.01875
1 0.3625 0.1859375 0.0296875 0.0421875
1 0.346875 0.2484375 0.0203125 0.025
1 0.3390625 0.2171875 0.01875 0.0234375
1 0.3140625 0.2125 0.015625 0.01875
0 0.2796875 0.2828125 0.2265625 0.2765625
0 0.07734375 0.30703125 0.1546875 0.2984375
1 0.8734375 0.0546875 0.0125 0.0125
1 0.9328125 0.4328125 0.025 0.015625
1 0.7828125 0.3796875 0.0125 0.015625
0 0.9625 0.23515625 0.075 0.2421875
0 0.9109375 0.20390625 0.178125 0.1640625
0 0.7171875 0.190625 0.1375 0.175
0 0.721875 0.18125 0.15 0.234375
1 0.1609375 0.628125 0.0046875 0.0140625
1 0.49375 0.7421875 0.0046875 0.0140625
1 0.49453125 0.5125 0.0296875 0.025
1 0.2890625 0.5546875 0.0296875 0.021875
1 0.28125 0.6015625 0.03125 0.0375
1 0.2 0.596875 0.0328125 0.0390625
1 0.3546875 0.628125 0.028125 0.0234375
1 0.3296875 0.721875 0.0109375 0.0125
0 0.234375 0.853125 0.1828125 0.234375
1 0.375 0.7828125 0.0046875 0.009375
1 0.3765625 0.809375 0.021875 0.025
1 0.4625 0.85625 0.0359375 0.0734375
1 0.4484375 0.8015625 0.01875 0.0625
1 0.4890625 0.7859375 0.0171875 0.0421875
0 0.47890625 0.88515625 0.0609375 0.1890625
1 0.4703125 0.9265625 0.0265625 0.0203125
1 0.20625 0.978125 0.0359375 0.0234375
0 0.70546875 0.65234375 0.1546875 0.3046875
0 0.615625 0.625 0.2125 0.25
1 0.565625 0.5859375 0.034375 0.03125
1 0.5421875 0.546875 0.01875 0.01875
1 0.51484375 0.50859375 0.0109375 0.0171875
1 0.5203125 0.71015625 0.021875 0.0265625
1 0.7703125 0.646875 0.025 0.046875