1 0.3765625 0.2875 0.01875 0.0359375
1 0.3921875 0.3 0.0234375 0.0265625
1 0.3765625 0.0796875 0.04375 0.0234375
1 0.253125 0.2984375 0.0234375 0.025
1 0.3046875 0.259375 0.0203125 0.021875
1 0.271875 0.1296875 0.0234375 0.015625
1 0.2875 0.065625 0.021875 0.021875
1 0.1421875 0.05625 0.0328125 0.0328125
1 0.1390625 0.096875 0.0140625 0.034375
1 0.146875 0.228125 0.0296875 0.028125
1 0.14375 0.2875 0.0171875 0.0234375
1 0.0796875 0.0171875 0.0375 0.0296875
1 0.0640625 0.30625 0.01875 0.0203125
0 0.0421875 0.28203125 0.084375 0.1234375
0 0.03359375 0.040625 0.0671875 0.08125
1 0.3171875 0.2171875 0.01875 0.0265625
0 0.02265625 0.19296875 0.0453125 0.1015625
0 0.0453125 0.115625 0.090625 0.096875
1 0.859375 0.084375 0.0171875 0.0234375
1 0.996875 0.14921875 0.00625 0.0203125
1 0.5890625 0.221875 0.01875 0.015625
1 0.5390625 0.2265625 0.0109375 0.01875
1 0.54375 0.2703125 0.01875 0.01875
1 0.5640625 0.2765625 0.0078125 0.0140625
1 0.490625 0.278125 0.015625 0.0203125
1 0.465625 0.303125 0.009375 0.00625
1 0.9828125 0.3046875 0.0296875 0.03125
1 0.93125 0.3546875 0.0125 0.0125
1 0.465625 0.3609375 0.0125 0.015625
1 0.7296875 0.3984375 0.0265625 0.0203125
1 0.84375 0.421875 0.0328125 0.025
1 0.815625 0.4421875 0.03125 0.0390625
1 0.596875 0.465625 0.0109375 0.009375
1 0.6328125 0.48125 0.0171875 0.034375
1 0.728125 0.5 0.0390625 0.0265625
1 0.9046875 0.4921875 0.0609375 0.046875
1 0.9828125 0.1609375 0.021875 0.021875
1 0.8828125 0.053125 0.0203125 0.0390625
1 0.80625 0.2234375 0.0171875 0.0203125
1 0.8359375 0.26875 0.0140625 0.0234375
1 0.8484375 0.5078125 0.0234375 0.015625
1 0.8453125 0.4875 0.0140625 0.025
1 0.696875 0.4453125 0.059375 0.059375
1 0.703125 0.228125 0.065625 0.0265625
0 0.63125 0.259375 0.053125 0.0921875
0 0.6203125 0.3765625 0.171875 0.15625
1 0.6484375 0.434375 0.046875 0.0234375
1 0.46875 0.3828125 0.0203125 0.01875
1 0.3359375 0.5453125 0.00625 0.0171875
1 0.2953125 0.5796875 0.0078125 0.015625
1 0.071875 0.596875 0.025 0.03125
1 0.2234375 0.6171875 0.0078125 0.009375
1 0.146875 0.628125 0.0109375 0.015625
1 0.44765625 0.68203125 0.0046875 0.0078125
1 0.2921875 0.7390625 0.0171875 0.015625
1 0.3515625 0.7546875 0.0546875 0.053125
1 0.1171875 0.821875 0.0203125 0.0265625
1 0.2921875 0.9 0.021875 0.015625
1 0.334375 0.69375 0.0265625 0.0234375
1 0.3234375 0.65625 0.0234375 0.0609375
1 0.1421875 0.7078125 0.034375 0.0390625
0 0.009375 0.928125 0.01875 0.034375
1 0.4046875 0.7125 0.0328125 0.015625
1 0.265625 0.803125 0.015625 0.015625
1 0.4328125 0.78671875 0.034375 0.0390625
1 0.39375 0.89375 0.0171875 0.0234375
1 0.3578125 0.93125 0.021875 0.028125
1 0.3046875 0.8578125 0.0609375 0.046875
1 0.28125 0.9375 0.0296875 0.015625
1 0.24375 0.9390625 0.028125 0.0109375
1 0.88359375 0.5265625 0.0203125 0.015625
1 0.91875 0.53125 0.0109375 0.0078125
1 0.8421875 0.5375 0.021875 0.015625
1 0.9109375 0.5703125 0.01875 0.021875
1 0.5953125 0.565625 0.0078125 0.0109375
1 0.9453125 0.56875 0.05 0.05
1 0.7703125 0.6078125 0.0265625 0.028125
1 0.4796875 0.58125 0.046875 0.0390625
1 0.8625 0.6015625 0.0109375 0.028125
1 0.95625 0.6171875 0.0359375 0.034375
1 0.4828125 0.6109375 0.025 0.0296875
0 0.640625 0.5796875 0.178125 0.121875
1 0.9640625 0.646875 0.0265625 0.0234375
1 0.528125 0.63125 0.0328125 0.0328125
1 0.715625 0.634375 0.0375 0.0265625
1 0.4578125 0.6453125 0.0140625 0.0078125
1 0.634375 0.6453125 0.0265625 0.009375
1 0.684375 0.646875 0.0203125 0.015625
1 0.8828125 0.6484375 0.0203125 0.0171875
1 0.746875 0.6609375 0.0171875 0.0234375
1 0.8546875 0.671875 0.0375 0.0296875
1 0.5984375 0.671875 0.01875 0.028125
1 0.7734375 0.6828125 0.0390625 0.046875
1 0.9109375 0.6859375 0.01875 0.025
1 0.75625 0.7453125 0.0421875 0.0390625
1 0.496875 0.778125 0.028125 0.021875
1 0.7125 0.7765625 0.0078125 0.0078125
1 0.925 0.8 0.025 0.05
1 0.50625 0.8109375 0.0109375 0.0171875
1 0.7625 0.8203125 0.028125 0.0390625
1 0.85625 0.846875 0.015625 0.015625
1 0.4875 0.859375 0.028125 0.028125
1 0.69375 0.86875 0.0265625 0.015625
1 0.98046875 0.86640625 0.0390625 0.0203125
1 0.74375 0.875 0.0171875 0.03125
1 0.45390625 0.90234375 0.0078125 0.0109375
1 0.7875 0.9140625 0.028125 0.01875
1 0.8265625 0.909375 0.03125 0.03125
1 0.515625 0.940625 0.0234375 0.0234375
1 0.859375 0.94375 0.0203125 0.0375
1 0.81875 0.946875 0.0328125 0.034375
0 0.98671875 0.91796875 0.0265625 0.0671875
1 0.7703125 0.9640625 0.0078125 0.009375
1 0.8578125 0.96875 0.015625 0.0125
1 0.45546875 0.95859375 0.0109375 0.0453125
1 0.9140625 0.984375 0.0328125 0.0078125
1 0.96875 0.9953125 0.04375 0.009375
1 0.9453125 0.653125 0.009375 0.0203125
1 0.4984375 0.6671875 0.015625 0.021875
1 0.921875 0.5828125 0.0234375 0.0140625
1 0.8640625 0.7125 0.0171875 0.0234375
1 0.6546875 0.6578125 0.046875 0.0234375
0 0.6578125 0.7265625 0.096875 0.1359375
0 0.6328125 0.8421875 0.146875 0.10625
0 0.6546875 0.94609375 0.14375 0.1078125
1 0.90625 0.840625 0.0328125 0.040625
1 0.928125 0.834375 0.0171875 0.015625
1 0.8 0.9625 0.015625 0.0296875
1 0.7921875 0.95625 0.0265625 0.03125
1 0.7703125 0.946875 0.01875 0.0140625
1 0.5 0.925 0.01875 0.0265625
1 0.478125 0.8875 0.015625 0.034375
1 0.4828125 0.9171875 0.025 0.0359375
1 0.48359375 0.9984375 0.0171875 0.003125