1 0.08125 0.11875 0.028125 0.0203125
1 0.0109375 0.08515625 0.021875 0.0328125
0 0.275 0.140625 0.196875 0.2171875
0 0.134375 0.0859375 0.040625 0.109375
0 0.2125 0.3765625 0.340625 0.103125
0 0.28125 0.484375 0.296875 0.140625
1 0.6171875 0.625 0.00625 0.009375
1 0.53125 0.253125 0.03125 0.034375
1 0.615625 0.2109375 0.0359375 0.04375
1 0.60625 0.1734375 0.03125 0.021875
1 0.64375 0.1515625 0.0546875 0.034375
1 0.6828125 0.246875 0.021875 0.01875
1 0.665625 0.2234375 0.05625 0.021875
0 0.6359375 0.2921875 0.1296875 0.0765625
0 0.64375 0.3859375 0.053125 0.1265625
1 0.63125 0.41875 0.0484375 0.034375
0 0.646875 0.4984375 0.10625 0.09375
0 0.640625 0.6125 0.06875 0.09375
1 0.628125 0.596875 0.11875 0.075
1 0.5390625 0.45625 0.0421875 0.0453125
1 0.8375 0.590625 0.021875 0.021875
1 0.896875 0.4203125 0.01875 0.0203125
1 0.7890625 0.496875 0.0703125 0.0484375
1 0.803125 0.375 0.0234375 0.028125
1 0.9859375 0.5109375 0.0140625 0.025
1 0.0671875 0.7765625 0.0234375 0.025
1 0.10625 0.771875 0.0125 0.0265625
1 0.0921875 0.7984375 0.03125 0.015625
0 0.11171875 0.79140625 0.1796875 0.1046875
0 0.09296875 0.8265625 0.1859375 0.175
1 0.009375 0.8921875 0.0125 0.03125
1 0.1 0.85 0.021875 0.0203125
1 0.1640625 0.8546875 0.0484375 0.05
1 0.140625 0.878125 0.0140625 0.0140625
1 0.165625 0.8828125 0.01875 0.015625
1 0.1515625 0.921875 0.034375 0.0171875
1 0.146875 0.903125 0.05625 0.0375
1 0.13125 0.984375 0.034375 0.015625
1 0.103125 0.9578125 0.04375 0.0515625
0 0.09765625 0.921875 0.1953125 0.15625
1 0.25 0.99765625 0.034375 0.0046875
1 0.3578125 0.98828125 0.03125 0.0234375
1 0.359375 0.975 0.01875 0.01875
1 0.2453125 0.925 0.028125 0.015625
1 0.24375 0.896875 0.0265625 0.028125
1 0.2671875 0.89375 0.0109375 0.01875
1 0.2546875 0.8625 0.025 0.015625
1 0.2578125 0.8765625 0.0125 0.009375
1 0.315625 0.8375 0.0171875 0.0171875
1 0.375 0.878125 0.0375 0.0375
1 0.4 0.8453125 0.0296875 0.0140625
1 0.4015625 0.809375 0.0359375 0.028125
1 0.3609375 0.8140625 0.0109375 0.015625
1 0.35 0.784375 0.0328125 0.0234375
1 0.38125 0.7921875 0.0265625 0.0203125
1 0.378125 0.7671875 0.0375 0.0234375
1 0.4125 0.74453125 0.034375 0.0109375
1 0.4796875 0.8328125 0.0609375 0.04375
1 0.503125 0.796875 0.053125 0.028125
1 0.5875 0.74296875 0.015625 0.0078125
1 0.65 0.7609375 0.025 0.021875
1 0.6890625 0.8125 0.028125 0.01875
1 0.6921875 0.834375 0.01875 0.015625
1 0.540625 0.853125 0.0140625 0.015625
1 0.7265625 0.89375 0.028125 0.021875
0 0.765625 0.8515625 0.203125 0.203125
0 0.78515625 0.7953125 0.1609375 0.1125
1 0.921875 0.8875 0.01875 0.0171875