1 0.4484375 0.0125 0.0234375 0.0203125
1 0.39375 0.05 0.0125 0.0265625
1 0.428125 0.090625 0.009375 0.0171875
1 0.4 0.10625 0.040625 0.03125
1 0.3890625 0.1375 0.015625 0.01875
1 0.309375 0.1171875 0.0234375 0.0203125
1 0.2703125 0.275 0.0203125 0.034375
1 0.4046875 0.2609375 0.03125 0.034375
1 0.403125 0.2765625 0.021875 0.0203125
1 0.475 0.284375 0.0359375 0.03125
1 0.3296875 0.3078125 0.0296875 0.0234375
1 0.3671875 0.3765625 0.0125 0.00625
1 0.484375 0.4953125 0.0140625 0.028125
1 0.49140625 0.50546875 0.0171875 0.0171875
1 0.32421875 0.49140625 0.0671875 0.0546875
0 0.3640625 0.4984375 0.253125 0.040625
1 0.4015625 0.41875 0.009375 0.0046875
1 0.50234375 0.07265625 0.0046875 0.0234375
1 0.50546875 0.00390625 0.0109375 0.0078125
1 0.509375 0.28203125 0.01875 0.0234375
1 0.5171875 0.134375 0.0109375 0.00625
1 0.56328125 0.51328125 0.0140625 0.0109375
0 0.5390625 0.384375 0.078125 0.26875
1 0.5765625 0.43125 0.0125 0.0140625
1 0.5921875 0.0390625 0.0109375 0.0125
1 0.6015625 0.1375 0.0125 0.0125
1 0.65625 0.1109375 0.0109375 0.015625
1 0.690625 0.159375 0.025 0.03125
1 0.728125 0.0640625 0.0265625 0.0234375
1 0.7421875 0.1109375 0.0109375 0.0171875
1 0.7703125 0.10625 0.0078125 0.0078125
1 0.7875 0.334375 0.009375 0.00625
1 0.7375 0.0859375 0.015625 0.0203125
1 0.7140625 0.1734375 0.009375 0.0109375
1 0.709375 0.00703125 0.025 0.0140625
1 0.6875 0.0328125 0.021875 0.015625
1 0.6421875 0.2625 0.034375 0.025
1 0.6484375 0.284375 0.025 0.015625
1 0.5265625 0.09375 0.0265625 0.0390625
1 0.5578125 0.159375 0.0125 0.0171875
1 0.7609375 0.4890625 0.009375 0.0171875
1 0.746875 0.4890625 0.0078125 0.0140625
0 0.128125 0.8140625 0.121875 0.0875
1 0.18125 0.7203125 0.0296875 0.075
1 0.1109375 0.740625 0.0625 0.04375
1 0.2328125 0.7203125 0.0265625 0.0671875
1 0.25 0.5703125 0.021875 0.0296875
1 0.146875 0.6796875 0.0234375 0.025
1 0.0296875 0.74375 0.0390625 0.03125
1 0.05625 0.7265625 0.0140625 0.0125
1 0.090625 0.615625 0.0265625 0.028125
1 0.0484375 0.6875 0.03125 0.0203125
1 0.3390625 0.7125 0.0234375 0.0296875
1 0.05 0.928125 0.021875 0.0265625
1 0.059375 0.8640625 0.03125 0.0375
1 0.0640625 0.8125 0.025 0.025
1 0.10625 0.98828125 0.034375 0.0234375
1 0.134375 0.9390625 0.025 0.028125
1 0.29375 0.9484375 0.034375 0.03125
1 0.328125 0.9890625 0.034375 0.021875
1 0.334375 0.6 0.025 0.0234375
1 0.16875 0.9671875 0.0515625 0.0296875
0 0.2359375 0.809375 0.121875 0.1359375
0 0.31875 0.790625 0.0890625 0.103125
1 0.5359375 0.9390625 0.0296875 0.0296875
1 0.5890625 0.94375 0.0078125 0.009375
1 0.6421875 0.9390625 0.0109375 0.0078125
1 0.95 0.8171875 0.034375 0.025
1 0.8 0.83125 0.0078125 0.0125
1 0.7421875 0.6578125 0.0109375 0.009375
1 0.7359375 0.778125 0.0140625 0.009375
1 0.7140625 0.809375 0.0109375 0.015625
1 0.6546875 0.8203125 0.0078125 0.0046875
1 0.621875 0.803125 0.009375 0.00625
1 0.971875 0.55 0.0140625 0.021875
1 0.965625 0.6421875 0.0140625 0.015625
1 0.9453125 0.6203125 0.0171875 0.0140625
0 0.91328125 0.5765625 0.1296875 0.115625
0 0.7671875 0.5984375 0.390625 0.1375
0 0.5390625 0.6 0.078125 0.1625
1 0.5328125 0.5984375 0.01875 0.0296875
0 0.5234375 0.58828125 0.046875 0.0765625
1 0.50859375 0.57890625 0.0171875 0.0359375