1 0.33046875 0.01640625 0.0296875 0.0328125
1 0.5046875 0.034375 0.065625 0.0671875
1 0.584375 0.025 0.034375 0.05
1 0.559375 0.046875 0.0171875 0.0328125
1 0.62265625 0.09296875 0.0140625 0.0609375
1 0.490625 0.08125 0.0234375 0.0328125
1 0.31875 0.115625 0.046875 0.0546875
0 0.278125 0.2234375 0.15 0.1453125
0 0.3703125 0.2125 0.09375 0.146875
0 0.446875 0.209375 0.1046875 0.1671875
1 0.5125 0.196875 0.0234375 0.0296875
1 0.540625 0.16875 0.0296875 0.05
1 0.575 0.153125 0.0609375 0.084375
0 0.57578125 0.22734375 0.1078125 0.1359375
0 0.61484375 0.23125 0.0296875 0.0875
0 0.60546875 0.3 0.0484375 0.078125
1 0.41171875 0.325 0.0453125 0.028125
1 0.5125 0.32265625 0.028125 0.0328125
0 0.8515625 0.1859375 0.125 0.134375
1 0.759375 0.178125 0.1078125 0.1265625
0 0.7109375 0.1640625 0.028125 0.0796875
1 0.9296875 0.33046875 0.040625 0.0171875
1 0.9484375 0.246875 0.0359375 0.0390625
1 0.9078125 0.18125 0.04375 0.0359375
1 0.81953125 0.334375 0.0296875 0.009375
1 0.5875 0.58125 0.0640625 0.0859375
1 0.434375 0.5484375 0.0484375 0.0390625
1 0.503125 0.6328125 0.015625 0.0265625
1 0.4890625 0.6484375 0.0296875 0.01875
1 0.509375 0.459375 0.0484375 0.0625
1 0.475 0.4421875 0.0625 0.059375
1 0.365625 0.640625 0.034375 0.03125
1 0.2234375 0.5796875 0.0234375 0.0203125
1 0.25 0.4515625 0.0484375 0.046875
1 0.25625 0.4765625 0.0125 0.0140625
1 0.196875 0.5 0.0265625 0.03125
1 0.315625 0.7265625 0.0265625 0.0390625
1 0.271875 0.75 0.0296875 0.0125
1 0.321875 0.721875 0.0171875 0.0234375
1 0.509375 0.76875 0.0109375 0.0078125
1 0.534375 0.884375 0.0296875 0.0265625
1 0.584375 0.8875 0.0125 0.015625
1 0.4984375 0.9265625 0.0140625 0.0234375
1 0.496875 0.86875 0.0125 0.0140625
1 0.50625 0.959375 0.00625 0.0109375
0 0.45859375 0.959375 0.1609375 0.08125
0 0.22734375 0.959375 0.0953125 0.08125
1 0.584375 0.453125 0.0125 0.0171875
1 0.31875 0.37578125 0.090625 0.0734375
1 0.31875 0.396875 0.0421875 0.0359375
0 0.196875 0.4328125 0.03125 0.046875
0 0.284375 0.4609375 0.046875 0.115625
0 0.3359375 0.4671875 0.084375 0.14375
1 0.4125 0.36875 0.0125 0.009375
0 0.615625 0.465625 0.028125 0.10625
1 0.8640625 0.3546875 0.046875 0.03125
1 0.975 0.34375 0.025 0.009375
1 0.9859375 0.3921875 0.0125 0.0171875
1 0.975 0.3875 0.0171875 0.0140625
1 0.684375 0.3625 0.021875 0.0234375
1 0.7421875 0.34609375 0.01875 0.0140625
1 0.775 0.5140625 0.046875 0.0546875
1 0.828125 0.51875 0.021875 0.0484375
1 0.73125 0.5375 0.09375 0.10625
0 0.821875 0.4265625 0.0859375 0.1421875
0 0.7328125 0.4234375 0.1328125 0.115625
1 0.8765625 0.390625 0.015625 0.021875
1 0.859375 0.4125 0.015625 0.021875
1 0.915625 0.434375 0.01875 0.0109375
1 0.9 0.5390625 0.06875 0.059375
1 0.9671875 0.53125 0.0296875 0.0375
1 0.9453125 0.484375 0.046875 0.0234375
1 0.946875 0.4453125 0.046875 0.0640625
0 0.8953125 0.4421875 0.0640625 0.096875
1 0.8609375 0.546875 0.0203125 0.028125
1 0.8609375 0.5265625 0.0109375 0.0140625
1 0.846875 0.534375 0.0171875 0.015625
1 0.8484375 0.5078125 0.015625 0.0234375
1 0.7859375 0.478125 0.0140625 0.015625
1 0.80625 0.63125 0.0375 0.0328125
1 0.8234375 0.5859375 0.0234375 0.0125
1 0.7921875 0.578125 0.0203125 0.015625
1 0.7796875 0.5984375 0.0171875 0.0296875
1 0.784375 0.590625 0.034375 0.015625
1 0.784375 0.565625 0.0203125 0.015625
1 0.771875 0.5796875 0.0109375 0.0109375
1 0.871875 0.578125 0.009375 0.0203125
1 0.8515625 0.6046875 0.028125 0.028125
1 0.9234375 0.596875 0.0640625 0.046875
1 0.98828125 0.56015625 0.0234375 0.0484375
1 0.9796875 0.5984375 0.040625 0.046875
1 0.990625 0.51484375 0.01875 0.0359375
1 0.965625 0.63125 0.0171875 0.0140625
1 0.9515625 0.6328125 0.0078125 0.01875
0 0.98671875 0.4625 0.0265625 0.084375
1 0.9734375 0.46875 0.021875 0.0140625
1 0.98984375 0.7 0.0203125 0.059375
1 0.7046875 0.615625 0.075 0.121875
1 0.7296875 0.6984375 0.034375 0.0328125
1 0.7140625 0.684375 0.01875 0.009375
1 0.690625 0.6765625 0.0125 0.0078125
1 0.703125 0.765625 0.021875 0.03125
1 0.7421875 0.7546875 0.0515625 0.0625
1 0.7671875 0.696875 0.0734375 0.065625
1 0.7625 0.6453125 0.009375 0.0140625
1 0.803125 0.6640625 0.009375 0.015625
1 0.8140625 0.6984375 0.0453125 0.0328125
1 0.78125 0.759375 0.05625 0.0921875
1 0.8046875 0.7515625 0.0203125 0.01875
1 0.7953125 0.8015625 0.01875 0.021875
1 0.959375 0.6453125 0.0125 0.0109375
1 0.9671875 0.7 0.0265625 0.0421875
1 0.934375 0.7109375 0.065625 0.03125
1 0.9015625 0.6703125 0.05 0.028125
1 0.9328125 0.6421875 0.015625 0.015625
1 0.9140625 0.6578125 0.021875 0.03125
1 0.9296875 0.6546875 0.0140625 0.0140625
1 0.9328125 0.6765625 0.009375 0.0234375
1 0.76875 0.846875 0.03125 0.0203125
1 0.86875 0.8171875 0.03125 0.0265625
1 0.9171875 0.8625 0.04375 0.0625
1 0.9484375 0.8796875 0.021875 0.0140625
1 0.8359375 0.834375 0.03125 0.028125
1 0.8765625 0.8796875 0.0171875 0.0203125
1 0.8703125 0.946875 0.025 0.0328125
1 0.8515625 0.903125 0.040625 0.040625
1 0.83125 0.9421875 0.034375 0.034375
1 0.778125 0.88125 0.01875 0.01875
1 0.8 0.884375 0.0234375 0.0296875
0 0.74921875 0.94140625 0.0796875 0.1171875
1 0.9578125 0.93125 0.0203125 0.015625
0 0.91328125 0.96796875 0.1109375 0.0640625
0 0.9734375 0.9453125 0.053125 0.109375