1 0.73125 0.3125 0.025 0.025
1 0.709375 0.31875 0.03125 0.025
1 0.7015625 0.3078125 0.03125 0.028125
1 0.7265625 0.3 0.0109375 0.009375
1 0.6984375 0.275 0.0203125 0.0203125
1 0.6421875 0.29375 0.015625 0.0203125
1 0.6296875 0.2984375 0.021875 0.015625
1 0.6640625 0.2421875 0.040625 0.05
1 0.64375 0.2171875 0.0140625 0.015625
0 0.6671875 0.21875 0.028125 0.025
1 0.6734375 0.1890625 0.0296875 0.025
1 0.6484375 0.0421875 0.0296875 0.0390625
0 0.66796875 0.45234375 0.0734375 0.0734375
0 0.6921875 0.3984375 0.121875 0.1
0 0.7109375 0.13125 0.1421875 0.084375
1 0.7265625 0.159375 0.0234375 0.0171875
1 0.634375 0.159375 0.01875 0.015625
0 0.70078125 0.0484375 0.0796875 0.096875
1 0.56875 0.1546875 0.0140625 0.015625
1 0.5375 0.121875 0.015625 0.0109375
1 0.525 0.2875 0.0140625 0.0234375
1 0.4296875 0.4578125 0.0203125 0.0140625
1 0.4265625 0.4203125 0.0265625 0.0359375
1 0.4328125 0.4234375 0.01875 0.0125
1 0.41875 0.403125 0.0296875 0.0125
1 0.4171875 0.3953125 0.0109375 0.0140625
1 0.428125 0.3875 0.015625 0.0171875
1 0.4078125 0.3890625 0.0140625 0.0140625
1 0.44375 0.36875 0.01875 0.021875
1 0.4546875 0.3703125 0.0140625 0.0125
1 0.4796875 0.3328125 0.0109375 0.0265625
1 0.490625 0.3390625 0.0140625 0.021875
1 0.4546875 0.2921875 0.009375 0.0125
1 0.4578125 0.275 0.015625 0.0078125
1 0.4484375 0.178125 0.0234375 0.021875
1 0.428125 0.1921875 0.0234375 0.0203125
1 0.4453125 0.1203125 0.021875 0.0203125
1 0.440625 0.0734375 0.01875 0.0171875
1 0.4046875 0.03125 0.0265625 0.0265625
1 0.390625 0.028125 0.0234375 0.0234375
1 0.384375 0.0546875 0.015625 0.0140625
1 0.371875 0.0546875 0.0140625 0.0140625
1 0.390625 0.096875 0.021875 0.03125
1 0.4 0.146875 0.0234375 0.0265625
1 0.3859375 0.1609375 0.00625 0.0140625
1 0.403125 0.178125 0.034375 0.0390625
1 0.3765625 0.19375 0.0125 0.0140625
1 0.35625 0.2578125 0.015625 0.01875
1 0.371875 0.2703125 0.0265625 0.021875
1 0.403125 0.3171875 0.0203125 0.0125
1 0.378125 0.3046875 0.03125 0.025
1 0.35625 0.3203125 0.0171875 0.015625
1 0.365625 0.4296875 0.0296875 0.021875
1 0.3984375 0.4875 0.015625 0.003125
1 0.3796875 0.4796875 0.0140625 0.0109375
1 0.359375 0.46875 0.015625 0.015625
1 0.3484375 0.409375 0.0265625 0.0265625
1 0.3359375 0.11875 0.0140625 0.0125
1 0.3 0.0578125 0.0265625 0.0234375
1 0.2625 0.2140625 0.0578125 0.0484375
1 0.2546875 0.225 0.025 0.028125
1 0.28125 0.3265625 0.03125 0.0234375
1 0.2125 0.421875 0.0140625 0.021875
1 0.2484375 0.4109375 0.0171875 0.0140625
1 0.2109375 0.3921875 0.028125 0.0234375
1 0.2203125 0.36875 0.0171875 0.0140625
1 0.2375 0.2859375 0.078125 0.071875
1 0.2125 0.2765625 0.0375 0.046875
1 0.203125 0.2 0.0078125 0.0125
1 0.0921875 0.0609375 0.025 0.0234375
1 0.103125 0.05 0.0171875 0.0234375
1 0.128125 0.0515625 0.015625 0.0125
1 0.071875 0.0359375 0.0125 0.015625
1 0.15 0.1828125 0.015625 0.0125
1 0.0984375 0.2359375 0.0234375 0.01875
1 0.0953125 0.209375 0.0171875 0.0203125
1 0.1171875 0.2671875 0.021875 0.01875
1 0.09375 0.3046875 0.0203125 0.0234375
1 0.075 0.3171875 0.0140625 0.015625
1 0.109375 0.328125 0.0125 0.0109375
1 0.1421875 0.3203125 0.0140625 0.0234375
1 0.1515625 0.3390625 0.025 0.0265625
1 0.1265625 0.3796875 0.009375 0.0109375
1 0.08046875 0.48515625 0.0171875 0.0078125
1 0.0640625 0.4828125 0.01875 0.0125
1 0.0078125 0.46015625 0.015625 0.0265625
1 0.0078125 0.28984375 0.015625 0.0140625
1 0.00390625 0.24609375 0.0078125 0.0234375
1 0.0046875 0.12109375 0.009375 0.0203125
1 0.021875 0.071875 0.0140625 0.0140625
1 0.00859375 0.03984375 0.0171875 0.0140625
0 0.16171875 0.021875 0.1328125 0.04375
1 0.18203125 0.021875 0.0265625 0.04375
0 0.1765625 0.14375 0.0859375 0.075
1 0.2265625 0.1703125 0.0375 0.0171875
1 0.159375 0.125 0.025 0.0203125
0 0.17734375 0.48515625 0.0984375 0.0078125
1 0.228125 0.4484375 0.01875 0.0078125
0 0.1734375 0.4421875 0.1328125 0.084375
0 0.184375 0.2828125 0.0859375 0.15
0 0.19375 0.0796875 0.0984375 0.0734375
1 0.98671875 0.42421875 0.0265625 0.0390625
1 0.98125 0.48515625 0.03125 0.0078125
1 0.865625 0.421875 0.0328125 0.0359375
1 0.83359375 0.4828125 0.0234375 0.0125
1 0.7984375 0.41875 0.01875 0.025
1 0.959375 0.2984375 0.0546875 0.0390625
1 0.95 0.2625 0.040625 0.0359375
1 0.8984375 0.196875 0.0296875 0.025
1 0.8671875 0.21875 0.028125 0.028125
1 0.7078125 0.7953125 0.021875 0.01875
1 0.70078125 0.49140625 0.0140625 0.0046875
0 0.63046875 0.54140625 0.1140625 0.1046875
1 0.578125 0.5953125 0.0171875 0.01875
1 0.5625 0.596875 0.028125 0.03125
1 0.51875 0.865625 0.0171875 0.0234375
0 0.6578125 0.865625 0.115625 0.059375
0 0.6625 0.796875 0.1171875 0.125
0 0.615625 0.7484375 0.1546875 0.071875
0 0.6578125 0.6890625 0.121875 0.115625
1 0.4296875 0.49375 0.015625 0.009375
1 0.4390625 0.4984375 0.0078125 0.0078125
1 0.4515625 0.5640625 0.0203125 0.025
1 0.4375 0.628125 0.028125 0.0234375
1 0.4171875 0.6578125 0.0140625 0.0078125
1 0.396875 0.6640625 0.034375 0.0203125
1 0.39375 0.6421875 0.04375 0.0359375
1 0.4703125 0.8390625 0.021875 0.0234375
1 0.3609375 0.853125 0.0140625 0.0109375
1 0.3328125 0.8109375 0.0609375 0.0625
1 0.3328125 0.6859375 0.025 0.0140625
1 0.321875 0.6015625 0.015625 0.01875
1 0.2828125 0.634375 0.0203125 0.0203125
1 0.34375 0.5125 0.00625 0.009375
1 0.2375 0.51875 0.0171875 0.0140625
1 0.2328125 0.5703125 0.0265625 0.0171875
1 0.225 0.578125 0.015625 0.01875
1 0.1765625 0.5953125 0.015625 0.015625
1 0.1796875 0.5875 0.0078125 0.0140625
1 0.234375 0.5953125 0.021875 0.0203125
1 0.2359375 0.596875 0.021875 0.0265625
1 0.2125 0.634375 0.01875 0.0203125
1 0.2015625 0.675 0.0171875 0.0234375
1 0.1953125 0.7109375 0.0109375 0.009375
1 0.2125 0.840625 0.0359375 0.03125
1 0.2234375 0.8875 0.009375 0.0140625
1 0.01875 0.8671875 0.0171875 0.0203125
1 0.090625 0.771875 0.0234375 0.015625
1 0.1015625 0.6140625 0.0171875 0.015625
1 0.1015625 0.8515625 0.1828125 0.0875
0 0.16875 0.8875 0.0125 0.015625
1 0.1703125 0.8765625 0.0359375 0.0359375
0 0.1546875 0.709375 0.134375 0.1703125
1 0.1171875 0.7203125 0.0203125 0.0109375
1 0.159375 0.7671875 0.021875 0.009375
1 0.1234375 0.515625 0.025 0.01875
0 0.1421875 0.50390625 0.11875 0.0296875
0 0.9015625 0.8703125 0.0578125 0.078125
0 0.9234375 0.825 0.1328125 0.1421875
0 0.93671875 0.72109375 0.1265625 0.1171875
1 0.8609375 0.7421875 0.040625 0.0359375
1 0.7921875 0.77734375 0.00625 0.0234375
0 0.940625 0.61953125 0.11875 0.1421875
0 0.934375 0.51796875 0.13125 0.0578125