1 0.121875 0.0953125 0.0390625 0.03125
1 0.178125 0.115625 0.06875 0.0703125
1 0.2265625 0.103125 0.021875 0.0265625
1 0.1984375 0.178125 0.03125 0.028125
1 0.05078125 0.01875 0.0671875 0.0375
1 0.0234375 0.1171875 0.025 0.0265625
1 0.00703125 0.2234375 0.0140625 0.046875
1 0.0359375 0.240625 0.0265625 0.0265625
1 0.128125 0.1625 0.0296875 0.0296875
1 0.16875 0.215625 0.03125 0.028125
1 0.209375 0.2984375 0.0375 0.028125
1 0.1125 0.3359375 0.03125 0.0265625
1 0.0640625 0.3609375 0.028125 0.0328125
1 0.165625 0.378125 0.03125 0.0265625
1 0.009375 0.4109375 0.01875 0.034375
1 0.0453125 0.41875 0.04375 0.0328125
1 0.0609375 0.45390625 0.084375 0.0515625
1 0.12578125 0.4734375 0.0703125 0.0125
1 0.0984375 0.2875 0.021875 0.0171875
1 0.14375 0.221875 0.0140625 0.0171875
1 0.2265625 0.2703125 0.0109375 0.0140625
0 0.1484375 0.4328125 0.0890625 0.078125
0 0.20703125 0.43671875 0.0609375 0.0859375
1 0.5828125 0.340625 0.0296875 0.0328125
1 0.6171875 0.025 0.025 0.025
1 0.6328125 0.0484375 0.0171875 0.0234375
1 0.6625 0.025 0.025 0.0296875
1 0.684375 0.15 0.0265625 0.0265625
1 0.69375 0.1296875 0.0140625 0.0078125
1 0.7359375 0.3140625 0.0125 0.0109375
1 0.7328125 0.41875 0.0265625 0.0234375
1 0.78125 0.2953125 0.0078125 0.009375
1 0.7953125 0.4671875 0.0109375 0.009375
1 0.796875 0.4203125 0.021875 0.015625
1 0.8296875 0.278125 0.025 0.0265625
1 0.8859375 0.075 0.0140625 0.0125
1 0.890625 0.4578125 0.0171875 0.009375
1 0.921875 0.215625 0.0359375 0.0328125
1 0.95 0.321875 0.0109375 0.0171875
1 0.9921875 0.309375 0.009375 0.009375
0 0.83515625 0.02734375 0.1140625 0.0546875
1 0.853125 0.05625 0.0359375 0.0609375
0 0.9359375 0.03515625 0.128125 0.0703125
1 0.1296875 0.8359375 0.0171875 0.01875
1 0.1796875 0.7375 0.0234375 0.01875
1 0.2296875 0.7984375 0.025 0.01875
1 0.3203125 0.690625 0.01875 0.0203125
1 0.371875 0.99765625 0.0125 0.0046875
1 0.209375 0.7375 0.01875 0.015625
1 0.321875 0.7515625 0.0390625 0.034375
1 0.2625 0.8828125 0.0046875 0.0125
1 0.275 0.8875 0.021875 0.0203125
1 0.3046875 0.896875 0.0171875 0.0171875
1 0.296875 0.9421875 0.015625 0.0109375
1 0.2765625 0.8453125 0.021875 0.0296875
1 0.37578125 0.9140625 0.0078125 0.025
1 0.3640625 0.8890625 0.0203125 0.0109375
1 0.3234375 0.83671875 0.1125 0.1109375
0 0.77578125 0.49375 0.1140625 0.028125
1 0.5875 0.6671875 0.09375 0.09375
1 0.5640625 0.5859375 0.0421875 0.040625
1 0.671875 0.63125 0.021875 0.0234375
1 0.725 0.65 0.0359375 0.040625
1 0.778125 0.6078125 0.028125 0.0265625
1 0.7953125 0.6296875 0.025 0.021875
1 0.815625 0.5984375 0.0390625 0.040625
1 0.7515625 0.515625 0.0203125 0.0296875
1 0.7859375 0.50625 0.034375 0.034375
1 0.7671875 0.659375 0.0328125 0.034375
1 0.7890625 0.70625 0.0390625 0.0375
1 0.640625 0.571875 0.0140625 0.034375
0 0.45234375 0.4890625 0.0546875 0.01875
1 0.4375 0.5640625 0.046875 0.03125
1 0.471875 0.525 0.03125 0.025
1 0.5203125 0.64375 0.021875 0.01875
1 0.50625 0.684375 0.0234375 0.034375
1 0.440625 0.725 0.05 0.05
1 0.446875 0.634375 0.0578125 0.04375
1 0.60625 0.6125 0.03125 0.03125
1 0.3828125 0.5828125 0.00625 0.040625
1 0.390625 0.6515625 0.021875 0.040625
1 0.490625 0.6328125 0.021875 0.0203125
1 0.525 0.740625 0.0296875 0.0296875
1 0.646875 0.6671875 0.0171875 0.025
1 0.659375 0.6921875 0.01875 0.0140625
1 0.7203125 0.7828125 0.059375 0.0484375
1 0.7484375 0.8078125 0.0421875 0.028125
1 0.7828125 0.7703125 0.0453125 0.04375
1 0.7609375 0.734375 0.03125 0.0375
1 0.728125 0.71875 0.0296875 0.0296875
1 0.7625 0.684375 0.0234375 0.015625
1 0.6390625 0.803125 0.025 0.0296875
1 0.65 0.846875 0.046875 0.0234375
1 0.6015625 0.9109375 0.025 0.028125
1 0.5921875 0.8890625 0.0328125 0.040625
1 0.5578125 0.8875 0.0359375 0.0375
1 0.5515625 0.8609375 0.040625 0.0265625
1 0.4984375 0.7875 0.0390625 0.021875
1 0.525 0.765625 0.034375 0.025
1 0.4453125 0.8921875 0.0671875 0.04375
1 0.46875 0.84375 0.0375 0.03125
1 0.4 0.8546875 0.0390625 0.0421875
1 0.4546875 0.7828125 0.028125 0.0234375
1 0.6265625 0.78125 0.01875 0.0296875
0 0.4609375 0.9671875 0.071875 0.065625
0 0.5515625 0.9609375 0.15 0.078125
0 0.6375 0.97734375 0.075 0.0453125
0 0.79140625 0.96953125 0.0859375 0.0609375
1 0.7890625 0.8796875 0.0484375 0.05625
1 0.821875 0.8953125 0.0234375 0.0234375
1 0.7109375 0.98984375 0.025 0.0203125
1 0.6984375 0.9375 0.0234375 0.0234375
1 0.6875 0.909375 0.0203125 0.01875
1 0.39453125 0.98125 0.0296875 0.0375
1 0.38984375 0.94375 0.0203125 0.03125
0 0.59765625 0.4921875 0.0734375 0.025