1 0.4109375 0.2875 0.0390625 0.034375
1 0.5 0.2875 0.015625 0.015625
1 0.4890625 0.328125 0.0171875 0.0203125
0 0.35078125 0.4234375 0.2359375 0.190625
1 0.28671875 0.51640625 0.0109375 0.0046875
0 0.33125 0.3 0.2171875 0.10625
1 0.3953125 0.3703125 0.0125 0.021875
0 0.31875 0.1640625 0.0625 0.0765625
0 0.3546875 0.1515625 0.0125 0.05
1 0.1390625 0.253125 0.03125 0.021875
1 0.1171875 0.3890625 0.015625 0.0125
1 0.2015625 0.4515625 0.0171875 0.009375
1 0.8890625 0.49765625 0.025 0.0421875
1 0.8265625 0.4515625 0.0328125 0.0375
0 0.6234375 0.1328125 0.134375 0.0609375
0 0.621875 0.2015625 0.0953125 0.08125
0 0.628125 0.2796875 0.09375 0.0984375
0 0.61875 0.35625 0.090625 0.0796875
0 0.61953125 0.40546875 0.1796875 0.0828125
0 0.60625 0.46484375 0.109375 0.1078125
1 0.44375 0.984375 0.009375 0.0125
1 0.51953125 0.9140625 0.0203125 0.028125
1 0.421875 0.8671875 0.0171875 0.0078125
1 0.4015625 0.934375 0.0171875 0.0078125
1 0.2828125 0.8703125 0.0078125 0.0078125
1 0.246875 0.8671875 0.009375 0.009375
1 0.1140625 0.6734375 0.0171875 0.0171875
1 0.1015625 0.678125 0.0140625 0.0140625
1 0.084375 0.7203125 0.0125 0.01875
1 0.0875 0.921875 0.175 0.15625
1 0.1046875 0.765625 0.209375 0.196875
0 0.0390625 0.76953125 0.078125 0.2484375
0 0.046875 0.92109375 0.09375 0.1578125
1 0.0265625 0.9015625 0.0375 0.0125
1 0.0796875 0.9859375 0.0421875 0.015625
1 0.98359375 0.6953125 0.0328125 0.03125
1 0.95 0.7078125 0.025 0.025
1 0.90625 0.70625 0.0328125 0.04375
0 0.86015625 0.80859375 0.2796875 0.3265625
1 0.984375 0.87421875 0.03125 0.0296875
0 0.87734375 0.88984375 0.2453125 0.2203125
1 0.821875 0.7859375 0.0203125 0.025
1 0.8015625 0.7765625 0.015625 0.0234375
1 0.815625 0.80625 0.0234375 0.0203125
1 0.8109375 0.8265625 0.0203125 0.0140625
1 0.9578125 0.9078125 0.0125 0.01875
1 0.9484375 0.91875 0.015625 0.025
1 0.934375 0.9203125 0.0140625 0.025
1 0.9140625 0.90625 0.0328125 0.034375
1 0.89375 0.9109375 0.0078125 0.0125
1 0.903125 0.9328125 0.0515625 0.046875
1 0.909375 0.975 0.0359375 0.028125
1 0.8890625 0.990625 0.009375 0.0171875
1 0.903125 0.9953125 0.015625 0.009375
1 0.803125 0.9796875 0.0234375 0.03125
1 0.7203125 0.771875 0.015625 0.015625
1 0.7140625 0.7953125 0.009375 0.015625
1 0.6671875 0.7828125 0.0265625 0.025
1 0.671875 0.8078125 0.0234375 0.025
1 0.64375 0.740625 0.01875 0.0234375
1 0.5640625 0.7140625 0.025 0.01875
1 0.54375 0.7125 0.015625 0.0234375
1 0.559375 0.684375 0.0203125 0.025
1 0.7109375 0.7171875 0.0203125 0.03125
1 0.53984375 0.8328125 0.0203125 0.03125
1 0.56875 0.859375 0.0109375 0.0328125
1 0.5421875 0.85234375 0.025 0.0140625
1 0.5515625 0.871875 0.0203125 0.0265625
1 0.5921875 0.875 0.034375 0.0171875
1 0.5921875 0.89375 0.0265625 0.0203125
1 0.7015625 0.875 0.0328125 0.0515625
1 0.6765625 0.88125 0.0140625 0.015625
1 0.6859375 0.9390625 0.0328125 0.028125
1 0.6953125 0.9703125 0.03125 0.0234375
1 0.559375 0.9578125 0.0328125 0.0203125
1 0.5734375 0.9203125 0.0203125 0.01875
1 0.54296875 0.8921875 0.0265625 0.028125
1 0.53515625 0.809375 0.0109375 0.01875
1 0.621875 0.7453125 0.01875 0.025