1 0.5296875 0.31875 0.0859375 0.146875
1 0.503125 0.27734375 0.153125 0.1328125
1 0.45 0.2921875 0.034375 0.0171875
1 0.3875 0.378125 0.009375 0.0203125
1 0.3703125 0.35 0.028125 0.0234375
1 0.421875 0.45 0.0265625 0.0203125
1 0.3234375 0.4421875 0.0265625 0.0203125
1 0.3578125 0.3625 0.021875 0.0234375
1 0.33125 0.365625 0.0171875 0.0109375
1 0.359375 0.2484375 0.0265625 0.025
1 0.4109375 0.2078125 0.0453125 0.0234375
1 0.315625 0.209375 0.0328125 0.053125
1 0.4859375 0.265625 0.03125 0.0328125
1 0.5234375 0.240625 0.028125 0.01875
1 0.475 0.2359375 0.0140625 0.025
1 0.453125 0.2203125 0.034375 0.0140625
1 0.36875 0.1015625 0.03125 0.021875
1 0.3359375 0.153125 0.0234375 0.0328125
1 0.33125 0.1796875 0.040625 0.0296875
1 0.44375 0.0796875 0.034375 0.0390625
1 0.3953125 0.0375 0.03125 0.025
1 0.3046875 0.128125 0.0609375 0.0421875
1 0.5625 0.040625 0.0296875 0.0296875
1 0.5703125 0.025 0.01875 0.0125
1 0.48125 0.17734375 0.196875 0.2296875
1 0.5546875 0.15390625 0.05 0.1109375
1 0.4828125 0.15 0.0890625 0.209375
1 0.4625 0.1484375 0.01875 0.025
1 0.57421875 0.1546875 0.0109375 0.00625
1 0.5671875 0.121875 0.0078125 0.0140625
1 0.2734375 0.4546875 0.0078125 0.0125
1 0.1578125 0.4515625 0.0203125 0.0171875
1 0.184375 0.39375 0.0140625 0.0421875
1 0.2078125 0.35 0.015625 0.028125
1 0.234375 0.4328125 0.0171875 0.025
1 0.209375 0.4296875 0.0375 0.0609375
1 0.134375 0.31875 0.0234375 0.0234375
1 0.1703125 0.26875 0.028125 0.0359375
1 0.1484375 0.2109375 0.0234375 0.0171875
1 0.225 0.234375 0.0578125 0.028125
1 0.20625 0.196875 0.0625 0.0703125
1 0.121875 0.14375 0.0546875 0.0375
1 0.16875 0.0890625 0.0203125 0.0140625
1 0.16875 0.0578125 0.0234375 0.03125
1 0.1640625 0.0765625 0.03125 0.021875
1 0.140625 0.034375 0.0203125 0.0234375
1 0.2109375 0.1203125 0.028125 0.021875
1 0.2 0.0859375 0.0375 0.0546875
1 0.2890625 0.05625 0.0171875 0.028125
1 0.2265625 0.05 0.05 0.0421875
1 0.2859375 0.0296875 0.0140625 0.025
1 0.246875 0.0625 0.028125 0.046875
1 0.2328125 0.0328125 0.0546875 0.0640625
1 0.140625 0.0984375 0.04375 0.0578125
0 0.01796875 0.4484375 0.0359375 0.025
1 0.0765625 0.453125 0.0234375 0.015625
1 0.1 0.3703125 0.0328125 0.0203125
1 0.078125 0.3640625 0.040625 0.0453125
1 0.075 0.3875 0.0390625 0.0296875
1 0.10625 0.328125 0.0203125 0.034375
1 0.1171875 0.2578125 0.0234375 0.0296875
1 0.096875 0.2296875 0.021875 0.021875
0 0.04765625 0.2703125 0.0953125 0.1625
1 0.0046875 0.19140625 0.009375 0.0265625
0 0.05234375 0.115625 0.1046875 0.153125
0 0.04609375 0.0390625 0.0921875 0.078125
1 0.265625 0.0453125 0.0296875 0.05
1 0.271875 0.0234375 0.0140625 0.0265625
1 0.509375 0.1171875 0.140625 0.053125
1 0.5359375 0.13984375 0.0875 0.0203125
1 0.2078125 0.00703125 0.015625 0.0140625
1 0.8875 0.1359375 0.021875 0.0109375
1 0.9859375 0.165625 0.0234375 0.0234375
1 0.8578125 0.259375 0.025 0.021875
1 0.7421875 0.2765625 0.0109375 0.0234375
1 0.76875 0.2859375 0.0171875 0.01875
1 0.9015625 0.353125 0.0078125 0.0109375
1 0.984375 0.4265625 0.03125 0.053125
1 0.9578125 0.5375 0.021875 0.0125
1 0.66875 0.534375 0.046875 0.0625
1 0.696875 0.6046875 0.009375 0.009375
1 0.9484375 0.240625 0.065625 0.0515625
1 0.97890625 0.19921875 0.0421875 0.0484375
1 0.990625 0.234375 0.01875 0.08125
1 0.95 0.303125 0.0671875 0.0265625
1 0.934375 0.2796875 0.03125 0.0375
1 0.903125 0.2796875 0.0625 0.0296875
1 0.884375 0.259375 0.021875 0.028125
1 0.878125 0.3296875 0.01875 0.0328125
1 0.9 0.3296875 0.0203125 0.0203125
1 0.9828125 0.3703125 0.01875 0.015625
1 0.96328125 0.5859375 0.0421875 0.046875
1 0.93359375 0.6 0.0796875 0.01875
1 0.9921875 0.59765625 0.015625 0.0234375
1 0.859375 0.584375 0.025 0.0265625
1 0.846875 0.5609375 0.025 0.0203125
1 0.98984375 0.47265625 0.0203125 0.0265625
1 0.99609375 0.5078125 0.0078125 0.034375
1 0.9859375 0.4890625 0.0265625 0.009375
1 0.903125 0.1828125 0.0171875 0.015625
1 0.89375 0.2015625 0.0484375 0.05625
1 0.8796875 0.15625 0.01875 0.0265625
1 0.8921875 0.1734375 0.0109375 0.015625
0 0.8125 0.1546875 0.1125 0.046875
0 0.78125 0.1875 0.1578125 0.1125
1 0.6796875 0.203125 0.0453125 0.0625
1 0.71875 0.2265625 0.009375 0.0234375
1 0.7046875 0.2078125 0.0109375 0.0078125
0 0.7953125 0.2703125 0.1421875 0.1453125
0 0.790625 0.3625 0.103125 0.0953125
1 0.871875 0.4078125 0.04375 0.0671875
1 0.8515625 0.4359375 0.0578125 0.065625
0 0.775 0.4234375 0.06875 0.0453125
0 0.8140625 0.4796875 0.13125 0.1140625
0 0.78671875 0.55703125 0.1046875 0.1046875
1 0.7375 0.5140625 0.034375 0.0359375
1 0.6890625 0.46875 0.0703125 0.05
1 0.6453125 0.459375 0.0171875 0.0296875
1 0.7609375 0.5890625 0.01875 0.0140625
1 0.74375 0.5671875 0.015625 0.025
1 0.746875 0.59375 0.009375 0.0203125
1 0.71015625 0.58828125 0.0453125 0.0421875
1 0.6515625 0.60078125 0.05625 0.0171875
1 0.5984375 0.5671875 0.0375 0.05625
1 0.7171875 0.421875 0.025 0.01875
1 0.6875 0.43125 0.0671875 0.0328125
1 0.6359375 0.24375 0.0453125 0.05
1 0.58359375 0.25625 0.0078125 0.028125
1 0.5984375 0.2609375 0.009375 0.01875
1 0.5828125 0.3078125 0.00625 0.01875
1 0.64375 0.1546875 0.0453125 0.046875
1 0.61328125 0.17734375 0.0671875 0.0671875
1 0.58515625 0.1453125 0.0109375 0.028125
1 0.5890625 0.40234375 0.01875 0.0296875
1 0.621875 0.3484375 0.05625 0.053125
1 0.653125 0.3265625 0.0125 0.0171875
1 0.65 0.3734375 0.025 0.028125
1 0.6296875 0.3796875 0.0234375 0.034375
1 0.646875 0.3921875 0.0265625 0.0203125
1 0.6140625 0.4125 0.04375 0.0453125
1 0.64375 0.5 0.0125 0.015625
1 0.6015625 0.52890625 0.04375 0.0234375
1 0.59609375 0.5125 0.0328125 0.028125
1 0.1046875 0.675 0.00625 0.0078125
1 0.153125 0.6765625 0.0078125 0.009375
1 0.3640625 0.678125 0.009375 0.009375
1 0.0984375 0.690625 0.0078125 0.0078125
1 0.0515625 0.6921875 0.0078125 0.0078125
1 0.053125 0.728125 0.0109375 0.0109375
1 0.371875 0.734375 0.0078125 0.0078125
1 0.3875 0.7515625 0.0078125 0.0109375
1 0.2484375 0.7609375 0.0078125 0.009375
1 0.0640625 0.790625 0.0109375 0.0078125
1 0.2296875 0.796875 0.0078125 0.0078125
0 0.1328125 0.7625 0.2140625 0.0921875
1 0.0109375 0.8078125 0.01875 0.021875
1 0.159375 0.8265625 0.0078125 0.015625
1 0.2484375 0.8671875 0.0078125 0.0078125
1 0.1984375 0.8859375 0.0109375 0.0078125
0 0.1390625 0.921875 0.1625 0.0421875
1 0.0296875 0.94375 0.0109375 0.009375
1 0.315625 0.9515625 0.0078125 0.0078125
1 0.1421875 0.9765625 0.009375 0.0046875
1 0.0921875 0.9859375 0.0078125 0.0078125
1 0.1515625 0.9921875 0.009375 0.0078125
1 0.1296875 0.6625 0.0078125 0.00625
1 0.1390625 0.6625 0.0046875 0.0078125
1 0.15 0.6609375 0.009375 0.00625
1 0.1125 0.934375 0.0109375 0.0171875