1 0.48203125 0.0609375 0.0140625 0.0875
1 0.425 0.01875 0.071875 0.0375
1 0.39375 0.0375 0.0453125 0.0609375
1 0.4625 0.115625 0.03125 0.0484375
1 0.4703125 0.15078125 0.0375 0.0546875
1 0.440625 0.1515625 0.046875 0.04375
1 0.390625 0.1390625 0.078125 0.059375
0 0.43203125 0.403125 0.1140625 0.1
1 0.45 0.225 0.078125 0.08125
1 0.4046875 0.284375 0.05625 0.025
1 0.4328125 0.271875 0.0375 0.028125
1 0.353125 0.18125 0.046875 0.05625
1 0.2171875 0.084375 0.0625 0.0734375
1 0.296875 0.15 0.08125 0.178125
0 0.3046875 0.4 0.2140625 0.153125
1 0.25 0.2640625 0.0296875 0.03125
1 0.2953125 0.321875 0.05625 0.0546875
1 0.2734375 0.49609375 0.05625 0.0265625
1 0.603125 0.134375 0.0453125 0.0453125
1 0.7359375 0.1265625 0.0109375 0.015625
1 0.8609375 0.0828125 0.03125 0.0171875
1 0.81875 0.2546875 0.0328125 0.0375
0 0.98515625 0.3546875 0.0296875 0.084375
1 0.99140625 0.45 0.0171875 0.021875
0 0.8703125 0.378125 0.071875 0.06875
1 0.796875 0.3984375 0.025 0.0265625
1 0.7703125 0.371875 0.0890625 0.090625
1 0.790625 0.2890625 0.0296875 0.05625
1 0.7078125 0.371875 0.053125 0.0375
0 0.6671875 0.3875 0.0734375 0.040625
0 0.5921875 0.3984375 0.084375 0.0578125
1 0.9296875 0.4671875 0.0328125 0.0421875
1 0.971875 0.4890625 0.0296875 0.03125
1 0.1546875 0.584375 0.0265625 0.0234375
1 0.1234375 0.9890625 0.0078125 0.00625
1 0.078125 0.8890625 0.03125 0.059375
0 0.06875 0.815625 0.0625 0.2
1 0.2421875 0.8234375 0.0171875 0.0265625
1 0.196875 0.8984375 0.015625 0.0171875
1 0.1859375 0.865625 0.0359375 0.0234375
1 0.471875 0.85234375 0.034375 0.0265625
0 0.396875 0.84296875 0.184375 0.2140625
1 0.3890625 0.925 0.01875 0.01875
1 0.3875 0.959375 0.00625 0.009375
1 0.4 0.8890625 0.028125 0.0046875
0 0.2171875 0.85234375 0.359375 0.2953125
1 0.4625 0.58125 0.0234375 0.025
1 0.7171875 0.6859375 0.0484375 0.0671875
1 0.6921875 0.6484375 0.021875 0.0265625
1 0.71875 0.5671875 0.021875 0.03125
1 0.8234375 0.6828125 0.0359375 0.0375
1 0.609375 0.60625 0.05 0.0375
1 0.665625 0.5515625 0.0265625 0.0234375
1 0.6484375 0.584375 0.0375 0.0265625
1 0.634375 0.75 0.053125 0.0453125
1 0.6234375 0.7984375 0.040625 0.05625
1 0.6171875 0.8609375 0.0375 0.0546875
1 0.678125 0.7765625 0.01875 0.034375
1 0.690625 0.840625 0.0265625 0.040625
1 0.540625 0.7515625 0.059375 0.0359375
0 0.75625 0.790625 0.1703125 0.184375
1 0.7609375 0.85625 0.075 0.0796875