0 0.128125 0.1109375 0.1453125 0.06875
0 0.17578125 0.35234375 0.0859375 0.0734375
1 0.434375 0.00546875 0.034375 0.0109375
1 0.346875 0.0640625 0.0265625 0.015625
1 0.578125 0.021875 0.015625 0.01875
1 0.5734375 0.059375 0.025 0.0234375
1 0.621875 0.1328125 0.021875 0.0140625
1 0.6609375 0.04375 0.0265625 0.0203125
1 0.659375 0.075 0.021875 0.0140625
1 0.6140625 0.0140625 0.0140625 0.0140625
1 0.8015625 0.053125 0.0140625 0.015625
1 0.5953125 0.003125 0.01875 0.00625
1 0.9890625 0.0140625 0.021875 0.028125
1 0.99375 0.0890625 0.0125 0.01875
0 0.9046875 0.05234375 0.125 0.1046875
1 0.91875 0.1609375 0.0203125 0.00625
1 0.071875 0.7765625 0.0375 0.025
1 0.078125 0.721875 0.0234375 0.0140625
1 0.0234375 0.8125 0.046875 0.06875
1 0.0234375 0.6609375 0.0265625 0.01875
1 0.1078125 0.7125 0.0140625 0.0234375
1 0.0359375 0.528125 0.0140625 0.0125
1 0.00546875 0.46484375 0.0109375 0.0421875
1 0.01015625 0.42421875 0.0203125 0.0296875
1 0.078125 0.45 0.0984375 0.0890625
1 0.090625 0.8328125 0.04375 0.0375
1 0.1546875 0.7953125 0.0078125 0.00625
1 0.128125 0.609375 0.025 0.021875
1 0.165625 0.4796875 0.01875 0.0203125
1 0.209375 0.515625 0.0109375 0.0140625
0 0.3 0.4625 0.115625 0.115625
1 0.2328125 0.5171875 0.0046875 0.0078125
1 0.24375 0.5203125 0.0078125 0.0078125
1 0.3734375 0.4453125 0.0203125 0.015625
1 0.2890625 0.559375 0.025 0.0296875
1 0.2859375 0.6203125 0.0234375 0.021875
1 0.3015625 0.6203125 0.0109375 0.0109375
1 0.1671875 0.60625 0.01875 0.025
1 0.234375 0.621875 0.0296875 0.0296875
1 0.221875 0.615625 0.0328125 0.021875
1 0.2 0.6125 0.015625 0.0171875
0 0.290625 0.565625 0.0875 0.0875
1 0.2625 0.578125 0.0265625 0.021875
0 0.3046875 0.7484375 0.128125 0.1296875
1 0.3515625 0.7765625 0.0234375 0.0265625
1 0.3375 0.7515625 0.015625 0.015625
1 0.3609375 0.7671875 0.0109375 0.0234375
1 0.4328125 0.85 0.0109375 0.0125
1 0.440625 0.821875 0.0109375 0.009375
1 0.421875 0.7984375 0.009375 0.00625
1 0.3421875 0.840625 0.021875 0.0203125
1 0.178125 0.8140625 0.01875 0.0390625
1 0.1703125 0.8265625 0.015625 0.01875
1 0.2140625 0.8234375 0.0578125 0.0359375
0 0.290625 0.8515625 0.1203125 0.1390625
1 0.40625 0.4234375 0.0078125 0.0125
1 0.4671875 0.88125 0.0109375 0.009375
1 0.4765625 0.8265625 0.015625 0.0171875
1 0.425 0.7234375 0.0109375 0.0078125
1 0.425 0.7390625 0.0265625 0.021875
1 0.459375 0.7046875 0.00625 0.0109375
1 0.115625 0.9015625 0.0078125 0.0140625
1 0.353125 0.603125 0.0234375 0.0203125
1 0.36875 0.6859375 0.028125 0.0265625
1 0.534375 0.7515625 0.05 0.059375
1 0.5203125 0.8015625 0.021875 0.01875
1 0.51796875 0.8390625 0.0171875 0.01875
1 0.609375 0.7890625 0.021875 0.01875
1 0.65 0.815625 0.1265625 0.0640625
1 0.63125 0.8328125 0.0546875 0.0203125
1 0.51640625 0.59609375 0.0140625 0.0515625
1 0.58125 0.58125 0.0703125 0.04375
1 0.6359375 0.5890625 0.0265625 0.0265625
1 0.671875 0.44375 0.0578125 0.0421875
1 0.5984375 0.509375 0.0484375 0.0546875
1 0.546875 0.525 0.0359375 0.028125
1 0.546875 0.49375 0.0359375 0.040625
1 0.53046875 0.46171875 0.0421875 0.0546875
1 0.5375 0.4328125 0.021875 0.0265625
1 0.6015625 0.459375 0.0234375 0.0390625
1 0.5703125 0.471875 0.03125 0.040625
1 0.5859375 0.42109375 0.1 0.0640625
1 0.8265625 0.453125 0.06875 0.0578125
1 0.7625 0.409375 0.040625 0.021875
0 0.75625 0.4734375 0.10625 0.1265625
1 0.7 0.4875 0.0421875 0.0421875
1 0.90625 0.490625 0.03125 0.0390625
1 0.8421875 0.753125 0.1 0.0671875
1 0.8703125 0.8125 0.0890625 0.0703125
1 0.9234375 0.784375 0.03125 0.0328125
1 0.9359375 0.728125 0.090625 0.08125
1 0.9625 0.6546875 0.06875 0.05
1 0.98671875 0.70546875 0.0265625 0.0984375
0 0.965625 0.61171875 0.06875 0.1296875
1 0.98984375 0.4625 0.0203125 0.046875
0 0.9453125 0.4125 0.109375 0.046875
0 0.7671875 0.7109375 0.1890625 0.2234375
1 0.70625 0.6453125 0.0921875 0.1140625
1 0.653125 0.7109375 0.0359375 0.059375
1 0.5390625 0.703125 0.0578125 0.0421875
1 0.584375 0.7140625 0.0390625 0.05625
1 0.6140625 0.6421875 0.128125 0.1078125
1 0.68125 0.39296875 0.028125 0.0078125
1 0.6703125 0.7765625 0.0234375 0.01875
1 0.953125 0.41875 0.015625 0.021875
0 0.75 0.575 0.1515625 0.1140625
0 0.853125 0.621875 0.1109375 0.1515625