1 0.4921875 0.509375 0.0078125 0.0125
1 0.6296875 0.440625 0.015625 0.0140625
0 0.221875 0.2859375 0.128125 0.2203125
0 0.3453125 0.3234375 0.1953125 0.35625
1 0.41875 0.2453125 0.021875 0.0203125
0 0.5390625 0.3546875 0.140625 0.246875
0 0.6328125 0.3390625 0.1046875 0.1390625
1 0.4953125 0.296875 0.028125 0.0265625
0 0.66875 0.1 0.03125 0.0140625
0 0.7375 0.54453125 0.075 0.0609375
1 0.709375 0.51640625 0.01875 0.0171875
1 0.7078125 0.4078125 0.015625 0.01875
1 0.7359375 0.26875 0.0171875 0.0203125
1 0.709375 0.184375 0.01875 0.021875
0 0.721875 0.05234375 0.04375 0.1046875
1 0.615625 0.859375 0.0265625 0.0234375
0 0.68515625 0.6640625 0.0296875 0.128125
1 0.528125 0.6203125 0.0171875 0.0265625
0 0.2140625 0.60859375 0.015625 0.0171875
0 0.3359375 0.653125 0.259375 0.10625
1 0.25703125 0.6078125 0.0140625 0.015625
0 0.53671875 0.66953125 0.3265625 0.1390625
1 0.3078125 0.8625 0.0234375 0.025
1 0.84921875 0.99453125 0.0265625 0.0109375
1 0.8453125 0.990625 0.009375 0.009375
1 0.8765625 0.940625 0.025 0.0265625
1 0.890625 0.984375 0.015625 0.025
1 0.7578125 0.946875 0.0171875 0.0140625
1 0.75 0.959375 0.0234375 0.015625
1 0.7328125 0.928125 0.015625 0.015625
0 0.7375 0.8703125 0.0453125 0.0390625
0 0.82421875 0.87578125 0.2203125 0.2484375
1 0.765625 0.7265625 0.04375 0.0296875
1 0.9578125 0.9421875 0.046875 0.04375
0 0.959375 0.8796875 0.08125 0.240625
1 0.984375 0.740625 0.03125 0.0625