0 0.52421875 0.05859375 0.0296875 0.1171875
1 0.4859375 0.2875 0.0265625 0.03125
1 0.365625 0.3125 0.03125 0.028125
1 0.3359375 0.1078125 0.028125 0.0375
1 0.3140625 0.53125 0.03125 0.028125
1 0.2609375 0.140625 0.03125 0.0359375
1 0.2484375 0.171875 0.01875 0.015625
0 0.19375 0.0640625 0.1 0.1046875
0 0.1296875 0.021875 0.0234375 0.034375
1 0.121875 0.078125 0.0078125 0.0109375
1 0.3890625 0.7234375 0.0109375 0.0125
1 0.51640625 0.57734375 0.0453125 0.0953125
0 0.45 0.53125 0.0546875 0.0453125
1 0.4734375 0.534375 0.0234375 0.021875
1 0.4890625 0.515625 0.015625 0.0515625
1 0.4125 0.4421875 0.0234375 0.03125
0 0.3671875 0.5734375 0.1109375 0.128125
0 0.2875 0.6203125 0.109375 0.159375
0 0.1921875 0.5953125 0.15 0.2265625
1 0.1578125 0.3 0.0359375 0.025
1 0.2203125 0.3015625 0.021875 0.021875
1 0.18125 0.109375 0.01875 0.0171875
1 0.240625 0.15625 0.015625 0.01875
1 0.2734375 0.2546875 0.009375 0.01875
1 0.2625 0.234375 0.0234375 0.0328125
1 0.2296875 0.4 0.0375 0.028125
1 0.25 0.4140625 0.0140625 0.0109375
1 0.4 0.2796875 0.0234375 0.0234375
1 0.4046875 0.171875 0.0265625 0.028125
1 0.3703125 0.1765625 0.0125 0.01875
1 0.5109375 0.165625 0.028125 0.0203125
1 0.334375 0.253125 0.01875 0.0171875
1 0.3328125 0.334375 0.015625 0.0171875
1 0.3234375 0.3484375 0.0140625 0.01875
1 0.53515625 0.10859375 0.0078125 0.0265625
1 0.18984375 0.01015625 0.0578125 0.0203125
1 0.33125 0.0984375 0.0328125 0.015625
0 0.275 0.078125 0.078125 0.10625
1 0.36328125 0.00703125 0.0203125 0.0140625
1 0.5265625 0.1234375 0.025 0.015625
1 0.5140625 0.1203125 0.015625 0.0125
0 0.46640625 0.06484375 0.0984375 0.1296875
0 0.41328125 0.06484375 0.0671875 0.1296875
1 0.38125 0.0390625 0.015625 0.025
0 0.3515625 0.090625 0.1015625 0.1265625
1 0.815625 0.2140625 0.025 0.0234375
0 0.76875 0.278125 0.1671875 0.2078125
1 0.5703125 0.3125 0.0234375 0.0234375
0 0.6421875 0.2875 0.20625 0.2375
1 0.56875 0.6171875 0.0234375 0.03125
1 0.55 0.715625 0.021875 0.040625
1 0.66875 0.6890625 0.0125 0.028125
1 0.55625 0.5453125 0.0328125 0.0234375
1 0.6578125 0.6125 0.0234375 0.021875
1 0.6546875 0.5703125 0.021875 0.0390625
1 0.6984375 0.590625 0.025 0.028125
1 0.6890625 0.56875 0.0140625 0.028125
1 0.7234375 0.5796875 0.01875 0.015625
1 0.7421875 0.553125 0.015625 0.025
1 0.78125 0.5828125 0.0234375 0.01875
1 0.79375 0.565625 0.01875 0.0171875
1 0.7828125 0.5296875 0.015625 0.021875
1 0.7890625 0.55 0.015625 0.01875
1 0.728125 0.565625 0.028125 0.0171875
1 0.6390625 0.4703125 0.0453125 0.1328125
1 0.7125 0.4078125 0.034375 0.03125
1 0.7140625 0.45 0.0140625 0.0171875
1 0.7859375 0.4375 0.025 0.03125
1 0.7546875 0.4453125 0.0140625 0.0140625
1 0.784375 0.41875 0.0203125 0.0125
1 0.690625 0.3859375 0.0171875 0.0234375
1 0.7015625 0.353125 0.0203125 0.0515625
1 0.809375 0.6296875 0.0125 0.01875
1 0.834375 0.7328125 0.015625 0.0125
1 0.5515625 0.065625 0.0140625 0.0078125
1 0.5546875 0.0578125 0.0203125 0.0203125
1 0.578125 0.0640625 0.0109375 0.0140625
1 0.66875 0.0890625 0.01875 0.0234375
1 0.6703125 0.046875 0.0328125 0.0234375
1 0.6921875 0.08125 0.040625 0.028125
1 0.7078125 0.065625 0.01875 0.0171875
1 0.7171875 0.0546875 0.01875 0.0171875
1 0.740625 0.05 0.025 0.025
1 0.775 0.0609375 0.0296875 0.025
1 0.721875 0.08125 0.0234375 0.021875
1 0.7640625 0.11875 0.0234375 0.01875
1 0.7484375 0.134375 0.01875 0.021875
1 0.7296875 0.125 0.015625 0.0140625
1 0.6734375 0.071875 0.015625 0.0125
1 0.6828125 0.1015625 0.015625 0.015625
1 0.678125 0.0609375 0.0265625 0.0234375
1 0.79375 0.0546875 0.0109375 0.0125
1 0.8109375 0.0578125 0.0171875 0.015625
1 0.0421875 0.8921875 0.0296875 0.03125
1 0.0203125 0.953125 0.021875 0.025
1 0.0890625 0.90625 0.0390625 0.040625
1 0.0828125 0.925 0.0234375 0.01875
1 0.1125 0.9546875 0.0375 0.040625
1 0.0953125 0.93125 0.0234375 0.0171875
1 0.1046875 0.940625 0.0140625 0.015625
1 0.0953125 0.9140625 0.0234375 0.0265625
1 0.15625 0.915625 0.0328125 0.0421875
1 0.175 0.971875 0.0390625 0.028125
1 0.178125 0.9484375 0.015625 0.0109375
1 0.2921875 0.9453125 0.040625 0.059375
1 0.265625 0.9359375 0.0515625 0.05
1 0.1984375 0.9234375 0.0265625 0.046875
1 0.215625 0.953125 0.01875 0.021875
1 0.2328125 0.9375 0.0203125 0.028125
1 0.25 0.9125 0.0328125 0.040625
1 0.25 0.81875 0.0234375 0.021875
1 0.2375 0.871875 0.04375 0.0484375
1 0.2109375 0.8734375 0.0140625 0.0203125
1 0.1734375 0.790625 0.015625 0.009375
1 0.1453125 0.7453125 0.01875 0.0125
1 0.0609375 0.7765625 0.0296875 0.0328125
1 0.1875 0.74609375 0.021875 0.0140625
1 0.109375 0.8796875 0.01875 0.0171875
1 0.1171875 0.9265625 0.03125 0.0265625
0 0.2359375 0.8015625 0.153125 0.125
1 0.5421875 0.9484375 0.00625 0.0125
1 0.5453125 0.95 0.0125 0.015625
1 0.56875 0.971875 0.0234375 0.034375
1 0.5734375 0.9125 0.0359375 0.025
1 0.5921875 0.8828125 0.0203125 0.0265625
1 0.56328125 0.8734375 0.0484375 0.071875
1 0.70625 0.9796875 0.0171875 0.01875
1 0.6828125 0.9703125 0.015625 0.025
1 0.6578125 0.99375 0.0203125 0.0125
1 0.665625 0.9609375 0.0390625 0.0234375
1 0.7671875 0.890625 0.0140625 0.0171875
1 0.83125 0.8921875 0.0125 0.021875
1 0.95 0.953125 0.025 0.015625
1 0.8078125 0.9578125 0.015625 0.0171875
1 0.578125 0.9390625 0.009375 0.009375
1 0.734375 0.740625 0.015625 0.003125
1 0.7640625 0.7765625 0.021875 0.0328125
1 0.8515625 0.7609375 0.034375 0.021875
1 0.86953125 0.74296875 0.0359375 0.0078125
1 0.9453125 0.7953125 0.015625 0.015625
1 0.953125 0.778125 0.025 0.034375
1 0.9484375 0.9109375 0.040625 0.0390625
0 0.96953125 0.90546875 0.0609375 0.1890625
0 0.78515625 0.9171875 0.2453125 0.165625
0 0.66015625 0.90546875 0.2078125 0.1890625
0 0.5453125 0.796875 0.0125 0.05625