0 0.1546875 0.02109375 0.175 0.0421875
1 0.009375 0.628125 0.01875 0.0171875
1 0.0046875 0.38984375 0.009375 0.0390625
1 0.01875 0.325 0.0296875 0.025
1 0.03125 0.328125 0.025 0.0203125
1 0.021875 0.29375 0.025 0.021875
1 0.128125 0.3953125 0.025 0.0265625
1 0.1390625 0.390625 0.009375 0.009375
1 0.1890625 0.421875 0.0265625 0.025
1 0.1453125 0.4359375 0.025 0.015625
1 0.1828125 0.303125 0.0140625 0.0171875
1 0.1703125 0.2953125 0.015625 0.0234375
1 0.2015625 0.278125 0.015625 0.015625
0 0.259375 0.2828125 0.0390625 0.0453125
0 0.2390625 0.3703125 0.2765625 0.2203125
1 0.403125 0.3109375 0.0296875 0.04375
1 0.1875 0.503125 0.04375 0.046875
0 0.23125 0.5484375 0.2765625 0.16875
1 0.175 0.5703125 0.021875 0.01875
1 0.2453125 0.6 0.059375 0.0265625
1 0.0953125 0.6375 0.0328125 0.0375
1 0.1140625 0.659375 0.028125 0.0328125
1 0.1640625 0.646875 0.0109375 0.0140625
1 0.1796875 0.6328125 0.0625 0.0390625
1 0.225 0.65 0.0296875 0.03125
0 0.246875 0.6953125 0.475 0.1796875
1 0.2109375 0.678125 0.0125 0.009375
1 0.3890625 0.5390625 0.0625 0.0484375
1 0.59609375 0.55078125 0.0265625 0.0390625
1 0.5546875 0.278125 0.021875 0.015625
0 0.63515625 0.52734375 0.0515625 0.1015625
1 0.6140625 0.58671875 0.009375 0.0265625
1 0.7328125 0.415625 0.0140625 0.021875
1 0.759375 0.425 0.0234375 0.0234375
1 0.7234375 0.440625 0.0171875 0.01875
1 0.6703125 0.4921875 0.0296875 0.0203125
1 0.7890625 0.4921875 0.01875 0.021875
1 0.778125 0.575 0.0390625 0.0375
1 0.7703125 0.596875 0.015625 0.0171875
0 0.628125 0.7484375 0.0375 0.1
1 0.65 0.728125 0.025 0.0234375
0 0.61875 0.81484375 0.01875 0.0484375
1 0.7984375 0.3171875 0.0234375 0.009375
1 0.9109375 0.346875 0.0203125 0.0171875
1 0.9046875 0.390625 0.0234375 0.0296875
1 0.8015625 0.428125 0.0234375 0.0265625
1 0.8296875 0.4109375 0.0125 0.015625
1 0.8796875 0.4015625 0.01875 0.0203125
1 0.8921875 0.409375 0.0140625 0.0203125
1 0.875 0.4203125 0.0265625 0.0234375
1 0.8984375 0.396875 0.015625 0.0234375
1 0.8375 0.43125 0.0125 0.0125
1 0.89375 0.45625 0.0328125 0.0375
1 0.9859375 0.4515625 0.021875 0.0296875
1 0.834375 0.4625 0.0296875 0.0234375
1 0.828125 0.503125 0.0171875 0.0296875
1 0.925 0.5 0.034375 0.028125
1 0.9953125 0.51796875 0.009375 0.0234375
1 0.915625 0.61875 0.03125 0.015625
1 0.875 0.5953125 0.021875 0.025
1 0.9171875 0.5421875 0.021875 0.021875
1 0.99375 0.590625 0.0109375 0.021875
1 0.95625 0.596875 0.015625 0.0203125
1 0.9921875 0.6421875 0.015625 0.015625
1 0.890625 0.5421875 0.0234375 0.01875
1 0.9046875 0.559375 0.01875 0.0203125
1 0.8359375 0.6328125 0.01875 0.0234375
1 0.84375 0.6625 0.015625 0.0203125
1 0.8890625 0.6703125 0.009375 0.015625
1 0.7859375 0.7671875 0.015625 0.0203125
1 0.81875 0.75625 0.01875 0.021875
1 0.8671875 0.796875 0.0234375 0.01875
1 0.8828125 0.7734375 0.021875 0.01875
1 0.8984375 0.7859375 0.0375 0.0265625
1 0.8921875 0.8015625 0.034375 0.0140625
1 0.896875 0.7703125 0.0171875 0.015625
1 0.8265625 0.3375 0.025 0.028125