0 0.334375 0.365625 0.1875 0.125
1 0.3578125 0.2765625 0.034375 0.025
1 0.3484375 0.303125 0.0375 0.025
1 0.4109375 0.3 0.0234375 0.0234375
1 0.5328125 0.2859375 0.0375 0.0359375
1 0.5046875 0.240625 0.0203125 0.01875
1 0.415625 0.18125 0.0375 0.021875
1 0.421875 0.1453125 0.0203125 0.025
1 0.55234375 0.146875 0.0140625 0.028125
1 0.4140625 0.0390625 0.0515625 0.0328125
0 0.3515625 0.11875 0.090625 0.175
0 0.33125 0.03984375 0.109375 0.0796875
1 0.1234375 0.0421875 0.065625 0.065625
1 0.19375 0.00546875 0.04375 0.0109375
1 0.153125 0.153125 0.0328125 0.0375
1 0.2421875 0.121875 0.040625 0.028125
1 0.1265625 0.1859375 0.0265625 0.0265625
1 0.1421875 0.3671875 0.0421875 0.046875
1 0.128125 0.325 0.034375 0.0421875
1 0.159375 0.315625 0.0203125 0.021875
1 0.084375 0.3265625 0.0328125 0.0265625
1 0.1046875 0.43125 0.0421875 0.03125
1 0.0578125 0.4171875 0.046875 0.053125
1 0.25625 0.434375 0.0296875 0.0234375
1 0.309375 0.4328125 0.0421875 0.028125
1 0.96875 0.3734375 0.0140625 0.0109375
1 0.9625 0.4921875 0.028125 0.053125
1 0.9296875 0.6328125 0.0390625 0.0125
1 0.9734375 0.1296875 0.0390625 0.03125
1 0.934375 0.1203125 0.028125 0.0171875
1 0.9296875 0.1671875 0.04375 0.0296875
1 0.9296875 0.2 0.0171875 0.0296875
1 0.86875 0.1265625 0.0375 0.028125
1 0.871875 0.23125 0.0328125 0.0234375
1 0.834375 0.309375 0.0546875 0.0265625
1 0.8015625 0.278125 0.0265625 0.0390625
1 0.7796875 0.265625 0.0203125 0.0265625
1 0.8296875 0.4421875 0.0265625 0.028125
1 0.8375 0.4671875 0.040625 0.053125
1 0.8421875 0.5125 0.01875 0.0234375
1 0.790625 0.5078125 0.06875 0.0875
1 0.8703125 0.578125 0.1171875 0.046875
1 0.71875 0.6109375 0.0203125 0.0296875
1 0.65 0.5796875 0.0328125 0.0421875
1 0.6765625 0.5921875 0.01875 0.0203125
1 0.6234375 0.525 0.0109375 0.0078125
1 0.60625 0.5078125 0.0234375 0.015625
1 0.56484375 0.4515625 0.0109375 0.021875
1 0.590625 0.440625 0.015625 0.0125
0 0.79375 0.371875 0.134375 0.1109375
1 0.7984375 0.33125 0.0109375 0.0265625
1 0.7296875 0.3890625 0.028125 0.0328125
1 0.7234375 0.403125 0.078125 0.0484375
1 0.6640625 0.4078125 0.03125 0.0234375
1 0.7046875 0.4515625 0.021875 0.021875
1 0.775 0.4109375 0.0390625 0.0203125
1 0.596875 0.3203125 0.025 0.0265625
1 0.6015625 0.3609375 0.0171875 0.021875
1 0.6765625 0.3328125 0.01875 0.015625
0 0.7953125 0.159375 0.140625 0.09375
1 0.621875 0.125 0.021875 0.0203125
1 0.5828125 0.1421875 0.01875 0.0265625
1 0.6171875 0.1578125 0.025 0.034375
0 0.7640625 0.225 0.1328125 0.1078125
1 0.6953125 0.1859375 0.121875 0.14375
1 0.71875 0.146875 0.0375 0.0234375
1 0.709375 0.2046875 0.05 0.05
1 0.68125 0.2484375 0.0171875 0.040625
1 0.5828125 0.2265625 0.0296875 0.0375
1 0.6015625 0.265625 0.0578125 0.05
1 0.6046875 0.4 0.0109375 0.0125
1 0.578125 0.5125 0.015625 0.0125
1 0.403125 0.8609375 0.0765625 0.0890625
0 0.08203125 0.984375 0.0703125 0.03125
0 0.084375 0.878125 0.1359375 0.1515625
1 0.2890625 0.93125 0.0296875 0.03125
1 0.2515625 0.8765625 0.05 0.0484375
0 0.61171875 0.725 0.1046875 0.1125
1 0.9890625 0.715625 0.021875 0.040625
1 0.678125 0.728125 0.0546875 0.0609375
1 0.903125 0.7796875 0.034375 0.03125
1 0.8625 0.790625 0.0390625 0.0265625
1 0.9671875 0.846875 0.0171875 0.01875
1 0.7375 0.7640625 0.028125 0.0203125
1 0.98125 0.7859375 0.021875 0.0234375
1 0.56640625 0.80078125 0.0140625 0.0484375
0 0.5921875 0.81171875 0.065625 0.1140625