1 0.146875 0.2828125 0.0171875 0.015625
1 0.1390625 0.221875 0.0359375 0.021875
1 0.2 0.0703125 0.0421875 0.0390625
1 0.1625 0.028125 0.0265625 0.025
1 0.2859375 0.003125 0.025 0.00625
1 0.33828125 0.04765625 0.0234375 0.0390625
0 0.325 0.22578125 0.05 0.1953125
0 0.30546875 0.2 0.0890625 0.109375
1 0.8453125 0.384375 0.028125 0.0375
1 0.76796875 0.0171875 0.0296875 0.034375
1 0.89375 0.0640625 0.0109375 0.034375
0 0.5875 0.1921875 0.0328125 0.0375
0 0.7046875 0.265625 0.1734375 0.209375
1 0.7609375 0.1671875 0.0359375 0.015625
1 0.759375 0.3453125 0.0484375 0.05
0 0.89453125 0.20703125 0.2109375 0.1609375
0 0.97109375 0.20390625 0.0578125 0.0859375
1 0.921875 0.2171875 0.0390625 0.04375
1 0.7515625 0.3171875 0.01875 0.03125
1 0.70625 0.3203125 0.034375 0.0265625
1 0.7375 0.265625 0.1328125 0.084375
1 0.8078125 0.2296875 0.0265625 0.009375
1 0.0703125 0.98984375 0.05 0.0203125
1 0.05 0.9390625 0.0890625 0.08125
1 0.125 0.96875 0.0453125 0.05625
1 0.11875 0.9171875 0.0359375 0.0359375
1 0.01015625 0.85078125 0.0203125 0.1203125
0 0.04140625 0.64296875 0.0828125 0.1046875
1 0.13125 0.7921875 0.0328125 0.0484375
1 0.1203125 0.659375 0.075 0.109375
1 0.134375 0.471875 0.046875 0.065625
0 0.9421875 0.54375 0.1125 0.153125
0 0.9890625 0.553125 0.021875 0.140625
1 0.9265625 0.653125 0.05 0.06875
1 0.89375 0.6484375 0.0234375 0.0140625
1 0.9640625 0.6234375 0.0171875 0.0171875
1 0.9265625 0.609375 0.0109375 0.0140625
1 0.871875 0.59375 0.0140625 0.015625
1 0.8328125 0.6078125 0.0328125 0.0390625
1 0.8296875 0.5875 0.0171875 0.0140625
1 0.8703125 0.7375 0.015625 0.0171875
0 0.5984375 0.5484375 0.059375 0.16875
1 0.684375 0.44921875 0.028125 0.0203125
1 0.634375 0.75625 0.0390625 0.0328125
1 0.8421875 0.9578125 0.028125 0.059375
1 0.85390625 0.9953125 0.0265625 0.009375
1 0.7984375 0.971875 0.0359375 0.034375
1 0.80625 0.940625 0.0328125 0.040625
1 0.7546875 0.85625 0.0203125 0.01875
1 0.9265625 0.9359375 0.028125 0.034375
1 0.734375 0.928125 0.0390625 0.0203125
1 0.6984375 0.8265625 0.040625 0.0125
1 0.5890625 0.840625 0.0203125 0.009375
0 0.7578125 0.5375 0.1015625 0.165625
0 0.703125 0.5421875 0.0984375 0.153125
1 0.6828125 0.6953125 0.1140625 0.10625