1 0.0875 0.134375 0.00625 0.0140625
0 0.45 0.1140625 0.078125 0.08125
1 0.371875 0.2390625 0.0125 0.00625
1 0.421875 0.3890625 0.009375 0.0125
1 0.1453125 0.5078125 0.0125 0.0078125
1 0.4484375 0.521875 0.0109375 0.00625
1 0.47578125 0.2203125 0.0265625 0.040625
0 0.45546875 0.3203125 0.0671875 0.09375
1 0.1140625 0.2578125 0.0421875 0.0265625
1 0.4703125 0.4921875 0.0109375 0.0234375
0 0.46015625 0.3953125 0.0578125 0.109375
1 0.08125 0.178125 0.0140625 0.0125
1 0.31875 0.340625 0.015625 0.015625
1 0.925 0.2390625 0.0546875 0.046875
1 0.9203125 0.2921875 0.0484375 0.021875
1 0.9015625 0.1953125 0.10625 0.09375
0 0.9703125 0.28515625 0.059375 0.0859375
0 0.97890625 0.19609375 0.0421875 0.1328125
1 0.9 0.3640625 0.059375 0.06875
1 0.9078125 0.43125 0.0375 0.0296875
1 0.9546875 0.409375 0.0234375 0.046875
1 0.98046875 0.4109375 0.0390625 0.046875
0 0.97421875 0.35859375 0.0515625 0.0640625
1 0.8921875 0.325 0.028125 0.0203125
1 0.9125 0.325 0.0140625 0.0109375
1 0.9046875 0.3109375 0.015625 0.0171875
1 0.93125 0.3125 0.0234375 0.015625
1 0.9609375 0.25 0.015625 0.0140625
1 0.8078125 0.2703125 0.0328125 0.0375
1 0.853125 0.2875 0.0125 0.0234375
1 0.8609375 0.25625 0.015625 0.0203125
1 0.840625 0.24375 0.0296875 0.0171875
1 0.8484375 0.2484375 0.015625 0.034375
1 0.8734375 0.2484375 0.015625 0.0203125
1 0.859375 0.2359375 0.0109375 0.0109375
1 0.8609375 0.3359375 0.0203125 0.009375
1 0.834375 0.315625 0.028125 0.028125
1 0.8421875 0.3875 0.046875 0.0640625
1 0.8765625 0.5046875 0.0234375 0.0171875
1 0.878125 0.471875 0.0484375 0.0625
1 0.840625 0.45 0.046875 0.0515625
1 0.9234375 0.465625 0.0359375 0.040625
1 0.9171875 0.5046875 0.0296875 0.03125
1 0.925 0.48125 0.0140625 0.0140625
1 0.8078125 0.4296875 0.0140625 0.0171875
1 0.80625 0.415625 0.01875 0.0078125
1 0.8 0.4796875 0.0296875 0.025
0 0.9671875 0.48125 0.065625 0.0875
1 0.9703125 0.4375 0.0140625 0.021875
1 0.68125 0.51953125 0.0375 0.0203125
1 0.75859375 0.51484375 0.0578125 0.0296875
1 0.7359375 0.5234375 0.015625 0.0125
1 0.7609375 0.5125 0.0140625 0.0171875
1 0.7390625 0.459375 0.059375 0.03125
1 0.8234375 0.16875 0.121875 0.075
1 0.740625 0.19375 0.0328125 0.034375
1 0.7546875 0.178125 0.009375 0.01875
1 0.7625 0.1546875 0.0078125 0.0125
1 0.6734375 0.1671875 0.03125 0.021875
1 0.684375 0.20625 0.0625 0.0515625
1 0.7421875 0.23125 0.065625 0.0734375
1 0.79375 0.2265625 0.0140625 0.009375
1 0.775 0.2671875 0.015625 0.009375
1 0.740625 0.278125 0.0328125 0.0453125
1 0.6796875 0.2453125 0.0921875 0.05625
1 0.6875 0.26875 0.01875 0.0203125
1 0.6375 0.259375 0.021875 0.01875
1 0.6671875 0.4953125 0.034375 0.0546875
1 0.6328125 0.4921875 0.0296875 0.0265625
1 0.79375 0.4234375 0.0109375 0.0125
1 0.7390625 0.43125 0.0421875 0.0265625
1 0.728125 0.3984375 0.03125 0.065625
1 0.76875 0.365625 0.028125 0.05
1 0.796875 0.396875 0.015625 0.015625
1 0.78125 0.378125 0.03125 0.021875
1 0.784375 0.39375 0.0140625 0.0140625
1 0.7625 0.396875 0.0234375 0.009375
1 0.5921875 0.2328125 0.0203125 0.03125
1 0.621875 0.3328125 0.0265625 0.03125
1 0.5765625 0.38125 0.0625 0.04375
1 0.559375 0.4125 0.0140625 0.021875
1 0.6046875 0.3 0.028125 0.03125
1 0.559375 0.340625 0.0203125 0.0171875
1 0.4984375 0.334375 0.01875 0.025
1 0.5359375 0.315625 0.040625 0.040625
1 0.5015625 0.2953125 0.025 0.034375
1 0.5578125 0.2421875 0.01875 0.01875
1 0.5546875 0.2640625 0.0296875 0.0234375
0 0.521875 0.21328125 0.065625 0.0796875
1 0.5078125 0.421875 0.015625 0.0203125
1 0.5546875 0.521875 0.021875 0.015625
0 0.51875 0.4578125 0.059375 0.09375
1 0.278125 0.7953125 0.025 0.03125
1 0.3171875 0.8359375 0.015625 0.0171875
1 0.4125 0.7546875 0.0140625 0.015625
1 0.253125 0.6671875 0.028125 0.0171875
1 0.3390625 0.6625 0.0125 0.0078125
1 0.09375 0.7921875 0.0140625 0.01875
0 0.11015625 0.96015625 0.2203125 0.0796875
0 0.1875 0.85625 0.375 0.2875
0 0.084375 0.74296875 0.16875 0.1703125
0 0.6765625 0.54296875 0.090625 0.0265625
0 0.8609375 0.61640625 0.25625 0.1734375
1 0.6984375 0.6609375 0.025 0.03125
1 0.80625 0.728125 0.01875 0.040625
1 0.6 0.725 0.0578125 0.0640625
1 0.99609375 0.80390625 0.0078125 0.0203125
1 0.5828125 0.85 0.046875 0.0484375
1 0.690625 0.859375 0.040625 0.0296875
1 0.6421875 0.9234375 0.0078125 0.0125
1 0.5140625 0.903125 0.046875 0.0546875
1 0.98671875 0.9578125 0.0265625 0.053125
0 0.8578125 0.88359375 0.215625 0.2328125