1 0.409375 0.08984375 0.040625 0.0421875
1 0.38828125 0.0140625 0.0328125 0.028125
1 0.378125 0.0828125 0.028125 0.0265625
1 0.3328125 0.1625 0.0359375 0.0375
1 0.4140625 0.0046875 0.03125 0.009375
1 0.39375 0.240625 0.0265625 0.0265625
1 0.3765625 0.2078125 0.046875 0.034375
1 0.1953125 0.0546875 0.0140625 0.034375
1 0.19375 0.0140625 0.021875 0.0203125
1 0.19375 0.15625 0.028125 0.021875
1 0.19375 0.3453125 0.0265625 0.0125
1 0.2078125 0.2609375 0.021875 0.0234375
1 0.153125 0.0234375 0.03125 0.0203125
1 0.06875 0.1859375 0.0390625 0.0359375
1 0.084375 0.240625 0.0234375 0.021875
0 0.04296875 0.17421875 0.0859375 0.1828125
0 0.04609375 0.06484375 0.0921875 0.1296875
1 0.9828125 0.1484375 0.0328125 0.034375
1 0.975 0.2265625 0.025 0.01875
1 0.8984375 0.1484375 0.0359375 0.034375
1 0.8171875 0.13125 0.05625 0.03125
1 0.771875 0.14375 0.025 0.025
1 0.728125 0.1421875 0.0328125 0.04375
1 0.8484375 0.2734375 0.0296875 0.0171875
1 0.99765625 0.25 0.0046875 0.021875
0 0.77109375 0.225 0.4578125 0.2875
1 0.99140625 0.3234375 0.0171875 0.034375
1 0.94921875 0.3609375 0.0296875 0.015625
1 0.99453125 0.35078125 0.0109375 0.0328125
1 0.8078125 0.3109375 0.0328125 0.0296875
1 0.8796875 0.2703125 0.0109375 0.0140625
0 0.76796875 0.2921875 0.3828125 0.153125
1 0.64375 0.221875 0.0203125 0.025
1 0.6234375 0.2125 0.015625 0.0234375
1 0.6375 0.2421875 0.0234375 0.0203125
1 0.6328125 0.2625 0.0203125 0.0140625
1 0.7796875 0.34375 0.0125 0.01875
1 0.7703125 0.3546875 0.015625 0.025
1 0.75625 0.35625 0.0140625 0.025
1 0.7359375 0.3421875 0.0328125 0.034375
1 0.715625 0.346875 0.0078125 0.0125
1 0.72421875 0.35703125 0.0515625 0.0234375
1 0.5421875 0.2078125 0.015625 0.015625
1 0.5359375 0.23125 0.009375 0.015625
1 0.4890625 0.21875 0.0265625 0.025
1 0.49375 0.24375 0.0234375 0.025
1 0.465625 0.1765625 0.01875 0.0234375
1 0.5328125 0.153125 0.0203125 0.03125
1 0.5234375 0.3109375 0.0328125 0.0515625
1 0.4984375 0.3171875 0.0140625 0.015625
1 0.50703125 0.36484375 0.0328125 0.0078125
1 0.44375 0.18125 0.01875 0.025
1 0.1453125 0.8296875 0.025 0.0203125
1 0.1421875 0.8546875 0.0359375 0.021875
1 0.1328125 0.7921875 0.025 0.0203125
1 0.0515625 0.7265625 0.0203125 0.028125
1 0.003125 0.8265625 0.00625 0.028125
1 0.2015625 0.73125 0.0265625 0.025
1 0.134375 0.88125 0.015625 0.01875
1 0.10625 0.915625 0.025 0.0265625
1 0.1859375 0.796875 0.025 0.0125
1 0.3265625 0.9015625 0.025 0.025
1 0.190625 0.5625 0.0296875 0.0390625
1 0.1296875 0.5765625 0.0296875 0.01875
1 0.1109375 0.553125 0.0234375 0.025
0 0.41328125 0.50234375 0.0328125 0.1234375
0 0.4140625 0.60625 0.03125 0.159375
0 0.384375 0.828125 0.090625 0.240625
1 0.7 0.54375 0.00625 0.0078125
1 0.7859375 0.5546875 0.0234375 0.0171875
0 0.55390625 0.56796875 0.2484375 0.0890625
1 0.7390625 0.6296875 0.0125 0.028125
1 0.790625 0.6515625 0.00625 0.009375
1 0.7671875 0.6890625 0.0140625 0.0171875
1 0.7703125 0.7109375 0.0140625 0.0140625
1 0.809375 0.6984375 0.0546875 0.0515625
1 0.8203125 0.74375 0.0265625 0.0125
1 0.43203125 0.815625 0.0046875 0.015625
1 0.9609375 0.9078125 0.01875 0.009375
1 0.8796875 0.9234375 0.0390625 0.0171875
1 0.946875 0.95 0.0421875 0.03125
1 0.640625 0.9609375 0.0390625 0.03125
1 0.52890625 0.99609375 0.0140625 0.0078125
1 0.60390625 0.99765625 0.0171875 0.0046875
1 0.9953125 0.803125 0.009375 0.009375
1 0.99296875 0.7671875 0.0140625 0.015625
1 0.7921875 0.7765625 0.04375 0.053125
1 0.5390625 0.615625 0.034375 0.0328125
1 0.5625 0.6234375 0.01875 0.0296875
1 0.625 0.6890625 0.0265625 0.040625
0 0.5640625 0.8265625 0.246875 0.2546875
0 0.59765625 0.73515625 0.3359375 0.2421875