0 0.0234375 0.15859375 0.046875 0.0984375
1 0.021875 0.09453125 0.04375 0.0515625
0 0.01796875 0.39453125 0.0359375 0.1453125
1 0.096875 0.3203125 0.0421875 0.0359375
1 0.1125 0.415625 0.0296875 0.0578125
1 0.0671875 0.5765625 0.0609375 0.0359375
1 0.10625 0.540625 0.0375 0.021875
1 0.0703125 0.45 0.0296875 0.040625
1 0.1109375 0.4515625 0.021875 0.01875
1 0.0171875 0.2484375 0.0265625 0.0234375
1 0.0796875 0.0875 0.028125 0.0328125
1 0.1796875 0.0828125 0.0546875 0.0265625
1 0.215625 0.096875 0.0375 0.0546875
1 0.2078125 0.1484375 0.0328125 0.0328125
1 0.225 0.175 0.0359375 0.0390625
1 0.165625 0.1953125 0.0515625 0.0828125
1 0.0765625 0.19375 0.0296875 0.021875
1 0.11875 0.16875 0.021875 0.0171875
1 0.153125 0.2734375 0.03125 0.046875
1 0.1734375 0.5296875 0.021875 0.0453125
1 0.23125 0.546875 0.1078125 0.0984375
1 0.209375 0.421875 0.046875 0.0453125
1 0.35 0.5703125 0.0375 0.0453125
1 0.3640625 0.5609375 0.046875 0.0296875
1 0.378125 0.5796875 0.0359375 0.0171875
1 0.4265625 0.5796875 0.0328125 0.03125
1 0.29375 0.503125 0.05 0.04375
1 0.3359375 0.5015625 0.034375 0.0296875
0 0.53359375 0.47890625 0.0703125 0.1734375
0 0.5109375 0.5703125 0.1109375 0.05
1 0.515625 0.5515625 0.04375 0.034375
1 0.496875 0.515625 0.046875 0.0421875
1 0.4171875 0.5109375 0.0578125 0.046875
1 0.421875 0.440625 0.0359375 0.025
1 0.565625 0.54921875 0.00625 0.0515625
1 0.56328125 0.57734375 0.0109375 0.0359375
1 0.5 0.4484375 0.034375 0.0359375
0 0.5109375 0.35625 0.103125 0.1359375
1 0.4578125 0.371875 0.0296875 0.0671875
1 0.215625 0.2796875 0.0828125 0.046875
1 0.234375 0.240625 0.046875 0.0578125
1 0.2640625 0.4453125 0.0328125 0.021875
1 0.275 0.4671875 0.01875 0.015625
1 0.2625 0.4234375 0.03125 0.0234375
1 0.3125 0.421875 0.0234375 0.0359375
1 0.2875 0.421875 0.0171875 0.01875
1 0.3078125 0.378125 0.021875 0.021875
1 0.3625 0.440625 0.0296875 0.015625
1 0.3609375 0.421875 0.0234375 0.0203125
1 0.3 0.2609375 0.028125 0.0234375
1 0.3484375 0.2328125 0.0375 0.0296875
1 0.340625 0.3578125 0.0265625 0.03125
1 0.3296875 0.3328125 0.0328125 0.0203125
1 0.2046875 0.3328125 0.028125 0.025
0 0.52421875 0.265625 0.0890625 0.0875
1 0.4453125 0.2265625 0.03125 0.0328125
1 0.425 0.2375 0.0234375 0.0234375
1 0.3296875 0.0953125 0.046875 0.053125
1 0.396875 0.134375 0.025 0.03125
1 0.4984375 0.1453125 0.05625 0.0734375
1 0.4453125 0.09375 0.021875 0.0234375
1 0.56015625 0.440625 0.0171875 0.0625
1 0.5171875 0.078125 0.0390625 0.01875
1 0.38125 0.2875 0.0234375 0.028125
1 0.1875 0.1953125 0.021875 0.021875
1 0.1796875 0.1625 0.025 0.0203125
1 0.5390625 0.2078125 0.0296875 0.025
1 0.8953125 0.134375 0.034375 0.0234375
1 0.95 0.1359375 0.0625 0.0328125
1 0.978125 0.0484375 0.04375 0.01875
1 0.965625 0.4296875 0.046875 0.0359375
1 0.846875 0.259375 0.034375 0.03125
0 0.94921875 0.32421875 0.1015625 0.2296875
0 0.978125 0.484375 0.04375 0.1625
1 0.0421875 0.8078125 0.0109375 0.0125
1 0.034375 0.784375 0.00625 0.0046875
1 0.040625 0.7765625 0.009375 0.003125
1 0.0359375 0.7828125 0.0078125 0.00625
1 0.0296875 0.76875 0.0046875 0.0078125
1 0.2578125 0.6921875 0.0078125 0.0109375
1 0.2265625 0.775 0.0078125 0.00625
1 0.1765625 0.7140625 0.0546875 0.05625
1 0.1453125 0.8125 0.025 0.025
1 0.103125 0.8875 0.0125 0.009375
1 0.365625 0.9421875 0.028125 0.03125
1 0.359375 0.8765625 0.0359375 0.0328125
1 0.3625 0.859375 0.0109375 0.00625
1 0.415625 0.821875 0.0078125 0.0078125
1 0.425 0.7390625 0.028125 0.0328125
1 0.434375 0.7921875 0.0421875 0.0203125
0 0.55546875 0.96796875 0.0265625 0.0640625
0 0.4625 0.9546875 0.178125 0.090625
0 0.51171875 0.7 0.1140625 0.08125
0 0.47578125 0.81640625 0.1859375 0.2359375
1 0.0875 0.8671875 0.0046875 0.009375
1 0.08125 0.8609375 0.003125 0.0078125
1 0.08125 0.8671875 0.0078125 0.009375
0 0.7609375 0.96875 0.0171875 0.046875
1 0.7625 0.67109375 0.034375 0.0234375
1 0.703125 0.9375 0.0375 0.0609375
1 0.6078125 0.946875 0.025 0.0453125
1 0.7046875 0.8140625 0.0234375 0.0171875
0 0.915625 0.75859375 0.16875 0.1984375
0 0.86328125 0.8625 0.2734375 0.259375