1 0.2078125 0.590625 0.025 0.01875
1 0.2140625 0.534375 0.0484375 0.0875
1 0.325 0.540625 0.0390625 0.0296875
1 0.309375 0.5296875 0.0078125 0.0125
1 0.284375 0.5015625 0.0203125 0.034375
1 0.21875 0.19375 0.040625 0.0328125
1 0.2875 0.271875 0.021875 0.0265625
1 0.25625 0.3125 0.0578125 0.03125
1 0.3109375 0.471875 0.021875 0.015625
1 0.00859375 0.38984375 0.0171875 0.0171875
1 0.00234375 0.35546875 0.0046875 0.0234375
1 0.0015625 0.41875 0.003125 0.015625
1 0.190625 0.05 0.0265625 0.04375
1 0.15 0.0515625 0.021875 0.0234375
1 0.165625 0.075 0.009375 0.0109375
1 0.2703125 0.1203125 0.1234375 0.11875
1 0.3265625 0.02265625 0.034375 0.0453125
1 0.00859375 0.1921875 0.0171875 0.021875
1 0.1359375 0.2296875 0.021875 0.0171875
1 0.15625 0.1921875 0.0171875 0.0171875
0 0.3078125 0.3625 0.071875 0.1109375
1 0.3375 0.4640625 0.0125 0.0125
0 0.234375 0.415625 0.11875 0.15
1 0.1625 0.4171875 0.0203125 0.0328125
0 0.1734375 0.35625 0.0609375 0.1140625
1 0.11875 0.365625 0.071875 0.0671875
1 0.0609375 0.3109375 0.0484375 0.084375
0 0.0453125 0.37109375 0.090625 0.1234375
1 0.0203125 0.4171875 0.00625 0.0109375
1 0.0296875 0.1421875 0.0140625 0.015625
1 0.08125 0.25625 0.1390625 0.1375
1 0.1125 0.040625 0.0515625 0.05625
1 0.13125 0.04375 0.0140625 0.0078125
1 0.046875 0.04375 0.015625 0.0109375
1 0.003125 0.0640625 0.00625 0.0125
1 0.00625 0.05078125 0.0125 0.0140625
1 0.00625 0.015625 0.0125 0.0140625
1 0.0203125 0.009375 0.0125 0.0171875
1 0.0140625 0.0453125 0.0109375 0.0140625
1 0.00703125 0.03359375 0.0140625 0.0140625
1 0.21875 0.05625 0.0265625 0.0328125
1 0.2125 0.0984375 0.0171875 0.015625
1 0.1828125 0.1671875 0.0125 0.0140625
1 0.1921875 0.1625 0.015625 0.0140625
1 0.24375 0.0234375 0.0109375 0.0125
1 0.25 0.0515625 0.0125 0.0125
1 0.2609375 0.034375 0.0109375 0.0125
0 0.92734375 0.58203125 0.0828125 0.0359375
1 0.959375 0.525 0.0203125 0.046875
0 0.825 0.5578125 0.15 0.084375
0 0.728125 0.57109375 0.0875 0.0578125
0 0.6625 0.584375 0.06875 0.03125
0 0.58671875 0.565625 0.0734375 0.06875
1 0.6421875 0.521875 0.0671875 0.0515625
0 0.51953125 0.559375 0.0953125 0.08125
1 0.48984375 0.56171875 0.0609375 0.0765625
1 0.6875 0.4890625 0.0140625 0.0359375
1 0.7796875 0.4796875 0.0546875 0.0828125
1 0.4859375 0.4453125 0.0265625 0.0390625
1 0.546875 0.4390625 0.028125 0.015625
1 0.525 0.3421875 0.028125 0.0359375
1 0.484375 0.196875 0.03125 0.0265625
1 0.6328125 0.2328125 0.0265625 0.0203125
1 0.671875 0.1609375 0.0453125 0.040625
1 0.7171875 0.121875 0.0203125 0.03125
1 0.7484375 0.134375 0.0484375 0.0359375
1 0.7859375 0.10625 0.03125 0.0234375
1 0.778125 0.125 0.021875 0.021875
0 0.740625 0.053125 0.084375 0.10625
0 0.65 0.0484375 0.128125 0.0578125
0 0.575 0.06796875 0.084375 0.1359375
0 0.50234375 0.04453125 0.0859375 0.0890625
1 0.47109375 0.309375 0.0234375 0.03125
1 0.5109375 0.3578125 0.0171875 0.015625
1 0.6625 0.2828125 0.0140625 0.0140625
1 0.89375 0.346875 0.0484375 0.0671875
1 0.9296875 0.178125 0.028125 0.0265625
0 0.940625 0.078125 0.05625 0.1296875
0 0.86875 0.0734375 0.128125 0.1015625
1 0.875 0.0421875 0.0421875 0.053125
1 0.83671875 0.0140625 0.0578125 0.028125
1 0.29453125 0.99375 0.0328125 0.0125
1 0.2921875 0.790625 0.04375 0.028125
1 0.3703125 0.7421875 0.0390625 0.0421875
1 0.4109375 0.7125 0.01875 0.01875
1 0.35625 0.6453125 0.0328125 0.0390625
1 0.159375 0.725 0.053125 0.0453125
0 0.621875 0.6453125 0.203125 0.090625
0 0.53359375 0.63125 0.1453125 0.0625
0 0.48828125 0.65546875 0.0578125 0.1109375
1 0.50546875 0.8609375 0.0921875 0.159375
1 0.6375 0.8453125 0.059375 0.040625
1 0.7796875 0.809375 0.13125 0.1046875
1 0.753125 0.6109375 0.046875 0.021875
1 0.634375 0.9734375 0.034375 0.0390625
1 0.51875 0.940625 0.015625 0.021875
1 0.690625 0.865625 0.021875 0.021875
1 0.5765625 0.7796875 0.021875 0.03125
1 0.55625 0.7984375 0.0265625 0.03125
1 0.5859375 0.821875 0.0265625 0.028125
1 0.559375 0.7625 0.028125 0.0234375
1 0.65625 0.8046875 0.025 0.03125
1 0.8078125 0.625 0.021875 0.0265625
1 0.8265625 0.6578125 0.021875 0.0265625
1 0.834375 0.6234375 0.0140625 0.0265625
0 0.7109375 0.671875 0.1609375 0.090625
1 0.625 0.6859375 0.0328125 0.0421875