1 0.0375 0.54375 0.0171875 0.021875
1 0.275 0.4953125 0.0296875 0.0578125
1 0.30625 0.503125 0.0171875 0.034375
1 0.096875 0.26875 0.075 0.0453125
1 0.0953125 0.328125 0.05625 0.053125
1 0.0359375 0.334375 0.01875 0.034375
1 0.0609375 0.3375 0.025 0.015625
1 0.16875 0.3546875 0.021875 0.0265625
1 0.15 0.3421875 0.021875 0.0203125
1 0.190625 0.353125 0.015625 0.0234375
1 0.296875 0.26875 0.03125 0.01875
1 0.284375 0.321875 0.021875 0.028125
1 0.265625 0.190625 0.03125 0.03125
0 0.1640625 0.2 0.1796875 0.125
1 0.2609375 0.034375 0.0734375 0.0625
1 0.30625 0.0703125 0.015625 0.046875
1 0.1484375 0.0703125 0.021875 0.01875
1 0.17890625 0.009375 0.0171875 0.01875
1 0.2484375 0.1625 0.0359375 0.0203125
1 0.02109375 0.10625 0.0421875 0.146875
1 0.8203125 0.546875 0.05625 0.0515625
1 0.821875 0.57890625 0.034375 0.0203125
1 0.7703125 0.4796875 0.0375 0.04375
1 0.76875 0.4265625 0.0890625 0.1046875
1 0.878125 0.48125 0.0625 0.0515625
1 0.9109375 0.5390625 0.040625 0.034375
0 0.9609375 0.30546875 0.078125 0.0734375
1 0.940625 0.2640625 0.06875 0.075
1 0.8359375 0.2203125 0.0375 0.0625
0 0.7859375 0.29375 0.125 0.0953125
1 0.78125 0.0625 0.04375 0.0453125
1 0.890625 0.290625 0.021875 0.021875
1 0.9078125 0.3703125 0.0171875 0.0203125
1 0.140625 0.8921875 0.0625 0.0703125
0 0.24375 0.8578125 0.0828125 0.1390625
0 0.3234375 0.8640625 0.1140625 0.0546875
0 0.44375 0.875 0.0921875 0.1328125
1 0.303125 0.971875 0.040625 0.04375
1 0.21953125 0.61328125 0.0265625 0.0484375
1 0.446875 0.71875 0.0421875 0.04375
1 0.13125 0.7046875 0.0859375 0.03125
1 0.7875 0.871875 0.01875 0.025
1 0.8578125 0.796875 0.015625 0.0078125
0 0.6421875 0.63828125 0.115625 0.0984375
1 0.8015625 0.60625 0.01875 0.0109375
0 0.84375 0.715625 0.3125 0.253125
0 0.91328125 0.684375 0.1734375 0.190625