1 0.18125 0.1765625 0.0078125 0.0078125
1 0.37734375 0.5703125 0.0453125 0.040625
1 0.221875 0.5953125 0.059375 0.046875
1 0.2453125 0.5921875 0.03125 0.0328125
0 0.34609375 0.4015625 0.1078125 0.228125
0 0.1734375 0.38125 0.2046875 0.2046875
0 0.115625 0.3703125 0.128125 0.18125
1 0.7796875 0.309375 0.0546875 0.0609375
1 0.884375 0.209375 0.03125 0.01875
1 0.6421875 0.228125 0.0328125 0.0265625
1 0.5546875 0.04375 0.0515625 0.0296875
1 0.584375 0.009375 0.046875 0.01875
1 0.80234375 0.071875 0.2671875 0.14375
1 0.7546875 0.6015625 0.053125 0.034375
0 0.66484375 0.5453125 0.1546875 0.146875
0 0.5828125 0.521875 0.121875 0.19375
0 0.9046875 0.50859375 0.190625 0.2203125
1 0.0078125 0.7953125 0.015625 0.021875
1 0.0328125 0.8390625 0.0125 0.0125
1 0.084375 0.8375 0.009375 0.0109375
1 0.04375 0.690625 0.0625 0.05
1 0.0359375 0.62734375 0.03125 0.0171875
0 0.1375 0.8171875 0.11875 0.1421875
0 0.203125 0.83125 0.090625 0.1453125
1 0.1328125 0.71875 0.0125 0.0390625
1 0.0140625 0.83203125 0.028125 0.0359375
1 0.015625 0.9703125 0.015625 0.0328125
1 0.090625 0.9375 0.0390625 0.0421875
1 0.196875 0.98125 0.0234375 0.0171875
0 0.6328125 0.67109375 0.265625 0.1046875
0 0.79609375 0.70390625 0.1390625 0.1703125
1 0.5265625 0.7578125 0.046875 0.0421875