1 0.546875 0.1515625 0.00625 0.0375
1 0.53125 0.228125 0.0140625 0.009375
1 0.50625 0.0203125 0.0109375 0.0125
1 0.4125 0.115625 0.0234375 0.0296875
1 0.38203125 0.00703125 0.0078125 0.0140625
1 0.3859375 0.1265625 0.015625 0.0140625
1 0.1546875 0.57109375 0.01875 0.0171875
1 0.1375 0.328125 0.034375 0.046875
0 0.1625 0.4046875 0.1328125 0.14375
0 0.296875 0.4375 0.0859375 0.159375
1 0.265625 0.4203125 0.015625 0.028125
0 0.425 0.4109375 0.1765625 0.1421875
0 0.50390625 0.41796875 0.0921875 0.1390625
1 0.9796875 0.2359375 0.03125 0.0203125
1 0.93125 0.2109375 0.0203125 0.028125
1 0.796875 0.2125 0.009375 0.009375
0 0.7953125 0.3703125 0.115625 0.2109375
1 0.9546875 0.39375 0.01875 0.0109375
0 0.9203125 0.41328125 0.159375 0.3328125
1 0.4171875 0.775 0.009375 0.0078125
1 0.26171875 0.584375 0.0140625 0.009375
1 0.16875 0.771875 0.0109375 0.009375
1 0.1484375 0.81875 0.0125 0.0140625
1 0.03125 0.9703125 0.015625 0.01875
1 0.078125 0.971875 0.0203125 0.0234375
1 0.1 0.9625 0.034375 0.04375
1 0.278125 0.98984375 0.046875 0.0203125
1 0.403125 0.96875 0.01875 0.021875
1 0.3109375 0.9296875 0.015625 0.00625
1 0.2671875 0.93125 0.025 0.01875
1 0.346875 0.953125 0.0234375 0.01875
0 0.01015625 0.8296875 0.0203125 0.134375
1 0.0140625 0.7625 0.0171875 0.03125
1 0.0578125 0.725 0.0203125 0.03125
1 0.103125 0.76875 0.0359375 0.0390625
1 0.1125 0.7921875 0.01875 0.015625
0 0.059375 0.8484375 0.11875 0.090625
1 0.2265625 0.8921875 0.0234375 0.0203125
0 0.1640625 0.8390625 0.096875 0.09375
1 0.2859375 0.859375 0.03125 0.0421875
0 0.2359375 0.8640625 0.0828125 0.0578125
1 0.409375 0.9171875 0.015625 0.021875
0 0.3671875 0.871875 0.1109375 0.0640625
1 0.4125 0.821875 0.0203125 0.028125
1 0.371875 0.7453125 0.021875 0.015625
1 0.3734375 0.790625 0.0625 0.040625
1 0.3046875 0.7703125 0.015625 0.0328125
1 0.3265625 0.7453125 0.0375 0.0328125
1 0.3015625 0.79375 0.021875 0.0296875
1 0.328125 0.7828125 0.034375 0.034375
1 0.4125 0.790625 0.0203125 0.0265625
1 0.2234375 0.73125 0.03125 0.03125
1 0.2578125 0.7515625 0.0546875 0.06875
1 0.24375 0.7109375 0.03125 0.0140625
1 0.2546875 0.6765625 0.01875 0.025
1 0.24375 0.6109375 0.015625 0.021875
1 0.29375 0.6734375 0.021875 0.028125
1 0.3125 0.671875 0.0359375 0.0390625
1 0.3734375 0.6953125 0.0375 0.04375
1 0.34375 0.665625 0.0328125 0.03125
1 0.35625 0.6265625 0.0390625 0.0265625
1 0.3953125 0.6578125 0.0375 0.0296875
1 0.36328125 0.5875 0.0390625 0.015625
1 0.3859375 0.6390625 0.0296875 0.0328125
1 0.3859375 0.6015625 0.01875 0.0234375
1 0.39609375 0.59140625 0.0390625 0.0234375
1 0.1796875 0.7 0.0375 0.0125
1 0.1390625 0.7078125 0.0140625 0.021875
1 0.13125 0.659375 0.0265625 0.040625
1 0.11875 0.634375 0.0140625 0.0140625
1 0.15 0.634375 0.065625 0.0546875
1 0.1921875 0.6484375 0.021875 0.028125
1 0.16875 0.640625 0.0390625 0.03125
1 0.0296875 0.6484375 0.025 0.0375
1 0.06875 0.665625 0.0140625 0.0140625
1 0.00390625 0.62109375 0.0078125 0.0203125
1 0.0703125 0.609375 0.0625 0.059375
1 0.096875 0.584375 0.03125 0.009375
1 0.15234375 0.584375 0.0421875 0.009375
0 0.95546875 0.86015625 0.0890625 0.1515625
1 0.9640625 0.64375 0.025 0.0359375
1 0.9875 0.6484375 0.021875 0.0265625
1 0.953125 0.934375 0.0203125 0.0171875
1 0.9390625 0.871875 0.0265625 0.01875
1 0.9203125 0.81875 0.01875 0.0234375
1 0.8484375 0.803125 0.0296875 0.0265625
1 0.7484375 0.8859375 0.0421875 0.0734375
1 0.734375 0.8171875 0.0328125 0.0546875
1 0.6828125 0.8859375 0.0359375 0.025
0 0.646875 0.8671875 0.1296875 0.1296875
0 0.57265625 0.8578125 0.0453125 0.159375
1 0.6671875 0.634375 0.0234375 0.0203125