1 0.38828125 0.071875 0.0890625 0.14375
1 0.27578125 0.00390625 0.0171875 0.0078125
1 0.5640625 0.2953125 0.01875 0.015625
1 0.12578125 0.3921875 0.0109375 0.015625
1 0.1765625 0.325 0.015625 0.00625
1 0.228125 0.3375 0.0125 0.0109375
1 0.3171875 0.3109375 0.015625 0.025
1 0.465625 0.2703125 0.0140625 0.01875
1 0.5546875 0.3765625 0.0203125 0.015625
1 0.4828125 0.3890625 0.009375 0.0109375
1 0.4765625 0.23125 0.0109375 0.009375
1 0.8171875 0.3796875 0.0078125 0.0109375
1 0.92734375 0.3953125 0.0203125 0.009375
0 0.878125 0.03203125 0.10625 0.0640625
0 0.9296875 0.01015625 0.01875 0.0203125
1 0.7796875 0.00625 0.053125 0.0125
1 0.72890625 0.00625 0.0328125 0.0125
1 0.8828125 0.30625 0.0375 0.0546875
1 0.825 0.1515625 0.028125 0.034375
1 0.0578125 0.9015625 0.0046875 0.0125
1 0.065625 0.4515625 0.0171875 0.0125
1 0.0703125 0.9328125 0.0109375 0.009375
1 0.0828125 0.94375 0.021875 0.0125
1 0.1 0.6921875 0.009375 0.0078125
1 0.1078125 0.9421875 0.0234375 0.0109375
1 0.0984375 0.9140625 0.025 0.0171875
1 0.14375 0.940625 0.028125 0.0140625
1 0.15625 0.778125 0.025 0.0265625
1 0.1703125 0.8890625 0.021875 0.0171875
1 0.2046875 0.9484375 0.0171875 0.0140625
1 0.2140625 0.9765625 0.015625 0.021875
1 0.2234375 0.6671875 0.0078125 0.0125
1 0.2296875 0.7953125 0.015625 0.01875
1 0.23125 0.98828125 0.025 0.0234375
1 0.3328125 0.5265625 0.015625 0.0140625
0 0.246875 0.5484375 0.18125 0.296875
1 0.353125 0.7015625 0.0265625 0.0171875
1 0.3828125 0.4578125 0.015625 0.028125
1 0.3890625 0.940625 0.0125 0.03125
1 0.428125 0.853125 0.015625 0.0265625
1 0.459375 0.815625 0.015625 0.0171875
1 0.4625 0.9296875 0.0296875 0.0203125
1 0.4828125 0.80625 0.01875 0.0421875
1 0.5296875 0.796875 0.01875 0.025
1 0.5515625 0.440625 0.01875 0.01875
0 0.159375 0.5828125 0.2046875 0.2078125
1 0.3703125 0.5921875 0.0171875 0.0203125
1 0.440625 0.553125 0.0109375 0.0140625
0 0.4484375 0.6265625 0.1734375 0.1921875
0 0.5546875 0.5921875 0.05625 0.20625
1 0.2328125 0.7515625 0.021875 0.025
1 0.2421875 0.74375 0.009375 0.0171875
1 0.2453125 0.746875 0.0078125 0.015625
1 0.2515625 0.821875 0.03125 0.0296875
1 0.1734375 0.8234375 0.01875 0.015625
1 0.1703125 0.8453125 0.0171875 0.015625
1 0.3203125 0.928125 0.0171875 0.009375
1 0.3015625 0.9828125 0.0140625 0.015625
1 0.70625 0.421875 0.046875 0.04375
1 0.821875 0.5390625 0.046875 0.0265625
1 0.846875 0.559375 0.025 0.0203125
1 0.846875 0.528125 0.0078125 0.0078125
1 0.8796875 0.5390625 0.040625 0.0265625
1 0.721875 0.7765625 0.0265625 0.03125
1 0.753125 0.821875 0.0125 0.015625
1 0.6921875 0.92890625 0.025 0.0265625
1 0.709375 0.953125 0.015625 0.025
1 0.684375 0.91875 0.009375 0.025
1 0.734375 0.6078125 0.0140625 0.009375
1 0.9421875 0.7484375 0.0109375 0.0265625
1 0.93125 0.75 0.0078125 0.0265625
0 0.8328125 0.740625 0.2296875 0.2765625
1 0.75 0.640625 0.0140625 0.01875
0 0.7921875 0.7796875 0.225 0.2625
0 0.7515625 0.784375 0.0734375 0.0609375
0 0.7546875 0.7578125 0.0453125 0.025