1 0.1 0.5984375 0.0234375 0.028125
1 0.0375 0.590625 0.034375 0.0375
0 0.3828125 0.5875 0.09375 0.103125
1 0.18125 0.496875 0.028125 0.04375
1 0.19375 0.4359375 0.0359375 0.0296875
1 0.2921875 0.371875 0.0171875 0.01875
1 0.2890625 0.303125 0.0421875 0.0640625
1 0.178125 0.2890625 0.0171875 0.0390625
1 0.015625 0.265625 0.028125 0.0375
1 0.334375 0.25 0.0203125 0.0109375
1 0.3046875 0.21875 0.0328125 0.021875
1 0.11875 0.1875 0.0265625 0.01875
1 0.2375 0.1515625 0.0359375 0.040625
1 0.175 0.33125 0.025 0.0234375
1 0.24375 0.521875 0.0453125 0.04375
1 0.3453125 0.521875 0.03125 0.025
1 0.3125 0.4546875 0.028125 0.028125
1 0.41640625 0.4421875 0.0265625 0.01875
1 0.425 0.4421875 0.009375 0.01875
1 0.1265625 0.3078125 0.0421875 0.0234375
1 0.396875 0.37578125 0.065625 0.1109375
0 0.3859375 0.28359375 0.0875 0.1265625
0 0.40078125 0.21484375 0.0578125 0.1390625
1 0.38203125 0.15546875 0.0953125 0.0484375
1 0.7 0.3546875 0.015625 0.0140625
1 0.9609375 0.253125 0.0125 0.0046875
1 0.4375 0.31015625 0.015625 0.0359375
1 0.503125 0.275 0.025 0.0234375
1 0.5390625 0.153125 0.028125 0.0171875
1 0.546875 0.565625 0.01875 0.0171875
1 0.525 0.5921875 0.021875 0.021875
1 0.7078125 0.525 0.0203125 0.0203125
1 0.690625 0.509375 0.021875 0.021875
1 0.6609375 0.5078125 0.015625 0.015625
1 0.66875 0.53125 0.0125 0.0203125
1 0.6984375 0.571875 0.0296875 0.0265625
1 0.6640625 0.5765625 0.0171875 0.0203125
1 0.61875 0.45625 0.015625 0.015625
1 0.5796875 0.1546875 0.0171875 0.021875
1 0.6484375 0.275 0.028125 0.0265625
1 0.671875 0.259375 0.01875 0.0234375
1 0.6625 0.2921875 0.0296875 0.028125
1 0.590625 0.359375 0.0140625 0.0203125
1 0.6109375 0.3796875 0.015625 0.0234375
1 0.6640625 0.3921875 0.025 0.03125
1 0.571875 0.3890625 0.0421875 0.0375
1 0.5484375 0.3234375 0.053125 0.0765625
1 0.6171875 0.4078125 0.0171875 0.015625
1 0.7078125 0.4296875 0.0125 0.015625
1 0.678125 0.459375 0.0171875 0.0171875
1 0.578125 0.4234375 0.015625 0.0109375
1 0.7515625 0.44375 0.01875 0.0125
1 0.75625 0.415625 0.0234375 0.0203125
1 0.76875 0.309375 0.015625 0.01875
1 0.7828125 0.2203125 0.0109375 0.015625
1 0.7859375 0.359375 0.0078125 0.015625
1 0.815625 0.5125 0.01875 0.01875
1 0.8046875 0.525 0.0125 0.0234375
1 0.99453125 0.5578125 0.0109375 0.021875
1 0.9859375 0.4609375 0.0203125 0.0171875
1 0.99375 0.2375 0.0125 0.028125
1 0.95625 0.2390625 0.0203125 0.021875
1 0.8890625 0.5453125 0.0296875 0.0234375
0 0.865625 0.59296875 0.1625 0.0921875
0 0.890625 0.5125 0.140625 0.128125
1 0.878125 0.459375 0.0171875 0.0203125
0 0.875 0.4015625 0.1265625 0.096875
1 0.9375 0.2265625 0.028125 0.028125
1 0.9390625 0.2921875 0.0265625 0.0328125
1 0.8796875 0.2953125 0.0203125 0.025
0 0.9 0.2625 0.0984375 0.096875
0 0.871875 0.1890625 0.1359375 0.090625
0 0.88125 0.3359375 0.11875 0.0875
0 0.278125 0.9296875 0.1125 0.0875
0 0.2703125 0.8625 0.0796875 0.06875
1 0.0109375 0.959375 0.021875 0.03125
1 0.121875 0.98984375 0.028125 0.0203125
1 0.1453125 0.9375 0.01875 0.01875
1 0.1921875 0.915625 0.0171875 0.0234375
1 0.1828125 0.88125 0.0203125 0.025
1 0.1078125 0.921875 0.03125 0.0296875
1 0.1875 0.965625 0.0203125 0.015625
1 0.42109375 0.90078125 0.0171875 0.0234375
0 0.32890625 0.97890625 0.1078125 0.0421875
0 0.446875 0.790625 0.034375 0.109375
1 0.63125 0.9796875 0.0203125 0.025
1 0.596875 0.9890625 0.0265625 0.015625
1 0.56328125 0.99140625 0.0171875 0.0171875
1 0.5390625 0.9203125 0.0140625 0.015625
1 0.5109375 0.8484375 0.0125 0.0234375
1 0.51875 0.85 0.0109375 0.015625
1 0.5328125 0.853125 0.0125 0.01875
1 0.7109375 0.75 0.025 0.021875
1 0.7046875 0.78125 0.0234375 0.025
1 0.7171875 0.790625 0.015625 0.0234375
1 0.6765625 0.821875 0.0265625 0.03125
1 0.68125 0.853125 0.028125 0.015625
1 0.684375 0.8609375 0.0328125 0.0203125
1 0.7 0.8734375 0.034375 0.0234375
1 0.725 0.8609375 0.0203125 0.01875
1 0.7625 0.896875 0.01875 0.0109375
1 0.7109375 0.9265625 0.04375 0.04375
1 0.66875 0.9078125 0.0296875 0.0296875
1 0.890625 0.7828125 0.0625 0.14375
0 0.94453125 0.88359375 0.1109375 0.1203125
0 0.8890625 0.9484375 0.0890625 0.0625
0 0.9171875 0.9875 0.125 0.025
1 0.8765625 0.7125 0.0296875 0.0203125