0 0.16796875 0.05078125 0.2671875 0.1015625
1 0.2265625 0.0265625 0.00625 0.0046875
1 0.2734375 0.034375 0.0078125 0.0078125
1 0.3640625 0.06875 0.0140625 0.0125
1 0.5078125 0.01875 0.0203125 0.0078125
1 0.51875 0.0359375 0.0109375 0.0078125
0 0.35078125 0.07890625 0.2078125 0.1578125
0 0.46875 0.046875 0.15625 0.0890625
1 0.5375 0.2125 0.0328125 0.0359375
1 0.540625 0.1875 0.0390625 0.0453125
1 0.540625 0.175 0.009375 0.0109375
1 0.1203125 0.159375 0.0078125 0.0109375
0 0.94765625 0.11953125 0.1046875 0.1140625
1 0.5234375 0.409375 0.0078125 0.00625
1 0.51875 0.60625 0.009375 0.0078125
1 0.5015625 0.3640625 0.0171875 0.0171875
1 0.484375 0.4515625 0.0109375 0.0078125
1 0.46875 0.5171875 0.0265625 0.0140625
1 0.478125 0.5515625 0.0359375 0.0359375
1 0.3734375 0.528125 0.0140625 0.0078125
1 0.36875 0.465625 0.0234375 0.0234375
1 0.321875 0.4390625 0.0125 0.009375
1 0.3125 0.8671875 0.00625 0.009375
1 0.271875 0.928125 0.0203125 0.0234375
1 0.265625 0.8375 0.009375 0.009375
1 0.2453125 0.553125 0.015625 0.0203125
1 0.2421875 0.809375 0.009375 0.015625
1 0.2265625 0.8515625 0.0125 0.0078125
1 0.1796875 0.8171875 0.0109375 0.015625
1 0.16875 0.696875 0.015625 0.015625
1 0.128125 0.3984375 0.021875 0.0140625
1 0.109375 0.428125 0.0234375 0.015625
1 0.1046875 0.403125 0.0234375 0.0140625
1 0.090625 0.8296875 0.0265625 0.01875
1 0.0671875 0.4046875 0.028125 0.0125
1 0.0390625 0.45625 0.01875 0.0203125
1 0.0375 0.5671875 0.0328125 0.01875
1 0.028125 0.521875 0.0203125 0.0140625
1 0.01875 0.7390625 0.03125 0.053125
1 0.0046875 0.353125 0.009375 0.00625
1 0.0046875 0.3734375 0.009375 0.0203125
1 0.0078125 0.4015625 0.0140625 0.0140625
1 0.153125 0.790625 0.0109375 0.021875
1 0.2671875 0.54375 0.0203125 0.015625
1 0.2 0.59375 0.0109375 0.015625
1 0.1375 0.5734375 0.0140625 0.015625
1 0.15625 0.5046875 0.0171875 0.0140625
1 0.103125 0.5078125 0.0171875 0.015625
1 0.465625 0.66875 0.0078125 0.0078125
1 0.3515625 0.5046875 0.0265625 0.0125
1 0.440625 0.4765625 0.0234375 0.01875
1 0.4546875 0.4859375 0.015625 0.0203125
1 0.4328125 0.4484375 0.0171875 0.0109375
1 0.0328125 0.4984375 0.0140625 0.01875
1 0.03125 0.3890625 0.015625 0.009375
1 0.1921875 0.40625 0.0171875 0.028125
1 0.1796875 0.3984375 0.01875 0.0171875
1 0.20625 0.3875 0.015625 0.0140625
1 0.275 0.425 0.0125 0.0203125
1 0.3109375 0.403125 0.0203125 0.0109375
1 0.3140625 0.3859375 0.0203125 0.015625
1 0.328125 0.4 0.021875 0.0125
1 0.3421875 0.396875 0.0109375 0.021875
1 0.3703125 0.4 0.015625 0.01875
1 0.3734375 0.3859375 0.0125 0.0140625
1 0.3890625 0.384375 0.015625 0.0203125
1 0.3953125 0.3921875 0.0140625 0.0171875
1 0.3921875 0.4234375 0.0109375 0.0125
1 0.3890625 0.35703125 0.0125 0.0140625
0 0.4859375 0.7328125 0.08125 0.29375
0 0.3671875 0.70625 0.3125 0.3046875
0 0.0796875 0.80625 0.159375 0.103125