0 0.4328125 0.06796875 0.0125 0.0171875
1 0.1390625 0.0671875 0.0515625 0.034375
1 0.41328125 0.1265625 0.0515625 0.0375
1 0.421875 0.221875 0.034375 0.025
1 0.40234375 0.3890625 0.0234375 0.021875
1 0.1359375 0.3703125 0.0203125 0.0109375
1 0.2953125 0.125 0.0171875 0.0234375
0 0.0296875 0.0671875 0.059375 0.134375
0 0.3265625 0.0515625 0.225 0.103125
1 0.928125 0.2140625 0.0546875 0.0390625
1 0.82734375 0.0078125 0.0234375 0.015625
1 0.8453125 0.0375 0.0359375 0.0171875
1 0.721875 0.1828125 0.0625 0.053125
1 0.5828125 0.128125 0.0453125 0.025
0 0.65078125 0.378125 0.1203125 0.04375
1 0.6125 0.2578125 0.0265625 0.046875
1 0.65 0.203125 0.04375 0.034375
1 0.553125 0.0703125 0.0140625 0.015625
1 0.5734375 0.0375 0.01875 0.0140625
1 0.5390625 0.1296875 0.0171875 0.0171875
1 0.53125 0.2671875 0.0390625 0.0375
1 0.565625 0.3296875 0.025 0.0296875
1 0.940625 0.06875 0.021875 0.03125
1 0.9328125 0.025 0.0140625 0.0296875
1 0.64375 0.16875 0.0359375 0.0328125
1 0.8890625 0.390625 0.04375 0.01875
1 0.89375 0.33125 0.0390625 0.0328125
1 0.51171875 0.3890625 0.0765625 0.021875
1 0.7265625 0.3484375 0.03125 0.0359375
1 0.675 0.33125 0.0140625 0.0359375
1 0.65 0.059375 0.0125 0.01875
1 0.2171875 0.5140625 0.0109375 0.0078125
1 0.15625 0.903125 0.0125 0.0125
1 0.13125 0.61875 0.00625 0.0140625
1 0.1296875 0.45 0.0109375 0.00625
1 0.1140625 0.6140625 0.0171875 0.0171875
1 0.0953125 0.80625 0.01875 0.03125
1 0.0859375 0.946875 0.015625 0.01875
1 0.0578125 0.5578125 0.01875 0.021875
1 0.03125 0.503125 0.0171875 0.0421875
1 0.0203125 0.5234375 0.0203125 0.028125
1 0.021875 0.4609375 0.0296875 0.034375
1 0.00625 0.63046875 0.0125 0.0203125
0 0.17734375 0.8859375 0.1671875 0.228125
0 0.04375 0.85703125 0.0875 0.2859375
1 0.0484375 0.8765625 0.009375 0.0140625
1 0.775 0.8390625 0.0046875 0.0078125
1 0.76875 0.96875 0.0171875 0.0171875
1 0.7671875 0.921875 0.0203125 0.0328125
1 0.740625 0.8625 0.01875 0.028125
1 0.690625 0.915625 0.059375 0.0359375
1 0.64375 0.940625 0.0078125 0.009375
1 0.6234375 0.9546875 0.025 0.025
1 0.596875 0.7953125 0.0171875 0.028125
1 0.590625 0.8375 0.0296875 0.0171875
1 0.58515625 0.98515625 0.0296875 0.0296875
1 0.56875 0.728125 0.0171875 0.021875
1 0.5734375 0.6640625 0.0375 0.0171875
1 0.5546875 0.7921875 0.01875 0.01875
1 0.55625 0.8609375 0.0296875 0.0453125
1 0.5453125 0.4828125 0.0109375 0.0265625
1 0.5359375 0.8265625 0.0390625 0.015625
1 0.5203125 0.9796875 0.015625 0.01875
1 0.515625 0.965625 0.028125 0.021875
1 0.509375 0.653125 0.009375 0.025
1 0.4921875 0.984375 0.0359375 0.021875
1 0.4671875 0.8890625 0.053125 0.0375
1 0.4734375 0.6203125 0.0265625 0.0125
1 0.4640625 0.7046875 0.0265625 0.01875
1 0.4671875 0.99296875 0.01875 0.0140625
1 0.4484375 0.97109375 0.01875 0.0578125
1 0.63125 0.728125 0.015625 0.028125
1 0.640625 0.7078125 0.0625 0.025
1 0.625 0.703125 0.01875 0.0234375
1 0.5828125 0.6640625 0.009375 0.046875
1 0.5703125 0.646875 0.0234375 0.0234375
1 0.665625 0.834375 0.0765625 0.0640625
1 0.70625 0.8515625 0.0375 0.0328125
1 0.590625 0.884375 0.0609375 0.0390625
1 0.59375 0.90625 0.03125 0.028125
1 0.6078125 0.8734375 0.0203125 0.0171875
1 0.5109375 0.78125 0.03125 0.03125
1 0.503125 0.8265625 0.08125 0.109375
1 0.5859375 0.6140625 0.009375 0.0171875
1 0.678125 0.621875 0.0703125 0.046875
1 0.5 0.64375 0.00625 0.00625
1 0.478125 0.6203125 0.0171875 0.034375
1 0.5109375 0.6109375 0.0453125 0.0234375
1 0.48125 0.596875 0.0234375 0.0171875
1 0.70859375 0.4125 0.0796875 0.025
1 0.459375 0.56875 0.040625 0.0515625
1 0.465625 0.5421875 0.0265625 0.0125
1 0.4765625 0.5296875 0.034375 0.0171875
1 0.45625 0.84375 0.034375 0.134375
1 0.4609375 0.7484375 0.028125 0.05
1 0.478125 0.7578125 0.0328125 0.0546875
1 0.4453125 0.71484375 0.0125 0.0453125
1 0.48125 0.6828125 0.0328125 0.025
1 0.45546875 0.6890625 0.0328125 0.034375
1 0.44921875 0.634375 0.0203125 0.03125
1 0.5578125 0.503125 0.028125 0.0171875
0 0.50078125 0.51015625 0.1234375 0.1484375
1 0.4671875 0.4046875 0.0375 0.009375
1 0.50078125 0.40859375 0.0515625 0.0171875
1 0.4890625 0.4234375 0.0390625 0.015625
0 0.625 0.509375 0.146875 0.1328125
0 0.684375 0.55 0.13125 0.115625
0 0.6859375 0.4703125 0.1078125 0.09375
0 0.7375 0.55 0.0765625 0.134375
0 0.7484375 0.46875 0.0546875 0.1015625