1 0.6984375 0.121875 0.0078125 0.0078125
1 0.528125 0.2625 0.0296875 0.0234375
1 0.6921875 0.3484375 0.05625 0.0546875
1 0.7 0.3125 0.0171875 0.015625
0 0.77421875 0.06640625 0.2015625 0.1328125
1 0.2828125 0.559375 0.01875 0.028125
1 0.24375 0.575 0.0296875 0.0171875
1 0.09375 0.4484375 0.0171875 0.015625
1 0.23984375 0.9421875 0.1578125 0.115625
1 0.296875 0.95625 0.021875 0.021875
1 0.2671875 0.9734375 0.03125 0.025
1 0.184375 0.9359375 0.0453125 0.0359375
1 0.03203125 0.9203125 0.0640625 0.065625
1 0.215625 0.775 0.00625 0.00625
1 0.225 0.7859375 0.015625 0.0078125
1 0.171875 0.8046875 0.0203125 0.0234375
1 0.3125 0.64609375 0.0125 0.0421875
1 0.303125 0.68125 0.015625 0.021875
1 0.2890625 0.6796875 0.0109375 0.01875
1 0.2828125 0.6265625 0.0234375 0.021875
1 0.278125 0.603125 0.0234375 0.0140625
1 0.28125 0.5921875 0.015625 0.0171875
1 0.2953125 0.578125 0.0109375 0.015625
1 0.2578125 0.6046875 0.015625 0.0375
1 0.2078125 0.6078125 0.0203125 0.0203125
1 0.209375 0.584375 0.0234375 0.0375
1 0.2125 0.5578125 0.0265625 0.0171875
1 0.1859375 0.571875 0.028125 0.0421875
1 0.1796875 0.59375 0.009375 0.0140625
1 0.15 0.646875 0.021875 0.0296875
1 0.153125 0.6640625 0.0109375 0.0078125
1 0.11875 0.615625 0.0203125 0.0140625
1 0.1578125 0.5671875 0.021875 0.0328125
1 0.146875 0.5890625 0.0140625 0.0171875
1 0.08125 0.5796875 0.015625 0.015625
1 0.225 0.5015625 0.0296875 0.0171875
1 0.1796875 0.5171875 0.028125 0.025
1 0.1625 0.5203125 0.0203125 0.0265625
1 0.171875 0.5375 0.015625 0.00625
1 0.00390625 0.43515625 0.0078125 0.0203125
0 0.0171875 0.56875 0.034375 0.15
0 0.13828125 0.5140625 0.1328125 0.190625
1 0.1125 0.5125 0.015625 0.0125
1 0.0375 0.5109375 0.0234375 0.03125
1 0.0453125 0.4890625 0.028125 0.0390625
1 0.0765625 0.48125 0.046875 0.0265625
1 0.0609375 0.5015625 0.0125 0.0125
1 0.1046875 0.4921875 0.0296875 0.0140625
1 0.31015625 0.4265625 0.0171875 0.015625
1 0.28125 0.4375 0.0203125 0.0359375
1 0.25 0.4609375 0.025 0.0265625
1 0.25625 0.42890625 0.04375 0.0203125
1 0.23125 0.4328125 0.03125 0.028125
1 0.2140625 0.425 0.04375 0.0125
1 0.56640625 0.98671875 0.0453125 0.0265625
1 0.8265625 0.96953125 0.059375 0.0609375
1 0.8234375 0.909375 0.0453125 0.046875
1 0.8875 0.815625 0.04375 0.0453125
1 0.6234375 0.746875 0.0390625 0.0578125
1 0.58125 0.7171875 0.04375 0.046875
0 0.68125 0.6109375 0.296875 0.1625
0 0.921875 0.603125 0.1515625 0.3234375
0 0.96640625 0.62265625 0.0671875 0.1796875
1 0.9765625 0.73046875 0.046875 0.0734375
1 0.7953125 0.503125 0.1 0.1140625
1 0.6703125 0.4890625 0.0359375 0.0359375
1 0.57578125 0.4546875 0.0828125 0.071875