1 0.20625 0.50546875 0.034375 0.0265625
1 0.34375 0.4484375 0.021875 0.0609375
1 0.2578125 0.4171875 0.04375 0.059375
1 0.0859375 0.4203125 0.040625 0.0484375
1 0.140625 0.409375 0.025 0.0453125
1 0.2703125 0.3921875 0.04375 0.0328125
1 0.05 0.3421875 0.0171875 0.034375
1 0.1875 0.34375 0.0453125 0.03125
1 0.2671875 0.3390625 0.0421875 0.015625
1 0.34375 0.3515625 0.046875 0.0578125
1 0.1703125 0.4765625 0.0203125 0.015625
1 0.1578125 0.4375 0.009375 0.0109375
1 0.2 0.4359375 0.0140625 0.01875
1 0.01875 0.4875 0.0125 0.0265625
1 0.003125 0.453125 0.00625 0.015625
1 0.00703125 0.31484375 0.0140625 0.0265625
0 0.02734375 0.09765625 0.0546875 0.0953125
1 0.009375 0.209375 0.01875 0.015625
1 0.0234375 0.1421875 0.046875 0.06875
1 0.0140625 0.1859375 0.028125 0.025
1 0.0484375 0.1828125 0.034375 0.06875
1 0.0359375 0.2296875 0.03125 0.0234375
1 0.028125 0.2671875 0.0109375 0.028125
1 0.0640625 0.3 0.0546875 0.0234375
1 0.0796875 0.2875 0.0375 0.025
1 0.109375 0.3015625 0.0671875 0.0328125
1 0.1078125 0.2640625 0.05 0.0234375
1 0.0765625 0.2671875 0.0390625 0.0203125
1 0.1140625 0.2796875 0.0484375 0.015625
1 0.075 0.2125 0.0328125 0.0296875
1 0.1703125 0.265625 0.03125 0.0578125
1 0.15 0.25625 0.021875 0.046875
1 0.1296875 0.2515625 0.0203125 0.03125
1 0.14375 0.23125 0.053125 0.040625
1 0.1296875 0.1984375 0.053125 0.06875
1 0.2421875 0.315625 0.028125 0.0359375
1 0.3296875 0.290625 0.0359375 0.053125
1 0.284375 0.2734375 0.0734375 0.078125
1 0.2375 0.25 0.071875 0.084375
1 0.3453125 0.2375 0.046875 0.065625
1 0.359375 0.2078125 0.0171875 0.0484375
1 0.2140625 0.1734375 0.1265625 0.0953125
1 0.321875 0.1671875 0.03125 0.0375
0 0.315625 0.1125 0.103125 0.09375
1 0.2828125 0.1421875 0.034375 0.025
1 0.32109375 0.0421875 0.0890625 0.084375
1 0.2421875 0.1109375 0.078125 0.04375
1 0.246875 0.0625 0.0390625 0.0703125
1 0.228125 0.134375 0.0734375 0.0234375
1 0.1921875 0.09375 0.0203125 0.046875
1 0.121875 0.134375 0.1015625 0.1078125
0 0.090625 0.09375 0.1265625 0.071875
1 0.221875 0.028125 0.0609375 0.0421875
1 0.1390625 0.040625 0.0734375 0.04375
1 0.1453125 0.0109375 0.0328125 0.0140625
1 0.04140625 0.040625 0.0828125 0.08125
1 0.0234375 0.25 0.0296875 0.0140625
1 0.0375 0.2734375 0.0125 0.015625
1 0.078125 0.19375 0.01875 0.0203125
1 0.3375 0.1359375 0.0375 0.03125
1 0.66328125 0.5140625 0.0390625 0.009375
1 0.6328125 0.49375 0.0203125 0.021875
1 0.621875 0.48125 0.0078125 0.0109375
1 0.66875 0.465625 0.009375 0.009375
1 0.9078125 0.4875 0.028125 0.0234375
1 0.9109375 0.478125 0.0140625 0.0109375
1 0.8984375 0.459375 0.015625 0.0125
1 0.996875 0.509375 0.00625 0.01875
1 0.7984375 0.4703125 0.0359375 0.03125
1 0.80625 0.4234375 0.009375 0.009375
1 0.5796875 0.490625 0.0265625 0.0328125
1 0.603125 0.475 0.075 0.0859375
1 0.578125 0.4625 0.025 0.0390625
1 0.584375 0.4609375 0.0375 0.03125
1 0.8359375 0.440625 0.0125 0.0140625
1 0.9546875 0.43125 0.01875 0.01875
1 0.921875 0.446875 0.0109375 0.0109375
1 0.996875 0.10546875 0.00625 0.0046875
1 0.9625 0.0578125 0.01875 0.0203125
1 0.9515625 0.03125 0.046875 0.028125
1 0.9375 0.1171875 0.0390625 0.025
1 0.971875 0.078125 0.0140625 0.009375
1 0.9109375 0.0109375 0.01875 0.009375
1 0.75 0.0875 0.021875 0.0140625
1 0.709375 0.06875 0.0203125 0.0078125
1 0.7140625 0.00625 0.0109375 0.0125
1 0.80625 0.0984375 0.0375 0.053125
1 0.784375 0.075 0.0109375 0.009375
1 0.8234375 0.0890625 0.04375 0.025
1 0.83125 0.165625 0.015625 0.0234375
1 0.7015625 0.1390625 0.0140625 0.0125
1 0.5796875 0.065625 0.028125 0.028125
1 0.58125 0.121875 0.028125 0.0296875
1 0.603125 0.1171875 0.0296875 0.0203125
1 0.6203125 0.146875 0.0234375 0.0265625
1 0.60625 0.0453125 0.0265625 0.015625
1 0.596875 0.225 0.059375 0.0390625
1 0.5921875 0.19375 0.0203125 0.0234375
1 0.6109375 0.190625 0.028125 0.028125
1 0.653125 0.25625 0.0109375 0.0125
1 0.6390625 0.2328125 0.025 0.0171875
1 0.6421875 0.2125 0.0203125 0.01875
1 0.64375 0.19375 0.05 0.0453125
1 0.721875 0.2015625 0.0109375 0.0125
1 0.6984375 0.1875 0.0234375 0.028125
1 0.696875 0.228125 0.015625 0.0140625
1 0.73125 0.1984375 0.0203125 0.0203125
1 0.7078125 0.184375 0.0265625 0.015625
1 0.7625 0.1703125 0.053125 0.0671875
1 0.7828125 0.253125 0.0203125 0.0203125
1 0.821875 0.2390625 0.01875 0.015625
1 0.8359375 0.2484375 0.0171875 0.025
1 0.9734375 0.2234375 0.0109375 0.009375
1 0.971875 0.259375 0.0078125 0.0109375
1 0.909375 0.1859375 0.0203125 0.021875
1 0.9265625 0.2171875 0.0171875 0.015625
1 0.578125 0.3296875 0.0140625 0.0171875
1 0.5984375 0.30625 0.0125 0.015625
1 0.6078125 0.30625 0.034375 0.0375
1 0.625 0.3234375 0.059375 0.065625
0 0.621875 0.359375 0.096875 0.05
1 0.646875 0.3375 0.071875 0.0421875
1 0.6734375 0.3796875 0.0390625 0.028125
1 0.7125 0.353125 0.0484375 0.046875
0 0.678125 0.340625 0.0828125 0.071875
1 0.7625 0.3515625 0.0640625 0.0796875
1 0.771875 0.4171875 0.0078125 0.0078125
1 0.9921875 0.29609375 0.015625 0.0171875
1 0.9 0.346875 0.025 0.0203125
1 0.8953125 0.3609375 0.0484375 0.028125
1 0.9078125 0.3578125 0.0109375 0.0140625
1 0.796875 0.4078125 0.009375 0.0109375
0 0.8078125 0.3109375 0.0796875 0.121875
0 0.846875 0.340625 0.13125 0.140625
1 0.9109375 0.3 0.009375 0.0109375
0 0.9875 0.33359375 0.025 0.1015625
0 0.41953125 0.90078125 0.0203125 0.0984375
0 0.359375 0.91484375 0.1125 0.1703125
0 0.25625 0.903125 0.1203125 0.09375
1 0.2578125 0.853125 0.0625 0.0203125
0 0.21875 0.9203125 0.1 0.096875
1 0.41796875 0.83125 0.0234375 0.034375
1 0.4234375 0.63671875 0.0125 0.0609375
1 0.2984375 0.5671875 0.05625 0.0671875
1 0.28125 0.734375 0.0515625 0.03125
1 0.325 0.771875 0.0328125 0.03125
1 0.275 0.65 0.0375 0.046875
1 0.21875 0.7515625 0.0265625 0.034375
1 0.1828125 0.6609375 0.0265625 0.059375
1 0.2046875 0.621875 0.071875 0.078125
1 0.31171875 0.52734375 0.0390625 0.0171875
1 0.8171875 0.890625 0.028125 0.025
1 0.771875 0.8125 0.0765625 0.0546875
1 0.7765625 0.740625 0.0234375 0.0578125
1 0.8078125 0.74375 0.0234375 0.0359375
1 0.703125 0.7734375 0.0390625 0.0234375
1 0.7015625 0.9 0.021875 0.0328125
1 0.5109375 0.8859375 0.03125 0.0265625
1 0.54375 0.7734375 0.059375 0.046875
1 0.43828125 0.7375 0.0171875 0.01875
1 0.69375 0.7 0.0390625 0.040625
1 0.6140625 0.6625 0.05 0.0625
1 0.55 0.6875 0.0296875 0.0359375
1 0.5296875 0.6984375 0.0203125 0.0203125
1 0.4609375 0.684375 0.021875 0.0265625
1 0.5828125 0.625 0.0296875 0.025
0 0.45 0.54765625 0.040625 0.0578125
0 0.49453125 0.58828125 0.1171875 0.1390625
1 0.44296875 0.60859375 0.0265625 0.0484375
1 0.4609375 0.65625 0.05 0.0546875
0 0.6375 0.55546875 0.171875 0.0734375
1 0.675 0.578125 0.103125 0.0796875
0 0.7671875 0.5734375 0.128125 0.109375