1 0.046875 0.4 0.0265625 0.0265625
1 0.1515625 0.3625 0.090625 0.1
1 0.0828125 0.3734375 0.0109375 0.0390625
1 0.19140625 0.4046875 0.0890625 0.05
0 0.3375 0.39609375 0.05625 0.0671875
1 0.2703125 0.39375 0.05 0.05625
1 0.2796875 0.0953125 0.0234375 0.028125
1 0.3875 0.1609375 0.021875 0.025
1 0.1171875 0.1515625 0.0234375 0.0234375
1 0.06875 0.14375 0.0203125 0.0203125
1 0.0203125 0.0828125 0.028125 0.01875
1 0.3765625 0.00390625 0.03125 0.0078125
1 0.8328125 0.253125 0.059375 0.0390625
1 0.8921875 0.303125 0.090625 0.09375
1 0.8171875 0.3515625 0.0484375 0.0390625
1 0.71875 0.3875 0.075 0.071875
1 0.85625 0.1375 0.03125 0.034375
1 0.8 0.153125 0.0640625 0.0765625
1 0.7828125 0.2171875 0.046875 0.03125
1 0.6609375 0.2609375 0.0609375 0.071875
1 0.7421875 0.0515625 0.0890625 0.09375
1 0.7515625 0.090625 0.04375 0.04375
1 0.675 0.134375 0.0625 0.0484375
1 0.653125 0.1734375 0.0703125 0.0453125
1 0.63046875 0.03125 0.0703125 0.0625
1 0.5625 0.025 0.0265625 0.03125
1 0.5578125 0.115625 0.05 0.0421875
1 0.5546875 0.2046875 0.053125 0.04375
1 0.9078125 0.2296875 0.0359375 0.0359375
1 0.95078125 0.01953125 0.0265625 0.0390625
0 0.96640625 0.3078125 0.0671875 0.071875
0 0.7 0.3375 0.28125 0.184375
0 0.084375 0.68984375 0.16875 0.2640625
0 0.3421875 0.721875 0.059375 0.2921875
1 0.83125 0.946875 0.0359375 0.025
1 0.81875 0.8609375 0.0265625 0.0234375
1 0.803125 0.996875 0.028125 0.00625
1 0.803125 0.55625 0.0265625 0.040625
0 0.95078125 0.82421875 0.0984375 0.1390625
0 0.84375 0.7859375 0.134375 0.1703125
0 0.70625 0.84375 0.2015625 0.19375
0 0.609375 0.8171875 0.05625 0.109375
1 0.7796875 0.9578125 0.015625 0.0125
1 0.7734375 0.6546875 0.0171875 0.0171875
1 0.759375 0.6453125 0.0359375 0.034375
1 0.76875 0.6265625 0.0328125 0.0375
1 0.7375 0.6015625 0.034375 0.0359375
1 0.6484375 0.70625 0.0234375 0.0125
1 0.6125 0.5703125 0.0171875 0.01875
1 0.6375 0.4921875 0.01875 0.0125
1 0.6515625 0.4375 0.015625 0.015625
1 0.659375 0.4515625 0.0265625 0.025
1 0.6609375 0.4921875 0.0234375 0.0265625
1 0.6796875 0.475 0.028125 0.021875
1 0.6953125 0.478125 0.01875 0.0171875
1 0.7109375 0.51875 0.034375 0.0234375
1 0.7109375 0.4953125 0.021875 0.0234375
1 0.721875 0.5375 0.0203125 0.0109375
1 0.7765625 0.51875 0.0234375 0.0140625
1 0.8734375 0.6484375 0.025 0.021875
1 0.784375 0.4703125 0.034375 0.028125
1 0.76875 0.4859375 0.021875 0.01875
1 0.7875 0.49375 0.015625 0.0296875
1 0.8171875 0.4640625 0.0203125 0.021875
1 0.8265625 0.478125 0.0234375 0.01875
1 0.8296875 0.4890625 0.028125 0.01875
1 0.85 0.5046875 0.040625 0.0484375
1 0.88125 0.484375 0.028125 0.0296875
1 0.9015625 0.5828125 0.0125 0.015625
1 0.928125 0.5609375 0.028125 0.01875
1 0.996875 0.6546875 0.00625 0.015625
1 0.98203125 0.48359375 0.0359375 0.0296875
1 0.9453125 0.4859375 0.0109375 0.015625
1 0.9984375 0.55234375 0.003125 0.0140625