1 0.646875 0.215625 0.0328125 0.0421875
1 0.625 0.1546875 0.04375 0.040625
1 0.671875 0.0359375 0.025 0.021875
1 0.6484375 0.0203125 0.0234375 0.021875
1 0.7015625 0.0328125 0.015625 0.03125
1 0.5671875 0.0234375 0.046875 0.0390625
1 0.6171875 0.0703125 0.03125 0.025
1 0.4890625 0.046875 0.0328125 0.034375
1 0.4734375 0.0171875 0.0265625 0.028125
1 0.425 0.103125 0.0421875 0.046875
1 0.4078125 0.05625 0.0234375 0.021875
1 0.31171875 0.0171875 0.0328125 0.034375
1 0.265625 0.0234375 0.053125 0.03125
1 0.22578125 0.01640625 0.0390625 0.0328125
1 0.29375 0.1703125 0.0203125 0.03125
1 0.221875 0.171875 0.0203125 0.0234375
1 0.2140625 0.234375 0.025 0.0296875
1 0.3703125 0.31875 0.0203125 0.03125
1 0.4390625 0.2625 0.034375 0.040625
1 0.4328125 0.2171875 0.0296875 0.0375
1 0.5234375 0.1984375 0.0453125 0.0265625
1 0.53125 0.23125 0.0390625 0.0265625
1 0.5671875 0.49375 0.046875 0.0578125
1 0.578125 0.4375 0.0375 0.046875
1 0.365625 0.3828125 0.0265625 0.0265625
0 0.4140625 0.47421875 0.184375 0.1703125
0 0.26796875 0.43203125 0.1453125 0.2546875
0 0.2234375 0.4875 0.015625 0.046875
1 0.5109375 0.3453125 0.0515625 0.0421875
0 0.621875 0.41875 0.175 0.28125
1 0.6984375 0.471875 0.021875 0.0625
0 0.68828125 0.5359375 0.0421875 0.046875
1 0.3609375 0.55625 0.03125 0.00625
1 0.37265625 0.54140625 0.0265625 0.0359375
1 0.3359375 0.1375 0.0234375 0.0234375
1 0.5625 0.0640625 0.01875 0.015625
1 0.5546875 0.0859375 0.0140625 0.0203125
1 0.50625 0.4640625 0.03125 0.0453125
1 0.5296875 0.478125 0.0265625 0.01875
1 0.403125 0.453125 0.0109375 0.0109375
1 0.4125 0.428125 0.0203125 0.015625
0 0.915625 0.5171875 0.0875 0.084375
1 0.9640625 0.3203125 0.0203125 0.025
1 0.9890625 0.3234375 0.021875 0.0359375
1 0.9265625 0.3328125 0.0203125 0.025
1 0.8609375 0.4140625 0.028125 0.0203125
1 0.9609375 0.4703125 0.028125 0.0234375
1 0.865625 0.2640625 0.025 0.0265625
1 0.93125 0.2796875 0.0125 0.025
1 0.71484375 0.33515625 0.0109375 0.0296875
0 0.76328125 0.51953125 0.0890625 0.0796875
0 0.76484375 0.0328125 0.1109375 0.065625
1 0.840625 0.009375 0.034375 0.01875
0 0.92109375 0.06328125 0.1578125 0.1265625
1 0.296875 0.5828125 0.03125 0.0421875
1 0.36484375 0.57421875 0.0359375 0.0296875
0 0.13671875 0.63125 0.2109375 0.14375
0 0.4375 0.65390625 0.140625 0.1890625
1 0.4984375 0.634375 0.0421875 0.040625
1 0.49453125 0.575 0.0171875 0.03125
0 0.5203125 0.590625 0.01875 0.0625
1 0.4984375 0.834375 0.04375 0.0453125
1 0.3953125 0.7 0.0171875 0.028125
1 0.3 0.721875 0.040625 0.034375
1 0.3 0.9171875 0.04375 0.0328125
1 0.334375 0.81875 0.0328125 0.021875
1 0.3453125 0.98671875 0.046875 0.0265625
1 0.11875 0.834375 0.0734375 0.0796875
1 0.178125 0.8703125 0.0484375 0.0265625
1 0.1546875 0.6265625 0.0203125 0.025
1 0.44375 0.9765625 0.0265625 0.025
1 0.3625 0.6546875 0.0265625 0.021875
0 0.03125 0.6140625 0.053125 0.065625
1 0.2625 0.7375 0.021875 0.046875
1 0.3140625 0.8765625 0.028125 0.021875
1 0.1921875 0.99375 0.021875 0.0125
1 0.09375 0.99609375 0.01875 0.0078125
1 0.26875 0.6640625 0.0265625 0.0390625
0 0.5125 0.7234375 0.03125 0.046875
1 0.8828125 0.6984375 0.0125 0.0125
1 0.8640625 0.6921875 0.0078125 0.025
1 0.8984375 0.60859375 0.075 0.0984375
1 0.903125 0.9359375 0.015625 0.0140625
0 0.9265625 0.9515625 0.13125 0.096875
1 0.975 0.9375 0.0171875 0.015625
1 0.97265625 0.80234375 0.0546875 0.2796875
1 0.996875 0.73828125 0.00625 0.0171875
1 0.91875 0.8171875 0.0078125 0.009375
0 0.93046875 0.9515625 0.1390625 0.096875