1 0.375 0.4421875 0.009375 0.0140625
1 0.3921875 0.31875 0.0328125 0.0359375
1 0.4125 0.271875 0.0125 0.0078125
1 0.3734375 0.2765625 0.078125 0.05
1 0.334375 0.2984375 0.0140625 0.015625
1 0.365625 0.1703125 0.028125 0.0125
1 0.25 0.1953125 0.028125 0.021875
1 0.2234375 0.25 0.015625 0.025
1 0.271875 0.2640625 0.021875 0.0125
1 0.2578125 0.265625 0.03125 0.0546875
1 0.246875 0.265625 0.0234375 0.015625
1 0.2140625 0.3375 0.0203125 0.0125
1 0.2015625 0.3234375 0.0390625 0.034375
1 0.203125 0.3828125 0.0546875 0.08125
1 0.1734375 0.434375 0.009375 0.0140625
1 0.2921875 0.4265625 0.01875 0.01875
1 0.2921875 0.459375 0.05 0.04375
1 0.2421875 0.4875 0.071875 0.025
1 0.01875 0.18125 0.0109375 0.028125
0 0.06953125 0.209375 0.1390625 0.08125
1 0.015625 0.3625 0.021875 0.015625
1 0.0234375 0.3375 0.0125 0.015625
1 0.0328125 0.3578125 0.01875 0.0125
1 0.0234375 0.31875 0.015625 0.0109375
1 0.0265625 0.43125 0.028125 0.021875
0 0.040625 0.36015625 0.08125 0.1609375
1 0.0890625 0.4765625 0.0359375 0.015625
1 0.075 0.4140625 0.009375 0.0078125
1 0.028125 0.4796875 0.015625 0.0078125
0 0.04140625 0.45859375 0.0828125 0.0765625
1 0.95 0.065625 0.040625 0.01875
0 0.8859375 0.1 0.025 0.0953125
0 0.8234375 0.09375 0.0796875 0.078125
1 0.6546875 0.109375 0.0671875 0.0484375
1 0.615625 0.415625 0.08125 0.0796875
1 0.5 0.434375 0.0234375 0.028125
0 0.87109375 0.41484375 0.2578125 0.1703125
1 0.2640625 0.721875 0.0453125 0.0265625
1 0.3171875 0.909375 0.028125 0.04375
1 0.26875 0.83125 0.0421875 0.0390625
1 0.2390625 0.790625 0.01875 0.01875
1 0.171875 0.8453125 0.0390625 0.0328125
0 0.1171875 0.6 0.1578125 0.0921875
0 0.0671875 0.6890625 0.0828125 0.084375
1 0.1484375 0.6765625 0.0265625 0.021875
0 0.1140625 0.7515625 0.0703125 0.1171875
0 0.0609375 0.8359375 0.06875 0.196875
0 0.0484375 0.93359375 0.096875 0.1328125
1 0.97109375 0.575 0.0578125 0.128125
0 0.87578125 0.8796875 0.2484375 0.171875
1 0.959375 0.7234375 0.021875 0.0390625
1 0.8984375 0.709375 0.009375 0.0265625
0 0.8734375 0.57578125 0.2 0.1515625
1 0.5109375 0.975 0.09375 0.05
1 0.4609375 0.8546875 0.021875 0.059375