0 0.0515625 0.46875 0.103125 0.25625
0 0.13515625 0.4390625 0.2703125 0.434375
1 0.1 0.35625 0.046875 0.0703125
1 0.1453125 0.2609375 0.0453125 0.034375
1 0.1484375 0.2171875 0.0390625 0.0359375
1 0.2875 0.1640625 0.103125 0.075
1 0.3578125 0.1984375 0.0796875 0.084375
0 0.3171875 0.425 0.2359375 0.14375
0 0.409375 0.54375 0.053125 0.0578125
1 0.2328125 0.4171875 0.0234375 0.0234375
1 0.10625 0.725 0.0234375 0.0390625
1 0.0265625 0.7703125 0.015625 0.0328125
1 0.153125 0.7625 0.0234375 0.028125
1 0.36875 0.059375 0.01875 0.025
1 0.99296875 0.4390625 0.0140625 0.03125
1 0.99296875 0.540625 0.0140625 0.015625
0 0.98828125 0.65703125 0.0234375 0.1171875
1 0.9140625 0.346875 0.0546875 0.04375
1 0.8671875 0.3203125 0.0140625 0.0140625
1 0.809375 0.4125 0.0109375 0.0109375
1 0.7953125 0.6125 0.0140625 0.0078125
1 0.7734375 0.3234375 0.009375 0.0109375
1 0.7703125 0.3734375 0.0265625 0.0140625
1 0.684375 0.496875 0.0046875 0.015625
1 0.684375 0.4296875 0.05 0.0265625
1 0.6609375 0.3703125 0.0203125 0.015625
1 0.6515625 0.2375 0.0125 0.009375
0 0.665625 0.70625 0.1109375 0.1
0 0.58515625 0.69140625 0.0328125 0.1546875
0 0.81640625 0.72578125 0.1171875 0.1265625
0 0.7609375 0.715625 0.06875 0.0765625
1 0.76875 0.6671875 0.0296875 0.0234375
1 0.8453125 0.6734375 0.015625 0.0109375
1 0.71875 0.609375 0.0265625 0.059375
0 0.93984375 0.71875 0.1109375 0.140625
1 0.9 0.646875 0.0390625 0.0390625
1 0.978125 0.75625 0.025 0.034375
1 0.64375 0.521875 0.015625 0.0171875
1 0.64375 0.45625 0.021875 0.021875
1 0.58125 0.5109375 0.0125 0.021875
1 0.6421875 0.409375 0.021875 0.0140625
1 0.7 0.5375 0.028125 0.01875
1 0.7078125 0.4859375 0.0234375 0.03125
1 0.85625 0.5109375 0.0265625 0.028125
1 0.8890625 0.4921875 0.01875 0.04375
1 0.88125 0.425 0.0234375 0.0359375
1 0.99296875 0.43984375 0.0140625 0.0171875
1 0.959375 0.325 0.034375 0.0265625
1 0.5796875 0.29453125 0.021875 0.0234375
1 0.6140625 0.2828125 0.01875 0.015625
1 0.584375 0.215625 0.03125 0.05
1 0.58203125 0.00703125 0.0265625 0.0140625
0 0.59453125 0.1671875 0.0515625 0.065625
0 0.6578125 0.153125 0.1125 0.1171875
1 0.7046875 0.2625 0.0234375 0.0203125
1 0.725 0.1203125 0.04375 0.034375
0 0.721875 0.1671875 0.0640625 0.0890625
1 0.8109375 0.2390625 0.171875 0.134375
0 0.7828125 0.1625 0.1 0.0921875
0 0.8734375 0.1546875 0.0828125 0.115625
0 0.94765625 0.17265625 0.1046875 0.0828125
1 0.946875 0.2296875 0.03125 0.03125
1 0.965625 0.2375 0.0109375 0.015625
1 0.9828125 0.034375 0.034375 0.034375
1 0.9453125 0.0328125 0.01875 0.0171875
1 0.91015625 0.0078125 0.0234375 0.015625
0 0.4796875 0.81015625 0.034375 0.0421875
1 0.41484375 0.95546875 0.0859375 0.0890625
1 0.3359375 0.9671875 0.0203125 0.021875
1 0.3015625 0.853125 0.0328125 0.0203125
1 0.2859375 0.8015625 0.00625 0.025
1 0.2984375 0.83125 0.0515625 0.0234375
1 0.234375 0.828125 0.028125 0.0171875
1 0.1953125 0.8984375 0.01875 0.0296875
1 0.090625 0.884375 0.025 0.01875
1 0.03515625 0.95625 0.0703125 0.0625
1 0.2671875 0.9671875 0.05 0.04375
1 0.171875 0.928125 0.0234375 0.0234375
1 0.1265625 0.9515625 0.01875 0.021875
1 0.1109375 0.909375 0.0171875 0.0234375
1 0.14375 0.9171875 0.0390625 0.059375
1 0.1234375 0.9109375 0.015625 0.0109375
1 0.03125 0.8359375 0.028125 0.0171875
1 0.05625 0.80625 0.0203125 0.0171875
1 0.0671875 0.8171875 0.0234375 0.05625
1 0.08515625 0.79609375 0.0546875 0.0140625
0 0.7765625 0.8703125 0.3625 0.1625
0 0.88046875 0.88046875 0.1578125 0.1828125