1 0.3609375 0.5109375 0.0390625 0.046875
1 0.33125 0.4515625 0.0265625 0.0765625
1 0.2734375 0.3953125 0.01875 0.0234375
1 0.2703125 0.4796875 0.0171875 0.0125
1 0.4546875 0.5015625 0.0234375 0.0265625
1 0.4265625 0.484375 0.01875 0.0234375
1 0.45 0.39375 0.01875 0.028125
1 0.50625 0.384375 0.0546875 0.05
1 0.175 0.465625 0.025 0.0234375
1 0.19453125 0.575 0.0140625 0.009375
1 0.19375 0.5609375 0.0265625 0.025
1 0.528125 0.4625 0.025 0.025
1 0.4328125 0.3140625 0.0078125 0.015625
1 0.1484375 0.35625 0.01875 0.0578125
1 0.19375 0.3171875 0.01875 0.021875
1 0.1546875 0.2171875 0.0296875 0.0421875
0 0.2171875 0.178125 0.05 0.059375
0 0.3375 0.1921875 0.1546875 0.103125
1 0.3625 0.14375 0.03125 0.0203125
0 0.4515625 0.1890625 0.071875 0.1171875
1 0.49375 0.1265625 0.040625 0.0234375
1 0.4921875 0.2015625 0.0171875 0.03125
0 0.53671875 0.18046875 0.1046875 0.0640625
1 0.58046875 0.14765625 0.0171875 0.0234375
1 0.1546875 0.1875 0.0140625 0.0265625
1 0.2 0.2421875 0.0234375 0.034375
1 0.2125 0.3015625 0.0171875 0.0265625
0 0.71875 0.1015625 0.1890625 0.090625
1 0.73125 0.028125 0.065625 0.05625
1 0.7453125 0.1515625 0.053125 0.0515625
1 0.7484375 0.2390625 0.04375 0.0265625
1 0.7109375 0.2 0.021875 0.03125
1 0.65 0.1671875 0.0171875 0.040625
1 0.6203125 0.2671875 0.0390625 0.0546875
1 0.5953125 0.24609375 0.0125 0.0484375
1 0.6171875 0.4109375 0.05625 0.034375
1 0.7140625 0.51875 0.05 0.046875
1 0.76875 0.515625 0.034375 0.03125
1 0.784375 0.29375 0.053125 0.0453125
1 0.8 0.1609375 0.028125 0.0359375
1 0.5953125 0.03046875 0.0125 0.0390625
1 0.740625 0.3609375 0.025 0.0296875
1 0.765625 0.4046875 0.03125 0.028125
0 0.61171875 0.0984375 0.0453125 0.140625
0 0.41171875 0.9921875 0.0953125 0.015625
0 0.41875 0.934375 0.078125 0.0796875
1 0.403125 0.765625 0.0484375 0.0671875
1 0.096875 0.7265625 0.0796875 0.08125
1 0.078125 0.6109375 0.028125 0.0234375
0 0.01015625 0.915625 0.0203125 0.16875
0 0.09453125 0.9265625 0.1734375 0.146875
1 0.75078125 0.97734375 0.0390625 0.0453125
1 0.759375 0.94375 0.034375 0.0296875
1 0.7265625 0.921875 0.034375 0.0234375
1 0.80625 0.85625 0.028125 0.0265625
0 0.93359375 0.92890625 0.1328125 0.1421875
1 0.6296875 0.83125 0.040625 0.0484375
1 0.6625 0.96875 0.05 0.05625
1 0.60625 0.99296875 0.03125 0.0140625
0 0.63046875 0.92578125 0.0828125 0.0765625
1 0.6140625 0.8984375 0.0234375 0.021875
1 0.59765625 0.678125 0.0171875 0.040625
1 0.6390625 0.7390625 0.0203125 0.03125
1 0.7875 0.609375 0.0375 0.0359375