1 0.5796875 0.0546875 0.0484375 0.03125
1 0.5578125 0.03125 0.025 0.034375
1 0.47734375 0.02109375 0.0453125 0.0421875
1 0.5328125 0.1015625 0.01875 0.025
1 0.5140625 0.2359375 0.025 0.0265625
1 0.465625 0.278125 0.0296875 0.028125
1 0.540625 0.3484375 0.015625 0.0234375
1 0.5953125 0.3640625 0.028125 0.0296875
1 0.671875 0.3703125 0.034375 0.034375
0 0.51640625 0.421875 0.2140625 0.075
1 0.45625 0.41875 0.01875 0.01875
1 0.6953125 0.41875 0.015625 0.0203125
1 0.7859375 0.3796875 0.03125 0.0359375
0 0.8015625 0.409375 0.13125 0.1
1 0.853125 0.221875 0.0234375 0.0390625
1 0.825 0.2046875 0.021875 0.028125
1 0.7296875 0.2296875 0.03125 0.0296875
1 0.7578125 0.334375 0.015625 0.01875
1 0.53125 0.3625 0.015625 0.0203125
1 0.70625 0.05 0.040625 0.046875
1 0.71875 0.0328125 0.05 0.065625
1 0.76796875 0.0421875 0.0515625 0.084375
1 0.78125 0.0671875 0.0296875 0.0296875
1 0.73671875 0.43984375 0.1140625 0.0390625
0 0.43515625 0.4375 0.0515625 0.04375
1 0.178125 0.8453125 0.01875 0.009375
1 0.3453125 0.796875 0.0171875 0.025
1 0.3671875 0.9609375 0.0328125 0.0171875
1 0.11875 0.7046875 0.0515625 0.05
0 0.090625 0.6078125 0.165625 0.296875
0 0.18125 0.57265625 0.321875 0.2265625
0 0.3453125 0.62265625 0.128125 0.1078125
1 0.0796875 0.8515625 0.059375 0.075
1 0.040625 0.8359375 0.0671875 0.06875
1 0.69765625 0.46484375 0.0328125 0.0109375
1 0.8640625 0.6 0.009375 0.0140625
1 0.8578125 0.6046875 0.00625 0.01875
1 0.759375 0.5859375 0.028125 0.021875
1 0.715625 0.5875 0.028125 0.025
1 0.66875 0.603125 0.015625 0.01875
1 0.9515625 0.634375 0.015625 0.0140625
1 0.903125 0.6484375 0.0140625 0.0171875
1 0.89375 0.66875 0.0203125 0.025
1 0.89375 0.6515625 0.040625 0.0109375
1 0.8171875 0.625 0.028125 0.028125
1 0.6453125 0.6109375 0.01875 0.0140625
1 0.6921875 0.5671875 0.009375 0.00625
1 0.6390625 0.5921875 0.009375 0.015625
1 0.6453125 0.6296875 0.0125 0.0125
1 0.7109375 0.7015625 0.0140625 0.040625
1 0.696875 0.709375 0.0171875 0.01875
1 0.721875 0.7453125 0.025 0.021875
1 0.7515625 0.7109375 0.028125 0.0265625
1 0.7765625 0.7078125 0.0203125 0.028125
1 0.91875 0.6703125 0.015625 0.0078125
1 0.934375 0.6734375 0.0109375 0.0109375
1 0.9796875 0.6859375 0.003125 0.0046875
1 0.946875 0.721875 0.0125 0.0109375
1 0.6125 0.7359375 0.021875 0.025
1 0.6171875 0.6234375 0.0453125 0.05
1 0.5171875 0.6015625 0.021875 0.009375
1 0.465625 0.621875 0.0140625 0.0328125
1 0.515625 0.8265625 0.028125 0.0265625
1 0.5265625 0.84375 0.0140625 0.03125
1 0.4625 0.9296875 0.015625 0.0125
1 0.465625 0.8828125 0.0109375 0.0046875
1 0.5734375 0.95625 0.0484375 0.046875
1 0.5796875 0.7984375 0.025 0.0265625
1 0.5859375 0.821875 0.009375 0.0125
1 0.5875 0.8375 0.015625 0.0140625
1 0.58125 0.86875 0.0515625 0.0625
1 0.6125 0.775 0.01875 0.0140625
1 0.8984375 0.8 0.03125 0.021875
1 0.82734375 0.97578125 0.0515625 0.0484375
1 0.878125 0.9578125 0.0171875 0.0234375
1 0.7 0.9625 0.0171875 0.0203125
1 0.65703125 0.98671875 0.0234375 0.0265625
0 0.8109375 0.8046875 0.340625 0.2765625
1 0.83125 0.734375 0.0109375 0.0125
1 0.8140625 0.8359375 0.015625 0.0109375
0 0.5953125 0.78125 0.28125 0.2796875
1 0.65 0.7171875 0.01875 0.0234375
0 0.5390625 0.8046875 0.16875 0.2171875
0 0.4609375 0.821875 0.0125 0.0203125
0 0.45625 0.846875 0.0046875 0.0375
0 0.45625 0.890625 0.0015625 0.025