1 0.0421875 0.01875 0.015625 0.01875
1 0.075 0.034375 0.021875 0.0359375
1 0.0515625 0.084375 0.0265625 0.0234375
1 0.03125 0.0625 0.0109375 0.028125
1 0.0796875 0.0890625 0.028125 0.0125
1 0.01484375 0.1546875 0.0296875 0.0375
1 0.0625 0.1265625 0.0328125 0.034375
1 0.0625 0.1640625 0.021875 0.0265625
1 0.0796875 0.153125 0.015625 0.0296875
1 0.2421875 0.2515625 0.04375 0.03125
1 0.23125 0.1921875 0.046875 0.0390625
1 0.23125 0.1421875 0.0234375 0.0203125
1 0.26875 0.128125 0.025 0.0203125
1 0.234375 0.109375 0.028125 0.025
1 0.2484375 0.096875 0.015625 0.0109375
1 0.2265625 0.0234375 0.021875 0.015625
1 0.38515625 0.01796875 0.0328125 0.0359375
1 0.4734375 0.0046875 0.0125 0.009375
1 0.615625 0.0234375 0.034375 0.0171875
1 0.6109375 0.01171875 0.05625 0.0234375
1 0.5953125 0.0859375 0.034375 0.015625
1 0.5671875 0.059375 0.04375 0.0515625
0 0.540625 0.08984375 0.2375 0.1796875
1 0.35625 0.1296875 0.021875 0.021875
1 0.378125 0.121875 0.01875 0.03125
1 0.3890625 0.10625 0.01875 0.015625
1 0.4078125 0.0890625 0.0203125 0.015625
1 0.35625 0.0984375 0.053125 0.046875
1 0.36875 0.065625 0.0125 0.0078125
1 0.5265625 0.196875 0.0359375 0.04375
1 0.5453125 0.209375 0.0109375 0.0203125
1 0.621875 0.203125 0.0328125 0.0453125
1 0.571875 0.146875 0.05 0.0265625
1 0.6 0.153125 0.0234375 0.0234375
0 0.5328125 0.2328125 0.23125 0.1046875
1 0.534375 0.275 0.053125 0.01875
1 0.6734375 0.2015625 0.01875 0.015625
1 0.68203125 0.23046875 0.0359375 0.0296875
1 0.690625 0.20625 0.0140625 0.015625
1 0.4171875 0.228125 0.015625 0.015625
1 0.175 0.071875 0.0234375 0.0109375
1 0.2015625 0.1046875 0.015625 0.0078125
1 0.128125 0.0734375 0.0109375 0.0109375
1 0.9375 0.15 0.0109375 0.0171875
1 0.7546875 0.24375 0.01875 0.015625
1 0.79375 0.240625 0.0359375 0.040625
1 0.64609375 0.746875 0.1078125 0.125
1 0.628125 0.8421875 0.0421875 0.040625
1 0.6625 0.5703125 0.028125 0.0109375
1 0.54375 0.571875 0.015625 0.015625
1 0.5484375 0.8375 0.0328125 0.0375
1 0.515625 0.9265625 0.0859375 0.0703125
0 0.27734375 0.91484375 0.3484375 0.1703125
1 0.4203125 0.903125 0.0859375 0.0890625
0 0.3328125 0.6875 0.1828125 0.24375
0 0.2828125 0.7375 0.26875 0.3265625
1 0.709375 0.65546875 0.01875 0.0234375
0 0.83046875 0.496875 0.2609375 0.115625
1 0.746875 0.74375 0.028125 0.0234375
1 0.8375 0.659375 0.0265625 0.0140625
0 0.890625 0.7546875 0.0734375 0.1078125
1 0.959375 0.76875 0.0359375 0.0515625
1 0.98515625 0.79140625 0.0296875 0.0296875
1 0.94375 0.565625 0.0140625 0.04375