1 0.0375 0.3046875 0.009375 0.0125
1 0.0859375 0.0796875 0.01875 0.0125
1 0.140625 0.5078125 0.0125 0.0171875
1 0.209375 0.1484375 0.015625 0.0125
1 0.2609375 0.440625 0.0125 0.0109375
1 0.2625 0.5921875 0.0203125 0.0203125
1 0.2765625 0.4921875 0.015625 0.0140625
1 0.28359375 0.6140625 0.0171875 0.009375
1 0.28203125 0.00625 0.0328125 0.0125
1 0.315625 0.3171875 0.0109375 0.0203125
1 0.321875 0.3390625 0.009375 0.0078125
0 0.3 0.2671875 0.15 0.115625
1 0.48125 0.1140625 0.0203125 0.01875
1 0.515625 0.353125 0.0109375 0.0109375
1 0.53203125 0.5484375 0.0140625 0.015625
1 0.53203125 0.02109375 0.0140625 0.0296875
1 0.034375 0.153125 0.003125 0.015625
1 0.034375 0.1765625 0.003125 0.01875
1 0.18125 0.1453125 0.0203125 0.0203125
1 0.4234375 0.19375 0.0140625 0.015625
1 0.375 0.215625 0.0234375 0.021875
1 0.434375 0.18125 0.021875 0.015625
1 0.0921875 0.3078125 0.009375 0.0109375
1 0.0625 0.265625 0.05625 0.0609375
1 0.1578125 0.2890625 0.01875 0.05625
1 0.403125 0.271875 0.0703125 0.06875
1 0.453125 0.221875 0.0234375 0.0921875
1 0.4671875 0.271875 0.0109375 0.0140625
1 0.496875 0.315625 0.0140625 0.01875
1 0.4890625 0.328125 0.015625 0.01875
1 0.515625 0.3234375 0.0234375 0.028125
1 0.521875 0.3828125 0.0234375 0.0234375
1 0.5203125 0.4 0.015625 0.0125
1 0.515625 0.4109375 0.0140625 0.0140625
1 0.478125 0.428125 0.0203125 0.0203125
1 0.5 0.4359375 0.0140625 0.01875
1 0.471875 0.4625 0.028125 0.0171875
1 0.4890625 0.503125 0.0171875 0.0125
1 0.4703125 0.49375 0.0125 0.0109375
1 0.421875 0.4421875 0.00625 0.009375
1 0.4140625 0.50625 0.0203125 0.0171875
1 0.4515625 0.4734375 0.0109375 0.0125
1 0.3703125 0.4203125 0.0125 0.0171875
1 0.3515625 0.4609375 0.040625 0.03125
1 0.3078125 0.4546875 0.0234375 0.01875
1 0.25625 0.5203125 0.0265625 0.028125
1 0.1953125 0.4546875 0.015625 0.0140625
1 0.184375 0.4671875 0.0078125 0.015625
1 0.1171875 0.5296875 0.015625 0.01875
1 0.134375 0.5625 0.0203125 0.0296875
1 0.11015625 0.5921875 0.0234375 0.053125
1 0.35 0.5578125 0.046875 0.028125
1 0.321875 0.58125 0.0203125 0.0265625
1 0.25390625 0.60859375 0.0265625 0.0203125
1 0.3046875 0.615625 0.021875 0.00625
1 0.7421875 0.00859375 0.040625 0.0171875
1 0.578125 0.0234375 0.078125 0.046875
1 0.60625 0.2078125 0.0234375 0.0234375
1 0.6546875 0.215625 0.0203125 0.0203125
1 0.703125 0.2765625 0.028125 0.01875
1 0.621875 0.3703125 0.0203125 0.0171875
1 0.5796875 0.375 0.021875 0.0171875
1 0.621875 0.4140625 0.0234375 0.028125
1 0.6359375 0.428125 0.025 0.034375
0 0.56015625 0.4984375 0.0421875 0.11875
0 0.684375 0.4921875 0.0953125 0.159375
0 0.7453125 0.4953125 0.0546875 0.075
0 0.2046875 0.83203125 0.21875 0.3359375
0 0.275 0.828125 0.2109375 0.3015625
0 0.090625 0.74375 0.18125 0.221875
1 0.55234375 0.628125 0.0265625 0.01875
1 0.5765625 0.6328125 0.0203125 0.015625
1 0.5765625 0.684375 0.0421875 0.03125
1 0.70234375 0.6265625 0.0203125 0.015625
1 0.7140625 0.6296875 0.025 0.021875
1 0.6953125 0.725 0.03125 0.046875
1 0.65625 0.71875 0.028125 0.028125
1 0.6234375 0.73125 0.0171875 0.0296875
1 0.6390625 0.7375 0.034375 0.0296875
1 0.65625 0.734375 0.025 0.0125
1 0.8 0.62578125 0.025 0.0140625
1 0.790625 0.803125 0.0375 0.0390625
1 0.7984375 0.8171875 0.028125 0.0296875
1 0.7734375 0.8296875 0.0234375 0.01875
1 0.7640625 0.8484375 0.034375 0.0421875
1 0.5984375 0.821875 0.0234375 0.0234375
1 0.6015625 0.8375 0.015625 0.015625
1 0.5890625 0.8484375 0.0328125 0.0203125
1 0.590625 0.846875 0.0125 0.0390625
1 0.54140625 0.83125 0.0046875 0.0125
1 0.55625 0.85234375 0.034375 0.0640625
1 0.6296875 0.859375 0.0203125 0.0203125
1 0.6578125 0.8453125 0.025 0.0203125
1 0.740625 0.83125 0.0109375 0.021875
1 0.7609375 0.9703125 0.0203125 0.015625
1 0.7625 0.965625 0.0203125 0.0046875
1 0.76875 0.95 0.028125 0.0359375
1 0.6265625 0.9484375 0.0203125 0.025
1 0.6234375 0.9671875 0.01875 0.0203125
1 0.59375 0.95 0.015625 0.01875
1 0.58125 0.9484375 0.0203125 0.0140625
1 0.5984375 0.9765625 0.0296875 0.0234375
0 0.69296875 0.83984375 0.2359375 0.3203125
1 0.5515625 0.9015625 0.0078125 0.0515625
1 0.575 0.8859375 0.0140625 0.0234375
1 0.784375 0.8890625 0.0421875 0.0515625
1 0.628125 0.790625 0.034375 0.0296875