0 0.0328125 0.21015625 0.065625 0.3515625
0 0.1375 0.20703125 0.275 0.3296875
0 0.28984375 0.2890625 0.2203125 0.4
1 0.1703125 0.3453125 0.103125 0.0828125
1 0.325 0.05625 0.053125 0.0484375
1 0.53828125 0.35234375 0.0171875 0.0296875
1 0.58828125 0.47421875 0.0796875 0.0296875
1 0.65390625 0.0265625 0.0765625 0.053125
1 0.54921875 0.01484375 0.0390625 0.0296875
1 0.56875 0.0484375 0.03125 0.0328125
1 0.6125 0.2640625 0.0296875 0.0265625
1 0.6515625 0.2359375 0.021875 0.01875
1 0.6 0.35625 0.021875 0.0359375
0 0.69921875 0.34921875 0.3328125 0.2796875
1 0.8046875 0.4546875 0.0375 0.025
1 0.8375 0.48046875 0.028125 0.0171875
1 0.265625 0.990625 0.03125 0.01875
1 0.115625 0.6859375 0.03125 0.03125
1 0.21875 0.6515625 0.009375 0.009375
1 0.2609375 0.571875 0.0234375 0.025
1 0.03984375 0.55390625 0.0796875 0.1140625
0 0.034375 0.79609375 0.06875 0.2546875
0 0.146875 0.8046875 0.221875 0.153125
0 0.2203125 0.8609375 0.1546875 0.13125
0 0.2703125 0.7875 0.0546875 0.065625
0 0.93203125 0.73046875 0.1359375 0.2796875
0 0.75625 0.7453125 0.1640625 0.2859375
0 0.65 0.75625 0.1265625 0.09375
1 0.8546875 0.5265625 0.0234375 0.028125
1 0.6015625 0.5046875 0.028125 0.03125
1 0.6875 0.5171875 0.03125 0.0265625
1 0.6625 0.50234375 0.028125 0.0265625