1 0.1234375 0.3859375 0.0140625 0.009375
1 0.225 0.321875 0.0265625 0.0265625
0 0.2265625 0.52734375 0.096875 0.1453125
0 0.07890625 0.43125 0.1578125 0.3
0 0.059375 0.4578125 0.11875 0.284375
1 0.115625 0.01015625 0.021875 0.0203125
1 0.9859375 0.478125 0.0203125 0.015625
1 0.9859375 0.49375 0.0125 0.0125
1 0.90625 0.5859375 0.0078125 0.0109375
1 0.903125 0.54375 0.009375 0.009375
1 0.6375 0.5546875 0.028125 0.065625
1 0.546875 0.53125 0.025 0.028125
1 0.9796875 0.4265625 0.01875 0.0203125
1 0.9328125 0.3984375 0.0046875 0.0109375
1 0.98125 0.365625 0.015625 0.015625
1 0.9328125 0.365625 0.00625 0.009375
1 0.8890625 0.415625 0.0328125 0.025
1 0.9046875 0.421875 0.0140625 0.015625
1 0.7984375 0.5078125 0.01875 0.021875
1 0.6234375 0.4734375 0.0203125 0.01875
1 0.6375 0.4265625 0.00625 0.0078125
1 0.65625 0.4046875 0.0296875 0.028125
1 0.5859375 0.371875 0.0203125 0.0234375
0 0.5390625 0.3609375 0.0390625 0.09375
1 0.6171875 0.3765625 0.0171875 0.021875
0 0.61875 0.3625 0.0796875 0.0515625
1 0.5875 0.334375 0.0234375 0.0234375
1 0.7625 0.321875 0.009375 0.0109375
1 0.75625 0.2875 0.0296875 0.025
1 0.7765625 0.2359375 0.025 0.025
1 0.8421875 0.2984375 0.0078125 0.0125
1 0.8796875 0.3125 0.01875 0.0140625
1 0.871875 0.2671875 0.0203125 0.0171875
1 0.709375 0.296875 0.034375 0.0375
1 0.6859375 0.296875 0.028125 0.04375
1 0.6765625 0.2234375 0.0546875 0.0515625
1 0.7046875 0.225 0.0234375 0.0234375
1 0.7015625 0.203125 0.021875 0.0296875
1 0.6484375 0.178125 0.0140625 0.0203125
1 0.66875 0.15 0.025 0.0296875
1 0.70625 0.1640625 0.015625 0.015625
1 0.7609375 0.165625 0.0234375 0.021875
1 0.7796875 0.16875 0.025 0.03125
1 0.7953125 0.1921875 0.015625 0.0203125
1 0.8390625 0.2140625 0.0234375 0.021875
1 0.815625 0.1546875 0.0234375 0.0265625
1 0.8296875 0.1375 0.025 0.0265625
1 0.85625 0.1640625 0.0171875 0.0328125
1 0.8390625 0.1671875 0.03125 0.0265625
1 0.91875 0.1703125 0.025 0.0171875
1 0.98984375 0.14765625 0.0203125 0.0296875
1 0.96953125 0.159375 0.0609375 0.05
1 0.896875 0.1265625 0.0265625 0.0296875
1 0.853125 0.090625 0.01875 0.015625
1 0.9421875 0.115625 0.0359375 0.046875
1 0.9171875 0.121875 0.0453125 0.053125
1 0.95625 0.00859375 0.034375 0.0171875
1 0.9390625 0.0609375 0.0265625 0.0234375
1 0.9109375 0.03125 0.028125 0.0359375
1 0.86875 0.0125 0.0265625 0.0234375
1 0.8453125 0.0640625 0.01875 0.0125
1 0.825 0.0625 0.0296875 0.0359375
1 0.784375 0.0625 0.0171875 0.01875
1 0.7984375 0.0546875 0.034375 0.0328125
1 0.759375 0.046875 0.025 0.04375
1 0.7421875 0.065625 0.015625 0.0265625
1 0.7609375 0.090625 0.0234375 0.0234375
1 0.7625 0.109375 0.0203125 0.0234375
1 0.66875 0.0296875 0.0140625 0.021875
1 0.6875 0.0546875 0.021875 0.021875
1 0.6828125 0.0953125 0.025 0.0265625
1 0.66875 0.103125 0.0171875 0.0203125
1 0.6125 0.0390625 0.03125 0.0234375
1 0.6140625 0.0140625 0.0109375 0.0125
1 0.5984375 0.059375 0.0234375 0.021875
1 0.5859375 0.0734375 0.0171875 0.0171875
1 0.5625 0.04375 0.0265625 0.0390625
1 0.5546875 0.0578125 0.0234375 0.025
1 0.54921875 0.003125 0.0171875 0.00625
1 0.5515625 0.1390625 0.0609375 0.078125
1 0.6453125 0.0921875 0.028125 0.0296875
1 0.6546875 0.0796875 0.01875 0.028125
0 0.971875 0.36953125 0.05625 0.1078125
1 0.7984375 0.38125 0.009375 0.0234375
0 0.8453125 0.353125 0.15 0.075
0 0.690625 0.35 0.11875 0.1765625
1 0.675 0.2828125 0.009375 0.015625
1 0.98828125 0.0953125 0.0234375 0.01875
1 0.9796875 0.0828125 0.015625 0.0203125
1 0.978125 0.0546875 0.0203125 0.0203125
1 0.5421875 0.240625 0.05 0.0765625
1 0.5484375 0.2703125 0.0125 0.009375
1 0.8703125 0.109375 0.021875 0.01875
1 0.7953125 0.1015625 0.01875 0.0203125
1 0.6109375 0.1359375 0.0203125 0.0203125
1 0.0265625 0.9328125 0.009375 0.0078125
1 0.01953125 0.90625 0.0390625 0.034375
1 0.125 0.6234375 0.0328125 0.0375
1 0.1375 0.7921875 0.0109375 0.0109375
1 0.07109375 0.60546875 0.0546875 0.0109375
1 0.5609375 0.8671875 0.0234375 0.021875
1 0.5828125 0.9453125 0.0078125 0.0125
1 0.7046875 0.990625 0.0046875 0.0171875
1 0.778125 0.6171875 0.046875 0.0296875
1 0.7 0.7765625 0.015625 0.0203125