1 0.0296875 0.053125 0.0265625 0.028125
1 0.090625 0.1890625 0.015625 0.0109375
1 0.58984375 0.03515625 0.1703125 0.0703125
1 0.41953125 0.02578125 0.0890625 0.0515625
1 0.3515625 0.0328125 0.0359375 0.0359375
1 0.753125 0.0625 0.0875 0.075
1 0.64375 0.1 0.071875 0.0609375
1 0.5 0.0984375 0.1015625 0.1203125
1 0.7609375 0.1140625 0.0421875 0.0578125
1 0.79375 0.225 0.0453125 0.071875
0 0.54296875 0.2484375 0.0953125 0.0625
1 0.525 0.2078125 0.0484375 0.0359375
0 0.46875 0.26640625 0.1625 0.0265625
1 0.3390625 0.1578125 0.0328125 0.0484375
1 0.35 0.2578125 0.075 0.04375
0 0.23125 0.4921875 0.0640625 0.1953125
1 0.1671875 0.4953125 0.08125 0.08125
1 0.2 0.4265625 0.128125 0.0859375
0 0.109375 0.4640625 0.0953125 0.19375
1 0.2109375 0.58125 0.0765625 0.071875
1 0.0984375 0.6734375 0.021875 0.015625
0 0.16640625 0.97109375 0.2046875 0.0578125
0 0.07890625 0.96953125 0.0640625 0.0609375
1 0.2515625 0.3765625 0.0171875 0.0234375
1 0.196875 0.3953125 0.03125 0.0234375
1 0.1453125 0.5625 0.0234375 0.025
1 0.909375 0.28046875 0.003125 0.0015625
1 0.759375 0.29375 0.0140625 0.009375
1 0.63515625 0.2859375 0.0359375 0.0125
1 0.59375 0.30703125 0.05 0.0546875
1 0.615625 0.334375 0.015625 0.0140625
1 0.4875 0.303125 0.0125 0.028125
1 0.5125 0.41875 0.021875 0.028125
1 0.5671875 0.4453125 0.025 0.015625
1 0.58125 0.396875 0.0125 0.021875
1 0.5828125 0.4109375 0.0546875 0.03125
1 0.5828125 0.421875 0.015625 0.0234375
1 0.6546875 0.4546875 0.0125 0.0203125
1 0.640625 0.4671875 0.034375 0.0390625
1 0.7 0.465625 0.08125 0.0546875
1 0.7515625 0.4953125 0.0140625 0.009375
1 0.74375 0.3765625 0.01875 0.01875
1 0.7765625 0.3765625 0.04375 0.05
1 0.85625 0.3390625 0.0375 0.059375
1 0.9328125 0.4078125 0.015625 0.03125
1 0.8234375 0.4265625 0.0625 0.071875
1 0.9359375 0.5234375 0.0203125 0.0109375
1 0.9046875 0.5015625 0.0328125 0.046875
1 0.934375 0.4859375 0.0484375 0.0234375
1 0.9671875 0.53203125 0.065625 0.0984375
1 0.4984375 0.65 0.028125 0.0109375
0 0.5265625 0.6125 0.08125 0.165625
1 0.6796875 0.653125 0.015625 0.021875
1 0.6390625 0.7125 0.0234375 0.0234375
1 0.6546875 0.6453125 0.015625 0.0125
1 0.675 0.6359375 0.0125 0.01875
1 0.6359375 0.6453125 0.0109375 0.015625
1 0.7484375 0.6421875 0.021875 0.028125
1 0.765625 0.7015625 0.03125 0.03125
0 0.678125 0.6328125 0.1609375 0.0921875
1 0.8234375 0.590625 0.009375 0.0046875
1 0.79375 0.5796875 0.015625 0.0359375
1 0.73125 0.59375 0.0078125 0.009375
1 0.796875 0.640625 0.0078125 0.015625
1 0.9125 0.6171875 0.0171875 0.01875
0 0.8765625 0.603125 0.1328125 0.1359375
0 0.7765625 0.6484375 0.0765625 0.125
1 0.753125 0.7390625 0.015625 0.0078125
0 0.9390625 0.63125 0.121875 0.10625
1 0.9984375 0.6609375 0.003125 0.021875
1 0.5296875 0.7921875 0.0046875 0.0109375
1 0.5484375 0.815625 0.040625 0.0546875
1 0.6734375 0.7984375 0.00625 0.0078125
1 0.765625 0.8375 0.0078125 0.009375
1 0.875 0.771875 0.04375 0.0390625
1 0.921875 0.8609375 0.034375 0.05625
1 0.7671875 0.890625 0.0046875 0.0109375
1 0.53125 0.946875 0.0203125 0.03125
1 0.4875 0.9609375 0.015625 0.0265625
1 0.7875 0.99296875 0.04375 0.0140625
1 0.959375 0.99375 0.01875 0.0125
1 0.7078125 0.9921875 0.00625 0.0140625
1 0.9671875 0.9921875 0.0109375 0.0125