0 0.0859375 0.06328125 0.171875 0.1265625
1 0.578125 0.3375 0.021875 0.015625
1 0.59375 0.41875 0.0234375 0.0203125
1 0.590625 0.446875 0.0125 0.00625
1 0.596875 0.375 0.0171875 0.0171875
1 0.7859375 0.0546875 0.0359375 0.025
1 0.7984375 0.140625 0.0265625 0.0234375
1 0.8140625 0.003125 0.028125 0.00625
1 0.81328125 0.4375 0.0265625 0.025
0 0.6328125 0.1765625 0.1640625 0.1390625
0 0.7734375 0.215625 0.134375 0.1703125
0 0.9046875 0.1578125 0.190625 0.19375
0 0.98984375 0.184375 0.0203125 0.109375
1 0.8375 0.04375 0.015625 0.0125
1 0.84375 0.346875 0.0171875 0.0171875
1 0.8578125 0.35625 0.0359375 0.034375
1 0.8484375 0.375 0.0328125 0.0375
1 0.8796875 0.4 0.034375 0.0359375
1 0.96875 0.2953125 0.0234375 0.0125
1 0.99765625 0.43125 0.0046875 0.01875
1 0.74375 0.353125 0.025 0.021875
1 0.715625 0.41875 0.0125 0.015625
1 0.6890625 0.440625 0.028125 0.01875
1 0.609375 0.346875 0.0265625 0.015625
1 0.6140625 0.4453125 0.0125 0.009375
1 0.5609375 0.44375 0.025 0.0125
1 0.17890625 0.46328125 0.0421875 0.0265625
1 0.01875 0.68046875 0.0375 0.0859375
1 0.03359375 0.59609375 0.0671875 0.0703125
1 0.0703125 0.6125 0.08125 0.0703125
1 0.0625 0.54375 0.0390625 0.025
1 0.2515625 0.653125 0.0265625 0.0265625
1 0.0921875 0.5625 0.025 0.0125
1 0.2484375 0.5859375 0.0125 0.034375
0 0.2109375 0.7953125 0.1703125 0.2890625
0 0.0765625 0.8296875 0.134375 0.2484375
1 0.05078125 0.8625 0.1015625 0.128125
1 0.1328125 0.9328125 0.0546875 0.0546875
1 0.5609375 0.95 0.00625 0.0140625
1 0.8359375 0.6234375 0.0171875 0.0078125
1 0.6625 0.6515625 0.025 0.021875
0 0.4375 0.865625 0.0640625 0.090625
0 0.4453125 0.9359375 0.078125 0.128125
0 0.590625 0.8671875 0.35625 0.1140625
1 0.6578125 0.88125 0.025 0.0234375
0 0.76875 0.89375 0.159375 0.2125
0 0.9 0.84375 0.0640625 0.096875