1 0.0984375 0.640625 0.05625 0.01875
1 0.4765625 0.5359375 0.0140625 0.0109375
1 0.1328125 0.4625 0.0234375 0.0375
1 0.1421875 0.440625 0.0359375 0.0484375
0 0.059375 0.28984375 0.11875 0.0703125
1 0.115625 0.265625 0.0171875 0.0078125
1 0.13125 0.290625 0.0109375 0.0078125
1 0.196875 0.0171875 0.0359375 0.028125
1 0.23125 0.109375 0.1140625 0.1125
1 0.3046875 0.3140625 0.025 0.0359375
0 0.4125 0.3328125 0.140625 0.1875
1 0.409375 0.2140625 0.03125 0.040625
0 0.4203125 0.3984375 0.1234375 0.06875
0 0.4640625 0.325 0.0359375 0.01875
0 0.453125 0.3140625 0.059375 0.0390625
1 0.715625 0.425 0.08125 0.059375
1 0.7203125 0.4734375 0.028125 0.0234375
1 0.6875 0.4875 0.021875 0.0375
1 0.6890625 0.5453125 0.065625 0.0578125
1 0.5984375 0.5546875 0.04375 0.075
1 0.5984375 0.4984375 0.025 0.03125
1 0.7296875 0.6015625 0.0671875 0.0625
1 0.66640625 0.6453125 0.0265625 0.009375
1 0.8765625 0.63046875 0.071875 0.0390625
1 0.96875 0.61171875 0.0625 0.0515625
1 0.99375 0.57265625 0.0125 0.0421875
1 0.8984375 0.5421875 0.078125 0.1125
1 0.959375 0.5578125 0.0515625 0.046875
1 0.98984375 0.50390625 0.0203125 0.0546875
1 0.9640625 0.4390625 0.0265625 0.0265625
1 0.8421875 0.4265625 0.021875 0.025
1 0.859375 0.5015625 0.025 0.0265625
1 0.7921875 0.4765625 0.0515625 0.05625
1 0.81875 0.428125 0.01875 0.028125
1 0.825 0.3984375 0.0140625 0.015625
1 0.60546875 0.63828125 0.0234375 0.0234375
1 0.86875 0.38125 0.025 0.0359375
1 0.8234375 0.35 0.0296875 0.034375
1 0.796875 0.3453125 0.0140625 0.0171875
1 0.7234375 0.33125 0.0421875 0.0484375
1 0.8421875 0.221875 0.04375 0.0640625
1 0.7890625 0.2140625 0.040625 0.0265625
1 0.7375 0.225 0.046875 0.046875
1 0.6671875 0.140625 0.0484375 0.0328125
1 0.7296875 0.1671875 0.01875 0.0359375
1 0.7859375 0.1296875 0.1015625 0.0703125
1 0.878125 0.1234375 0.0625 0.0390625
1 0.8859375 0.1671875 0.03125 0.0359375
1 0.93125 0.1453125 0.025 0.025
1 0.9578125 0.1296875 0.0265625 0.03125
1 0.8625 0.090625 0.03125 0.028125
1 0.815625 0.0875 0.03125 0.021875
1 0.959375 0.0859375 0.021875 0.021875
1 0.9890625 0.0328125 0.021875 0.065625
1 0.9359375 0.0109375 0.03125 0.021875
1 0.9015625 0.0109375 0.025 0.021875
1 0.65625 0.0421875 0.103125 0.084375
1 0.759375 0.0625 0.1484375 0.109375
0 0.7734375 0.2984375 0.0984375 0.1078125
0 0.8703125 0.3078125 0.08125 0.1125
0 0.965625 0.3 0.0625 0.1140625
1 0.99453125 0.33984375 0.0109375 0.0296875
1 0.9140625 0.3234375 0.0171875 0.034375
1 0.6671875 0.3921875 0.01875 0.0171875
1 0.6140625 0.3484375 0.0203125 0.028125
1 0.6203125 0.1453125 0.0265625 0.0234375
1 0.69375 0.2328125 0.0203125 0.034375
1 0.8984375 0.0578125 0.03125 0.01875
0 0.675 0.3203125 0.1 0.1375
0 0.6265625 0.290625 0.103125 0.0859375
1 0.5140625 0.6609375 0.040625 0.021875
1 0.3921875 0.6875 0.0109375 0.0125
1 0.3484375 0.6546875 0.03125 0.009375
0 0.40390625 0.746875 0.2234375 0.19375
1 0.2734375 0.75 0.009375 0.015625
0 0.265625 0.7359375 0.1171875 0.0609375
1 0.428125 0.890625 0.021875 0.015625
1 0.440625 0.8828125 0.009375 0.0125
1 0.34375 0.8046875 0.028125 0.03125
0 0.64296875 0.93671875 0.0921875 0.1265625
1 0.7296875 0.7921875 0.0328125 0.0234375