0 0.40546875 0.4296875 0.0671875 0.140625
0 0.09609375 0.43671875 0.1921875 0.1265625
0 0.03125 0.43359375 0.0625 0.0390625
1 0.4046875 0.0375 0.0390625 0.05
0 0.67890625 0.05390625 0.1203125 0.1078125
0 0.86875 0.05390625 0.2625 0.1078125
1 0.75625 0.1921875 0.0484375 0.0703125
1 0.6734375 0.078125 0.0140625 0.0140625
1 0.94375 0.209375 0.025 0.025
1 0.865625 0.2625 0.0234375 0.0171875
1 0.7984375 0.428125 0.0390625 0.0421875
1 0.8484375 0.4421875 0.0453125 0.0515625
1 0.43671875 0.8453125 0.0046875 0.015625
1 0.421875 0.9328125 0.0140625 0.0203125
1 0.4234375 0.7734375 0.03125 0.05625
1 0.4015625 0.9 0.04375 0.0453125
1 0.3828125 0.9125 0.021875 0.015625
1 0.38125 0.9796875 0.0234375 0.0265625
1 0.3578125 0.721875 0.065625 0.028125
1 0.334375 0.90625 0.0171875 0.015625
1 0.3046875 0.8125 0.015625 0.0265625
1 0.278125 0.8375 0.0328125 0.03125
1 0.2125 0.97421875 0.0375 0.0515625
1 0.2 0.5171875 0.084375 0.034375
1 0.1 0.7765625 0.0671875 0.0625
1 0.06875 0.678125 0.0390625 0.0328125
1 0.04375 0.9734375 0.0328125 0.0234375
1 0.0265625 0.775 0.05 0.040625
1 0.009375 0.71875 0.015625 0.0421875
1 0.0125 0.9609375 0.025 0.059375
1 0.1640625 0.903125 0.09375 0.08125
1 0.1765625 0.8609375 0.078125 0.03125
1 0.13125 0.85625 0.0703125 0.0703125
1 0.1453125 0.81875 0.0265625 0.0328125
1 0.034375 0.8015625 0.0515625 0.0515625
1 0.078125 0.734375 0.08125 0.059375
1 0.2015625 0.7375 0.0578125 0.0640625
1 0.1265625 0.684375 0.06875 0.034375
1 0.1109375 0.6609375 0.0546875 0.046875
0 0.096875 0.5703125 0.1140625 0.13125
0 0.34296875 0.51953125 0.0609375 0.0390625
0 0.3375 0.5875 0.140625 0.0859375
0 0.2625 0.590625 0.0765625 0.115625
0 0.190625 0.58125 0.0828125 0.1171875
1 0.12734375 0.5078125 0.0546875 0.015625
1 0.2578125 0.7015625 0.0796875 0.0546875
0 0.4125 0.58359375 0.053125 0.1671875
1 0.509375 0.884375 0.028125 0.025
1 0.74296875 0.996875 0.0234375 0.00625
1 0.6703125 0.9234375 0.0359375 0.034375
1 0.653125 0.875 0.03125 0.03125
1 0.63125 0.8 0.0421875 0.0390625
1 0.7015625 0.8375 0.0328125 0.021875
1 0.6921875 0.8609375 0.03125 0.0234375
0 0.4609375 0.67734375 0.04375 0.0921875
0 0.5421875 0.684375 0.103125 0.1265625
1 0.4734375 0.6234375 0.0296875 0.0328125
0 0.6796875 0.696875 0.1515625 0.20625
0 0.7875 0.6828125 0.090625 0.1390625
1 0.7546875 0.690625 0.0296875 0.040625
1 0.44609375 0.53125 0.0140625 0.025
1 0.4625 0.521875 0.021875 0.028125
1 0.5203125 0.5203125 0.028125 0.034375
1 0.553125 0.521875 0.021875 0.0203125
1 0.6 0.60625 0.025 0.0234375
1 0.4828125 0.515625 0.028125 0.0203125
1 0.6234375 0.5109375 0.01875 0.01875