0 0.26953125 0.34296875 0.0515625 0.0515625
0 0.2515625 0.2515625 0.0421875 0.0796875
1 0.2296875 0.2625 0.0609375 0.04375
1 0.0390625 0.234375 0.025 0.046875
1 0.075 0.2796875 0.0203125 0.0265625
0 0.76328125 0.27734375 0.1109375 0.1828125
0 0.771875 0.2 0.06875 0.1453125
0 0.7546875 0.1265625 0.13125 0.1125
0 0.73984375 0.05 0.1359375 0.1
1 0.8546875 0.0765625 0.078125 0.059375
1 0.8953125 0.025 0.05625 0.05
1 0.59375 0.159375 0.05 0.115625
1 0.6140625 0.1046875 0.0234375 0.021875
1 0.609375 0.05625 0.0421875 0.025
1 0.6203125 0.2421875 0.03125 0.021875
1 0.6015625 0.221875 0.03125 0.0265625
1 0.58046875 0.25078125 0.0234375 0.0265625
1 0.6375 0.225 0.0234375 0.028125
1 0.5953125 0.321875 0.03125 0.025
0 0.728125 0.33203125 0.090625 0.0734375
1 0.7140625 0.290625 0.0421875 0.0328125
1 0.8296875 0.265625 0.0234375 0.0140625
1 0.9578125 0.2984375 0.021875 0.0296875
1 0.90625 0.278125 0.028125 0.0265625
1 0.99453125 0.21796875 0.0109375 0.0203125
1 0.9640625 0.2 0.0234375 0.021875
1 0.934375 0.0421875 0.0140625 0.015625
1 0.9046875 0.1921875 0.0171875 0.0078125
1 0.8265625 0.0046875 0.021875 0.009375
0 0.03125 0.634375 0.0625 0.15
1 0.0109375 0.57421875 0.021875 0.0328125
1 0.103125 0.5703125 0.021875 0.015625
1 0.09375 0.6078125 0.0296875 0.05625
1 0.0828125 0.64375 0.0328125 0.0296875
0 0.03203125 0.79140625 0.0640625 0.1171875
0 0.05078125 0.72578125 0.1015625 0.0734375
0 0.03515625 0.9578125 0.0703125 0.084375
0 0.03046875 0.90625 0.0609375 0.096875
1 0.103125 0.90625 0.0265625 0.028125
1 0.25 0.8796875 0.0359375 0.0328125
1 0.2109375 0.871875 0.03125 0.0234375
1 0.259375 0.9015625 0.01875 0.0234375
1 0.253125 0.9109375 0.025 0.046875
1 0.20390625 0.97890625 0.0640625 0.0421875
1 0.265625 0.965625 0.05625 0.0578125
1 0.4140625 0.9359375 0.065625 0.08125
0 0.521875 0.9390625 0.0875 0.075
0 0.503125 0.86484375 0.13125 0.0828125
0 0.5140625 0.759375 0.1015625 0.1421875
1 0.4078125 0.7578125 0.0328125 0.0390625
1 0.4109375 0.678125 0.025 0.0296875
1 0.4859375 0.640625 0.0203125 0.025
0 0.5140625 0.6015625 0.109375 0.0875
1 0.4234375 0.6203125 0.025 0.0265625
1 0.178125 0.5828125 0.0515625 0.05
1 0.2453125 0.7140625 0.025 0.0234375
0 0.909375 0.634375 0.128125 0.1328125
0 0.915625 0.5296875 0.1484375 0.125
0 0.9234375 0.71875 0.0546875 0.10625
0 0.921875 0.840625 0.14375 0.1296875
1 0.7921875 0.640625 0.06875 0.0671875
1 0.828125 0.5203125 0.0546875 0.0609375
1 0.7421875 0.59375 0.03125 0.0421875
1 0.84375 0.68125 0.0265625 0.0265625
1 0.7765625 0.725 0.025 0.025
1 0.725 0.6890625 0.0171875 0.0234375
1 0.825 0.7859375 0.046875 0.025
1 0.8859375 0.740625 0.04375 0.0390625
1 0.75 0.7953125 0.05625 0.0296875
1 0.7703125 0.846875 0.0296875 0.021875
1 0.821875 0.85 0.03125 0.025
1 0.7109375 0.8203125 0.0359375 0.028125
1 0.6640625 0.815625 0.040625 0.0421875
1 0.58125 0.73125 0.025 0.021875
1 0.57421875 0.86171875 0.0109375 0.0296875
1 0.603125 0.46875 0.034375 0.03125
1 0.64375 0.4578125 0.0390625 0.0265625
1 0.6546875 0.71875 0.0390625 0.0234375
1 0.7390625 0.7140625 0.0125 0.0234375
1 0.76875 0.484375 0.028125 0.0203125
1 0.69375 0.8828125 0.0296875 0.025
1 0.9875 0.55859375 0.025 0.0296875
1 0.99296875 0.4 0.0140625 0.040625
1 0.9421875 0.446875 0.0203125 0.0484375
1 0.9640625 0.4078125 0.015625 0.0296875
0 0.9203125 0.4359375 0.0796875 0.1140625