0 0.228125 0.46953125 0.021875 0.0578125
1 0.859375 0.2109375 0.025 0.03125
0 0.7046875 0.2796875 0.11875 0.0953125
0 0.625 0.278125 0.1171875 0.096875
0 0.4359375 0.303125 0.1203125 0.1390625
0 0.5265625 0.2890625 0.109375 0.1078125
0 0.8453125 0.3078125 0.1125 0.1609375
0 0.7875 0.3453125 0.06875 0.134375
1 0.4140625 0.2171875 0.0671875 0.10625
1 0.7265625 0.0734375 0.028125 0.025
1 0.8046875 0.009375 0.034375 0.01875
1 0.8359375 0.0515625 0.0234375 0.0296875
1 0.6203125 0.00546875 0.025 0.0109375
1 0.8734375 0.4796875 0.0296875 0.0265625
1 0.6625 0.5125 0.034375 0.0125
1 0.684375 0.50546875 0.021875 0.0265625
1 0.71875 0.44375 0.028125 0.0328125
1 0.721875 0.4875 0.01875 0.0203125
1 0.8015625 0.446875 0.0375 0.034375
1 0.71875 0.5078125 0.021875 0.021875
1 0.5296875 0.45 0.0265625 0.025
1 0.80625 0.2328125 0.0234375 0.01875
1 0.43671875 0.50859375 0.0328125 0.0203125
0 0.159375 0.92578125 0.159375 0.1484375
0 0.0890625 0.8046875 0.0140625 0.08125
1 0.2109375 0.6203125 0.0234375 0.05
1 0.146875 0.6859375 0.0375 0.04375
1 0.13125 0.625 0.0171875 0.025
1 0.41875 0.6953125 0.0140625 0.01875
1 0.4390625 0.646875 0.0234375 0.0234375
1 0.52890625 0.99375 0.0078125 0.0125
1 0.53125 0.63125 0.00625 0.0125
1 0.515625 0.9921875 0.046875 0.015625
1 0.5953125 0.5515625 0.015625 0.0078125
1 0.759375 0.784375 0.0140625 0.009375
1 0.79375 0.9921875 0.0078125 0.015625
1 0.8890625 0.7359375 0.034375 0.040625
1 0.928125 0.78125 0.015625 0.021875
1 0.825 0.6765625 0.0375 0.034375
1 0.7453125 0.665625 0.028125 0.03125
1 0.7046875 0.665625 0.046875 0.0484375
1 0.7203125 0.6421875 0.0359375 0.021875
1 0.7765625 0.7875 0.0296875 0.03125
1 0.640625 0.790625 0.0515625 0.0390625
1 0.625 0.728125 0.0515625 0.0609375
1 0.68125 0.8578125 0.0140625 0.01875
0 0.6515625 0.84140625 0.3125 0.3171875
0 0.56640625 0.89921875 0.1859375 0.2015625
1 0.4546875 0.946875 0.0328125 0.0375
0 0.453125 0.8359375 0.0875 0.328125
1 0.578125 0.8015625 0.01875 0.015625
1 0.55625 0.7921875 0.015625 0.021875
0 0.89140625 0.9109375 0.0859375 0.178125
1 0.9109375 0.9734375 0.0125 0.015625