1 0.3734375 0.1296875 0.0078125 0.0078125
1 0.278125 0.1 0.015625 0.0140625
1 0.2953125 0.0421875 0.0265625 0.0484375
1 0.2015625 0.046875 0.0171875 0.0234375
1 0.178125 0.03125 0.003125 0.00625
1 0.1375 0.1734375 0.0171875 0.0125
1 0.1234375 0.2 0.021875 0.021875
1 0.15625 0.190625 0.0359375 0.0265625
1 0.1171875 0.178125 0.0140625 0.0171875
1 0.24375 0.153125 0.0421875 0.0734375
1 0.265625 0.1390625 0.0109375 0.028125
1 0.2921875 0.1140625 0.0125 0.0296875
1 0.26875 0.221875 0.021875 0.0171875
0 0.1765625 0.184375 0.165625 0.2046875
0 0.3015625 0.2109375 0.1125 0.2484375
1 0.390625 0.2984375 0.009375 0.0078125
1 0.4328125 0.215625 0.0140625 0.0046875
0 0.4828125 0.171875 0.1125 0.15
1 0.515625 0.440625 0.015625 0.0125
1 0.4953125 0.534375 0.0125 0.00625
1 0.4859375 0.5515625 0.015625 0.0140625
1 0.4859375 0.5375 0.0078125 0.0046875
1 0.4828125 0.453125 0.0140625 0.009375
1 0.375 0.5640625 0.025 0.0140625
1 0.3125 0.5390625 0.01875 0.0140625
1 0.2140625 0.53125 0.0234375 0.0234375
1 0.44375 0.584375 0.01875 0.009375
1 0.5375 0.38828125 0.003125 0.0109375
1 0.4546875 0.34375 0.01875 0.0140625
1 0.4484375 0.3859375 0.0203125 0.0203125
1 0.228125 0.3296875 0.0421875 0.05625
1 0.2109375 0.3796875 0.009375 0.00625
1 0.175 0.36875 0.0140625 0.01875
1 0.1046875 0.2984375 0.0171875 0.015625
1 0.59375 0.0984375 0.0234375 0.0234375
1 0.621875 0.20625 0.0234375 0.03125
1 0.7609375 0.4125 0.0203125 0.0125
1 0.665625 0.0625 0.021875 0.015625
1 0.6578125 0.0953125 0.0171875 0.015625
1 0.584375 0.203125 0.0203125 0.009375
1 0.5671875 0.2125 0.0125 0.015625
1 0.5859375 0.253125 0.0140625 0.015625
1 0.5984375 0.259375 0.0203125 0.021875
1 0.6140625 0.2671875 0.0234375 0.015625
1 0.56875 0.375 0.015625 0.01875
1 0.58125 0.36875 0.0140625 0.015625
1 0.6203125 0.365625 0.021875 0.009375
1 0.640625 0.3703125 0.025 0.0265625
1 0.6859375 0.4015625 0.0171875 0.0125
1 0.6703125 0.390625 0.009375 0.0140625
1 0.653125 0.3921875 0.015625 0.0125
1 0.6421875 0.3875 0.0140625 0.0125
1 0.7109375 0.3546875 0.015625 0.0234375
1 0.778125 0.3140625 0.0140625 0.009375
1 0.7078125 0.4203125 0.01875 0.015625
1 0.6703125 0.459375 0.0265625 0.0203125
1 0.659375 0.515625 0.0328125 0.0296875
1 0.65 0.521875 0.03125 0.0140625
1 0.7328125 0.553125 0.0109375 0.0109375
1 0.7203125 0.5515625 0.03125 0.0265625
0 0.57265625 0.4640625 0.0671875 0.0875
0 0.6078125 0.446875 0.109375 0.1171875
0 0.734375 0.4734375 0.103125 0.134375
1 0.78125 0.29375 0.009375 0.0125
1 0.7265625 0.215625 0.0171875 0.0140625
1 0.7046875 0.228125 0.009375 0.00625
1 0.7734375 0.4296875 0.025 0.021875
0 0.49453125 0.61875 0.0828125 0.059375
0 0.37421875 0.625 0.2296875 0.071875
1 0.175 0.6421875 0.021875 0.03125
1 0.096875 0.62890625 0.059375 0.0796875
0 0.0546875 0.6359375 0.0703125 0.0625
1 0.4078125 0.8546875 0.04375 0.025
1 0.3609375 0.9171875 0.0375 0.0328125
1 0.834375 0.95625 0.028125 0.04375
1 0.75 0.9953125 0.01875 0.009375
1 0.5984375 0.98125 0.021875 0.0265625
1 0.58125 0.96875 0.01875 0.01875
1 0.6328125 0.775 0.0046875 0.009375
1 0.70625 0.7796875 0.0171875 0.0109375
1 0.55 0.6375 0.015625 0.0171875
1 0.54765625 0.60390625 0.0171875 0.0234375
1 0.8328125 0.596875 0.05 0.015625
1 0.89140625 0.6140625 0.0484375 0.05
0 0.909375 0.59296875 0.015625 0.0078125
0 0.7875 0.6390625 0.259375 0.1
1 0.7421875 0.6640625 0.01875 0.01875
1 0.740625 0.6984375 0.00625 0.009375
1 0.753125 0.628125 0.028125 0.0046875
0 0.64453125 0.67890625 0.2109375 0.1796875