1 0.140625 0.3109375 0.0390625 0.0359375
1 0.059375 0.2890625 0.01875 0.021875
1 0.16875 0.1265625 0.025 0.0203125
0 0.3859375 0.2578125 0.30625 0.24375
0 0.3640625 0.178125 0.3484375 0.2296875
1 0.4390625 0.2796875 0.0140625 0.0078125
1 0.7578125 0.16875 0.0796875 0.0265625
1 0.6875 0.2125 0.0671875 0.1125
1 0.8109375 0.2984375 0.0265625 0.0203125
0 0.7546875 0.34375 0.0875 0.071875
1 0.55234375 0.3734375 0.0265625 0.0125
1 0.8765625 0.265625 0.1578125 0.1734375
1 0.7765625 0.2375 0.0953125 0.08125
1 0.86171875 0.359375 0.1015625 0.040625
1 0.62734375 0.3484375 0.1015625 0.0625
1 0.6359375 0.196875 0.1 0.0796875
1 0.5890625 0.303125 0.065625 0.0546875
1 0.56171875 0.225 0.0453125 0.096875
1 0.5546875 0.340625 0.03125 0.03125
1 0.3671875 0.7765625 0.0234375 0.0125
1 0.4171875 0.7859375 0.0125 0.0125
1 0.3421875 0.8625 0.0078125 0.0125
1 0.41875 0.890625 0.0078125 0.015625
1 0.4671875 0.675 0.0296875 0.028125
0 0.1546875 0.6078125 0.1046875 0.0640625
0 0.1390625 0.6640625 0.159375 0.103125
1 0.1390625 0.8375 0.09375 0.1078125
0 0.1328125 0.7703125 0.1109375 0.1140625
0 0.12890625 0.97734375 0.1453125 0.0453125
1 0.0921875 0.9140625 0.16875 0.078125
1 0.896875 0.7703125 0.0609375 0.03125
1 0.90625 0.7328125 0.0234375 0.0296875
1 0.909375 0.70625 0.028125 0.021875
1 0.8765625 0.725 0.0234375 0.0171875
1 0.8765625 0.6484375 0.0703125 0.05625
1 0.9609375 0.66875 0.0265625 0.01875
1 0.990625 0.625 0.01875 0.021875
1 0.98828125 0.490625 0.0234375 0.034375
1 0.915625 0.50625 0.0296875 0.0203125
1 0.81875 0.553125 0.046875 0.0390625
1 0.75 0.5984375 0.0328125 0.0265625
1 0.759375 0.4921875 0.0515625 0.040625
1 0.7703125 0.6640625 0.021875 0.0265625
1 0.8546875 0.446875 0.021875 0.0234375
0 0.89765625 0.4125 0.0859375 0.065625
1 0.7484375 0.4140625 0.0203125 0.01875
1 0.7921875 0.3984375 0.021875 0.03125
1 0.878125 0.45625 0.0203125 0.0140625
1 0.959375 0.59375 0.021875 0.025
1 0.834375 0.6703125 0.0140625 0.0171875
1 0.79375 0.7765625 0.0484375 0.0171875
1 0.7453125 0.746875 0.0796875 0.078125
1 0.70625 0.7078125 0.0328125 0.0328125
1 0.61875 0.71875 0.028125 0.0296875
1 0.5828125 0.7453125 0.021875 0.0203125
0 0.55625 0.5984375 0.034375 0.0875
1 0.625 0.5546875 0.0234375 0.025
1 0.63125 0.5078125 0.0453125 0.0421875
1 0.6421875 0.45625 0.0421875 0.040625
1 0.553125 0.5234375 0.028125 0.0625
1 0.603125 0.3859375 0.03125 0.0125
1 0.5765625 0.38671875 0.021875 0.0140625
1 0.5484375 0.403125 0.01875 0.025
1 0.86875 0.596875 0.0234375 0.0140625