1 0.0171875 0.31875 0.0296875 0.0328125
1 0.04375 0.3125 0.0140625 0.0140625
1 0.078125 0.33125 0.0140625 0.0078125
1 0.00390625 0.20625 0.0078125 0.025
1 0.034375 0.1890625 0.025 0.0234375
1 0.0609375 0.209375 0.0203125 0.0203125
1 0.0328125 0.2328125 0.01875 0.021875
1 0.0640625 0.2421875 0.0109375 0.0078125
1 0.0484375 0.3859375 0.015625 0.0140625
1 0.06875 0.390625 0.0078125 0.0078125
1 0.03125 0.659375 0.0125 0.015625
1 0.0671875 0.6609375 0.015625 0.0140625
1 0.2453125 0.359375 0.0265625 0.0203125
1 0.2140625 0.31875 0.015625 0.0140625
1 0.24375 0.2265625 0.0171875 0.0171875
1 0.3125 0.1984375 0.0265625 0.025
1 0.3625 0.20625 0.0390625 0.040625
1 0.3765625 0.19375 0.034375 0.03125
1 0.425 0.1796875 0.0109375 0.003125
0 0.3421875 0.2671875 0.0890625 0.078125
0 0.3390625 0.3640625 0.0734375 0.1
1 0.24375 0.484375 0.0171875 0.0203125
1 0.2296875 0.50625 0.0203125 0.021875
1 0.2703125 0.578125 0.015625 0.01875
0 0.34375 0.440625 0.1125 0.109375
1 0.3890625 0.4875 0.0125 0.0078125
1 0.3453125 0.51875 0.0140625 0.0171875
1 0.1734375 0.421875 0.009375 0.01875
1 0.29375 0.653125 0.0328125 0.015625
1 0.4703125 0.178125 0.0140625 0.00625
1 0.4984375 0.3125 0.0328125 0.01875
1 0.49375 0.33125 0.015625 0.0234375
1 0.403125 0.35 0.021875 0.0203125
1 0.3984375 0.3703125 0.0203125 0.015625
1 0.4765625 0.4359375 0.0203125 0.0140625
1 0.5515625 0.44140625 0.015625 0.0171875
1 0.54921875 0.49296875 0.0203125 0.0359375
1 0.4265625 0.48125 0.0328125 0.03125
1 0.4625 0.5 0.0328125 0.0265625
1 0.4703125 0.50625 0.0171875 0.0265625
1 0.49375 0.49375 0.021875 0.0125
1 0.5015625 0.503125 0.0265625 0.0296875
1 0.4984375 0.559375 0.0125 0.0140625
1 0.428125 0.56875 0.0296875 0.0265625
1 0.5359375 0.6484375 0.0078125 0.01875
1 0.55 0.6578125 0.01875 0.021875
1 0.2984375 0.61875 0.0265625 0.025
0 0.365625 0.56875 0.1265625 0.0765625
1 0.43046875 0.640625 0.0609375 0.05625
0 0.359375 0.6359375 0.15 0.065625
0 0.9421875 0.4640625 0.0984375 0.15
1 0.621875 0.3484375 0.125 0.109375
1 0.6015625 0.503125 0.0578125 0.053125
1 0.6 0.2 0.0453125 0.04375
1 0.69375 0.175 0.06875 0.06875
1 0.628125 0.11875 0.0671875 0.046875
1 0.6328125 0.1703125 0.028125 0.025
1 0.6296875 0.25 0.0390625 0.0546875
1 0.6375 0.209375 0.028125 0.0234375
1 0.70625 0.3203125 0.03125 0.025
1 0.690625 0.3453125 0.040625 0.021875
1 0.6125 0.41875 0.0453125 0.0515625
1 0.7140625 0.5953125 0.08125 0.0484375
1 0.6328125 0.6078125 0.0234375 0.021875
1 0.696875 0.5015625 0.0328125 0.034375
1 0.7609375 0.4796875 0.046875 0.0734375
1 0.7828125 0.540625 0.0484375 0.0671875
1 0.828125 0.60625 0.0515625 0.0265625
1 0.85625 0.5625 0.0703125 0.0953125
1 0.8359375 0.4890625 0.0296875 0.046875
1 0.86875 0.4390625 0.0265625 0.053125
1 0.834375 0.4234375 0.0296875 0.034375
1 0.7625 0.3828125 0.034375 0.0453125
1 0.7828125 0.3109375 0.0453125 0.03125
1 0.821875 0.2875 0.0265625 0.03125
1 0.859375 0.3296875 0.0265625 0.0234375
1 0.8515625 0.2984375 0.028125 0.0359375
1 0.8953125 0.315625 0.0453125 0.0515625
1 0.9625 0.54375 0.0359375 0.0453125
1 0.828125 0.2453125 0.0203125 0.03125
1 0.8765625 0.2625 0.0234375 0.021875
1 0.765625 0.228125 0.015625 0.025
1 0.8859375 0.13125 0.034375 0.021875
1 0.928125 0.1234375 0.046875 0.0546875
1 0.9828125 0.10625 0.03125 0.0171875
1 0.98046875 0.26796875 0.0390625 0.0796875
1 0.940625 0.2421875 0.046875 0.05625
1 0.90625 0.2046875 0.0375 0.0515625
1 0.9515625 0.19375 0.0640625 0.0703125
1 0.953125 0.340625 0.053125 0.065625
1 0.84375 0.115625 0.0171875 0.0203125
1 0.890625 0.36875 0.0265625 0.021875
1 0.109375 0.67578125 0.028125 0.0140625
1 0.01328125 0.671875 0.0265625 0.00625
1 0.015625 0.696875 0.0203125 0.04375
1 0.0328125 0.7375 0.04375 0.03125
1 0.0234375 0.7640625 0.0296875 0.0328125
1 0.0578125 0.753125 0.0265625 0.0171875
1 0.0765625 0.76875 0.0234375 0.0125
1 0.125 0.6796875 0.021875 0.0171875
1 0.18125 0.74375 0.0203125 0.0234375
1 0.1109375 0.81875 0.0421875 0.015625
1 0.11875 0.8203125 0.015625 0.0296875
1 0.071875 0.8828125 0.0234375 0.0234375
1 0.0984375 0.840625 0.021875 0.01875
1 0.121875 0.8359375 0.03125 0.0203125
1 0.084375 0.8828125 0.0140625 0.0171875
0 0.1890625 0.9546875 0.1 0.084375
0 0.1765625 0.8828125 0.08125 0.0734375
0 0.2328125 0.840625 0.05625 0.040625
1 0.165625 0.909375 0.0234375 0.025
1 0.2515625 0.9375 0.03125 0.0203125
1 0.278125 0.91875 0.0296875 0.0203125
1 0.2859375 0.840625 0.0296875 0.0421875
0 0.2265625 0.73359375 0.096875 0.1296875
1 0.40625 0.7046875 0.0703125 0.0546875
1 0.4703125 0.6984375 0.025 0.0375
1 0.3328125 0.871875 0.03125 0.0390625
1 0.390625 0.821875 0.01875 0.0328125
1 0.3625 0.7390625 0.0171875 0.0203125
1 0.45625 0.796875 0.021875 0.028125
1 0.49375 0.8375 0.0328125 0.034375
1 0.3625 0.9171875 0.028125 0.028125
1 0.446875 0.9046875 0.028125 0.03125
1 0.4109375 0.934375 0.0265625 0.03125
1 0.396875 0.978125 0.0546875 0.0375
1 0.54921875 0.940625 0.0203125 0.03125
1 0.4828125 0.73125 0.03125 0.025
1 0.465625 0.7265625 0.0171875 0.0171875
1 0.5125 0.7625 0.0296875 0.0296875
1 0.503125 0.7765625 0.015625 0.025
1 0.54921875 0.78359375 0.0203125 0.0359375
1 0.509375 0.796875 0.025 0.015625
1 0.409375 0.846875 0.01875 0.0171875
1 0.4828125 0.9890625 0.0125 0.0171875
1 0.5078125 0.734375 0.0453125 0.03125
1 0.578125 0.8625 0.028125 0.0296875
1 0.6140625 0.8359375 0.021875 0.0203125
0 0.66640625 0.96953125 0.0890625 0.0609375
0 0.8265625 0.98671875 0.0875 0.0265625
0 0.8296875 0.8671875 0.1578125 0.140625
1 0.909375 0.9015625 0.0296875 0.03125
1 0.94375 0.8984375 0.034375 0.053125
1 0.9875 0.8609375 0.025 0.040625
1 0.703125 0.8421875 0.028125 0.03125
1 0.709375 0.8109375 0.0234375 0.0265625