1 0.2703125 0.00546875 0.021875 0.0109375
1 0.2984375 0.028125 0.025 0.0171875
1 0.56640625 0.0828125 0.0046875 0.03125
1 0.51875 0.0765625 0.021875 0.0296875
1 0.4828125 0.05625 0.0125 0.028125
1 0.440625 0.071875 0.015625 0.015625
1 0.4046875 0.0515625 0.0234375 0.0296875
1 0.3453125 0.065625 0.028125 0.021875
1 0.321875 0.0828125 0.01875 0.01875
1 0.45078125 0.034375 0.1078125 0.06875
1 0.1734375 0.090625 0.01875 0.0125
1 0.2 0.1125 0.0296875 0.03125
1 0.26875 0.115625 0.0234375 0.028125
1 0.55859375 0.146875 0.0203125 0.025
1 0.4984375 0.1953125 0.03125 0.025
1 0.4671875 0.134375 0.028125 0.025
1 0.440625 0.1453125 0.03125 0.028125
1 0.428125 0.15625 0.025 0.0203125
1 0.428125 0.178125 0.015625 0.0171875
1 0.4 0.128125 0.0328125 0.028125
1 0.3875 0.125 0.021875 0.0125
1 0.3765625 0.140625 0.0296875 0.025
1 0.375 0.18125 0.0328125 0.01875
1 0.346875 0.1625 0.0171875 0.0140625
1 0.3578125 0.171875 0.0140625 0.0109375
1 0.2390625 0.1671875 0.028125 0.0171875
1 0.2234375 0.1859375 0.0171875 0.015625
1 0.196875 0.1578125 0.021875 0.028125
1 0.228125 0.1453125 0.04375 0.0359375
1 0.2203125 0.146875 0.0125 0.034375
1 0.178125 0.128125 0.00625 0.009375
1 0.1984375 0.25625 0.015625 0.009375
1 0.2078125 0.24375 0.0125 0.025
1 0.2171875 0.2984375 0.0609375 0.0296875
1 0.296875 0.2421875 0.0390625 0.04375
1 0.2859375 0.2390625 0.0390625 0.01875
1 0.2921875 0.2859375 0.0515625 0.0546875
1 0.2625 0.2578125 0.025 0.021875
1 0.234375 0.2421875 0.0515625 0.05
1 0.421875 0.2671875 0.021875 0.0265625
1 0.4171875 0.29375 0.015625 0.01875
1 0.39375 0.2125 0.0203125 0.0140625
1 0.4015625 0.2296875 0.01875 0.0140625
1 0.3890625 0.2234375 0.046875 0.046875
1 0.4640625 0.2296875 0.0171875 0.0203125
1 0.51875 0.2390625 0.0140625 0.015625
1 0.5265625 0.2734375 0.0171875 0.01875
1 0.4921875 0.25 0.015625 0.0125
1 0.54375 0.2265625 0.01875 0.0125
1 0.5546875 0.234375 0.0140625 0.00625
1 0.5421875 0.35 0.0109375 0.0203125
1 0.4640625 0.2796875 0.0390625 0.034375
1 0.465625 0.3546875 0.015625 0.0171875
1 0.4453125 0.3765625 0.01875 0.0140625
1 0.3796875 0.309375 0.0265625 0.0265625
1 0.3859375 0.34375 0.03125 0.0234375
1 0.3578125 0.3484375 0.021875 0.0296875
1 0.3640625 0.328125 0.03125 0.03125
1 0.359375 0.3375 0.028125 0.015625
1 0.278125 0.353125 0.015625 0.0234375
1 0.3140625 0.371875 0.0203125 0.028125
1 0.1703125 0.3265625 0.015625 0.025
1 0.16875 0.3578125 0.015625 0.0171875
1 0.4953125 0.4125 0.0328125 0.0359375
1 0.503125 0.46875 0.0453125 0.0328125
0 0.5421875 0.41796875 0.053125 0.1296875
1 0.2515625 0.47421875 0.0625 0.0296875
0 0.25703125 0.43125 0.1078125 0.115625
1 0.240625 0.45625 0.0203125 0.015625
0 0.346875 0.4234375 0.121875 0.121875
1 0.3765625 0.4375 0.04375 0.0203125
1 0.38125 0.428125 0.015625 0.0125
1 0.35859375 0.4765625 0.0203125 0.025
1 0.4046875 0.46875 0.0171875 0.015625
1 0.4796875 0.4828125 0.015625 0.0125
1 0.17265625 0.48515625 0.0234375 0.0078125
1 0.165625 0.4421875 0.0078125 0.0125
1 0.8234375 0.103125 0.01875 0.03125
1 0.9359375 0.15625 0.03125 0.021875
1 0.9828125 0.12265625 0.034375 0.0234375
0 0.95546875 0.40390625 0.0890625 0.1703125
0 0.9125 0.3859375 0.090625 0.075
1 0.8828125 0.02421875 0.090625 0.0484375
1 0.7703125 0.1984375 0.034375 0.0265625
1 0.87109375 0.48125 0.0484375 0.015625
1 0.9765625 0.009375 0.01875 0.01875
1 0.9328125 0.021875 0.01875 0.0328125
1 0.778125 0.415625 0.03125 0.04375
0 0.7625 0.3546875 0.0296875 0.0640625
1 0.7890625 0.321875 0.0390625 0.0359375
1 0.83125 0.2734375 0.0859375 0.1
1 0.984375 0.31875 0.0203125 0.0265625
1 0.01484375 0.55703125 0.0296875 0.0359375
1 0.053125 0.590625 0.0265625 0.025
1 0.0796875 0.8765625 0.0171875 0.0171875
1 0.059375 0.5421875 0.0484375 0.0421875
1 0.1359375 0.8765625 0.01875 0.0140625
1 0.1515625 0.7234375 0.0234375 0.0203125
1 0.1890625 0.5515625 0.01875 0.01875
0 0.1921875 0.675 0.0671875 0.0484375
1 0.275 0.953125 0.015625 0.0140625
1 0.296875 0.8125 0.0203125 0.028125
1 0.328125 0.8203125 0.0171875 0.021875
1 0.33125 0.9046875 0.0265625 0.015625
1 0.340625 0.559375 0.04375 0.059375
1 0.396875 0.7125 0.00625 0.028125
1 0.08203125 0.496875 0.0359375 0.015625
1 0.0609375 0.6078125 0.0140625 0.0109375
1 0.01875 0.6109375 0.01875 0.01875
1 0.228125 0.5546875 0.0421875 0.065625
1 0.2546875 0.553125 0.025 0.034375
1 0.134375 0.5390625 0.015625 0.0125
1 0.0078125 0.72265625 0.015625 0.0078125
1 0.053125 0.71875 0.0296875 0.0125
1 0.0671875 0.74375 0.0171875 0.0109375
0 0.1234375 0.6765625 0.1078125 0.05625
1 0.340625 0.6625 0.0203125 0.0265625
0 0.259375 0.671875 0.0453125 0.053125
0 0.3234375 0.66875 0.11875 0.046875
1 0.384375 0.7265625 0.0328125 0.0328125
1 0.35625 0.746875 0.046875 0.03125
1 0.371875 0.7640625 0.0140625 0.0140625
1 0.2453125 0.8234375 0.021875 0.0203125
1 0.13125 0.8078125 0.0265625 0.0234375
1 0.353125 0.953125 0.0203125 0.021875
1 0.334375 0.978125 0.0234375 0.0234375
1 0.21796875 0.98203125 0.0453125 0.0359375
1 0.1125 0.91875 0.015625 0.009375
1 0.9515625 0.50625 0.0296875 0.0140625
1 0.8484375 0.546875 0.0484375 0.0296875
1 0.7296875 0.571875 0.0390625 0.025
1 0.98984375 0.53828125 0.0203125 0.0171875
1 0.803125 0.540625 0.0234375 0.0234375
1 0.7890625 0.49765625 0.0375 0.0171875
1 0.8171875 0.5953125 0.0203125 0.021875
1 0.9234375 0.8421875 0.0390625 0.0625
0 0.95234375 0.6609375 0.0953125 0.128125
1 0.9 0.6734375 0.0640625 0.040625
1 0.8578125 0.6375 0.021875 0.015625
1 0.8671875 0.6765625 0.0203125 0.015625
1 0.8921875 0.6984375 0.0484375 0.0390625
0 0.825 0.6828125 0.1453125 0.1125
1 0.8171875 0.734375 0.015625 0.028125
1 0.7703125 0.746875 0.034375 0.0328125
1 0.7765625 0.76875 0.0171875 0.015625
0 0.75625 0.6875 0.115625 0.115625
1 0.99375 0.9375 0.0125 0.03125
1 0.9140625 0.946875 0.0140625 0.0265625
1 0.8109375 0.846875 0.0203125 0.0234375
1 0.7578125 0.8265625 0.0203125 0.015625
1 0.7375 0.8578125 0.0265625 0.0234375
1 0.7375 0.8921875 0.0375 0.0140625
1 0.7390625 0.9234375 0.040625 0.0546875
1 0.7234375 0.95 0.0140625 0.028125
1 0.9546875 0.890625 0.0125 0.009375
1 0.9640625 0.98359375 0.071875 0.0328125
1 0.8984375 0.98359375 0.034375 0.0328125