1 0.3609375 0.40078125 0.015625 0.0453125
1 0.3390625 0.2671875 0.01875 0.028125
1 0.3609375 0.2515625 0.015625 0.025
1 0.3328125 0.196875 0.0359375 0.0359375
1 0.34609375 0.16875 0.0453125 0.040625
1 0.253125 0.278125 0.0296875 0.0703125
1 0.24375 0.196875 0.015625 0.0296875
1 0.25 0.15 0.0171875 0.034375
1 0.36171875 0.2125 0.0140625 0.03125
1 0.35 0.51875 0.03125 0.040625
1 0.284375 0.54453125 0.096875 0.0484375
1 0.25625 0.471875 0.0171875 0.0328125
1 0.24375 0.5390625 0.0171875 0.0484375
1 0.2796875 0.2453125 0.0265625 0.0234375
1 0.2890625 0.2703125 0.0296875 0.0296875
1 0.2734375 0.1203125 0.021875 0.021875
0 0.3203125 0.05546875 0.096875 0.1109375
0 0.2734375 0.05859375 0.071875 0.1171875
1 0.3609375 0.30625 0.015625 0.103125
1 0.7421875 0.36875 0.028125 0.0375
1 0.8140625 0.4484375 0.0296875 0.03125
1 0.9453125 0.525 0.046875 0.015625
1 0.66484375 0.009375 0.0296875 0.01875
1 0.790625 0.0484375 0.0109375 0.034375
0 0.484375 0.1765625 0.0328125 0.0375
0 0.6015625 0.25 0.1734375 0.209375
1 0.6578125 0.1515625 0.0359375 0.015625
1 0.65625 0.3296875 0.0484375 0.05
0 0.8 0.1921875 0.2265625 0.1609375
0 0.9171875 0.1890625 0.1546875 0.0859375
1 0.953125 0.1921875 0.00625 0.015625
1 0.81875 0.2015625 0.0390625 0.04375
1 0.6484375 0.3015625 0.01875 0.03125
1 0.603125 0.3046875 0.034375 0.0265625
1 0.634375 0.25 0.1328125 0.084375
1 0.7046875 0.2140625 0.0265625 0.009375
1 0.25546875 0.98359375 0.0609375 0.0328125
1 0.3484375 0.934375 0.0390625 0.0671875
1 0.3078125 0.878125 0.0875 0.09375
1 0.1875 0.8625 0.0625 0.0546875
1 0.1296875 0.8640625 0.065625 0.065625
1 0.134375 0.96796875 0.021875 0.0640625
0 0.034375 0.86171875 0.06875 0.1609375
1 0.103125 0.7078125 0.0953125 0.075
1 0.059375 0.6734375 0.05 0.05
1 0.2609375 0.615625 0.075 0.059375
1 0.35859375 0.815625 0.0203125 0.05625
1 0.34375 0.628125 0.040625 0.053125
1 0.0359375 0.7265625 0.0421875 0.0453125
1 0.01015625 0.66953125 0.0203125 0.0328125
1 0.209375 0.7421875 0.05 0.0375
1 0.159375 0.784375 0.059375 0.0296875
1 0.02734375 0.984375 0.0515625 0.03125
1 0.4765625 0.875 0.215625 0.25
1 0.59375 0.984375 0.0328125 0.0203125
1 0.6171875 0.86875 0.0390625 0.05
1 0.5265625 0.7953125 0.0453125 0.0359375
1 0.5296875 0.759375 0.0265625 0.0109375
1 0.503125 0.884375 0.0265625 0.03125
1 0.4390625 0.8234375 0.0390625 0.1
1 0.4359375 0.728125 0.0453125 0.0359375
1 0.4140625 0.634375 0.078125 0.0671875
1 0.38671875 0.57421875 0.0359375 0.0109375
1 0.553125 0.60625 0.046875 0.053125
1 0.534375 0.659375 0.046875 0.046875
1 0.5640625 0.703125 0.065625 0.0515625
1 0.6234375 0.7078125 0.0375 0.05
1 0.678125 0.7234375 0.046875 0.09375
1 0.696875 0.6859375 0.0625 0.103125
1 0.696875 0.8046875 0.0296875 0.0484375
1 0.7875 0.790625 0.021875 0.0296875
1 0.746875 0.7921875 0.021875 0.021875
1 0.7625 0.8515625 0.0234375 0.03125
1 0.803125 0.8734375 0.0234375 0.0328125
1 0.8203125 0.9921875 0.046875 0.015625
1 0.86484375 0.9828125 0.0265625 0.034375
1 0.73203125 0.984375 0.0203125 0.03125
1 0.77578125 0.9953125 0.0296875 0.009375
1 0.8546875 0.825 0.0390625 0.0421875
1 0.7390625 0.6203125 0.1078125 0.0734375