1 0.3671875 0.0578125 0.0328125 0.0390625
1 0.3984375 0.0359375 0.025 0.0203125
1 0.13359375 0.01171875 0.0234375 0.0234375
1 0.01796875 0.00859375 0.0359375 0.0171875
1 0.4546875 0.059375 0.0671875 0.05
1 0.4140625 0.0578125 0.0296875 0.040625
1 0.034375 0.0515625 0.01875 0.025
1 0.034375 0.0703125 0.0171875 0.025
0 0.228125 0.0421875 0.159375 0.084375
0 0.55 0.23359375 0.1 0.1046875
1 0.5578125 0.2875 0.0234375 0.01875
1 0.7375 0.2984375 0.009375 0.0109375
1 0.7375 0.253125 0.021875 0.0234375
1 0.8171875 0.2875 0.028125 0.021875
1 0.8140625 0.30546875 0.034375 0.0265625
1 0.790625 0.2828125 0.0140625 0.0046875
1 0.9578125 0.259375 0.015625 0.0125
1 0.8484375 0.1859375 0.0125 0.009375
1 0.85625 0.1890625 0.0078125 0.0140625
1 0.2265625 0.459375 0.0796875 0.053125
1 0.2140625 0.3984375 0.03125 0.021875
1 0.1859375 0.32734375 0.046875 0.0171875
1 0.1671875 0.5078125 0.05625 0.046875
1 0.1546875 0.5671875 0.0125 0.01875
1 0.3125 0.5953125 0.0296875 0.028125
1 0.2984375 0.721875 0.03125 0.0265625
1 0.2734375 0.7640625 0.03125 0.046875
0 0.046875 0.7484375 0.09375 0.159375
1 0.053125 0.365625 0.0265625 0.025
0 0.0328125 0.35234375 0.065625 0.0671875
0 0.03671875 0.4609375 0.0734375 0.06875
0 0.0171875 0.5859375 0.034375 0.09375
1 0.0609375 0.6125 0.046875 0.0390625
1 0.3296875 0.640625 0.034375 0.0375
0 0.47734375 0.796875 0.0453125 0.05625
0 0.48828125 0.54609375 0.0234375 0.0953125
0 0.47421875 0.44609375 0.0515625 0.1421875
1 0.42265625 0.32421875 0.0421875 0.0109375
1 0.590625 0.9515625 0.0109375 0.015625
1 0.565625 0.9015625 0.0390625 0.025
1 0.853125 0.9140625 0.14375 0.1375
1 0.846875 0.828125 0.0234375 0.021875
1 0.940625 0.8390625 0.0203125 0.0375
1 0.5875 0.7734375 0.0140625 0.0125
1 0.5453125 0.7671875 0.025 0.03125
1 0.7984375 0.7640625 0.0234375 0.0453125
1 0.8921875 0.7625 0.0359375 0.065625
1 0.8578125 0.6328125 0.0703125 0.084375
1 0.534375 0.5921875 0.015625 0.025
1 0.76875 0.5953125 0.0421875 0.0578125
1 0.975 0.5703125 0.046875 0.0375
1 0.675 0.5453125 0.0125 0.025
0 0.68671875 0.940625 0.1734375 0.11875
0 0.6609375 0.8578125 0.15625 0.1046875
0 0.65 0.6421875 0.1625 0.18125
0 0.6734375 0.746875 0.153125 0.1515625
1 0.54375 0.675 0.040625 0.0328125
1 0.7984375 0.8203125 0.078125 0.0546875
1 0.796875 0.640625 0.025 0.0078125
1 0.8796875 0.55 0.0203125 0.034375
1 0.9703125 0.70234375 0.059375 0.1046875
1 0.91875 0.6828125 0.0671875 0.0625
1 0.98984375 0.828125 0.0203125 0.028125
1 0.990625 0.8015625 0.01875 0.025
1 0.92109375 0.9796875 0.0265625 0.040625
1 0.98359375 0.9765625 0.0328125 0.046875
1 0.965625 0.98359375 0.03125 0.0328125
1 0.6125 0.565625 0.046875 0.0265625
1 0.571875 0.55625 0.04375 0.04375