1 0.221875 0.0484375 0.0328125 0.0375
1 0.0875 0.0921875 0.028125 0.0203125
1 0.1484375 0.0078125 0.025 0.015625
1 0.35 0.053125 0.0265625 0.021875
1 0.2 0.121875 0.025 0.0265625
1 0.1859375 0.08125 0.0296875 0.034375
1 0.28125 0.1390625 0.03125 0.025
1 0.18125 0.20625 0.0234375 0.0296875
1 0.1453125 0.1921875 0.03125 0.03125
1 0.0234375 0.15 0.0296875 0.0171875
1 0.0453125 0.2421875 0.0421875 0.053125
1 0.08125 0.190625 0.0203125 0.015625
1 0.0484375 0.1984375 0.015625 0.025
1 0.2109375 0.16875 0.01875 0.028125
1 0.2625 0.1984375 0.021875 0.021875
1 0.0890625 0.309375 0.046875 0.03125
1 0.065625 0.2765625 0.0359375 0.03125
1 0.0921875 0.2640625 0.0203125 0.028125
1 0.1265625 0.4375 0.0109375 0.0390625
1 0.240625 0.4421875 0.0203125 0.01875
1 0.328125 0.45546875 0.021875 0.0078125
0 0.02421875 0.28671875 0.0484375 0.0984375
1 0.3609375 0.209375 0.0125 0.021875
1 0.0859375 0.353125 0.0234375 0.0234375
1 0.1578125 0.3484375 0.0234375 0.0203125
1 0.2171875 0.36875 0.01875 0.0171875
1 0.2296875 0.253125 0.025 0.0234375
0 0.3 0.278125 0.1375 0.1140625
0 0.240625 0.3125 0.1625 0.0765625
1 0.76484375 0.00234375 0.0203125 0.0046875
1 0.8 0.0546875 0.015625 0.0140625
1 0.778125 0.384375 0.025 0.01875
1 0.85 0.415625 0.0234375 0.0171875
1 0.9015625 0.446875 0.0234375 0.015625
1 0.88671875 0.45625 0.0296875 0.00625
1 0.95 0.4140625 0.0328125 0.021875
1 0.8671875 0.2796875 0.0171875 0.01875
1 0.8125 0.2515625 0.0296875 0.034375
1 0.8375 0.278125 0.028125 0.0328125
1 0.859375 0.26875 0.0328125 0.0328125
1 0.7796875 0.26875 0.0171875 0.009375
1 0.7890625 0.2828125 0.0140625 0.015625
1 0.9140625 0.225 0.0234375 0.0171875
1 0.9328125 0.275 0.015625 0.0171875
1 0.9578125 0.25 0.021875 0.025
0 0.7734375 0.10625 0.11875 0.2125
1 0.7640625 0.0828125 0.0140625 0.01875
1 0.78125 0.0421875 0.015625 0.021875
1 0.8 0.06875 0.0125 0.015625
1 0.809375 0.0890625 0.0203125 0.0171875
1 0.846875 0.0671875 0.0359375 0.03125
0 0.91640625 0.0734375 0.1671875 0.146875
1 0.9734375 0.00625 0.015625 0.0125
1 0.9796875 0.025 0.0109375 0.0234375
1 0.9640625 0.1421875 0.01875 0.025
1 0.98125 0.1265625 0.0140625 0.0203125
1 0.996875 0.1375 0.00625 0.028125
1 0.5421875 0.4921875 0.0171875 0.01875
1 0.296875 0.4796875 0.0265625 0.021875
1 0.2453125 0.54375 0.00625 0.0078125
1 0.340625 0.625 0.009375 0.00625
1 0.4234375 0.5453125 0.0140625 0.009375
1 0.4734375 0.625 0.015625 0.0109375
1 0.4640625 0.66875 0.0140625 0.0140625
1 0.3015625 0.65625 0.009375 0.0140625
1 0.54375 0.7359375 0.0125 0.01875
1 0.5140625 0.8421875 0.01875 0.01875
1 0.503125 0.8359375 0.015625 0.009375
1 0.496875 0.7734375 0.028125 0.03125
1 0.465625 0.8375 0.0125 0.015625
1 0.4578125 0.9546875 0.015625 0.00625
1 0.53125 0.98828125 0.0375 0.0234375
0 0.45390625 0.69140625 0.2296875 0.2703125
0 0.328125 0.7921875 0.240625 0.18125
0 0.2234375 0.615625 0.0328125 0.103125
1 0.2859375 0.8953125 0.0078125 0.00625
1 0.2921875 0.946875 0.0375 0.009375
1 0.315625 0.7734375 0.025 0.0125
1 0.57734375 0.92421875 0.0171875 0.0234375
0 0.66171875 0.5 0.1671875 0.08125
0 0.78125 0.4796875 0.090625 0.040625
0 0.8640625 0.50625 0.109375 0.09375
0 0.95078125 0.4828125 0.0796875 0.046875
1 0.6296875 0.5546875 0.015625 0.021875
1 0.675 0.7203125 0.025 0.0203125
1 0.665625 0.6859375 0.015625 0.0265625
1 0.6609375 0.653125 0.021875 0.0171875
1 0.734375 0.628125 0.015625 0.0140625
1 0.80625 0.6 0.0234375 0.0125
1 0.8046875 0.6078125 0.015625 0.0109375
1 0.8015625 0.621875 0.01875 0.0125
1 0.9046875 0.8 0.021875 0.025
1 0.8734375 0.79375 0.025 0.0234375
1 0.8640625 0.80625 0.0234375 0.015625
1 0.8328125 0.765625 0.03125 0.0265625
1 0.8015625 0.7703125 0.015625 0.028125
1 0.79375 0.7734375 0.0203125 0.0328125
1 0.78125 0.7890625 0.0234375 0.034375
1 0.79375 0.8140625 0.01875 0.0203125
1 0.7578125 0.8515625 0.0109375 0.01875
1 0.728125 0.8 0.04375 0.04375
1 0.746875 0.7578125 0.0296875 0.0296875
1 0.625 0.7578125 0.0234375 0.021875
1 0.6109375 0.80625 0.015625 0.015625
1 0.6265625 0.79375 0.015625 0.015625
1 0.871875 0.97421875 0.14375 0.0515625
0 0.70625 0.96640625 0.0625 0.0671875
0 0.6390625 0.971875 0.08125 0.05625
1 0.64375 0.9390625 0.0140625 0.0125
1 0.9421875 0.965625 0.0203125 0.0296875