0 0.253125 0.14375 0.19375 0.25625
0 0.34921875 0.165625 0.3359375 0.33125
1 0.346875 0.0328125 0.046875 0.065625
0 0.52265625 0.1 0.1546875 0.14375
1 0.4796875 0.0921875 0.0234375 0.0234375
1 0.1703125 0.01171875 0.025 0.0234375
1 0.1640625 0.4171875 0.0109375 0.025
1 0.353125 0.4 0.0234375 0.0390625
1 0.2734375 0.4453125 0.015625 0.0328125
1 0.1953125 0.2046875 0.025 0.025
1 0.4 0.4375 0.0234375 0.028125
1 0.725 0.30625 0.078125 0.065625
1 0.6921875 0.0234375 0.04375 0.046875
1 0.6734375 0.3359375 0.046875 0.0609375
0 0.7046875 0.2203125 0.1140625 0.165625
0 0.6359375 0.2296875 0.071875 0.14375
1 0.803125 0.096875 0.0390625 0.05625
1 0.61328125 0.45390625 0.0265625 0.0359375
1 0.615625 0.4109375 0.03125 0.05
1 0.64375 0.39375 0.0453125 0.046875
1 0.7625 0.4328125 0.03125 0.025
1 0.8828125 0.4265625 0.028125 0.0640625
1 0.8546875 0.4390625 0.0328125 0.03125
1 0.884375 0.140625 0.0265625 0.0390625
0 0.7953125 0.2359375 0.1109375 0.1390625
1 0.59453125 0.74453125 0.0109375 0.0234375
1 0.5875 0.6640625 0.015625 0.025
1 0.5875 0.78203125 0.025 0.0328125
1 0.5578125 0.7484375 0.015625 0.0140625
1 0.5625 0.6875 0.0375 0.040625
1 0.496875 0.50625 0.00625 0.009375
1 0.5 0.6765625 0.015625 0.03125
1 0.496875 0.48828125 0.03125 0.0171875
1 0.45 0.9546875 0.021875 0.0203125
1 0.4328125 0.8140625 0.0078125 0.015625
1 0.446875 0.703125 0.040625 0.0578125
1 0.409375 0.7765625 0.0203125 0.015625
1 0.396875 0.621875 0.028125 0.0359375
1 0.3609375 0.98125 0.028125 0.01875
1 0.359375 0.9078125 0.03125 0.034375
1 0.353125 0.7171875 0.03125 0.034375
1 0.3 0.88125 0.021875 0.028125
1 0.2703125 0.8890625 0.0171875 0.0109375
1 0.196875 0.890625 0.015625 0.0203125
1 0.1625 0.90625 0.046875 0.0703125
1 0.371875 0.99375 0.015625 0.0125
1 0.34375 0.9703125 0.01875 0.0265625
1 0.3796875 0.9671875 0.021875 0.01875
1 0.4234375 0.9734375 0.025 0.0203125
0 0.171875 0.84375 0.0640625 0.071875
1 0.1984375 0.834375 0.01875 0.0171875
1 0.1546875 0.796875 0.0109375 0.009375
0 0.5671875 0.87578125 0.065625 0.1421875
1 0.4203125 0.86875 0.0390625 0.0234375
0 0.459375 0.834375 0.1265625 0.053125
1 0.5046875 0.871875 0.1125 0.1046875
0 0.25625 0.840625 0.05625 0.059375
1 0.2953125 0.7859375 0.0203125 0.025
1 0.3109375 0.7625 0.0328125 0.046875
1 0.296875 0.809375 0.034375 0.025
1 0.31875 0.859375 0.0609375 0.0484375
1 0.3671875 0.875 0.034375 0.0203125
1 0.3734375 0.859375 0.01875 0.01875
1 0.3453125 0.8015625 0.021875 0.0109375
1 0.5171875 0.6625 0.0203125 0.021875
1 0.575 0.60625 0.0328125 0.025
1 0.534375 0.56875 0.0125 0.0125
1 0.4421875 0.559375 0.05625 0.0328125
1 0.5046875 0.5671875 0.10625 0.1046875
1 0.56015625 0.51171875 0.0796875 0.0640625
1 0.56171875 0.48203125 0.0234375 0.0046875
1 0.6140625 0.984375 0.01875 0.03125
0 0.64140625 0.9125 0.0828125 0.175
1 0.71875 0.9375 0.046875 0.0453125
1 0.7578125 0.9125 0.025 0.0390625
0 0.84453125 0.91953125 0.1359375 0.1609375
0 0.91640625 0.9328125 0.0796875 0.134375
1 0.9625 0.978125 0.053125 0.021875
1 0.99453125 0.77109375 0.0109375 0.0390625
1 0.9734375 0.696875 0.0203125 0.021875
1 0.909375 0.7 0.0234375 0.0390625
1 0.884375 0.6046875 0.0359375 0.040625
1 0.9265625 0.521875 0.01875 0.0234375
1 0.8015625 0.75625 0.03125 0.0359375
1 0.7703125 0.6921875 0.021875 0.034375
1 0.6921875 0.68125 0.0390625 0.040625
1 0.6546875 0.6671875 0.0453125 0.053125
1 0.6125 0.55234375 0.025 0.0234375
1 0.684375 0.534375 0.059375 0.0734375
1 0.7484375 0.60625 0.1234375 0.1421875
1 0.784375 0.503125 0.03125 0.0203125
1 0.821875 0.4828125 0.05625 0.00625