0 0.2859375 0.37109375 0.11875 0.0359375
0 0.2078125 0.37109375 0.08125 0.0359375
1 0.3796875 0.2796875 0.0953125 0.075
1 0.19375 0.303125 0.0359375 0.05
1 0.1984375 0.2078125 0.0515625 0.078125
1 0.3359375 0.2453125 0.05 0.05
1 0.5375 0.1875 0.075 0.059375
1 0.61484375 0.2 0.0296875 0.053125
1 0.3125 0.2984375 0.0421875 0.0453125
1 0.2828125 0.2421875 0.0296875 0.0328125
1 0.4125 0.01875 0.0375 0.0296875
1 0.371875 0.0703125 0.059375 0.0359375
1 0.278125 0.078125 0.04375 0.0390625
1 0.25 0.0453125 0.046875 0.0171875
1 0.4859375 0.3140625 0.05 0.0375
1 0.4359375 0.35625 0.059375 0.0296875
1 0.4921875 0.021875 0.053125 0.028125
1 0.5125 0.1078125 0.0421875 0.034375
1 0.5859375 0.01875 0.0390625 0.0359375
1 0.2390625 0.090625 0.0375 0.0328125
1 0.1828125 0.0515625 0.0265625 0.0359375
1 0.934375 0.00546875 0.015625 0.0109375
1 0.8015625 0.2140625 0.0328125 0.03125
1 0.7359375 0.0984375 0.015625 0.009375
1 0.684375 0.3828125 0.015625 0.0125
1 0.6796875 0.0046875 0.01875 0.009375
1 0.66875 0.171875 0.0109375 0.009375
1 0.73671875 0.3796875 0.0203125 0.01875
0 0.64453125 0.13046875 0.0296875 0.1046875
1 0.65625 0.0703125 0.00625 0.0171875
0 0.7625 0.159375 0.096875 0.134375
1 0.7546875 0.1953125 0.025 0.0234375
0 0.8484375 0.14375 0.1 0.15
0 0.91875 0.184375 0.0796875 0.096875
1 0.6609375 0.0890625 0.0375 0.015625
1 0.1046875 0.9265625 0.0296875 0.0390625
1 0.115625 0.875 0.025 0.0203125
1 0.275 0.978125 0.0359375 0.0421875
1 0.35 0.790625 0.0734375 0.059375
1 0.375 0.725 0.0328125 0.0390625
1 0.25 0.775 0.0421875 0.0515625
1 0.1671875 0.7015625 0.040625 0.0625
1 0.1234375 0.665625 0.04375 0.0234375
1 0.034375 0.7046875 0.06875 0.04375
0 0.353125 0.5546875 0.1296875 0.1484375
0 0.290625 0.5453125 0.0828125 0.1203125
1 0.1921875 0.5953125 0.0359375 0.028125
0 0.18125 0.553125 0.1 0.0984375
0 0.08125 0.56875 0.1125 0.1734375
0 0.01875 0.5546875 0.0375 0.09375
1 0.1484375 0.4828125 0.040625 0.034375
1 0.0140625 0.3953125 0.028125 0.0125
1 0.046875 0.4234375 0.0328125 0.03125
0 0.7578125 0.6296875 0.021875 0.075
1 0.6640625 0.9046875 0.040625 0.046875
1 0.69375 0.921875 0.0484375 0.05
1 0.7328125 0.9328125 0.0359375 0.0484375
1 0.6875 0.696875 0.0609375 0.0359375
1 0.7609375 0.8609375 0.0140625 0.0390625
1 0.63828125 0.5734375 0.0171875 0.025
1 0.6390625 0.8796875 0.0171875 0.021875
1 0.746875 0.6109375 0.0265625 0.025