1 0.4984375 0.24375 0.0328125 0.0359375
1 0.4796875 0.28125 0.0671875 0.0546875
1 0.296875 0.50234375 0.053125 0.0140625
1 0.3234375 0.465625 0.05 0.046875
1 0.390625 0.3734375 0.034375 0.0390625
1 0.3625 0.36875 0.0265625 0.046875
1 0.4 0.340625 0.0265625 0.028125
1 0.415625 0.2453125 0.0390625 0.03125
1 0.359375 0.246875 0.0265625 0.03125
1 0.19375 0.0890625 0.0375 0.03125
1 0.19375 0.2109375 0.025 0.0171875
1 0.1765625 0.240625 0.03125 0.034375
1 0.1953125 0.2921875 0.0171875 0.0234375
1 0.1875 0.3859375 0.025 0.03125
1 0.1140625 0.253125 0.028125 0.021875
1 0.396875 0.2140625 0.021875 0.021875
0 0.1078125 0.3046875 0.1484375 0.0734375
0 0.090625 0.384375 0.121875 0.1328125
0 0.08515625 0.46328125 0.1703125 0.0921875
0 0.075 0.49375 0.15 0.03125
1 0.0359375 0.1546875 0.028125 0.021875
0 0.1109375 0.090625 0.11875 0.065625
0 0.090625 0.178125 0.1171875 0.134375
1 0.8625 0.3203125 0.021875 0.0234375
1 0.6140625 0.103125 0.0078125 0.0109375
1 0.6640625 0.04375 0.0078125 0.0171875
1 0.30859375 0.53828125 0.0359375 0.0578125
1 0.334375 0.584375 0.009375 0.0078125
1 0.4328125 0.596875 0.0140625 0.021875
1 0.3484375 0.6046875 0.025 0.025
1 0.1890625 0.63125 0.028125 0.0171875
1 0.23125 0.6375 0.0171875 0.0296875
1 0.3796875 0.6421875 0.0296875 0.0296875
1 0.121875 0.659375 0.021875 0.0171875
1 0.0578125 0.6546875 0.0171875 0.0375
1 0.1859375 0.6734375 0.01875 0.01875
1 0.2546875 0.671875 0.0453125 0.0296875
1 0.2203125 0.6921875 0.015625 0.0390625
1 0.3734375 0.7078125 0.01875 0.015625
1 0.359375 0.7125 0.021875 0.028125
1 0.046875 0.71875 0.025 0.009375
1 0.378125 0.7359375 0.021875 0.0359375
1 0.2828125 0.7609375 0.0375 0.053125
1 0.5375 0.75 0.025 0.028125
1 0.0140625 0.7546875 0.0125 0.0265625
1 0.0984375 0.7640625 0.01875 0.0265625
1 0.3921875 0.7609375 0.0234375 0.01875
1 0.11875 0.825 0.028125 0.0265625
1 0.2765625 0.815625 0.025 0.0296875
1 0.253125 0.85625 0.0171875 0.0265625
1 0.00859375 0.86484375 0.0171875 0.0171875
1 0.3609375 0.85 0.0484375 0.0578125
1 0.2296875 0.85 0.04375 0.0671875
1 0.2390625 0.909375 0.065625 0.05
1 0.475 0.9375 0.025 0.0125
1 0.309375 0.946875 0.0265625 0.01875
1 0.178125 0.9703125 0.05625 0.015625
1 0.2453125 0.971875 0.01875 0.0125
1 0.53671875 0.85390625 0.0265625 0.0234375
1 0.5421875 0.83203125 0.015625 0.0734375
1 0.4984375 0.7953125 0.078125 0.071875
1 0.521875 0.8140625 0.0296875 0.0171875
1 0.4984375 0.8359375 0.0296875 0.0296875
0 0.48125 0.9625 0.071875 0.0296875
1 0.4359375 0.9265625 0.0578125 0.0234375
1 0.3953125 0.91875 0.1265625 0.11875
0 0.465625 0.85625 0.0984375 0.2125
1 0.5375 0.565625 0.025 0.06875
0 0.44765625 0.52578125 0.1390625 0.0328125
0 0.478125 0.5703125 0.11875 0.121875
1 0.475 0.61875 0.0328125 0.0234375
1 0.525 0.6578125 0.0421875 0.03125
0 0.46328125 0.69140625 0.1734375 0.0796875
1 0.4625 0.653125 0.009375 0.0203125
1 0.5484375 0.72421875 0.003125 0.0234375
1 0.365625 0.79375 0.059375 0.0484375
1 0.121875 0.596875 0.028125 0.015625
1 0.1015625 0.5875 0.025 0.0625
1 0.096875 0.603125 0.0234375 0.01875
1 0.0578125 0.6453125 0.046875 0.009375
1 0.040625 0.6578125 0.0234375 0.0234375
1 0.228125 0.5625 0.0640625 0.0765625
1 0.24453125 0.525 0.0328125 0.03125
1 0.278125 0.6375 0.0390625 0.0609375
1 0.3 0.634375 0.028125 0.03125
1 0.2671875 0.6203125 0.0171875 0.0203125
1 0.175 0.7171875 0.03125 0.03125
1 0.2203125 0.725 0.109375 0.08125
1 0.31875 0.9203125 0.03125 0.0328125
1 0.3015625 0.8984375 0.0421875 0.0375
1 0.33125 0.934375 0.021875 0.028125
1 0.0078125 0.6421875 0.015625 0.009375
1 0.01953125 0.54921875 0.0390625 0.0703125
1 0.0375 0.728125 0.00625 0.00625
1 0.015625 0.74921875 0.03125 0.0171875
1 0.0078125 0.71640625 0.015625 0.0453125
1 0.034375 0.9 0.0203125 0.0234375
1 0.08125 0.9671875 0.0203125 0.0203125
1 0.059375 0.9453125 0.04375 0.0640625
1 0.2703125 0.975 0.015625 0.00625
1 0.2515625 0.80625 0.025 0.021875
1 0.1640625 0.8640625 0.0765625 0.04375
1 0.2078125 0.83125 0.05625 0.04375
1 0.2375 0.815625 0.134375 0.121875
1 0.1421875 0.7671875 0.05 0.028125
1 0.1515625 0.75 0.0546875 0.0328125
1 0.115625 0.8484375 0.0234375 0.0203125
1 0.109375 0.865625 0.025 0.021875
1 0.109375 0.7984375 0.0453125 0.04375
1 0.0765625 0.746875 0.025 0.0328125
1 0.0828125 0.775 0.034375 0.0390625
1 0.021875 0.80625 0.0234375 0.025
1 0.028125 0.7859375 0.03125 0.034375
1 0.075 0.8359375 0.059375 0.04375
1 0.0265625 0.83828125 0.053125 0.0328125
1 0.753125 0.959375 0.0359375 0.0328125
1 0.715625 0.86875 0.0140625 0.0234375
1 0.903125 0.871875 0.025 0.0234375
1 0.79375 0.603125 0.0234375 0.03125
0 0.5890625 0.5984375 0.0359375 0.0671875
1 0.6015625 0.959375 0.021875 0.0203125
0 0.57421875 0.98125 0.0484375 0.0375
0 0.60390625 0.84453125 0.1078125 0.3109375
0 0.58359375 0.746875 0.0671875 0.2625