1 0.275 0.2859375 0.03125 0.0171875
1 0.1734375 0.2859375 0.015625 0.0171875
0 0.05703125 0.28046875 0.1140625 0.0265625
1 0.3671875 0.2046875 0.04375 0.0546875
1 0.39375 0.1578125 0.0140625 0.0140625
1 0.3015625 0.1 0.0109375 0.0109375
1 0.1015625 0.0859375 0.0078125 0.0140625
1 0.390625 0.0640625 0.0109375 0.009375
1 0.340625 0.0609375 0.0140625 0.0265625
0 0.02578125 0.10703125 0.0515625 0.1171875
0 0.01796875 0.0515625 0.0359375 0.06875
1 0.046875 0.059375 0.0234375 0.0296875
1 0.040625 0.1359375 0.0109375 0.015625
1 0.1046875 0.0109375 0.059375 0.021875
0 0.03203125 0.23046875 0.0640625 0.1109375
1 0.0671875 0.190625 0.0390625 0.0390625
1 0.228125 0.0046875 0.03125 0.009375
1 0.203125 0.146875 0.028125 0.0265625
1 0.221875 0.1796875 0.04375 0.01875
1 0.2890625 0.171875 0.0359375 0.0234375
1 0.2734375 0.284375 0.0171875 0.0140625
1 0.3890625 0.25 0.0265625 0.034375
0 0.725 0.10625 0.1359375 0.175
0 0.7359375 0.278125 0.084375 0.146875
0 0.721875 0.3578125 0.084375 0.103125
1 0.5375 0.34375 0.0703125 0.053125
1 0.696875 0.0921875 0.015625 0.0171875
1 0.80625 0.2609375 0.0359375 0.0203125
1 0.084375 0.903125 0.0421875 0.05
1 0.1359375 0.821875 0.0171875 0.0171875
1 0.234375 0.9234375 0.0234375 0.0234375
1 0.42421875 0.82734375 0.0109375 0.0265625
1 0.35625 0.678125 0.0390625 0.0265625
1 0.3421875 0.6671875 0.0234375 0.0265625
1 0.365625 0.7 0.0234375 0.0234375
1 0.3921875 0.6421875 0.0296875 0.0328125
0 0.41875 0.65859375 0.021875 0.1296875
1 0.415625 0.5953125 0.028125 0.015625
1 0.1390625 0.703125 0.0296875 0.0328125
1 0.2125 0.6296875 0.0265625 0.0328125
1 0.2484375 0.628125 0.01875 0.025
1 0.1421875 0.6171875 0.0203125 0.0265625
1 0.125 0.6578125 0.0234375 0.0203125
0 0.96328125 0.95078125 0.0734375 0.0546875
0 0.47734375 0.946875 0.0953125 0.0625
1 0.796875 0.8515625 0.0171875 0.0203125
1 0.6796875 0.8453125 0.034375 0.021875
0 0.97734375 0.73359375 0.0453125 0.0921875
1 0.5640625 0.5703125 0.015625 0.0140625
1 0.70625 0.5359375 0.0125 0.015625
0 0.9859375 0.60234375 0.028125 0.1484375
1 0.7453125 0.5359375 0.046875 0.046875
0 0.98828125 0.47265625 0.0234375 0.0421875
1 0.775 0.8828125 0.0234375 0.028125
1 0.6484375 0.828125 0.015625 0.015625
0 0.4765625 0.88828125 0.09375 0.0546875
1 0.4765625 0.859375 0.0640625 0.06875
0 0.48359375 0.81015625 0.1078125 0.0765625
0 0.471875 0.71484375 0.084375 0.1921875
1 0.5015625 0.7296875 0.046875 0.040625
1 0.43671875 0.4609375 0.0140625 0.01875
1 0.5046875 0.5234375 0.121875 0.134375
1 0.459375 0.509375 0.0109375 0.015625
1 0.946875 0.5109375 0.0265625 0.0296875