1 0.3140625 0.084375 0.0359375 0.025
1 0.31875 0.0609375 0.0265625 0.021875
1 0.275 0.0421875 0.03125 0.0140625
1 0.103125 0.10625 0.015625 0.015625
0 0.01953125 0.021875 0.0390625 0.04375
0 0.0171875 0.053125 0.034375 0.10625
0 0.02265625 0.18828125 0.0453125 0.1046875
0 0.01875 0.12890625 0.0375 0.1046875
0 0.025 0.25546875 0.05 0.0828125
0 0.0234375 0.48203125 0.046875 0.0859375
1 0.14375 0.428125 0.0453125 0.021875
1 0.3046875 0.38125 0.0203125 0.0234375
1 0.209375 0.3765625 0.021875 0.0203125
1 0.203125 0.3390625 0.0203125 0.025
1 0.234375 0.2953125 0.025 0.0171875
0 0.5984375 0.234375 0.0328125 0.01875
1 0.98359375 0.23671875 0.0328125 0.0265625
1 0.46875 0.2671875 0.11875 0.084375
1 0.9375 0.28125 0.0671875 0.1125
1 0.459375 0.340625 0.071875 0.0609375
0 0.98046875 0.42265625 0.0390625 0.0921875
1 0.7984375 0.4546875 0.034375 0.0359375
0 0.6265625 0.4640625 0.1328125 0.1109375
1 0.984375 0.50546875 0.03125 0.0515625
1 0.42265625 0.5234375 0.0265625 0.046875
1 0.4765625 0.5453125 0.01875 0.0234375
1 0.865625 0.55546875 0.01875 0.0078125
1 0.77421875 0.54453125 0.0203125 0.0296875
1 0.68359375 0.54765625 0.0484375 0.0234375
1 0.928125 0.5265625 0.09375 0.065625
1 0.9890625 0.30625 0.021875 0.08125
1 0.8734375 0.5359375 0.0234375 0.0390625
1 0.878125 0.453125 0.1015625 0.134375
1 0.8859375 0.265625 0.1 0.0796875
1 0.8390625 0.371875 0.065625 0.0546875
1 0.7734375 0.29375 0.121875 0.096875
1 0.703125 0.3296875 0.0453125 0.028125
1 0.7375 0.3625 0.0609375 0.071875
1 0.7796875 0.378125 0.0265625 0.053125
1 0.796875 0.409375 0.0484375 0.03125
1 0.8125 0.5203125 0.0578125 0.0578125
1 0.753125 0.465625 0.0265625 0.0265625
1 0.728125 0.4171875 0.0296875 0.028125
1 0.709375 0.446875 0.046875 0.021875
0 0.5765625 0.3734375 0.1078125 0.0515625
0 0.575 0.2859375 0.11875 0.0640625
1 0.528125 0.315625 0.075 0.06875
1 0.43828125 0.41796875 0.0578125 0.1078125
1 0.371875 0.5953125 0.046875 0.0453125
1 0.2203125 0.571875 0.075 0.025
1 0.01484375 0.675 0.0296875 0.046875
1 0.1109375 0.8375 0.0296875 0.034375
1 0.93515625 0.978125 0.0328125 0.04375
1 0.90625 0.9890625 0.0234375 0.021875
1 0.86484375 0.99453125 0.0234375 0.0109375
1 0.8640625 0.9125 0.025 0.0515625
1 0.7484375 0.934375 0.0796875 0.0984375
1 0.6796875 0.859375 0.0328125 0.03125
1 0.703125 0.790625 0.05 0.0578125
0 0.70625 0.621875 0.0375 0.0234375
1 0.71328125 0.98671875 0.0390625 0.0265625
1 0.7125 0.753125 0.021875 0.021875
1 0.4515625 0.990625 0.01875 0.01875
1 0.4953125 0.896875 0.0375 0.0296875
1 0.41640625 0.68515625 0.0140625 0.0234375
1 0.4875 0.9859375 0.021875 0.0234375