1 0.640625 0.2890625 0.028125 0.025
1 0.5265625 0.2171875 0.0359375 0.0515625
1 0.43046875 0.3421875 0.0796875 0.053125
0 0.31953125 0.334375 0.3328125 0.06875
1 0.2328125 0.3375 0.0234375 0.0484375
1 0.1828125 0.3609375 0.028125 0.015625
1 0.2765625 0.0234375 0.0359375 0.040625
1 0.1671875 0.00546875 0.021875 0.0109375
0 0.915625 0.1328125 0.16875 0.265625
0 0.81640625 0.11015625 0.2203125 0.2203125
1 0.7828125 0.253125 0.053125 0.0484375
0 0.5390625 0.83515625 0.240625 0.2640625
0 0.2453125 0.8046875 0.059375 0.2921875
0 0.6453125 0.7953125 0.028125 0.18125
1 0.9234375 0.3890625 0.028125 0.025
1 0.8828125 0.37265625 0.01875 0.0078125
1 0.8234375 0.3734375 0.021875 0.009375
1 0.78515625 0.38203125 0.0453125 0.0265625
1 0.765625 0.3703125 0.015625 0.003125
1 0.6734375 0.465625 0.028125 0.015625
1 0.703125 0.475 0.0234375 0.0203125
1 0.7203125 0.5109375 0.01875 0.025
1 0.7671875 0.6375 0.0171875 0.0296875
1 0.74375 0.48125 0.021875 0.0171875
1 0.7453125 0.453125 0.0234375 0.00625
0 0.78046875 0.6625 0.2421875 0.5625
1 0.84375 0.434375 0.028125 0.0265625
1 0.8171875 0.484375 0.034375 0.0359375
1 0.8625 0.5359375 0.0296875 0.0296875
1 0.8453125 0.4875 0.0328125 0.01875
1 0.8625 0.471875 0.0375 0.0375
1 0.896875 0.51875 0.025 0.0234375
1 0.9203125 0.6125 0.0328125 0.0140625
1 0.8046875 0.678125 0.0296875 0.0328125
1 0.7640625 0.60625 0.0140625 0.0109375
0 0.8546875 0.71640625 0.290625 0.3828125
1 0.715625 0.8421875 0.025 0.0203125
1 0.70625 0.8625 0.0234375 0.015625
1 0.7359375 0.8484375 0.0203125 0.0234375
1 0.75625 0.853125 0.0140625 0.0203125
1 0.8375 0.70625 0.01875 0.0125
1 0.8484375 0.715625 0.025 0.015625
1 0.85 0.7296875 0.025 0.0140625
1 0.8359375 0.75 0.034375 0.0328125
1 0.840625 0.7703125 0.0125 0.0078125
1 0.8625 0.7609375 0.046875 0.0515625
1 0.9046875 0.7546875 0.028125 0.0359375
1 0.9203125 0.775 0.0171875 0.009375
1 0.928125 0.7609375 0.015625 0.015625
1 0.978125 0.7765625 0.0203125 0.0203125
1 0.9640625 0.7453125 0.025 0.01875
1 0.9296875 0.45 0.0390625 0.025
1 0.9265625 0.484375 0.0390625 0.03125
1 0.9796875 0.54375 0.0390625 0.0421875
1 0.96875 0.59375 0.0265625 0.021875
1 0.9875 0.5171875 0.0234375 0.028125
1 0.971875 0.5 0.0375 0.0125
1 0.9703125 0.465625 0.0359375 0.028125
1 0.971875 0.4859375 0.03125 0.0125
1 0.99609375 0.459375 0.0078125 0.03125
1 0.99375 0.4703125 0.0125 0.025
1 0.909375 0.8609375 0.03125 0.0234375
1 0.7015625 0.94375 0.015625 0.015625
1 0.725 0.95 0.015625 0.009375
1 0.7125 0.99140625 0.025 0.0171875
1 0.7375 0.98984375 0.025 0.0203125
1 0.8046875 0.9625 0.0515625 0.0328125
1 0.8109375 0.9875 0.015625 0.0140625
1 0.86875 0.978125 0.028125 0.0328125
1 0.9 0.96875 0.0234375 0.03125
1 0.9390625 0.9640625 0.0203125 0.025
1 0.9796875 0.9609375 0.0234375 0.0203125
1 0.940625 0.9828125 0.025 0.0171875