0 0.5640625 0.140625 0.028125 0.090625
0 0.48984375 0.3234375 0.1765625 0.253125
1 0.4453125 0.1625 0.03125 0.025
1 0.378125 0.2703125 0.040625 0.01875
1 0.38125 0.0640625 0.0640625 0.0578125
1 0.25625 0.046875 0.0484375 0.046875
1 0.246875 0.1546875 0.0296875 0.040625
1 0.1828125 0.10625 0.0125 0.0078125
1 0.1484375 0.44375 0.053125 0.0125
0 0.1953125 0.321875 0.2859375 0.215625
1 0.99140625 0.10234375 0.0171875 0.0421875
1 0.96875 0.0140625 0.0171875 0.0125
1 0.94375 0.1765625 0.0125 0.01875
1 0.934375 0.1265625 0.015625 0.0109375
1 0.8359375 0.01640625 0.04375 0.0328125
1 0.53046875 0.990625 0.0578125 0.01875
1 0.5640625 0.915625 0.05 0.09375
1 0.48125 0.9359375 0.0796875 0.05
1 0.3578125 0.9234375 0.0375 0.0625
1 0.453125 0.8734375 0.03125 0.0546875
1 0.421875 0.853125 0.0578125 0.0359375
1 0.4046875 0.81875 0.053125 0.0625
1 0.17734375 0.96328125 0.0828125 0.0734375
1 0.1921875 0.9640625 0.0640625 0.0546875
1 0.134375 0.9296875 0.0328125 0.0859375
1 0.33125 0.875 0.0390625 0.0328125
1 0.2984375 0.91875 0.0296875 0.0328125
1 0.271875 0.8640625 0.0421875 0.0359375
1 0.134375 0.75625 0.0453125 0.075
0 0.1171875 0.709375 0.0546875 0.0796875
0 0.2578125 0.7453125 0.115625 0.1109375
1 0.175 0.7 0.040625 0.034375
1 0.1609375 0.671875 0.034375 0.0609375
1 0.13125 0.6578125 0.0625 0.0375
1 0.1890625 0.6015625 0.0609375 0.0328125
1 0.1875 0.5640625 0.04375 0.034375
1 0.2328125 0.578125 0.0140625 0.0328125
1 0.1953125 0.515625 0.0453125 0.05
1 0.146875 0.4625 0.075 0.025
1 0.2453125 0.521875 0.025 0.040625
1 0.38125 0.6859375 0.0796875 0.1109375
0 0.4765625 0.728125 0.225 0.1234375
1 0.5171875 0.80625 0.0390625 0.0328125
1 0.5890625 0.8 0.0484375 0.0375
1 0.5296875 0.5859375 0.071875 0.075
1 0.5703125 0.4890625 0.05625 0.071875
1 0.3234375 0.628125 0.103125 0.065625
1 0.3359375 0.5328125 0.08125 0.0875
1 0.4703125 0.5390625 0.1328125 0.1390625
1 0.425 0.490625 0.0609375 0.0765625
1 0.503125 0.45703125 0.03125 0.0140625
1 0.36484375 0.4671875 0.0578125 0.034375
1 0.328125 0.4734375 0.0515625 0.03125
1 0.28984375 0.45703125 0.0453125 0.0140625
1 0.2421875 0.4859375 0.0328125 0.046875
1 0.696875 0.93359375 0.015625 0.0484375
1 0.70546875 0.82421875 0.0328125 0.0390625
1 0.8265625 0.8609375 0.040625 0.04375
1 0.7 0.6921875 0.021875 0.05
1 0.7296875 0.7734375 0.0359375 0.04375
1 0.7703125 0.73125 0.053125 0.059375
1 0.7734375 0.7609375 0.0390625 0.0171875
1 0.8171875 0.759375 0.0171875 0.0265625
1 0.8375 0.790625 0.040625 0.0390625
1 0.775 0.5578125 0.03125 0.0265625
0 0.825 0.575 0.084375 0.084375
0 0.8609375 0.5234375 0.0125 0.025
1 0.728125 0.60625 0.059375 0.0859375
0 0.72265625 0.54921875 0.0671875 0.1984375