1 0.0390625 0.040625 0.0328125 0.0359375
1 0.1015625 0.1 0.0328125 0.034375
1 0.01015625 0.26015625 0.0203125 0.0515625
1 0.234375 0.01015625 0.01875 0.0203125
1 0.340625 0.0984375 0.03125 0.034375
1 0.184375 0.3125 0.025 0.0359375
1 0.4875 0.33125 0.0171875 0.0171875
1 0.4578125 0.325 0.040625 0.046875
1 0.4921875 0.296875 0.0296875 0.0234375
1 0.5015625 0.2703125 0.0359375 0.03125
1 0.4765625 0.25625 0.0359375 0.0296875
1 0.4796875 0.228125 0.028125 0.0140625
1 0.45625 0.2328125 0.015625 0.0171875
1 0.4453125 0.253125 0.0265625 0.025
1 0.434375 0.2796875 0.0328125 0.0234375
1 0.46484375 0.0328125 0.0453125 0.065625
1 0.5453125 0.11875 0.0390625 0.046875
1 0.584375 0.09375 0.0515625 0.046875
1 0.61640625 0.13828125 0.0046875 0.0296875
1 0.578125 0.24375 0.08125 0.09375
1 0.60859375 0.33671875 0.0203125 0.0265625
1 0.55 0.2875 0.0375 0.028125
1 0.584375 0.0359375 0.0671875 0.06875
1 0.275 0.1328125 0.021875 0.0171875
0 0.2328125 0.096875 0.321875 0.19375
0 0.28203125 0.19453125 0.3671875 0.3109375
0 0.3015625 0.3375 0.26875 0.025
1 0.62578125 0.225 0.0140625 0.0125
0 0.79296875 0.2625 0.3484375 0.165625
1 0.159375 0.578125 0.028125 0.0375
1 0.203125 0.55 0.0296875 0.0296875
1 0.465625 0.3953125 0.0203125 0.025
1 0.18125 0.4703125 0.0453125 0.0375
1 0.184375 0.7234375 0.009375 0.0234375
0 0.228125 0.7828125 0.0625 0.05625
0 0.203125 0.40078125 0.396875 0.1015625
0 0.3078125 0.553125 0.2484375 0.2765625
0 0.3015625 0.7953125 0.06875 0.0296875
0 0.3546875 0.790625 0.1203125 0.0421875
0 0.30625 0.7109375 0.2859375 0.1984375
1 0.5421875 0.609375 0.03125 0.021875
0 0.6921875 0.6078125 0.146875 0.2125
1 0.653125 0.65 0.028125 0.0359375
1 0.803125 0.6703125 0.0359375 0.0328125
1 0.83125 0.7375 0.0328125 0.034375
1 0.8078125 0.775 0.0484375 0.03125
1 0.8375 0.825 0.0375 0.0234375
1 0.771875 0.8640625 0.0296875 0.0203125
1 0.9375 0.86875 0.03125 0.0234375
1 0.9515625 0.8015625 0.03125 0.0265625
1 0.9671875 0.69375 0.028125 0.0265625
1 0.978125 0.65 0.04375 0.0375
1 0.99609375 0.696875 0.0078125 0.028125
1 0.9859375 0.846875 0.0203125 0.028125
1 0.9171875 0.928125 0.015625 0.0359375
1 0.9546875 0.98984375 0.034375 0.0203125
1 0.990625 0.984375 0.01875 0.028125
1 0.9484375 0.625 0.0265625 0.03125
1 0.921875 0.609375 0.0359375 0.0234375
1 0.9109375 0.528125 0.0453125 0.0265625
1 0.9265625 0.503125 0.0234375 0.025
1 0.8765625 0.528125 0.0421875 0.0421875
1 0.9265625 0.5625 0.01875 0.0125
1 0.79375 0.946875 0.028125 0.025
1 0.65859375 0.9765625 0.0453125 0.046875
1 0.63359375 0.9953125 0.0296875 0.009375
1 0.796875 0.9875 0.0234375 0.025
0 0.69296875 0.7828125 0.1484375 0.196875
0 0.73671875 0.9078125 0.2359375 0.10625