1 0.1546875 0.4328125 0.015625 0.0328125
1 0.1765625 0.403125 0.0140625 0.025
1 0.2453125 0.440625 0.028125 0.0265625
1 0.190625 0.325 0.0359375 0.0234375
1 0.3671875 0.38125 0.025 0.0171875
1 0.35 0.4296875 0.0328125 0.0390625
1 0.40625 0.45703125 0.01875 0.0046875
1 0.421875 0.4296875 0.0359375 0.021875
1 0.46953125 0.44921875 0.0203125 0.0203125
1 0.475 0.425 0.009375 0.028125
1 0.4109375 0.278125 0.015625 0.021875
1 0.3546875 0.2828125 0.0203125 0.0203125
1 0.3296875 0.2921875 0.0203125 0.0265625
1 0.30625 0.2421875 0.0234375 0.03125
1 0.2546875 0.190625 0.03125 0.0265625
1 0.246875 0.20625 0.0171875 0.015625
1 0.38125 0.1671875 0.0171875 0.01875
1 0.4015625 0.11875 0.0453125 0.0328125
1 0.1703125 0.1890625 0.03125 0.040625
1 0.19375 0.19375 0.0171875 0.0140625
1 0.153125 0.1296875 0.0125 0.0296875
1 0.153125 0.0921875 0.0109375 0.0375
1 0.1921875 0.05625 0.0328125 0.025
1 0.2015625 0.05625 0.0140625 0.0203125
0 0.28671875 0.09765625 0.2328125 0.1953125
1 0.38125 0.03125 0.03125 0.0125
0 0.40625 0.04140625 0.146875 0.0828125
1 0.47421875 0.09609375 0.0109375 0.0203125
1 0.47109375 0.1484375 0.0171875 0.053125
1 0.453125 0.1359375 0.0078125 0.0125
1 0.2671875 0.128125 0.0125 0.0078125
1 0.459375 0.3296875 0.0109375 0.0234375
1 0.4609375 0.3765625 0.0109375 0.0109375
1 0.7078125 0.3984375 0.01875 0.021875
1 0.515625 0.40625 0.03125 0.01875
1 0.8515625 0.0484375 0.0390625 0.065625
0 0.95859375 0.1234375 0.0390625 0.246875
0 0.8828125 0.1640625 0.184375 0.2375
0 0.628125 0.13203125 0.253125 0.2640625
1 0.5953125 0.1109375 0.046875 0.0390625
1 0.01875 0.971875 0.0234375 0.01875
1 0.0421875 0.9734375 0.01875 0.021875
1 0.075 0.9609375 0.0359375 0.0375
1 0.084375 0.9796875 0.0125 0.0140625
1 0.1015625 0.978125 0.0140625 0.015625
1 0.096875 0.9671875 0.0140625 0.0109375
1 0.121875 0.9453125 0.015625 0.0078125
1 0.1140625 0.925 0.0234375 0.0234375
1 0.125 0.896875 0.0171875 0.00625
1 0.1359375 0.9546875 0.0203125 0.0234375
1 0.125 0.94375 0.0140625 0.0171875
1 0.1578125 0.9109375 0.009375 0.0046875
1 0.29453125 0.996875 0.0109375 0.00625
1 0.2828125 0.9875 0.021875 0.0171875
1 0.278125 0.975 0.028125 0.0234375
1 0.2625 0.9328125 0.015625 0.015625
1 0.2828125 0.9328125 0.0125 0.0125
1 0.29375 0.9421875 0.0109375 0.0203125
1 0.2984375 0.971875 0.021875 0.015625
1 0.2515625 0.86875 0.03125 0.0109375
1 0.00546875 0.92734375 0.0109375 0.0359375
1 0.009375 0.8875 0.0078125 0.00625
1 0.028125 0.9328125 0.0078125 0.0125
1 0.0296875 0.9078125 0.015625 0.0140625
1 0.0375 0.9015625 0.03125 0.0328125
1 0.0453125 0.928125 0.0046875 0.009375
1 0.2609375 0.8109375 0.0140625 0.021875
1 0.23125 0.834375 0.0234375 0.0265625
1 0.2296875 0.8328125 0.015625 0.0484375
1 0.171875 0.809375 0.0109375 0.0046875
1 0.11875 0.8390625 0.0109375 0.015625
1 0.1328125 0.8265625 0.01875 0.015625
1 0.0671875 0.8203125 0.0171875 0.0234375
1 0.0796875 0.7578125 0.0171875 0.0234375
1 0.0359375 0.75 0.015625 0.0203125
1 0.0171875 0.653125 0.021875 0.021875
1 0.125 0.6890625 0.015625 0.0171875
1 0.1859375 0.6828125 0.009375 0.0046875
1 0.196875 0.6359375 0.0203125 0.015625
1 0.25625 0.703125 0.015625 0.01875
1 0.065625 0.484375 0.0078125 0.0078125
1 0.1609375 0.5140625 0.015625 0.0140625
1 0.14375 0.571875 0.0265625 0.0484375
1 0.2375 0.5671875 0.0171875 0.0234375
1 0.2609375 0.5828125 0.003125 0.00625
1 0.19453125 0.478125 0.0421875 0.0375
1 0.1734375 0.475 0.0109375 0.028125
1 0.146875 0.5 0.0125 0.0296875
0 0.2625 0.4953125 0.165625 0.071875
0 0.1375 0.49296875 0.1125 0.0671875
1 0.6265625 0.959375 0.0359375 0.0390625
1 0.571875 0.975 0.021875 0.0234375
0 0.50703125 0.85234375 0.0546875 0.2765625
0 0.6375 0.828125 0.1828125 0.2984375
0 0.7578125 0.8546875 0.1515625 0.25625
1 0.5421875 0.46953125 0.03125 0.0203125