1 0.5703125 0.453125 0.0125 0.0109375
1 0.58125 0.0703125 0.0359375 0.0375
1 0.5515625 0.04375 0.021875 0.015625
1 0.5328125 0.253125 0.0078125 0.0078125
1 0.5125 0.0921875 0.00625 0.0125
1 0.490625 0.190625 0.015625 0.0171875
1 0.475 0.3375 0.0109375 0.0171875
1 0.4953125 0.2515625 0.0125 0.00625
1 0.3375 0.2578125 0.0109375 0.0046875
1 0.4109375 0.1828125 0.0140625 0.01875
1 0.34375 0.0640625 0.0265625 0.015625
1 0.4703125 0.0703125 0.0375 0.03125
0 0.42421875 0.06875 0.1640625 0.1375
0 0.596875 0.075 0.065625 0.15
1 0.9421875 0.4171875 0.0265625 0.0421875
1 0.7828125 0.175 0.0203125 0.0109375
1 0.7046875 0.03125 0.015625 0.0078125
1 0.7296875 0.2734375 0.00625 0.0203125
0 0.96328125 0.1515625 0.0734375 0.303125
0 0.75 0.103125 0.1171875 0.096875
0 0.8234375 0.153125 0.2640625 0.15625
1 0.2125 0.78125 0.0234375 0.034375
1 0.2140625 0.7265625 0.0328125 0.0625
1 0.2390625 0.6515625 0.0390625 0.028125
1 0.1265625 0.678125 0.01875 0.084375
0 0.1421875 0.559375 0.05 0.0640625
1 0.13125 0.5140625 0.0234375 0.0390625
1 0.2984375 0.65625 0.028125 0.0546875
1 0.4390625 0.5828125 0.04375 0.0609375
1 0.5078125 0.7109375 0.0359375 0.046875
1 0.565625 0.6109375 0.04375 0.025
1 0.3375 0.8296875 0.03125 0.034375
0 0.403125 0.6421875 0.2296875 0.2703125
0 0.55546875 0.63828125 0.1484375 0.1609375
1 0.9953125 0.58046875 0.009375 0.0234375
1 0.921875 0.7140625 0.03125 0.0328125
1 0.85 0.846875 0.0421875 0.0484375
0 0.86171875 0.59765625 0.2078125 0.2578125
0 0.90625 0.571875 0.1875 0.20625
1 0.99453125 0.8859375 0.0109375 0.03125
1 0.89921875 0.98671875 0.0296875 0.0265625
1 0.95625 0.9828125 0.0109375 0.01875
1 0.97890625 0.98203125 0.0296875 0.0359375
1 0.90625 0.8484375 0.01875 0.025
1 0.9109375 0.83125 0.0203125 0.0171875
1 0.953125 0.8578125 0.01875 0.0296875
1 0.91875 0.89375 0.0125 0.0234375
1 0.9859375 0.81328125 0.028125 0.0234375
1 0.94375 0.7828125 0.0171875 0.0140625
1 0.9515625 0.6015625 0.015625 0.01875
1 0.9140625 0.5515625 0.01875 0.021875
1 0.903125 0.5359375 0.0234375 0.0140625
1 0.896875 0.56875 0.0203125 0.015625
1 0.8203125 0.546875 0.0171875 0.0265625
1 0.7671875 0.515625 0.0171875 0.01875
1 0.7921875 0.478125 0.0171875 0.01875
1 0.8140625 0.47734375 0.028125 0.0171875