1 0.1203125 0.1734375 0.0546875 0.0609375
1 0.015625 0.2734375 0.03125 0.01875
1 0.2578125 0.2546875 0.0328125 0.0265625
1 0.3453125 0.4390625 0.0515625 0.0296875
1 0.11484375 0.3984375 0.2296875 0.121875
1 0.8828125 0.428125 0.0421875 0.021875
1 0.8046875 0.425 0.0515625 0.053125
1 0.8078125 0.359375 0.0390625 0.0515625
1 0.684375 0.30625 0.0234375 0.021875
1 0.6859375 0.259375 0.053125 0.0390625
1 0.85625 0.31875 0.0203125 0.025
1 0.9453125 0.3421875 0.0375 0.04375
1 0.9875 0.28984375 0.025 0.0265625
1 0.934375 0.271875 0.025 0.034375
0 0.98984375 0.04921875 0.0203125 0.0984375
0 0.9515625 0.09140625 0.096875 0.1578125
1 0.7671875 0.2203125 0.0234375 0.034375
1 0.78125 0.1984375 0.03125 0.0203125
1 0.70625 0.19375 0.0234375 0.0265625
1 0.7265625 0.1453125 0.03125 0.0421875
1 0.6640625 0.053125 0.0078125 0.034375
1 0.690625 0.046875 0.0375 0.0234375
0 0.7390625 0.0796875 0.128125 0.1078125
0 0.8234375 0.08125 0.0765625 0.06875
0 0.8953125 0.09375 0.0984375 0.09375
0 0.9140625 0.04375 0.01875 0.025
1 0.865625 0.0359375 0.009375 0.021875
1 0.765625 0.05 0.015625 0.0109375
0 0.171875 0.7453125 0.190625 0.184375
1 0.1015625 0.796875 0.0734375 0.084375
1 0.165625 0.828125 0.0859375 0.103125
1 0.078125 0.7328125 0.0265625 0.046875
1 0.090625 0.7 0.0421875 0.0421875
0 0.28125 0.75625 0.0875 0.1546875
0 0.36328125 0.75390625 0.1328125 0.0734375
0 0.4125 0.778125 0.034375 0.1375
1 0.3390625 0.834375 0.134375 0.0921875
1 0.30625 0.8109375 0.04375 0.0328125
1 0.3765625 0.8015625 0.0609375 0.0484375
1 0.2359375 0.525 0.025 0.028125
1 0.3296875 0.5921875 0.0140625 0.015625
1 0.4203125 0.5609375 0.01875 0.0375
0 0.7484375 0.771875 0.0546875 0.0890625
0 0.6265625 0.7640625 0.165625 0.078125
1 0.5375 0.5609375 0.040625 0.0234375
1 0.5390625 0.53125 0.015625 0.028125
1 0.45 0.5125 0.0234375 0.028125
1 0.75625 0.48125 0.034375 0.0390625
1 0.6984375 0.7203125 0.028125 0.0203125
1 0.721875 0.815625 0.0515625 0.05
1 0.5515625 0.8328125 0.046875 0.046875
1 0.5859375 0.8 0.021875 0.028125