1 0.203125 0.4125 0.075 0.0890625
0 0.5515625 0.384375 0.0140625 0.109375
0 0.5453125 0.45 0.025 0.015625
0 0.0890625 0.3875 0.1125 0.24375
1 0.4515625 0.171875 0.0265625 0.0359375
1 0.4828125 0.1796875 0.0203125 0.03125
1 0.30625 0.1390625 0.0171875 0.01875
1 0.2578125 0.246875 0.0203125 0.0265625
1 0.1953125 0.1734375 0.0234375 0.025
1 0.23125 0.25625 0.0125 0.015625
1 0.1828125 0.0609375 0.0296875 0.034375
1 0.11875 0.0484375 0.0171875 0.0140625
1 0.18984375 0.0015625 0.0203125 0.003125
1 0.0359375 0.103125 0.0078125 0.0171875
1 0.0375 0.2609375 0.0109375 0.0203125
1 0.265625 0.45625 0.0171875 0.0140625
1 0.303125 0.4640625 0.0125 0.0125
1 0.3359375 0.00234375 0.015625 0.0046875
1 0.459375 0.2453125 0.0109375 0.0140625
1 0.49296875 0.50625 0.0453125 0.00625
1 0.0578125 0.50078125 0.025 0.0171875
0 0.38125 0.390625 0.2671875 0.15625
0 0.521875 0.4484375 0.071875 0.0625
1 0.99375 0.503125 0.009375 0.003125
1 0.9125 0.4921875 0.015625 0.034375
1 0.990625 0.4109375 0.0125 0.0140625
1 0.9484375 0.4265625 0.0484375 0.0390625
1 0.95625 0.19375 0.0234375 0.01875
1 0.9328125 0.153125 0.0515625 0.0328125
1 0.959375 0.1078125 0.0515625 0.06875
0 0.95234375 0.265625 0.0953125 0.13125
1 0.2171875 0.946875 0.040625 0.05
1 0.3234375 0.7546875 0.0453125 0.0375
0 0.6484375 0.61640625 0.0625 0.2140625
0 0.634375 0.596875 0.090625 0.175
0 0.50546875 0.66328125 0.3109375 0.3078125
0 0.32265625 0.60078125 0.2484375 0.1828125
1 0.8265625 0.9921875 0.021875 0.015625
1 0.840625 0.978125 0.0109375 0.0078125
1 0.8828125 0.9203125 0.0109375 0.0171875
1 0.9296875 0.9640625 0.015625 0.015625
1 0.89375 0.915625 0.0078125 0.0171875
1 0.915625 0.9 0.0125 0.0109375
0 0.94921875 0.85234375 0.1015625 0.2953125
1 0.8203125 0.8515625 0.0234375 0.021875
1 0.828125 0.8015625 0.0140625 0.0140625
0 0.8078125 0.8625 0.103125 0.10625
0 0.784375 0.76875 0.05625 0.0171875
1 0.890625 0.834375 0.025 0.0265625
1 0.903125 0.7734375 0.0078125 0.0046875
1 0.9015625 0.746875 0.00625 0.0078125
1 0.825 0.6375 0.046875 0.0421875
1 0.9 0.634375 0.034375 0.04375