0 0.1765625 0.1671875 0.353125 0.203125
0 0.1234375 0.075 0.0078125 0.01875
0 0.11875 0.1109375 0.078125 0.0890625
0 0.1734375 0.0828125 0.0203125 0.034375
0 0.2515625 0.0890625 0.15625 0.0453125
1 0.278125 0.221875 0.0203125 0.0140625
1 0.3515625 0.0765625 0.0265625 0.021875
1 0.3140625 0.384375 0.0203125 0.0453125
0 0.16796875 0.3546875 0.3078125 0.190625
1 0.4921875 0.3578125 0.0234375 0.01875
1 0.709375 0.3171875 0.0234375 0.0359375
1 0.546875 0.2953125 0.0125 0.0203125
1 0.9890625 0.2890625 0.015625 0.025
1 0.45625 0.28125 0.0140625 0.0078125
1 0.4328125 0.27421875 0.00625 0.0109375
1 0.5359375 0.2421875 0.025 0.0328125
1 0.690625 0.24375 0.0109375 0.0078125
1 0.646875 0.2453125 0.0296875 0.015625
1 0.71875 0.240625 0.028125 0.01875
1 0.5328125 0.2078125 0.0203125 0.0171875
1 0.975 0.1828125 0.01875 0.015625
1 0.715625 0.1765625 0.009375 0.0125
1 0.478125 0.178125 0.0421875 0.040625
1 0.515625 0.1390625 0.021875 0.01875
1 0.7046875 0.11875 0.0421875 0.0421875
1 0.7375 0.1 0.0359375 0.0390625
1 0.8046875 0.0578125 0.028125 0.0125
1 0.7375 0.059375 0.021875 0.015625
1 0.95625 0.05625 0.0265625 0.0140625
1 0.72421875 0.021875 0.0328125 0.04375
1 0.6265625 0.00625 0.04375 0.0125
1 0.490625 0.2671875 0.0203125 0.01875
1 0.5078125 0.284375 0.028125 0.0375
1 0.5796875 0.275 0.0125 0.0125
1 0.434375 0.3515625 0.009375 0.021875
1 0.60625 0.2125 0.0203125 0.015625
1 0.7640625 0.228125 0.034375 0.0140625
1 0.7828125 0.2109375 0.03125 0.0125
1 0.6140625 0.115625 0.028125 0.0171875
1 0.628125 0.140625 0.0265625 0.0140625
1 0.665625 0.128125 0.0390625 0.03125
0 0.86875 0.3109375 0.1125 0.121875
0 0.859375 0.2390625 0.0640625 0.0890625
1 0.8734375 0.184375 0.015625 0.03125
1 0.825 0.190625 0.075 0.021875
1 0.8015625 0.1296875 0.0390625 0.025
0 0.8640625 0.1546875 0.115625 0.075
1 0.9609375 0.221875 0.0203125 0.0234375
1 0.8125 0.0078125 0.015625 0.015625
1 0.840625 0.0890625 0.1640625 0.0515625
1 0.85625 0.0921875 0.028125 0.0140625
1 0.9015625 0.103125 0.015625 0.0171875
0 0.83828125 0.04765625 0.0984375 0.0953125
1 0.971875 0.1453125 0.0140625 0.015625
1 0.9859375 0.1265625 0.028125 0.025
0 0.3390625 0.78671875 0.18125 0.1109375
1 0.3953125 0.84375 0.034375 0.0375
1 0.234375 0.8984375 0.0234375 0.04375
1 0.21875 0.8296875 0.0296875 0.0328125
0 0.33671875 0.60390625 0.1859375 0.2890625
1 0.29375 0.5859375 0.05625 0.0375
1 0.3375 0.525 0.0234375 0.0203125
0 0.41484375 0.48671875 0.0296875 0.0734375
1 0.046875 0.88125 0.034375 0.0421875
1 0.115625 0.828125 0.046875 0.059375
1 0.1859375 0.8046875 0.046875 0.0328125
1 0.2671875 0.646875 0.05 0.0671875
1 0.290625 0.6953125 0.03125 0.0390625
1 0.1390625 0.665625 0.0765625 0.0984375
1 0.1890625 0.71875 0.0765625 0.0546875
1 0.096875 0.5515625 0.0265625 0.015625
1 0.1 0.53125 0.0125 0.0078125
1 0.1953125 0.453125 0.046875 0.00625
1 0.0109375 0.81875 0.0140625 0.0203125
1 0.3734375 0.6734375 0.0203125 0.0234375
1 0.5796875 0.965625 0.0234375 0.03125
1 0.490625 0.7140625 0.0328125 0.0203125
1 0.5515625 0.675 0.034375 0.0265625
1 0.5578125 0.7046875 0.0203125 0.021875
1 0.50625 0.796875 0.0265625 0.028125
1 0.5859375 0.8578125 0.0203125 0.0234375
1 0.578125 0.91875 0.0109375 0.0109375
1 0.640625 0.665625 0.034375 0.059375
1 0.5828125 0.7828125 0.025 0.021875
1 0.5953125 0.765625 0.0421875 0.0234375
1 0.6046875 0.7671875 0.0265625 0.0515625
0 0.6578125 0.621875 0.0390625 0.0078125
0 0.7 0.625 0.0359375 0.015625
1 0.7484375 0.628125 0.0203125 0.0171875
1 0.8609375 0.6984375 0.0859375 0.078125
1 0.7125 0.7 0.03125 0.0390625
1 0.690625 0.7328125 0.0203125 0.015625
0 0.7203125 0.771875 0.2140625 0.0921875
1 0.6484375 0.8171875 0.0171875 0.021875
1 0.6203125 0.765625 0.0203125 0.028125
0 0.715625 0.8453125 0.0859375 0.103125
0 0.71875 0.9359375 0.0921875 0.0921875
1 0.8328125 0.946875 0.0421875 0.034375
1 0.71875 0.8875 0.0140625 0.021875
1 0.625 0.9671875 0.01875 0.0203125
0 0.68828125 0.97421875 0.0609375 0.0515625
1 0.7171875 0.9875 0.0171875 0.0171875
1 0.740625 0.9703125 0.00625 0.025
1 0.96875 0.971875 0.0234375 0.028125
1 0.9828125 0.9484375 0.0140625 0.0171875
1 0.9453125 0.9140625 0.009375 0.0078125
1 0.97109375 0.984375 0.0578125 0.03125
1 0.9234375 0.8546875 0.021875 0.0234375
1 0.9671875 0.859375 0.0296875 0.04375
1 0.83125 0.7890625 0.0203125 0.0265625
1 0.85625 0.7609375 0.025 0.0203125
1 0.9140625 0.709375 0.0328125 0.025
1 0.91875 0.6796875 0.0171875 0.01875
1 0.965625 0.7109375 0.053125 0.0578125
1 0.9625 0.7609375 0.03125 0.034375
1 0.975 0.6515625 0.0203125 0.0203125
1 0.7796875 0.665625 0.01875 0.015625
1 0.7953125 0.70625 0.0234375 0.0078125
1 0.8203125 0.625 0.01875 0.015625
1 0.9 0.94375 0.0109375 0.0140625