1 0.80859375 0.3859375 0.0171875 0.00625
1 0.68828125 0.3859375 0.0140625 0.00625
1 0.24375 0.159375 0.0171875 0.01875
0 0.9296875 0.1875 0.1359375 0.1015625
1 0.4875 0.1421875 0.046875 0.034375
0 0.4109375 0.1671875 0.14375 0.1328125
0 0.378125 0.3015625 0.159375 0.0859375
1 0.3953125 0.2703125 0.028125 0.015625
0 0.40390625 0.36484375 0.1421875 0.0484375
0 0.9359375 0.31953125 0.128125 0.1390625
1 0.0453125 0.98125 0.0375 0.0265625
1 0.06875 0.94375 0.0390625 0.075
0 0.03046875 0.88515625 0.0609375 0.0765625
0 0.01171875 0.79296875 0.0234375 0.0953125
0 0.0296875 0.671875 0.059375 0.09375
1 0.059375 0.8515625 0.0515625 0.046875
1 0.20625 0.68046875 0.00625 0.0390625
1 0.078125 0.8265625 0.025 0.028125
1 0.1375 0.946875 0.0375 0.0171875
1 0.20390625 0.89453125 0.0109375 0.0296875
1 0.071875 0.7359375 0.0203125 0.01875
1 0.2 0.8421875 0.01875 0.01875
1 0.265625 0.4984375 0.0359375 0.03125
1 0.2453125 0.45625 0.040625 0.0578125
1 0.21875 0.503125 0.01875 0.03125
1 0.2671875 0.70625 0.05625 0.1
1 0.225 0.72734375 0.03125 0.0421875
1 0.21796875 0.7 0.0171875 0.021875
1 0.22265625 0.66640625 0.0265625 0.0234375
1 0.2203125 0.76953125 0.021875 0.0328125
1 0.22734375 0.85625 0.0359375 0.078125
1 0.4265625 0.63125 0.0328125 0.0390625
1 0.453125 0.8109375 0.0359375 0.021875
1 0.60625 0.88125 0.03125 0.04375
1 0.7234375 0.7328125 0.040625 0.025
1 0.671875 0.7171875 0.0703125 0.0546875
1 0.58125 0.6828125 0.0359375 0.0296875
1 0.5796875 0.71875 0.034375 0.0234375
1 0.6140625 0.621875 0.028125 0.028125
1 0.5859375 0.6375 0.028125 0.040625
1 0.503125 0.5859375 0.028125 0.01875
1 0.6765625 0.5984375 0.0234375 0.0234375
1 0.7125 0.58125 0.0328125 0.028125
1 0.7140625 0.5484375 0.0265625 0.0140625
1 0.6890625 0.5625 0.0203125 0.0203125
1 0.640625 0.4859375 0.0265625 0.0171875
1 0.578125 0.5109375 0.0484375 0.0375
1 0.54375 0.5078125 0.0140625 0.025
1 0.628125 0.425 0.0390625 0.04375
1 0.60625 0.4484375 0.0390625 0.028125
1 0.5828125 0.4125 0.0234375 0.01875
1 0.5609375 0.4359375 0.0203125 0.0234375
1 0.7015625 0.4109375 0.04375 0.03125
0 0.9046875 0.8546875 0.1265625 0.096875
1 0.815625 0.81875 0.021875 0.015625
1 0.7828125 0.8140625 0.03125 0.0296875
0 0.875 0.7546875 0.1265625 0.0859375
1 0.9546875 0.728125 0.034375 0.0375
1 0.80625 0.6765625 0.0390625 0.040625
1 0.815625 0.5203125 0.0921875 0.0765625
1 0.99140625 0.65078125 0.0171875 0.0234375
1 0.9171875 0.771875 0.015625 0.015625
0 0.33125 0.434375 0.1421875 0.0828125
0 0.3515625 0.659375 0.1578125 0.203125
0 0.3640625 0.4875 0.0640625 0.078125
1 0.3234375 0.5078125 0.08125 0.0671875
1 0.32421875 0.55234375 0.2296875 0.0546875
0 0.33125 0.8796875 0.121875 0.0765625
0 0.3375 0.8171875 0.11875 0.09375
0 0.9046875 0.4109375 0.1578125 0.0375
1 0.9171875 0.4453125 0.165625 0.09375
1 0.9203125 0.5453125 0.13125 0.10625
0 0.86875 0.590625 0.11875 0.125
0 0.878125 0.675 0.1515625 0.1125
1 0.853125 0.646875 0.0921875 0.0375
0 0.8921875 0.8984375 0.0578125 0.0375