1 0.3296875 0.3890625 0.0375 0.0375
1 0.265625 0.425 0.0171875 0.0203125
1 0.2671875 0.4046875 0.0171875 0.0234375
0 0.2734375 0.3140625 0.1828125 0.1453125
0 0.275 0.2421875 0.109375 0.0984375
1 0.196875 0.3171875 0.0296875 0.0296875
1 0.1875 0.2984375 0.0171875 0.0234375
1 0.209375 0.29375 0.0203125 0.01875
1 0.153125 0.3265625 0.0234375 0.0171875
1 0.3328125 0.425 0.0234375 0.025
1 0.06875 0.2671875 0.0140625 0.0234375
1 0.03125 0.43359375 0.021875 0.0109375
1 0.8359375 0.0984375 0.0140625 0.0109375
1 0.615625 0.0984375 0.0234375 0.0265625
1 0.828125 0.125 0.021875 0.0234375
1 0.5953125 0.146875 0.03125 0.0625
1 0.803125 0.1609375 0.021875 0.0296875
1 0.6328125 0.1640625 0.0171875 0.028125
1 0.7640625 0.1796875 0.0203125 0.015625
1 0.821875 0.203125 0.0203125 0.0234375
1 0.971875 0.21875 0.009375 0.021875
1 0.696875 0.221875 0.0203125 0.0078125
1 0.7828125 0.225 0.0171875 0.021875
1 0.634375 0.228125 0.021875 0.009375
1 0.528125 0.2953125 0.01875 0.0125
1 0.8 0.296875 0.0375 0.025
1 0.8421875 0.2984375 0.0140625 0.0125
1 0.8265625 0.3078125 0.0109375 0.0171875
1 0.63125 0.33125 0.01875 0.0234375
1 0.8515625 0.3421875 0.01875 0.015625
1 0.8453125 0.3671875 0.0359375 0.0203125
1 0.615625 0.3875 0.0125 0.021875
1 0.6640625 0.403125 0.01875 0.0140625
1 0.6921875 0.4171875 0.01875 0.0140625
1 0.8515625 0.415625 0.021875 0.015625
1 0.47421875 0.42265625 0.0109375 0.0171875
1 0.60859375 0.43515625 0.0109375 0.0078125
1 0.8734375 0.378125 0.025 0.0171875
1 0.696875 0.0890625 0.021875 0.03125
1 0.8421875 0.034375 0.0234375 0.021875
1 0.79375 0.034375 0.0125 0.0234375
1 0.79375 0.1265625 0.021875 0.0234375
1 0.6375 0.2703125 0.01875 0.0203125
1 0.590625 0.2796875 0.0171875 0.021875
1 0.5765625 0.3078125 0.0296875 0.0234375
1 0.58125 0.3140625 0.03125 0.021875
1 0.5953125 0.3265625 0.0171875 0.0234375
1 0.69375 0.3078125 0.015625 0.01875
1 0.6546875 0.3046875 0.0140625 0.009375
1 0.571875 0.3921875 0.0203125 0.0109375
1 0.6328125 0.415625 0.025 0.0140625
1 0.5015625 0.4078125 0.0109375 0.0296875
1 0.5171875 0.409375 0.009375 0.0171875
0 0.51875 0.32265625 0.1 0.1234375
0 0.52109375 0.22578125 0.1046875 0.0640625
1 0.5171875 0.2 0.01875 0.0125
1 0.4921875 0.1921875 0.0203125 0.0140625
0 0.5171875 0.15625 0.096875 0.071875
1 0.43125 0.509375 0.0640625 0.040625
1 0.41875 0.6078125 0.028125 0.0203125
1 0.45 0.6703125 0.0328125 0.021875
1 0.3921875 0.7109375 0.0359375 0.04375
1 0.446875 0.575 0.0390625 0.0328125
1 0.4453125 0.9046875 0.01875 0.009375
1 0.4 0.8734375 0.0203125 0.025
1 0.271875 0.8828125 0.0296875 0.053125
1 0.309375 0.7703125 0.059375 0.0453125
0 0.215625 0.8921875 0.053125 0.034375
1 0.2109375 0.8578125 0.034375 0.0171875
1 0.1234375 0.78125 0.04375 0.0453125
1 0.171875 0.5375 0.028125 0.0328125
0 0.2265625 0.4578125 0.115625 0.0375
0 0.2234375 0.546875 0.096875 0.1765625
1 0.115625 0.625 0.025 0.0359375
1 0.05625 0.64375 0.0265625 0.034375
1 0.0375 0.6796875 0.0171875 0.0140625
0 0.2234375 0.6875 0.128125 0.146875
0 0.203125 0.7640625 0.125 0.16875
1 0.2515625 0.7578125 0.0328125 0.0234375
1 0.24375 0.80625 0.046875 0.0484375
1 0.0953125 0.8734375 0.046875 0.053125
1 0.0359375 0.8015625 0.0484375 0.0390625
1 0.08125 0.7609375 0.0265625 0.0203125
1 0.053125 0.7546875 0.015625 0.015625
1 0.025 0.54375 0.021875 0.0265625
1 0.7421875 0.671875 0.0171875 0.0203125
1 0.5 0.709375 0.0203125 0.0265625
1 0.575 0.8078125 0.0078125 0.0140625
1 0.715625 0.815625 0.0078125 0.009375
1 0.825 0.8375 0.0171875 0.0125
1 0.853125 0.840625 0.00625 0.0140625
1 0.75 0.8640625 0.009375 0.0140625
1 0.9875 0.909375 0.01875 0.01875
1 0.73125 0.9171875 0.015625 0.0140625
0 0.921875 0.8515625 0.115625 0.15
1 0.959375 0.9234375 0.0234375 0.015625
0 0.909375 0.6 0.1578125 0.1109375
0 0.915625 0.52265625 0.16875 0.0890625
1 0.8953125 0.7515625 0.06875 0.046875
0 0.9140625 0.70078125 0.171875 0.0921875
1 0.9359375 0.653125 0.10625 0.0484375
1 0.909375 0.609375 0.034375 0.05
0 0.92109375 0.465625 0.1421875 0.053125
1 0.715625 0.6734375 0.028125 0.0140625
1 0.48203125 0.44375 0.0265625 0.009375