1 0.053125 0.375 0.015625 0.0140625
1 0.1375 0.1921875 0.01875 0.015625
1 0.1484375 0.1078125 0.0078125 0.009375
1 0.16875 0.065625 0.021875 0.0140625
1 0.1828125 0.1765625 0.0125 0.009375
1 0.1984375 0.2921875 0.009375 0.009375
1 0.2265625 0.0765625 0.0078125 0.0125
1 0.234375 0.5484375 0.0109375 0.0140625
1 0.2625 0.040625 0.0109375 0.0078125
1 0.265625 0.284375 0.0140625 0.0078125
1 0.1953125 0.3359375 0.021875 0.0171875
1 0.2828125 0.259375 0.01875 0.0125
1 0.28125 0.234375 0.0203125 0.03125
1 0.215625 0.3921875 0.0171875 0.0109375
0 0.2046875 0.415625 0.175 0.125
0 0.08125 0.38125 0.03125 0.1
1 0.1171875 0.4140625 0.0375 0.05
1 0.1015625 0.346875 0.015625 0.0140625
1 0.41875 0.175 0.0078125 0.0078125
1 0.734375 0.375 0.00625 0.0109375
1 0.75 0.340625 0.01875 0.0234375
1 0.5890625 0.034375 0.0296875 0.0234375
0 0.4734375 0.3859375 0.3078125 0.2328125
0 0.38046875 0.32265625 0.1234375 0.3203125
1 0.5984375 0.428125 0.0265625 0.0515625
1 0.73125 0.440625 0.0703125 0.034375
1 0.7125 0.3921875 0.05 0.021875
1 0.25 0.6828125 0.034375 0.0328125
1 0.15625 0.978125 0.025 0.0328125
1 0.1296875 0.9859375 0.01875 0.028125
1 0.2015625 0.6703125 0.0234375 0.0265625
1 0.2109375 0.84375 0.0234375 0.03125
0 0.23125 0.771875 0.175 0.1625
0 0.1515625 0.7640625 0.0703125 0.1890625
1 0.32109375 0.63515625 0.0046875 0.0109375
1 0.328125 0.75625 0.015625 0.0078125
1 0.3390625 0.84375 0.015625 0.0078125
1 0.35 0.9484375 0.0125 0.0109375
1 0.3875 0.796875 0.0078125 0.0125
1 0.3875 0.99375 0.0125 0.00625
1 0.4078125 0.9796875 0.01875 0.0078125
1 0.415625 0.8578125 0.01875 0.01875
1 0.428125 0.575 0.01875 0.009375
1 0.49375 0.6328125 0.0125 0.0109375
1 0.53125 0.8328125 0.0078125 0.0078125
1 0.5515625 0.99375 0.00625 0.0125
1 0.5734375 0.8953125 0.015625 0.0171875
1 0.5890625 0.7484375 0.0109375 0.0171875
1 0.7015625 0.5875 0.04375 0.0375
1 0.621875 0.6078125 0.0171875 0.021875
1 0.7203125 0.60625 0.215625 0.075
1 0.56875 0.834375 0.0125 0.00625
1 0.7265625 0.828125 0.0109375 0.0046875
1 0.653125 0.903125 0.0140625 0.01875
0 0.63828125 0.9734375 0.1640625 0.053125
0 0.42265625 0.9671875 0.1515625 0.065625
0 0.3765625 0.9609375 0.115625 0.078125