1 0.3609375 0.559375 0.046875 0.071875
0 0.16328125 0.53671875 0.3265625 0.1453125
1 0.0484375 0.4515625 0.034375 0.0328125
1 0.1171875 0.4484375 0.0296875 0.03125
1 0.0328125 0.3703125 0.021875 0.0234375
1 0.49375 0.3359375 0.05 0.0625
1 0.246875 0.3046875 0.04375 0.0203125
1 0.2265625 0.259375 0.0296875 0.0390625
1 0.0828125 0.2359375 0.0671875 0.0234375
1 0.02421875 0.23046875 0.0484375 0.0671875
0 0.221875 0.35625 0.44375 0.19375
0 0.1828125 0.2296875 0.1953125 0.153125
1 0.884375 0.59375 0.03125 0.03125
1 0.778125 0.56875 0.0359375 0.021875
1 0.93125 0.496875 0.009375 0.0171875
1 0.5453125 0.48125 0.015625 0.0265625
1 0.7890625 0.4328125 0.0265625 0.0203125
1 0.575 0.4421875 0.03125 0.0390625
1 0.8015625 0.4015625 0.04375 0.0390625
1 0.6484375 0.3703125 0.01875 0.0171875
1 0.8 0.3578125 0.0171875 0.015625
1 0.93125 0.2765625 0.015625 0.0078125
1 0.7125 0.259375 0.0140625 0.0171875
1 0.7984375 0.18125 0.021875 0.021875
1 0.5265625 0.19140625 0.015625 0.0234375
1 0.528125 0.21015625 0.01875 0.0234375
0 0.98125 0.28828125 0.0375 0.2390625
1 0.0453125 0.765625 0.05625 0.0375
0 0.1734375 0.7359375 0.190625 0.253125
0 0.11796875 0.89765625 0.2359375 0.2046875
1 0.303125 0.8359375 0.0421875 0.046875
1 0.99140625 0.63984375 0.0171875 0.0578125
1 0.7125 0.896875 0.065625 0.059375
1 0.7015625 0.865625 0.0328125 0.0265625
1 0.7296875 0.784375 0.0546875 0.0640625
1 0.76875 0.83125 0.040625 0.046875
1 0.7984375 0.8921875 0.0265625 0.0234375
1 0.8328125 0.715625 0.0296875 0.0375
1 0.70625 0.721875 0.0390625 0.040625
1 0.625 0.7421875 0.034375 0.059375
1 0.58125 0.778125 0.0546875 0.05
1 0.609375 0.8109375 0.0265625 0.015625
1 0.6140625 0.8953125 0.1421875 0.103125
1 0.884375 0.78125 0.01875 0.015625
1 0.9171875 0.7734375 0.028125 0.0359375
1 0.971875 0.771875 0.0359375 0.03125
1 0.98671875 0.93203125 0.0265625 0.0265625
1 0.9390625 0.9171875 0.05625 0.0328125
1 0.921875 0.9375 0.0578125 0.01875
1 0.553125 0.640625 0.028125 0.0359375
1 0.534375 0.625 0.03125 0.03125
1 0.61640625 0.61796875 0.0171875 0.0171875
1 0.6515625 0.7671875 0.021875 0.025
1 0.9390625 0.8171875 0.021875 0.028125
0 0.9421875 0.6921875 0.0890625 0.1234375
0 0.92265625 0.6453125 0.1203125 0.071875