1 0.28515625 0.00546875 0.0296875 0.0109375
1 0.2984375 0.03125 0.0203125 0.0125
1 0.2921875 0.0484375 0.034375 0.01875
1 0.290625 0.109375 0.03125 0.0171875
1 0.2765625 0.0390625 0.0234375 0.0265625
1 0.2859375 0.1234375 0.0203125 0.0109375
1 0.2578125 0.1328125 0.03125 0.03125
1 0.2203125 0.0765625 0.0265625 0.025
1 0.125 0.1125 0.046875 0.0484375
1 0.121875 0.06875 0.03125 0.0390625
1 0.1140625 0.0515625 0.0140625 0.0140625
1 0.01953125 0.00859375 0.0390625 0.0171875
1 0.04375 0.071875 0.040625 0.0359375
1 0.190625 0.040625 0.009375 0.025
0 0.1640625 0.1390625 0.1078125 0.1828125
0 0.2078125 0.1578125 0.0734375 0.071875
1 0.059375 0.1015625 0.040625 0.0453125
0 0.02265625 0.1359375 0.0453125 0.14375
0 0.053125 0.128125 0.0578125 0.0390625
1 0.3046875 0.2171875 0.003125 0.0109375
1 0.29375 0.2390625 0.0140625 0.0125
1 0.3 0.290625 0.0125 0.009375
1 0.2203125 0.3765625 0.0296875 0.0140625
1 0.303125 0.425 0.0109375 0.0203125
1 0.1828125 0.36875 0.01875 0.0203125
1 0.1671875 0.3109375 0.021875 0.01875
1 0.0953125 0.2765625 0.046875 0.0359375
1 0.121875 0.2390625 0.009375 0.009375
1 0.0234375 0.28125 0.0296875 0.025
1 0.6734375 0.0546875 0.040625 0.04375
1 0.746875 0.1578125 0.0390625 0.046875
1 0.778125 0.246875 0.0421875 0.053125
1 0.7890625 0.3109375 0.0296875 0.0515625
1 0.728125 0.2984375 0.0375 0.025
1 0.6890625 0.28125 0.0421875 0.03125
0 0.66875 0.3890625 0.0703125 0.1125
1 0.70625 0.1421875 0.0296875 0.0421875
1 0.7921875 0.0859375 0.046875 0.0390625
1 0.9328125 0.05625 0.0328125 0.0296875
1 0.9734375 0.01875 0.0328125 0.03125
1 0.84375 0.190625 0.025 0.0171875
1 0.86875 0.45234375 0.046875 0.0140625
0 0.8015625 0.4 0.1328125 0.0953125
1 0.8140625 0.3328125 0.0234375 0.0328125
0 0.9171875 0.39375 0.0859375 0.10625
1 0.953125 0.45625 0.03125 0.00625
0 0.97890625 0.396875 0.0421875 0.125
1 0.896875 0.275 0.01875 0.0359375
1 0.66171875 0.0078125 0.0296875 0.015625
1 0.34375 0.5546875 0.0390625 0.0453125
1 0.378125 0.6890625 0.01875 0.028125
1 0.35 0.7046875 0.028125 0.025
1 0.384375 0.759375 0.0359375 0.0359375
1 0.3625 0.7875 0.0625 0.040625
1 0.4640625 0.678125 0.0296875 0.0703125
1 0.4734375 0.759375 0.015625 0.0296875
1 0.4671875 0.80625 0.0171875 0.034375
1 0.3078125 0.7546875 0.0328125 0.03125
1 0.3453125 0.74375 0.0328125 0.03125
1 0.325 0.7328125 0.021875 0.0296875
1 0.228125 0.7625 0.0328125 0.0390625
1 0.2328125 0.809375 0.0484375 0.0390625
1 0.1296875 0.734375 0.04375 0.0640625
1 0.1765625 0.73125 0.03125 0.034375
1 0.103125 0.7 0.0359375 0.040625
1 0.1734375 0.6078125 0.0328125 0.0421875
1 0.2734375 0.659375 0.0265625 0.034375
1 0.090625 0.6078125 0.025 0.0328125
1 0.075 0.6296875 0.0296875 0.04375
1 0.1828125 0.490625 0.034375 0.0328125
1 0.0671875 0.5375 0.065625 0.0546875
1 0.015625 0.521875 0.03125 0.0484375
1 0.003125 0.5015625 0.00625 0.040625
1 0.0203125 0.571875 0.03125 0.034375
1 0.22734375 0.47890625 0.0234375 0.0390625
1 0.2375 0.5328125 0.0359375 0.0390625
1 0.28125 0.5015625 0.0234375 0.0203125
1 0.2734375 0.5578125 0.0390625 0.0328125
1 0.4609375 0.484375 0.0171875 0.0328125
1 0.4375 0.7109375 0.0265625 0.0234375
1 0.428125 0.6859375 0.0296875 0.0296875
1 0.44375 0.8359375 0.021875 0.021875
1 0.046875 0.71875 0.0421875 0.025
1 0.053125 0.775 0.040625 0.0375
1 0.0734375 0.8453125 0.0375 0.034375
0 0.0359375 0.84453125 0.071875 0.1265625
1 0.0890625 0.896875 0.0296875 0.0390625
1 0.153125 0.9140625 0.0359375 0.0421875
1 0.175 0.8578125 0.025 0.04375
1 0.1546875 0.8640625 0.0234375 0.0390625
1 0.1234375 0.8515625 0.025 0.0328125
1 0.1984375 0.9296875 0.034375 0.040625
1 0.2125 0.8828125 0.0453125 0.053125
1 0.028125 0.990625 0.034375 0.01875
0 0.3734375 0.9 0.14375 0.1109375
0 0.44375 0.9140625 0.071875 0.15
0 0.2828125 0.890625 0.1515625 0.121875
1 0.19609375 0.97890625 0.0453125 0.0421875
1 0.296875 0.6640625 0.0453125 0.0734375
1 0.3359375 0.65 0.0546875 0.103125
1 0.8765625 0.4796875 0.01875 0.0203125
1 0.9078125 0.6828125 0.0125 0.0109375
1 0.7875 0.834375 0.034375 0.0125
0 0.94453125 0.93515625 0.1109375 0.1296875
0 0.88828125 0.91953125 0.2234375 0.1609375
0 0.709375 0.88984375 0.121875 0.2203125
0 0.6765625 0.88671875 0.146875 0.2265625
1 0.98515625 0.9203125 0.0296875 0.015625