1 0.359375 0.1578125 0.015625 0.0078125
1 0.33125 0.14375 0.0765625 0.046875
1 0.2140625 0.1515625 0.05 0.04375
1 0.1703125 0.2109375 0.0359375 0.0328125
1 0.203125 0.221875 0.0265625 0.015625
1 0.1046875 0.2515625 0.0078125 0.009375
1 0.0296875 0.2546875 0.0328125 0.025
1 0.171875 0.2578125 0.034375 0.0234375
1 0.1015625 0.2671875 0.015625 0.009375
1 0.2125 0.2828125 0.040625 0.0375
1 0.24375 0.303125 0.021875 0.040625
1 0.1921875 0.3109375 0.0125 0.0125
1 0.2953125 0.3234375 0.059375 0.046875
1 0.075 0.3421875 0.0140625 0.01875
1 0.0046875 0.334375 0.009375 0.0375
1 0.1171875 0.3421875 0.0171875 0.0359375
1 0.1765625 0.3390625 0.078125 0.0765625
1 0.334375 0.3875 0.0203125 0.0109375
1 0.5703125 0.3875 0.009375 0.0140625
1 0.3625 0.421875 0.015625 0.0078125
1 0.040625 0.4453125 0.025 0.015625
1 0.228125 0.4625 0.0125 0.009375
1 0.24140625 0.47109375 0.0171875 0.0171875
1 0.5671875 0.4046875 0.03125 0.0296875
1 0.5640625 0.26875 0.0390625 0.0515625
1 0.62265625 0.25234375 0.0546875 0.0515625
1 0.496875 0.309375 0.01875 0.0140625
0 0.48125 0.2796875 0.3375 0.3125
1 0.3234375 0.278125 0.0203125 0.0125
0 0.446875 0.1953125 0.2171875 0.1859375
1 0.3171875 0.10625 0.0234375 0.034375
1 0.4078125 0.0828125 0.0375 0.0328125
0 0.46640625 0.08125 0.3671875 0.0875
1 0.553125 0.20625 0.015625 0.01875
1 0.5625 0.184375 0.021875 0.015625
1 0.2203125 0.175 0.015625 0.0140625
1 0.2640625 0.428125 0.0234375 0.0296875
1 0.2421875 0.4203125 0.03125 0.015625
1 0.065625 0.2984375 0.028125 0.028125
1 0.0453125 0.2875 0.04375 0.021875
1 0.0203125 0.1546875 0.0171875 0.0140625
1 0.05 0.165625 0.0203125 0.021875
1 0.33828125 0.4734375 0.0359375 0.0125
1 0.9578125 0.4328125 0.028125 0.0265625
1 0.99296875 0.41796875 0.0140625 0.0109375
1 0.9359375 0.3203125 0.0296875 0.0359375
1 0.8734375 0.3296875 0.065625 0.0484375
1 0.95625 0.215625 0.0328125 0.0234375
1 0.99375 0.0484375 0.0125 0.00625
1 0.771875 0.0953125 0.065625 0.046875
1 0.8125 0.109375 0.0625 0.0421875
1 0.9015625 0.2640625 0.09375 0.0359375
1 0.8609375 0.2484375 0.0625 0.0296875
0 0.759375 0.1546875 0.159375 0.0625
1 0.68203125 0.17734375 0.0640625 0.1140625
1 0.7140625 0.21875 0.0359375 0.040625
1 0.7734375 0.2015625 0.084375 0.0359375
0 0.759375 0.253125 0.134375 0.075
1 0.84375 0.290625 0.034375 0.021875
1 0.81875 0.2734375 0.040625 0.06875
0 0.7796875 0.3109375 0.1609375 0.125
0 0.7578125 0.4015625 0.134375 0.13125
1 0.81875 0.403125 0.0296875 0.03125
0 0.8203125 0.44375 0.1078125 0.0703125
0 0.778125 0.465625 0.159375 0.028125
1 0.6734375 0.4234375 0.03125 0.0421875
1 0.6890625 0.39375 0.0609375 0.046875
1 0.659375 0.334375 0.01875 0.03125
1 0.5421875 0.9828125 0.021875 0.0203125
1 0.6359375 0.94296875 0.028125 0.0359375
1 0.4796875 0.896875 0.0140625 0.01875
1 0.55 0.85 0.021875 0.015625
1 0.3390625 0.8171875 0.0140625 0.0140625
0 0.1796875 0.73125 0.309375 0.125
0 0.1625 0.8859375 0.2578125 0.196875
1 0.19609375 0.9765625 0.0546875 0.046875
1 0.0625 0.7625 0.0125 0.0125
0 0.95625 0.81640625 0.0875 0.1859375
0 0.93984375 0.725 0.1203125 0.2125
0 0.92421875 0.50859375 0.1515625 0.0578125