1 0.1 0.140625 0.040625 0.0296875
1 0.0515625 0.20625 0.028125 0.03125
1 0.1125 0.2421875 0.0234375 0.025
1 0.2109375 0.2671875 0.046875 0.040625
1 0.0640625 0.284375 0.01875 0.0171875
1 0.11875 0.284375 0.03125 0.0359375
1 0.184375 0.3359375 0.015625 0.0078125
1 0.2015625 0.359375 0.0203125 0.021875
1 0.346875 0.3765625 0.009375 0.00625
1 0.3609375 0.3765625 0.0171875 0.0296875
1 0.246875 0.4265625 0.025 0.021875
1 0.3609375 0.425 0.028125 0.028125
1 0.1921875 0.4296875 0.021875 0.025
1 0.221875 0.4328125 0.0203125 0.0296875
1 0.440625 0.44375 0.0265625 0.0359375
1 0.3265625 0.4875 0.0234375 0.0234375
1 0.2046875 0.509375 0.03125 0.0234375
1 0.078125 0.5078125 0.03125 0.03125
1 0.0484375 0.5109375 0.0234375 0.0328125
1 0.375 0.5296875 0.025 0.01875
1 0.471875 0.5546875 0.05625 0.021875
1 0.4625 0.2921875 0.040625 0.0296875
1 0.4515625 0.309375 0.0234375 0.0234375
1 0.3578125 0.4796875 0.025 0.0109375
1 0.3546875 0.4640625 0.021875 0.015625
1 0.23125 0.378125 0.0234375 0.021875
1 0.2171875 0.390625 0.0265625 0.021875
1 0.1140625 0.3796875 0.0125 0.0234375
1 0.109375 0.4078125 0.01875 0.0234375
1 0.1359375 0.3171875 0.034375 0.0265625
1 0.10625 0.3203125 0.0234375 0.0375
1 0.084375 0.3375 0.0375 0.0390625
1 0.0953125 0.465625 0.0390625 0.03125
1 0.0859375 0.490625 0.01875 0.0125
1 0.034375 0.459375 0.028125 0.034375
1 0.0421875 0.43125 0.0265625 0.03125
1 0.3109375 0.4484375 0.034375 0.0296875
1 0.2859375 0.45625 0.025 0.0234375
1 0.3109375 0.5265625 0.0234375 0.028125
0 0.2546875 0.51875 0.0953125 0.096875
1 0.35 0.3328125 0.040625 0.03125
1 0.3140625 0.3125 0.140625 0.1390625
1 0.446875 0.14375 0.021875 0.03125
1 0.4078125 0.121875 0.03125 0.025
1 0.321875 0.14375 0.0140625 0.015625
1 0.3015625 0.1578125 0.0203125 0.0140625
1 0.284375 0.15 0.015625 0.015625
1 0.440625 0.2265625 0.034375 0.0171875
0 0.3234375 0.20625 0.2328125 0.0796875
0 0.34375 0.12421875 0.3125 0.1703125
1 0.875 0.1890625 0.0125 0.009375
1 0.671875 0.2921875 0.0171875 0.0125
1 0.5328125 0.396875 0.0109375 0.0109375
1 0.7390625 0.4125 0.0109375 0.0125
1 0.5875 0.4140625 0.0203125 0.0203125
1 0.6875 0.428125 0.0140625 0.015625
1 0.5578125 0.4359375 0.025 0.0171875
1 0.8625 0.4671875 0.0203125 0.0109375
1 0.840625 0.4734375 0.0078125 0.009375
0 0.9125 0.4515625 0.115625 0.15
1 0.996875 0.1859375 0.00625 0.003125
1 0.9859375 0.575 0.015625 0.0140625
1 0.9640625 0.5265625 0.021875 0.0234375
1 0.9953125 0.5859375 0.009375 0.021875
1 0.871875 0.24375 0.0109375 0.009375
1 0.9140625 0.2140625 0.0609375 0.05625
1 0.890625 0.309375 0.05625 0.01875
1 0.9078125 0.5546875 0.06875 0.0703125
1 0.95546875 0.60390625 0.0890625 0.0234375
1 0.9078125 0.61875 0.0140625 0.0109375
1 0.8515625 0.6359375 0.01875 0.00625
1 0.75078125 0.62890625 0.0203125 0.0203125
1 0.7171875 0.6234375 0.0171875 0.028125
1 0.6765625 0.63515625 0.0125 0.0078125
1 0.6859375 0.621875 0.0109375 0.0125
1 0.7375 0.5734375 0.009375 0.00625
1 0.6734375 0.565625 0.0171875 0.0203125
1 0.70625 0.603125 0.0125 0.0109375
1 0.759375 0.521875 0.0171875 0.0125
1 0.71875 0.503125 0.03125 0.040625
1 0.725 0.459375 0.01875 0.0234375
1 0.659375 0.4078125 0.028125 0.0265625
1 0.725 0.346875 0.0140625 0.015625
1 0.7125 0.3359375 0.015625 0.0078125
1 0.65 0.26875 0.01875 0.015625
1 0.6171875 0.2859375 0.0296875 0.0203125
1 0.5515625 0.259375 0.0171875 0.0234375
1 0.584375 0.2625 0.0578125 0.0234375
1 0.621875 0.5015625 0.028125 0.046875
1 0.5984375 0.4734375 0.0265625 0.0203125
1 0.565625 0.40625 0.03125 0.0265625
1 0.5609375 0.45625 0.0125 0.021875
1 0.5109375 0.571875 0.021875 0.0234375
1 0.50234375 0.24921875 0.0046875 0.0171875
1 0.5046875 0.26171875 0.009375 0.0140625
1 0.503125 0.27421875 0.00625 0.0171875
1 0.5140625 0.296875 0.028125 0.034375
1 0.5359375 0.346875 0.021875 0.03125
1 0.51171875 0.35390625 0.0234375 0.0265625
1 0.50390625 0.4375 0.0078125 0.021875
1 0.5046875 0.47890625 0.009375 0.0203125
1 0.50625 0.60390625 0.0125 0.0171875
1 0.36875 0.64296875 0.015625 0.0078125
1 0.3640625 0.6703125 0.0265625 0.0265625
1 0.36875 0.6921875 0.0265625 0.028125
1 0.3625 0.684375 0.015625 0.0171875
1 0.3484375 0.696875 0.0140625 0.0140625
1 0.34375 0.7125 0.0171875 0.0234375
1 0.328125 0.7109375 0.0171875 0.021875
1 0.340625 0.728125 0.0203125 0.0140625
1 0.4609375 0.690625 0.0234375 0.0296875
1 0.415625 0.88125 0.025 0.0203125
1 0.2546875 0.828125 0.025 0.021875
1 0.3046875 0.7609375 0.015625 0.01875
1 0.2328125 0.7703125 0.0375 0.03125
1 0.228125 0.75 0.0140625 0.009375
1 0.309375 0.6875 0.0125 0.0109375
1 0.2921875 0.665625 0.0140625 0.015625
1 0.3125 0.6484375 0.015625 0.0125
1 0.3171875 0.665625 0.0140625 0.0078125
1 0.0078125 0.6671875 0.015625 0.025
1 0.003125 0.75546875 0.00625 0.0171875
1 0.0609375 0.834375 0.01875 0.015625
1 0.0375 0.871875 0.0140625 0.015625
0 0.165625 0.890625 0.0625 0.0625
0 0.1390625 0.8375 0.1171875 0.0734375
0 0.1875 0.7296875 0.09375 0.0796875
0 0.1375 0.703125 0.0984375 0.084375
0 0.15234375 0.66640625 0.1015625 0.0546875
1 0.765625 0.9046875 0.0203125 0.01875
1 0.7546875 0.86875 0.03125 0.0234375
1 0.803125 0.8703125 0.025 0.034375
1 0.809375 0.8453125 0.025 0.0203125
1 0.91875 0.7734375 0.03125 0.025
1 0.853125 0.7875 0.021875 0.028125
1 0.8390625 0.790625 0.0203125 0.0234375
1 0.8328125 0.6515625 0.025 0.025
1 0.79765625 0.6421875 0.0234375 0.00625
1 0.5796875 0.6984375 0.0265625 0.0203125
1 0.54375 0.728125 0.021875 0.0234375
1 0.64375 0.74375 0.0265625 0.021875
0 0.57734375 0.8609375 0.1546875 0.20625
1 0.6796875 0.9265625 0.0359375 0.025
1 0.659375 0.96875 0.034375 0.03125
0 0.553125 0.97578125 0.10625 0.0484375
1 0.509375 0.7390625 0.015625 0.0203125
1 0.6125 0.7203125 0.0203125 0.01875
1 0.6546875 0.7140625 0.01875 0.0171875
1 0.61875 0.74375 0.028125 0.01875
1 0.50546875 0.65234375 0.0109375 0.0265625
1 0.99140625 0.87890625 0.0171875 0.0328125
1 0.996875 0.71953125 0.00625 0.0296875