1 0.0046875 0.49609375 0.009375 0.0078125
1 0.01484375 0.58125 0.0296875 0.015625
1 0.1 0.178125 0.0390625 0.0203125
1 0.1140625 0.528125 0.0125 0.0109375
1 0.11875 0.428125 0.0234375 0.015625
1 0.253125 0.415625 0.021875 0.0203125
1 0.2640625 0.39375 0.0125 0.0109375
1 0.26875 0.5015625 0.0109375 0.0125
1 0.3828125 0.553125 0.0078125 0.025
1 0.3953125 0.3390625 0.0203125 0.0296875
1 0.434375 0.2609375 0.0078125 0.0125
0 0.0828125 0.071875 0.165625 0.14375
0 0.33671875 0.08828125 0.2015625 0.1765625
0 0.1703125 0.08046875 0.253125 0.1609375
1 0.290625 0.3015625 0.0296875 0.028125
1 0.6515625 0.0390625 0.015625 0.0203125
1 0.68125 0.1125 0.0265625 0.0234375
0 0.81875 0.1765625 0.1375 0.1140625
0 0.6421875 0.1921875 0.2296875 0.1375
0 0.5703125 0.20078125 0.103125 0.1890625
1 0.521875 0.44296875 0.00625 0.0296875
1 0.6609375 0.553125 0.0171875 0.015625
1 0.6421875 0.5359375 0.0234375 0.01875
1 0.6046875 0.4640625 0.021875 0.015625
1 0.5796875 0.5328125 0.0171875 0.01875
1 0.5546875 0.4578125 0.03125 0.0265625
1 0.553125 0.3421875 0.0328125 0.028125
1 0.6875 0.565625 0.021875 0.021875
1 0.8578125 0.5609375 0.0234375 0.0203125
1 0.2515625 0.7671875 0.0234375 0.015625
1 0.446875 0.9140625 0.0078125 0.015625
1 0.20390625 0.59453125 0.0359375 0.0109375
1 0.3203125 0.60703125 0.03125 0.0359375
1 0.39375 0.6859375 0.025 0.0234375
1 0.3984375 0.7609375 0.009375 0.0234375
1 0.1921875 0.79375 0.015625 0.0296875
1 0.36875 0.8328125 0.0296875 0.03125
1 0.38125 0.79375 0.04375 0.0328125
1 0.3546875 0.790625 0.0203125 0.034375
1 0.3640625 0.8125 0.021875 0.0171875
0 0.73359375 0.9609375 0.1421875 0.078125
0 0.60859375 0.9609375 0.1796875 0.078125
1 0.64765625 0.97734375 0.0453125 0.0453125