1 0.50625 0.4765625 0.0359375 0.0390625
1 0.525 0.2765625 0.034375 0.0234375
1 0.4015625 0.0796875 0.0609375 0.0796875
1 0.4296875 0.04375 0.0421875 0.0546875
1 0.4703125 0.01953125 0.03125 0.0390625
1 0.4171875 0.565625 0.04375 0.0453125
0 0.228125 0.3203125 0.084375 0.0265625
0 0.2625 0.2328125 0.153125 0.2421875
0 0.4140625 0.2390625 0.309375 0.290625
0 0.53125 0.30390625 0.075 0.4078125
1 0.7171875 0.225 0.0703125 0.0484375
0 0.57734375 0.5140625 0.0171875 0.084375
1 0.6 0.6328125 0.009375 0.009375
0 0.49375 0.775 0.15 0.271875
0 0.20625 0.85 0.1984375 0.1828125
0 0.115625 0.7109375 0.0140625 0.08125
1 0.4171875 0.9671875 0.034375 0.0453125
1 0.3296875 0.8515625 0.03125 0.0359375
1 0.3140625 0.7265625 0.025 0.0234375
1 0.39375 0.846875 0.021875 0.03125
1 0.378125 0.8875 0.01875 0.028125
1 0.98828125 0.96875 0.0234375 0.034375
1 0.96875 0.946875 0.0203125 0.0234375
1 0.934375 0.946875 0.0265625 0.0359375
1 0.9890625 0.7375 0.0171875 0.025
0 0.85859375 0.9328125 0.1546875 0.134375