0 0.3109375 0.434375 0.08125 0.06875
1 0.2546875 0.46015625 0.01875 0.0171875
0 0.15078125 0.4171875 0.1453125 0.103125
1 0.0765625 0.30625 0.0359375 0.0421875
1 0.171875 0.290625 0.0578125 0.0296875
1 0.3328125 0.3359375 0.0359375 0.0609375
1 0.296875 0.296875 0.021875 0.0375
1 0.20625 0.3328125 0.040625 0.0296875
1 0.2078125 0.2921875 0.01875 0.021875
1 0.040625 0.415625 0.021875 0.0265625
1 0.0265625 0.4328125 0.0203125 0.015625
1 0.0078125 0.38515625 0.015625 0.0265625
1 0.0296875 0.25 0.046875 0.03125
1 0.2859375 0.2296875 0.0453125 0.021875
1 0.303125 0.171875 0.0984375 0.1078125
1 0.178125 0.19375 0.0453125 0.046875
1 0.3265625 0.053125 0.0453125 0.0375
1 0.3171875 0.0390625 0.0296875 0.046875
1 0.3359375 0.025 0.0171875 0.0359375
1 0.259375 0.109375 0.04375 0.05
1 0.2578125 0.0671875 0.0296875 0.034375
1 0.2671875 0.00703125 0.046875 0.0140625
1 0.0359375 0.1875 0.046875 0.0828125
1 0.0125 0.16875 0.025 0.046875
1 0.2015625 0.1390625 0.021875 0.0328125
1 0.2234375 0.128125 0.015625 0.01875
1 0.1796875 0.140625 0.0234375 0.03125
1 0.178125 0.090625 0.0359375 0.0234375
1 0.178125 0.115625 0.01875 0.0171875
1 0.134375 0.0953125 0.021875 0.021875
1 0.196875 0.040625 0.015625 0.0296875
1 0.178125 0.0421875 0.0203125 0.0234375
1 0.0171875 0.103125 0.0234375 0.028125
1 0.1140625 0.0625 0.03125 0.0265625
1 0.0890625 0.0734375 0.0203125 0.0328125
1 0.0890625 0.1984375 0.025 0.028125
1 0.04375 0.021875 0.028125 0.0234375
1 0.5796875 0.46484375 0.021875 0.0078125
1 0.58515625 0.3265625 0.0328125 0.05
1 0.5890625 0.165625 0.0375 0.05
1 0.64375 0.18125 0.046875 0.09375
1 0.6625 0.14375 0.0625 0.103125
1 0.6625 0.2625 0.0296875 0.0484375
1 0.753125 0.2484375 0.021875 0.0296875
1 0.7125 0.25 0.021875 0.021875
1 0.728125 0.309375 0.0234375 0.03125
1 0.76875 0.33125 0.0234375 0.0328125
1 0.7859375 0.45546875 0.046875 0.0265625
1 0.83046875 0.44609375 0.0265625 0.0453125
1 0.6984375 0.44375 0.0203125 0.0328125
1 0.74140625 0.45859375 0.0296875 0.0203125
1 0.8203125 0.2828125 0.0390625 0.0421875
1 0.7046875 0.078125 0.1078125 0.0734375
1 0.63984375 0.01640625 0.0578125 0.0328125
1 0.5484375 0.6875 0.0234375 0.0203125
1 0.4140625 0.765625 0.025 0.01875
1 0.3515625 0.725 0.0484375 0.0296875
1 0.296875 0.9265625 0.015625 0.021875
0 0.5453125 0.8859375 0.046875 0.11875
1 0.54296875 0.96875 0.0515625 0.0625
1 0.5328125 0.93125 0.028125 0.0265625
0 0.44765625 0.9125 0.1390625 0.175
0 0.259375 0.9 0.09375 0.1234375
1 0.34375 0.8984375 0.0890625 0.1765625
1 0.55625 0.8234375 0.025 0.021875
1 0.56640625 0.8078125 0.0046875 0.021875
1 0.3390625 0.6859375 0.015625 0.0296875
1 0.353125 0.690625 0.01875 0.0125
1 0.271875 0.6765625 0.0140625 0.0140625
1 0.8171875 0.9953125 0.021875 0.009375
1 0.5734375 0.871875 0.009375 0.015625
1 0.6015625 0.9453125 0.0140625 0.0203125
1 0.6328125 0.9421875 0.015625 0.0109375
1 0.63125 0.9265625 0.0140625 0.0171875
1 0.6515625 0.896875 0.0234375 0.0203125
1 0.6609375 0.9359375 0.01875 0.015625
1 0.615625 0.86875 0.040625 0.0359375
1 0.628125 0.8484375 0.015625 0.0171875
1 0.5984375 0.821875 0.0328125 0.0328125
1 0.5953125 0.796875 0.0265625 0.025
1 0.5953125 0.7578125 0.0125 0.01875
1 0.7484375 0.9796875 0.0234375 0.0203125
1 0.70625 0.9390625 0.0375 0.04375
1 0.7203125 0.91875 0.0171875 0.015625
1 0.6859375 0.88125 0.0171875 0.0125
1 0.696875 0.840625 0.025 0.0296875
1 0.7015625 0.8703125 0.021875 0.028125
1 0.734375 0.8828125 0.03125 0.0203125
1 0.7359375 0.80625 0.0171875 0.0171875
1 0.7578125 0.8203125 0.0203125 0.01875
1 0.778125 0.8453125 0.0296875 0.0171875
1 0.80625 0.878125 0.0171875 0.0109375
1 0.8125 0.928125 0.0265625 0.0296875
1 0.853125 0.840625 0.0234375 0.025
1 0.58125 0.68125 0.025 0.046875
1 0.58125 0.58125 0.01875 0.01875
1 0.6125 0.7484375 0.0296875 0.01875
1 0.6203125 0.7375 0.0234375 0.0265625
1 0.61875 0.7125 0.021875 0.015625
1 0.675 0.58125 0.015625 0.0140625
1 0.678125 0.7078125 0.0171875 0.0234375
1 0.70625 0.6890625 0.0125 0.0234375
1 0.6953125 0.76875 0.0171875 0.0203125
1 0.778125 0.63125 0.0296875 0.015625
1 0.7203125 0.7375 0.0109375 0.015625
1 0.8046875 0.58125 0.021875 0.0296875
1 0.8484375 0.7171875 0.025 0.0234375
1 0.809375 0.6734375 0.0203125 0.01875
1 0.8203125 0.675 0.0125 0.0171875
1 0.8171875 0.7484375 0.0125 0.0171875
1 0.8375 0.75 0.03125 0.0265625
1 0.85625 0.7578125 0.0234375 0.0203125
1 0.86875 0.75625 0.009375 0.0234375
1 0.68125 0.6515625 0.015625 0.0203125
1 0.6 0.628125 0.0140625 0.0109375
1 0.6046875 0.56875 0.0109375 0.009375
1 0.8046875 0.49375 0.0296875 0.0375
1 0.828125 0.4875 0.015625 0.01875
1 0.81953125 0.47421875 0.0171875 0.0109375
1 0.8625 0.496875 0.028125 0.015625
1 0.86953125 0.4703125 0.0109375 0.003125
1 0.7546875 0.47734375 0.021875 0.0171875
1 0.6796875 0.478125 0.021875 0.01875
1 0.63125 0.4796875 0.015625 0.0171875
1 0.578125 0.48125 0.01875 0.025
1 0.59453125 0.478125 0.0203125 0.01875
1 0.5796875 0.496875 0.009375 0.0171875
1 0.6234375 0.4921875 0.0140625 0.01875
1 0.659375 0.475 0.01875 0.0125
1 0.7359375 0.921875 0.021875 0.015625
1 0.75 0.94375 0.0125 0.0125
1 0.7578125 0.9703125 0.0109375 0.0125
1 0.7453125 0.9546875 0.0140625 0.0109375
1 0.575 0.775 0.0109375 0.0078125
1 0.621875 0.7640625 0.0125 0.009375
1 0.7171875 0.8171875 0.009375 0.0125