0 0.50859375 0.35546875 0.2421875 0.1609375
0 0.5234375 0.265625 0.2125 0.325
0 0.48828125 0.1140625 0.2828125 0.228125
0 0.50625 0.06328125 0.246875 0.1265625
1 0.6171875 0.2875 0.0171875 0.034375
1 0.6171875 0.2453125 0.0234375 0.009375
1 0.225 0.4296875 0.025 0.015625
1 0.2921875 0.425 0.0125 0.00625
1 0.284375 0.2203125 0.0359375 0.0296875
1 0.309375 0.240625 0.021875 0.015625
1 0.28125 0.2484375 0.025 0.03125
1 0.2171875 0.2171875 0.015625 0.01875
1 0.1875 0.3125 0.0375 0.0328125
1 0.2578125 0.03125 0.121875 0.0625
1 0.1484375 0.0921875 0.06875 0.078125
1 0.184375 0.1296875 0.0390625 0.0375
1 0.1453125 0.2296875 0.0234375 0.0265625
1 0.0953125 0.2015625 0.0421875 0.03125
1 0.1484375 0.2859375 0.01875 0.01875
1 0.0875 0.3640625 0.0609375 0.0390625
1 0.021875 0.425 0.0171875 0.025
1 0.01796875 0.29296875 0.0359375 0.0640625
1 0.0953125 0.015625 0.015625 0.015625
1 0.8953125 0.253125 0.0125 0.0125
1 0.7984375 0.3140625 0.03125 0.01875
1 0.9390625 0.3234375 0.01875 0.015625
1 0.81875 0.4578125 0.015625 0.0140625
1 0.6828125 0.4640625 0.0171875 0.021875
0 0.88203125 0.23046875 0.2359375 0.1671875
0 0.853125 0.425 0.29375 0.20625
0 0.89921875 0.4859375 0.1578125 0.10625
1 0.86875 0.3609375 0.0140625 0.009375
1 0.8890625 0.428125 0.0140625 0.0203125
1 0.8734375 0.4890625 0.015625 0.01875
1 0.859375 0.4796875 0.0328125 0.059375
1 0.26875 0.6171875 0.0109375 0.0078125
0 0.321875 0.7359375 0.1515625 0.1375
1 0.5890625 0.95625 0.0125 0.015625
0 0.3171875 0.928125 0.10625 0.14375
0 0.3171875 0.6359375 0.096875 0.1359375
0 0.875 0.721875 0.171875 0.1078125
0 0.8640625 0.5578125 0.125 0.0375
1 0.7046875 0.6328125 0.021875 0.0359375