1 0.134375 0.0046875 0.0125 0.009375
1 0.3796875 0.0125 0.03125 0.025
1 0.1921875 0.0375 0.0328125 0.0296875
1 0.421875 0.0640625 0.015625 0.0125
1 0.45 0.0671875 0.021875 0.015625
1 0.45625 0.1421875 0.0328125 0.0375
1 0.4046875 0.1640625 0.03125 0.0375
1 0.54375 0.2578125 0.025 0.0234375
1 0.4265625 0.2734375 0.009375 0.0171875
1 0.359375 0.29375 0.025 0.0203125
1 0.40625 0.3015625 0.0265625 0.0203125
1 0.35 0.334375 0.009375 0.028125
1 0.3703125 0.3296875 0.0296875 0.040625
0 0.61328125 0.33359375 0.0734375 0.0421875
0 0.60390625 0.27734375 0.0921875 0.1140625
1 0.55625 0.328125 0.05625 0.0265625
1 0.5484375 0.125 0.025 0.028125
1 0.6453125 0.20703125 0.009375 0.0265625
1 0.5203125 0.04375 0.0375 0.040625
1 0.5328125 0.0640625 0.03125 0.0109375
0 0.61171875 0.1578125 0.0765625 0.0625
1 0.6203125 0.1296875 0.0125 0.0125
0 0.5921875 0.03984375 0.115625 0.0796875
0 0.6078125 0.07421875 0.084375 0.1171875
1 0.4328125 0.0109375 0.021875 0.0125
1 0.428125 0.0296875 0.009375 0.015625
1 0.3875 0.0296875 0.00625 0.0203125
1 0.340625 0.0484375 0.028125 0.021875
1 0.3171875 0.0609375 0.059375 0.0390625
1 0.4375 0.159375 0.015625 0.025
1 0.415625 0.1234375 0.03125 0.015625
1 0.35 0.1609375 0.0625 0.05625
1 0.2640625 0.109375 0.0171875 0.0171875
1 0.265625 0.125 0.0359375 0.03125
1 0.3296875 0.1203125 0.040625 0.0328125
1 0.3203125 0.175 0.0265625 0.021875
1 0.31875 0.1453125 0.04375 0.025
1 0.3 0.134375 0.015625 0.0140625
1 0.2953125 0.153125 0.015625 0.015625
1 0.3125 0.1625 0.0078125 0.0140625
1 0.3890625 0.1953125 0.0140625 0.021875
1 0.165625 0.25 0.0171875 0.028125
1 0.19375 0.253125 0.0234375 0.0234375
1 0.2203125 0.3109375 0.034375 0.0640625
1 0.275 0.3 0.025 0.015625
1 0.2828125 0.334375 0.040625 0.0328125
1 0.275 0.3125 0.021875 0.00625
1 0.2625 0.321875 0.01875 0.0125
0 0.1015625 0.3390625 0.071875 0.0328125
1 0.10625 0.30625 0.0234375 0.03125
1 0.0828125 0.315625 0.0296875 0.01875
1 0.04375 0.3296875 0.028125 0.046875
1 0.0109375 0.353125 0.0109375 0.00625
1 0.021875 0.25625 0.0203125 0.03125
1 0.2078125 0.1640625 0.0234375 0.025
1 0.1890625 0.1828125 0.0265625 0.021875
1 0.1859375 0.1359375 0.0171875 0.0203125
1 0.1828125 0.096875 0.021875 0.03125
1 0.2265625 0.0546875 0.025 0.0296875
1 0.171875 0.1203125 0.0046875 0.0140625
1 0.0921875 0.2375 0.0375 0.025
0 0.0890625 0.02734375 0.134375 0.0546875
1 0.009375 0.01796875 0.01875 0.0234375
1 0.0203125 0.065625 0.040625 0.0625
1 0.04375 0.053125 0.0234375 0.028125
1 0.075 0.0671875 0.0453125 0.0234375
1 0.10625 0.084375 0.0203125 0.01875
0 0.0609375 0.1640625 0.1203125 0.1375
1 0.071875 0.103125 0.0375 0.040625
1 0.028125 0.13828125 0.05625 0.0296875
1 0.125 0.10625 0.0296875 0.0328125
0 0.08125 0.2078125 0.153125 0.06875
1 0.21875 0.0046875 0.03125 0.009375
0 0.98125 0.39609375 0.0375 0.0765625
0 0.97734375 0.325 0.0453125 0.165625
0 0.97109375 0.16640625 0.0578125 0.2453125
1 0.93125 0.196875 0.03125 0.04375
1 0.97890625 0.0171875 0.0421875 0.034375
1 0.915625 0.0234375 0.065625 0.046875
1 0.846875 0.0265625 0.0453125 0.0453125
1 0.7796875 0.04375 0.0578125 0.0734375
1 0.7578125 0.015625 0.03125 0.03125
1 0.740625 0.1015625 0.05 0.059375
1 0.771875 0.0921875 0.0296875 0.0453125
1 0.8015625 0.1203125 0.0296875 0.0375
1 0.9046875 0.4171875 0.071875 0.0375
1 0.725 0.421875 0.059375 0.0265625
1 0.8984375 0.3578125 0.034375 0.0453125
1 0.8890625 0.3109375 0.03125 0.03125
1 0.8578125 0.315625 0.0296875 0.0375
1 0.7703125 0.2421875 0.0515625 0.0265625
1 0.7296875 0.2390625 0.03125 0.028125
1 0.7453125 0.275 0.025 0.0171875
1 0.696875 0.2515625 0.0359375 0.0515625
1 0.740625 0.3625 0.0421875 0.03125
1 0.696875 0.4015625 0.025 0.021875
1 0.7015625 0.3734375 0.0421875 0.0265625
1 0.709375 0.3109375 0.11875 0.096875
1 0.6875 0.159375 0.03125 0.0328125
1 0.828125 0.1875 0.028125 0.0359375
1 0.7859375 0.184375 0.0578125 0.034375
1 0.8390625 0.0671875 0.021875 0.0265625
1 0.66484375 0.075 0.0296875 0.05
1 0.6921875 0.0578125 0.0203125 0.0390625
1 0.8640625 0.24375 0.0234375 0.03125
1 0.040625 0.6046875 0.0125 0.0078125
1 0.11875 0.609375 0.0125 0.0171875
1 0.540625 0.6203125 0.0203125 0.0109375
1 0.515625 0.621875 0.025 0.0109375
1 0.409375 0.66875 0.0234375 0.0203125
1 0.5609375 0.6953125 0.0375 0.03125
1 0.0984375 0.7078125 0.0234375 0.0078125
1 0.5625 0.7296875 0.046875 0.0265625
1 0.48125 0.778125 0.0140625 0.021875
1 0.3203125 0.7953125 0.0171875 0.01875
1 0.4390625 0.809375 0.0375 0.025
1 0.5515625 0.821875 0.015625 0.0421875
1 0.53125 0.840625 0.03125 0.0140625
1 0.6140625 0.8390625 0.025 0.0296875
1 0.1640625 0.859375 0.0359375 0.0296875
1 0.1203125 0.871875 0.021875 0.0234375
1 0.4640625 0.875 0.0328125 0.025
1 0.5765625 0.871875 0.0484375 0.05
1 0.175 0.9 0.0265625 0.034375
1 0.2171875 0.9109375 0.0296875 0.03125
1 0.440625 0.9125 0.040625 0.0609375
1 0.2640625 0.9296875 0.0484375 0.03125
1 0.490625 0.9328125 0.0078125 0.0234375
1 0.6390625 0.93515625 0.021875 0.0265625
1 0.4359375 0.94375 0.015625 0.0125
1 0.5390625 0.9609375 0.0234375 0.025
1 0.5125 0.9796875 0.01875 0.00625
1 0.1953125 0.9703125 0.0546875 0.0578125
1 0.59140625 0.9859375 0.0296875 0.028125
1 0.16640625 0.99609375 0.0171875 0.0078125
1 0.46171875 0.99609375 0.0078125 0.0078125
1 0.3984375 0.978125 0.025 0.04375
1 0.4796875 0.8296875 0.0546875 0.04375
1 0.4828125 0.734375 0.0390625 0.0578125
1 0.528125 0.7875 0.071875 0.0734375
1 0.5046875 0.8109375 0.0296875 0.0328125
1 0.503125 0.6828125 0.05 0.05625
1 0.4328125 0.703125 0.0453125 0.0515625
1 0.471875 0.6828125 0.03125 0.0296875
1 0.4671875 0.709375 0.0171875 0.01875
1 0.284375 0.97421875 0.06875 0.0515625
1 0.2296875 0.615625 0.046875 0.0296875
1 0.2390625 0.6515625 0.053125 0.0625
1 0.228125 0.690625 0.01875 0.009375
1 0.1515625 0.9140625 0.0171875 0.034375
1 0.121875 0.9390625 0.0390625 0.04375
1 0.103125 0.9 0.0390625 0.040625
1 0.0796875 0.934375 0.0515625 0.0546875
1 0.0359375 0.9359375 0.0375 0.0546875
1 0.078125 0.9609375 0.0234375 0.0265625
1 0.025 0.98515625 0.028125 0.0296875
1 0.04921875 0.98203125 0.0578125 0.0359375
1 0.2796875 0.6203125 0.0359375 0.034375
0 0.328125 0.675 0.08125 0.146875
1 0.2875 0.6765625 0.028125 0.05
0 0.325 0.7625 0.1703125 0.084375
1 0.4140625 0.775 0.0390625 0.0328125
1 0.3671875 0.73125 0.01875 0.0203125
1 0.19375 0.6359375 0.0171875 0.0375
1 0.1734375 0.6609375 0.025 0.0296875
1 0.1921875 0.68125 0.015625 0.0234375
1 0.2078125 0.71875 0.0546875 0.05625
1 0.15625 0.6875 0.0453125 0.0390625
1 0.128125 0.7140625 0.0265625 0.0140625
1 0.25 0.725 0.0390625 0.0640625
1 0.26875 0.7875 0.0359375 0.0328125
1 0.2515625 0.7640625 0.025 0.0234375
1 0.303125 0.8265625 0.0515625 0.0390625
1 0.3890625 0.81875 0.0265625 0.0171875
1 0.359375 0.8234375 0.0234375 0.0265625
1 0.4203125 0.8359375 0.025 0.03125
1 0.3953125 0.9203125 0.05625 0.075
0 0.3390625 0.8609375 0.1640625 0.071875
1 0.2765625 0.8359375 0.0203125 0.04375
0 0.34375 0.9234375 0.053125 0.08125
1 0.359375 0.959375 0.0171875 0.0234375
1 0.3359375 0.9765625 0.0296875 0.0140625
1 0.0625 0.696875 0.0546875 0.0765625
1 0.0171875 0.70390625 0.034375 0.0328125
1 0.01015625 0.73359375 0.0203125 0.0265625
1 0.0390625 0.7203125 0.0234375 0.0078125
1 0.05 0.746875 0.03125 0.0421875
1 0.05625 0.7765625 0.0140625 0.0140625
1 0.01875 0.778125 0.0203125 0.021875
1 0.0453125 0.8828125 0.071875 0.0390625
1 0.0640625 0.8390625 0.0203125 0.03125
1 0.053125 0.853125 0.03125 0.0421875
1 0.1296875 0.753125 0.01875 0.0375
1 0.2078125 0.8203125 0.0921875 0.125
1 0.190625 0.7515625 0.0625 0.05625
1 0.1796875 0.73125 0.009375 0.015625
1 0.13125 0.803125 0.10625 0.109375
1 0.0796875 0.778125 0.03125 0.0296875
1 0.0953125 0.75 0.0375 0.0328125
1 0.065625 0.80625 0.0171875 0.0265625
1 0.0296875 0.8390625 0.059375 0.08125
1 0.01484375 0.803125 0.0296875 0.065625
0 0.9875 0.9484375 0.025 0.103125
1 0.9796875 0.9234375 0.01875 0.0234375
1 0.971875 0.9546875 0.0125 0.025
1 0.903125 0.590625 0.0703125 0.0390625
1 0.9109375 0.7921875 0.0296875 0.0234375
1 0.875 0.9703125 0.065625 0.0578125
1 0.8375 0.978125 0.03125 0.0328125
1 0.925 0.878125 0.0171875 0.0203125
1 0.884375 0.928125 0.03125 0.0265625
1 0.8359375 0.8984375 0.03125 0.0265625
1 0.8390625 0.859375 0.01875 0.021875
1 0.8515625 0.6125 0.025 0.0234375
1 0.809375 0.6609375 0.0171875 0.028125
1 0.859375 0.6953125 0.0234375 0.0140625
1 0.8421875 0.69375 0.028125 0.01875
1 0.7828125 0.7125 0.0328125 0.0265625
1 0.7515625 0.703125 0.0265625 0.0421875
1 0.746875 0.7171875 0.03125 0.0359375
1 0.840625 0.759375 0.0203125 0.0109375
1 0.78125 0.8609375 0.0265625 0.021875
1 0.7890625 0.934375 0.0234375 0.021875
1 0.7921875 0.9765625 0.034375 0.040625
1 0.74921875 0.96875 0.0484375 0.0625
1 0.728125 0.990625 0.01875 0.01875
1 0.721875 0.9078125 0.04375 0.0546875
1 0.6921875 0.9203125 0.028125 0.0359375
1 0.66875 0.91328125 0.0375 0.0234375
1 0.865625 0.778125 0.0203125 0.015625
1 0.67109375 0.8515625 0.0421875 0.034375
1 0.6765625 0.8125 0.04375 0.0453125
1 0.66015625 0.77109375 0.0203125 0.0421875
1 0.6796875 0.73125 0.053125 0.0625
1 0.7046875 0.69375 0.028125 0.0359375
1 0.665625 0.6984375 0.0265625 0.0265625
1 0.6546875 0.7015625 0.009375 0.01875
1 0.6578125 0.67265625 0.015625 0.0453125
1 0.7 0.6421875 0.0765625 0.0640625
1 0.665625 0.6015625 0.03125 0.0625
1 0.809375 0.6921875 0.0203125 0.0296875