1 0.184375 0.446875 0.0140625 0.0140625
0 0.2703125 0.2875 0.125 0.309375
1 0.2546875 0.0921875 0.0296875 0.0203125
0 0.115625 0.2703125 0.196875 0.2578125
1 0.02421875 0.30390625 0.0484375 0.0546875
1 0.10625 0.021875 0.03125 0.025
1 0.30625 0.0375 0.034375 0.0359375
1 0.2390625 0.1703125 0.0125 0.0125
1 0.65625 0.5109375 0.0375 0.0234375
1 0.6625 0.35625 0.0453125 0.034375
1 0.603125 0.3328125 0.03125 0.053125
1 0.9671875 0.4359375 0.0234375 0.025
1 0.9859375 0.2515625 0.01875 0.0453125
1 0.9828125 0.17734375 0.034375 0.0578125
1 0.953125 0.1421875 0.0171875 0.0140625
1 0.928125 0.15 0.0375 0.0296875
1 0.8765625 0.115625 0.040625 0.0328125
1 0.9078125 0.1328125 0.0171875 0.028125
1 0.8484375 0.2578125 0.0234375 0.0203125
1 0.8296875 0.2546875 0.0171875 0.0203125
1 0.728125 0.225 0.0171875 0.0234375
1 0.7171875 0.21875 0.0296875 0.0203125
1 0.8796875 0.15625 0.015625 0.03125
1 0.8359375 0.1 0.046875 0.05625
1 0.8125 0.0890625 0.03125 0.040625
1 0.8625 0.0578125 0.0671875 0.03125
0 0.86171875 0.025 0.2765625 0.05
1 0.9796875 0.1078125 0.03125 0.015625
1 0.9328125 0.0921875 0.015625 0.0390625
1 0.925 0.04375 0.0171875 0.0296875
1 0.9609375 0.0515625 0.0484375 0.025
1 0.9609375 0.028125 0.0265625 0.0296875
1 0.703125 0.09375 0.0140625 0.0296875
1 0.6921875 0.0875 0.009375 0.0296875
0 0.690625 0.06015625 0.2 0.1203125
1 0.6109375 0.10625 0.0265625 0.0234375
1 0.20625 0.996875 0.015625 0.00625
1 0.2703125 0.9921875 0.01875 0.0140625
1 0.3015625 0.975 0.009375 0.015625
1 0.3296875 0.990625 0.01875 0.01875
1 0.3453125 0.8484375 0.0203125 0.0203125
1 0.46875 0.95625 0.0234375 0.0234375
1 0.45234375 0.99453125 0.0515625 0.0109375
1 0.4078125 0.996875 0.00625 0.003125
1 0.3984375 0.98125 0.0125 0.025
1 0.2078125 0.9125 0.0203125 0.0234375
1 0.1640625 0.8515625 0.0296875 0.025
1 0.1359375 0.8234375 0.0125 0.01875
1 0.2390625 0.86875 0.00625 0.0078125
1 0.4578125 0.8203125 0.046875 0.0296875
1 0.4859375 0.80625 0.0234375 0.040625
1 0.509375 0.76640625 0.01875 0.0109375
1 0.4921875 0.659375 0.0109375 0.0140625
1 0.48125 0.690625 0.0203125 0.021875
1 0.4234375 0.775 0.0171875 0.015625
1 0.4015625 0.7234375 0.009375 0.0125
1 0.4453125 0.665625 0.025 0.0296875
1 0.3265625 0.7296875 0.028125 0.01875
1 0.3578125 0.7265625 0.0078125 0.015625
1 0.3546875 0.7671875 0.01875 0.028125
1 0.296875 0.7828125 0.00625 0.0078125
1 0.275 0.8015625 0.0203125 0.0171875
1 0.265625 0.74375 0.0203125 0.015625
1 0.271875 0.7109375 0.015625 0.0140625
1 0.2171875 0.734375 0.0109375 0.0109375
1 0.225 0.71875 0.015625 0.0109375
1 0.184375 0.70625 0.028125 0.0140625
1 0.15 0.6796875 0.0203125 0.0234375
1 0.1484375 0.6671875 0.015625 0.015625
1 0.1328125 0.6625 0.0171875 0.05
1 0.1390625 0.653125 0.025 0.015625
1 0.134375 0.6296875 0.0203125 0.01875
1 0.3015625 0.70625 0.0265625 0.015625
1 0.303125 0.6578125 0.0171875 0.009375
1 0.3171875 0.6359375 0.0140625 0.0125
1 0.334375 0.6109375 0.015625 0.0203125
1 0.2609375 0.653125 0.0125 0.0109375
1 0.39375 0.665625 0.0125 0.009375
1 0.4046875 0.665625 0.009375 0.0125
1 0.475 0.584375 0.0171875 0.0171875
1 0.48359375 0.559375 0.0140625 0.01875
1 0.315625 0.559375 0.01875 0.01875
1 0.353125 0.559375 0.034375 0.01875
1 0.37265625 0.5515625 0.0171875 0.003125
0 0.35625 0.63125 0.203125 0.1625
1 0.3421875 0.66875 0.015625 0.0140625
0 0.2078125 0.63125 0.16875 0.1625
0 0.7828125 0.9734375 0.096875 0.053125
1 0.615625 0.81875 0.01875 0.0078125