1 0.1703125 0.36875 0.0125 0.0359375
1 0.01875 0.3546875 0.03125 0.015625
1 0.1390625 0.3453125 0.00625 0.009375
1 0.034375 0.334375 0.028125 0.025
1 0.2953125 0.3328125 0.025 0.025
1 0.009375 0.315625 0.01875 0.034375
1 0.171875 0.2796875 0.025 0.0203125
1 0.1359375 0.2703125 0.0203125 0.028125
1 0.309375 0.259375 0.046875 0.0375
1 0.4796875 0.25 0.0390625 0.028125
1 0.609375 0.2453125 0.015625 0.021875
1 0.6640625 0.2375 0.0328125 0.0390625
1 0.6421875 0.196875 0.0390625 0.025
1 0.0671875 0.1890625 0.0203125 0.0125
1 0.503125 0.15625 0.040625 0.0265625
1 0.26875 0.13125 0.03125 0.03125
1 0.184375 0.059375 0.015625 0.0203125
1 0.753125 0.05625 0.021875 0.01875
1 0.58125 0.0453125 0.0703125 0.0625
1 0.01015625 0.1125 0.0203125 0.025
1 0.2015625 0.11875 0.01875 0.021875
1 0.146875 0.1328125 0.03125 0.0375
1 0.196875 0.3078125 0.0328125 0.028125
1 0.1671875 0.215625 0.0359375 0.021875
1 0.20625 0.215625 0.0453125 0.0296875
1 0.2140625 0.2625 0.078125 0.071875
1 0.1296875 0.1796875 0.04375 0.0234375
1 0.6453125 0.00546875 0.01875 0.0109375
1 0.7578125 0.33515625 0.021875 0.0859375
1 0.60625 0.2125 0.0390625 0.0484375
1 0.7359375 0.128125 0.0265625 0.034375
1 0.6421875 0.4015625 0.0078125 0.0109375
1 0.6328125 0.3953125 0.021875 0.0203125
1 0.64375 0.35625 0.0265625 0.03125
1 0.578125 0.3671875 0.0453125 0.034375
1 0.609375 0.3640625 0.01875 0.034375
1 0.4953125 0.1265625 0.03125 0.034375
1 0.5109375 0.25 0.0359375 0.0296875
1 0.5234375 0.1921875 0.0453125 0.053125
1 0.5234375 0.2171875 0.0265625 0.025
0 0.37421875 0.03671875 0.2109375 0.0734375
0 0.371875 0.14375 0.134375 0.178125
1 0.421875 0.228125 0.0453125 0.0296875
0 0.3625 0.3484375 0.096875 0.1171875
0 0.46875 0.3578125 0.1421875 0.1015625
0 0.3828125 0.315625 0.046875 0.05
0 0.3796875 0.3984375 0.075 0.0203125
1 0.303125 0.384375 0.0546875 0.046875
1 0.25625 0.3890625 0.040625 0.034375
1 0.5390625 0.3859375 0.04375 0.040625
1 0.5015625 0.2859375 0.0375 0.04375
1 0.496875 0.325 0.0453125 0.034375
0 0.8328125 0.359375 0.0953125 0.0796875
0 0.8375 0.2578125 0.1375 0.171875
0 0.84453125 0.13671875 0.1515625 0.1140625
1 0.83046875 0.0078125 0.0359375 0.015625
0 0.83125 0.0578125 0.103125 0.103125
1 0.9453125 0.15 0.03125 0.034375
1 0.971875 0.1125 0.0546875 0.059375
1 0.14921875 0.99375 0.0421875 0.0125
1 0.6828125 0.9296875 0.03125 0.0234375
1 0.2640625 0.9234375 0.0234375 0.015625
1 0.6484375 0.925 0.0328125 0.0234375
1 0.17578125 0.94609375 0.1265625 0.1078125
1 0.5375 0.884375 0.015625 0.0203125
1 0.7015625 0.85625 0.025 0.0296875
1 0.44375 0.8 0.0109375 0.015625
1 0.053125 0.8171875 0.0625 0.0640625
1 0.6578125 0.7109375 0.0265625 0.021875
0 0.38125 0.734375 0.109375 0.1
1 0.06875 0.725 0.03125 0.05625
1 0.1703125 0.7921875 0.015625 0.015625
1 0.2234375 0.7796875 0.0734375 0.046875
1 0.2625 0.7765625 0.021875 0.034375
0 0.3453125 0.96953125 0.178125 0.0609375
0 0.371875 0.8828125 0.15 0.134375
1 0.3578125 0.834375 0.025 0.028125
1 0.38125 0.803125 0.0453125 0.0328125
1 0.3109375 0.975 0.065625 0.0359375