1 0.4015625 0.2703125 0.0046875 0.0140625
1 0.3671875 0.50625 0.0078125 0.0046875
1 0.3328125 0.578125 0.00625 0.003125
1 0.06875 0.15625 0.0046875 0.0140625
1 0.36015625 0.5703125 0.0109375 0.01875
1 0.065625 0.39375 0.0328125 0.0421875
1 0.2734375 0.34375 0.0296875 0.021875
1 0.20625 0.4375 0.0125 0.0125
1 0.2578125 0.4609375 0.146875 0.0515625
1 0.28125 0.296875 0.03125 0.0375
1 0.3625 0.3015625 0.0328125 0.0390625
1 0.2078125 0.2703125 0.028125 0.0234375
1 0.2328125 0.1765625 0.0109375 0.0125
0 0.32734375 0.08125 0.1828125 0.1625
1 0.1875 0.115625 0.0046875 0.009375
1 0.1859375 0.0890625 0.021875 0.025
1 0.1 0.0421875 0.0359375 0.0734375
1 0.1140625 0.096875 0.01875 0.0625
1 0.0734375 0.1125 0.0171875 0.0421875
0 0.05703125 0.053125 0.1140625 0.10625
0 0.75625 0.35625 0.2125 0.2125
1 0.97734375 0.4578125 0.0453125 0.028125
1 0.7984375 0.3625 0.0359375 0.028125
1 0.81875 0.2125 0.0328125 0.0359375
1 0.8859375 0.184375 0.034375 0.0328125
1 0.9234375 0.2078125 0.03125 0.0484375
1 0.9734375 0.178125 0.0234375 0.0375
1 0.95 0.0640625 0.0265625 0.03125
1 0.8421875 0.0484375 0.0265625 0.028125
1 0.7984375 0.0359375 0.0375 0.0453125
1 0.8453125 0.01171875 0.028125 0.0234375
1 0.88984375 0.00859375 0.0359375 0.0171875
1 0.9296875 0.00546875 0.028125 0.0109375
1 0.984375 0.00390625 0.021875 0.0078125
1 0.990625 0.02890625 0.01875 0.0203125
1 0.7734375 0.0671875 0.03125 0.0265625
1 0.7578125 0.09375 0.0234375 0.0359375
1 0.6765625 0.1046875 0.0265625 0.0453125
1 0.6515625 0.0890625 0.025 0.0234375
1 0.6765625 0.1390625 0.0421875 0.0421875
1 0.7109375 0.0890625 0.0125 0.01875
1 0.83125 0.5015625 0.0484375 0.0390625
1 0.7328125 0.4984375 0.028125 0.0265625
1 0.69765625 0.00546875 0.0234375 0.0109375
1 0.946875 0.478125 0.0265625 0.034375
0 0.91640625 0.35390625 0.1671875 0.2140625
1 0.07109375 0.98671875 0.0484375 0.0265625
1 0.221875 0.9046875 0.03125 0.0265625
1 0.03125 0.884375 0.0484375 0.0328125
1 0.00546875 0.86640625 0.0109375 0.0296875
1 0.0296875 0.834375 0.021875 0.03125
1 0.09375 0.8625 0.0640625 0.0484375
1 0.1671875 0.8703125 0.015625 0.0265625
0 0.025 0.621875 0.05 0.084375
1 0.36875 0.60078125 0.034375 0.0421875
1 0.41875 0.6203125 0.0265625 0.028125
1 0.3890625 0.896875 0.0546875 0.0453125
0 0.4484375 0.809375 0.103125 0.2828125
0 0.128125 0.7453125 0.1734375 0.2640625
0 0.303125 0.7375 0.3015625 0.2703125
1 0.9828125 0.8453125 0.0171875 0.0375
1 0.9390625 0.890625 0.0296875 0.021875
1 0.9484375 0.9375 0.0265625 0.015625
1 0.93125 0.940625 0.0171875 0.021875
1 0.9265625 0.8390625 0.021875 0.0171875
1 0.9125 0.8109375 0.0125 0.0296875
1 0.8890625 0.81875 0.0390625 0.05
1 0.8453125 0.684375 0.0171875 0.0171875
1 0.846875 0.6296875 0.0203125 0.021875
1 0.6875 0.5890625 0.0109375 0.0171875
1 0.6515625 0.84375 0.03125 0.021875
1 0.55859375 0.615625 0.0171875 0.040625
0 0.675 0.690625 0.171875 0.221875
1 0.590625 0.9796875 0.0390625 0.0390625
1 0.58125 0.8375 0.03125 0.0328125
1 0.56875 0.83125 0.015625 0.03125
1 0.596875 0.85625 0.0328125 0.04375
1 0.5796875 0.85625 0.015625 0.03125
1 0.6125 0.825 0.0390625 0.04375
1 0.8359375 0.821875 0.03125 0.0328125
1 0.840625 0.8015625 0.040625 0.015625
1 0.8578125 0.7921875 0.015625 0.01875
1 0.784375 0.85625 0.0265625 0.0375
1 0.75625 0.8125 0.05 0.034375
1 0.7703125 0.8203125 0.034375 0.059375
1 0.7859375 0.8328125 0.021875 0.0171875
1 0.69375 0.8421875 0.0328125 0.01875
1 0.721875 0.821875 0.021875 0.015625
1 0.7109375 0.83125 0.0109375 0.00625
1 0.74375 0.8328125 0.015625 0.015625
1 0.6859375 0.8015625 0.0265625 0.03125
1 0.7171875 0.8078125 0.040625 0.0234375
0 0.984375 0.6359375 0.03125 0.1125
0 0.9109375 0.6984375 0.178125 0.2375
1 0.5546875 0.74765625 0.009375 0.0171875
1 0.5578125 0.7125 0.015625 0.034375
1 0.6328125 0.725 0.021875 0.03125
1 0.659375 0.7921875 0.0296875 0.01875
1 0.6296875 0.7390625 0.0453125 0.0171875
1 0.5921875 0.7390625 0.021875 0.0265625
1 0.5703125 0.7125 0.0140625 0.0203125
1 0.5734375 0.6671875 0.046875 0.0375
1 0.5703125 0.6 0.028125 0.03125
1 0.5953125 0.58203125 0.028125 0.0046875
1 0.6109375 0.6140625 0.0328125 0.025
1 0.61171875 0.5875 0.0328125 0.015625
1 0.6359375 0.625 0.0484375 0.0546875
1 0.6765625 0.675 0.01875 0.03125
1 0.665625 0.7 0.0390625 0.028125
1 0.7125 0.5953125 0.0296875 0.0265625
1 0.72578125 0.5828125 0.0265625 0.00625
1 0.74453125 0.5921875 0.0296875 0.025
1 0.78203125 0.58046875 0.0328125 0.0015625
1 0.8125 0.58671875 0.015625 0.0140625
1 0.84453125 0.58515625 0.0234375 0.0109375
1 0.8453125 0.590625 0.05 0.021875
1 0.890625 0.58984375 0.034375 0.0203125
1 0.8609375 0.5953125 0.015625 0.0171875
1 0.8625 0.690625 0.0171875 0.0359375
1 0.9046875 0.653125 0.0171875 0.025
1 0.96953125 0.6140625 0.0515625 0.06875