1 0.3671875 0.0390625 0.028125 0.0359375
1 0.4546875 0.059375 0.03125 0.0296875
1 0.4265625 0.278125 0.0234375 0.0328125
1 0.4421875 0.2609375 0.0390625 0.0421875
1 0.4390625 0.24375 0.0125 0.0109375
1 0.275 0.0734375 0.1125 0.1140625
1 0.0703125 0.146875 0.0359375 0.025
0 0.07265625 0.2546875 0.1453125 0.140625
1 0.1703125 0.2515625 0.040625 0.03125
0 0.01015625 0.26171875 0.0203125 0.1234375
0 0.059375 0.30625 0.01875 0.0359375
0 0.0703125 0.2953125 0.0390625 0.059375
0 0.55625 0.3359375 0.1453125 0.06875
1 0.8625 0.2234375 0.034375 0.0265625
1 0.775 0.2890625 0.0265625 0.015625
1 0.0984375 0.58125 0.015625 0.034375
1 0.090625 0.5890625 0.0125 0.0171875
1 0.0703125 0.646875 0.034375 0.025
1 0.0140625 0.6484375 0.028125 0.0203125
1 0.00625 0.6265625 0.0125 0.028125
1 0.0484375 0.853125 0.021875 0.015625
1 0.06875 0.85 0.03125 0.0203125
1 0.0515625 0.84375 0.0234375 0.025
1 0.046875 0.79375 0.028125 0.01875
1 0.0828125 0.825 0.025 0.0203125
1 0.0328125 0.7734375 0.0234375 0.0203125
1 0.1109375 0.965625 0.034375 0.0296875
1 0.16796875 0.98984375 0.0609375 0.0203125
1 0.2921875 0.5625 0.0296875 0.0390625
1 0.2890625 0.5921875 0.0328125 0.0234375
1 0.359375 0.5875 0.0203125 0.025
1 0.3265625 0.5671875 0.0453125 0.05
1 0.3015625 0.621875 0.0375 0.0375
1 0.309375 0.578125 0.0171875 0.0296875
1 0.178125 0.7015625 0.034375 0.025
1 0.3140625 0.6921875 0.028125 0.034375
1 0.2390625 0.678125 0.0265625 0.015625
1 0.2140625 0.6921875 0.034375 0.01875
1 0.2203125 0.7234375 0.0203125 0.04375
1 0.2375 0.7640625 0.04375 0.03125
1 0.228125 0.790625 0.0296875 0.0328125
1 0.2625 0.7796875 0.0265625 0.0171875
1 0.28125 0.7953125 0.0234375 0.0125
1 0.3296875 0.70625 0.021875 0.0171875
1 0.3859375 0.7703125 0.0203125 0.0234375
1 0.315625 0.8453125 0.0421875 0.015625
1 0.3234375 0.846875 0.015625 0.0296875
1 0.2765625 0.909375 0.0234375 0.0234375
1 0.303125 0.8671875 0.021875 0.01875
1 0.3265625 0.8625 0.03125 0.0203125
1 0.2890625 0.909375 0.0140625 0.0171875
0 0.39375 0.96953125 0.1 0.0609375
0 0.38125 0.909375 0.08125 0.0734375
0 0.4375 0.8671875 0.05625 0.040625
1 0.3703125 0.9359375 0.0234375 0.025
1 0.45625 0.9640625 0.03125 0.0203125
1 0.4734375 0.94453125 0.0125 0.0203125
0 0.43125 0.7390625 0.096875 0.1734375
0 0.42265625 0.58984375 0.1140625 0.1390625
0 0.43671875 0.53984375 0.0859375 0.0859375
1 0.46953125 0.64765625 0.0203125 0.0234375
1 0.4609375 0.50859375 0.0375 0.0234375
1 0.5015625 0.73125 0.0265625 0.0265625
1 0.48515625 0.6859375 0.0109375 0.034375
1 0.534375 0.753125 0.071875 0.046875
1 0.5859375 0.7140625 0.0171875 0.01875
1 0.48125 0.784375 0.003125 0.009375
1 0.5015625 0.7796875 0.0359375 0.01875
1 0.5125 0.7671875 0.015625 0.015625
1 0.5640625 0.784375 0.0125 0.0125
1 0.5546875 0.6859375 0.071875 0.0890625
1 0.5875 0.659375 0.0171875 0.015625
1 0.5546875 0.6296875 0.0296875 0.0453125
1 0.528125 0.6390625 0.028125 0.0078125
1 0.4984375 0.65625 0.0265625 0.04375
1 0.5421875 0.6125 0.0203125 0.0234375
1 0.584375 0.5640625 0.0375 0.0546875
1 0.6140625 0.55625 0.0203125 0.0109375
1 0.5984375 0.5234375 0.01875 0.03125
1 0.5296875 0.5640625 0.03125 0.0671875
1 0.496875 0.53125 0.0296875 0.046875
1 0.4875 0.48515625 0.015625 0.0328125
1 0.5 0.484375 0.0109375 0.009375
1 0.52734375 0.48515625 0.0765625 0.0328125
1 0.56875 0.49375 0.0140625 0.0171875
0 0.6734375 0.4796875 0.153125 0.021875
1 0.7515625 0.48125 0.084375 0.025
1 0.78359375 0.47734375 0.0234375 0.0171875
1 0.759375 0.5109375 0.03125 0.04375
1 0.7234375 0.5234375 0.0625 0.0640625
1 0.66875 0.5015625 0.025 0.028125
1 0.7765625 0.5515625 0.0265625 0.0390625
1 0.7921875 0.553125 0.009375 0.0234375
1 0.81875 0.51875 0.0546875 0.065625
1 0.6671875 0.5921875 0.0359375 0.065625
1 0.6390625 0.6171875 0.0203125 0.021875
1 0.715625 0.5640625 0.0765625 0.053125
1 0.6609375 0.559375 0.0203125 0.04375
1 0.7421875 0.640625 0.0671875 0.084375
1 0.7578125 0.6609375 0.0171875 0.0265625
1 0.6734375 0.6234375 0.040625 0.0375
1 0.6546875 0.6640625 0.0234375 0.0359375
0 0.6796875 0.6796875 0.065625 0.10625
1 0.7296875 0.7140625 0.0390625 0.0546875
1 0.7484375 0.7234375 0.01875 0.0125
1 0.621875 0.6890625 0.046875 0.0296875
0 0.665625 0.75625 0.1671875 0.0671875
1 0.6265625 0.7796875 0.03125 0.021875
1 0.6078125 0.784375 0.0203125 0.0109375
1 0.828125 0.7328125 0.15625 0.1140625
1 0.9125 0.7703125 0.03125 0.040625
1 0.94375 0.76875 0.059375 0.0390625
1 0.8453125 0.6625 0.0265625 0.0609375
1 0.8609375 0.6734375 0.0125 0.025
1 0.9796875 0.7515625 0.040625 0.0625
1 0.94375 0.6890625 0.0375 0.0421875
1 0.978125 0.6734375 0.04375 0.053125
1 0.9859375 0.65 0.0234375 0.0125
1 0.9359375 0.634375 0.0578125 0.05625
1 0.959375 0.6171875 0.01875 0.01875
1 0.9546875 0.584375 0.0625 0.0515625
1 0.98515625 0.57578125 0.0296875 0.0296875
1 0.99140625 0.56171875 0.0171875 0.0296875
1 0.8859375 0.6453125 0.0171875 0.0171875
1 0.878125 0.6046875 0.084375 0.0859375
1 0.9265625 0.5875 0.0234375 0.0421875
1 0.88125 0.571875 0.034375 0.0421875
1 0.9 0.515625 0.04375 0.040625
1 0.9359375 0.5453125 0.0375 0.028125
1 0.86015625 0.5 0.0796875 0.0625
1 0.96875 0.4859375 0.0625 0.034375
1 0.99609375 0.50625 0.0078125 0.015625