1 0.1640625 0.51328125 0.06875 0.0734375
0 0.115625 0.46875 0.10625 0.1625
1 0.146875 0.428125 0.0171875 0.015625
1 0.2265625 0.434375 0.0203125 0.0265625
1 0.309375 0.2703125 0.0203125 0.028125
1 0.2421875 0.090625 0.0390625 0.0515625
1 0.3234375 0.025 0.040625 0.0390625
1 0.25625 0.0203125 0.028125 0.0328125
1 0.146875 0.0078125 0.0359375 0.0140625
1 0.0484375 0.04375 0.025 0.0171875
1 0.803125 0.0546875 0.0234375 0.0265625
1 0.6984375 0.1921875 0.0359375 0.0390625
1 0.6640625 0.4421875 0.0375 0.025
1 0.834375 0.2359375 0.0265625 0.0390625
1 0.9234375 0.1640625 0.03125 0.015625
1 0.853125 0.20625 0.0203125 0.025
1 0.875 0.21875 0.03125 0.03125
1 0.534375 0.0453125 0.0265625 0.0265625
0 0.92109375 0.5421875 0.0453125 0.015625
0 0.78203125 0.43515625 0.2484375 0.2296875
1 0.86875 0.509375 0.03125 0.028125
0 0.6546875 0.44140625 0.253125 0.2171875
1 0.0765625 0.6015625 0.0140625 0.0109375
1 0.1109375 0.778125 0.00625 0.0125
1 0.1125 0.746875 0.0140625 0.0234375
1 0.1609375 0.7171875 0.0109375 0.009375
1 0.203125 0.7625 0.0453125 0.0453125
1 0.1828125 0.575 0.009375 0.0234375
1 0.221875 0.865625 0.03125 0.025
1 0.1109375 0.9671875 0.053125 0.0640625
1 0.01875 0.9890625 0.0375 0.021875
0 0.28203125 0.86015625 0.1734375 0.1859375
1 0.30625 0.790625 0.0234375 0.021875
0 0.153125 0.9171875 0.30625 0.165625
0 0.07890625 0.85859375 0.1578125 0.2671875
0 0.0234375 0.91875 0.046875 0.1625
1 0.4484375 0.9 0.0453125 0.0328125
1 0.4828125 0.6671875 0.021875 0.0203125
1 0.5015625 0.709375 0.01875 0.0265625
1 0.5234375 0.590625 0.0296875 0.03125
1 0.58125 0.7484375 0.0234375 0.0125
1 0.6140625 0.8 0.01875 0.03125
1 0.6265625 0.8609375 0.01875 0.0296875
1 0.6890625 0.66875 0.0328125 0.03125
1 0.82890625 0.571875 0.0234375 0.04375
1 0.8515625 0.9 0.025 0.03125
1 0.8671875 0.79375 0.0375 0.040625
1 0.8734375 0.7515625 0.034375 0.05625
1 0.8890625 0.73125 0.0140625 0.028125
0 0.9125 0.975 0.075 0.05
0 0.9234375 0.93125 0.0515625 0.0328125
1 0.83125 0.596875 0.021875 0.0296875
1 0.85 0.6125 0.01875 0.0296875
1 0.8578125 0.7359375 0.0453125 0.0328125
1 0.9359375 0.578125 0.0265625 0.0296875
1 0.928125 0.7453125 0.0203125 0.03125
1 0.8 0.7625 0.0390625 0.0421875
1 0.8078125 0.7984375 0.0375 0.0421875
1 0.8734375 0.8828125 0.03125 0.03125
1 0.4703125 0.5875 0.025 0.0203125
1 0.4328125 0.5671875 0.015625 0.0265625
1 0.471875 0.575 0.0265625 0.0296875
1 0.5296875 0.55859375 0.025 0.0171875
1 0.453125 0.746875 0.040625 0.0328125
1 0.58125 0.803125 0.0234375 0.0234375
1 0.528125 0.9 0.028125 0.0375
1 0.7421875 0.896875 0.0375 0.046875
1 0.71875 0.8921875 0.0234375 0.0359375
1 0.6828125 0.88125 0.025 0.021875
1 0.690625 0.9046875 0.0234375 0.0359375
1 0.703125 0.9109375 0.025 0.025
0 0.72109375 0.96484375 0.2859375 0.0703125
0 0.5265625 0.9625 0.20625 0.075