1 0.0296875 0.21875 0.0171875 0.0109375
1 0.00859375 0.25390625 0.0171875 0.0265625
1 0.10625 0.3859375 0.0078125 0.0234375
1 0.1046875 0.4046875 0.021875 0.009375
1 0.08125 0.2578125 0.03125 0.0328125
1 0.159375 0.2625 0.04375 0.0421875
1 0.1484375 0.3203125 0.0234375 0.025
0 0.0953125 0.3203125 0.09375 0.0703125
1 0.134375 0.1921875 0.021875 0.0265625
0 0.103125 0.228125 0.090625 0.109375
0 0.10625 0.1765625 0.0375 0.0625
1 0.0671875 0.2015625 0.03125 0.0578125
0 0.10625 0.0984375 0.06875 0.1328125
0 0.09921875 0.00390625 0.0578125 0.0078125
1 0.06796875 0.0203125 0.0421875 0.040625
1 0.1421875 0.1234375 0.0203125 0.0203125
1 0.146875 0.1046875 0.0140625 0.015625
1 0.178125 0.1171875 0.0203125 0.0171875
1 0.2125 0.1578125 0.0234375 0.0265625
1 0.23125 0.0265625 0.0265625 0.021875
1 0.2875 0.0765625 0.01875 0.0171875
1 0.2265625 0.0921875 0.0234375 0.0453125
1 0.30390625 0.00546875 0.0390625 0.0109375
1 0.37265625 0.00859375 0.0484375 0.0171875
1 0.425 0.096875 0.028125 0.0265625
1 0.4078125 0.14375 0.021875 0.01875
1 0.3296875 0.2234375 0.0203125 0.0375
1 0.31328125 0.40390625 0.0296875 0.0109375
1 0.38671875 0.39296875 0.0578125 0.0328125
1 0.428125 0.3953125 0.0109375 0.0125
1 0.45703125 0.06640625 0.0359375 0.0453125
1 0.55 0.246875 0.06875 0.0703125
1 0.5265625 0.2984375 0.0375 0.05625
1 0.6265625 0.3234375 0.0515625 0.0484375
1 0.584375 0.33125 0.025 0.0234375
1 0.678125 0.3390625 0.059375 0.01875
0 0.715625 0.253125 0.2015625 0.1890625
1 0.60625 0.171875 0.0171875 0.0640625
1 0.5609375 0.128125 0.0546875 0.06875
1 0.659375 0.159375 0.0703125 0.0625
0 0.734375 0.159375 0.1015625 0.1359375
1 0.6265625 0.1 0.01875 0.028125
1 0.6421875 0.1 0.0203125 0.028125
1 0.521875 0.02109375 0.065625 0.0421875
0 0.7359375 0.0484375 0.065625 0.096875
1 0.675 0.046875 0.04375 0.034375
1 0.90859375 0.015625 0.0796875 0.03125
1 0.9859375 0.07890625 0.028125 0.0328125
1 0.9953125 0.03671875 0.009375 0.0203125
1 0.9453125 0.1359375 0.05625 0.0546875
1 0.890625 0.125 0.05 0.0484375
1 0.9078125 0.1640625 0.0328125 0.046875
1 0.853125 0.2984375 0.0546875 0.075
1 0.6078125 0.246875 0.0296875 0.03125
1 0.9015625 0.3171875 0.04375 0.0625
1 0.9828125 0.3328125 0.0265625 0.0328125
1 0.840625 0.225 0.040625 0.03125
1 0.81875 0.2734375 0.05625 0.040625
1 0.8390625 0.2453125 0.0296875 0.021875
1 0.8734375 0.215625 0.0265625 0.046875
1 0.8875 0.265625 0.0484375 0.028125
1 0.9484375 0.3109375 0.0328125 0.025
1 0.98828125 0.11484375 0.0234375 0.0390625
1 0.996875 0.28359375 0.00625 0.0234375
1 0.840625 0.10625 0.03125 0.025
1 0.884375 0.2421875 0.03125 0.0171875
1 0.6125 0.26875 0.0609375 0.0703125
1 0.04140625 0.99375 0.0234375 0.0125
1 0.053125 0.9890625 0.01875 0.0140625
1 0.0578125 0.978125 0.0265625 0.0265625
1 0.0703125 0.9796875 0.009375 0.0125
1 0.0375 0.94375 0.015625 0.0234375
1 0.0234375 0.875 0.0078125 0.0140625
1 0.0296875 0.821875 0.01875 0.028125
1 0.028125 0.7984375 0.025 0.0328125
1 0.0359375 0.759375 0.015625 0.021875
1 0.0359375 0.775 0.0140625 0.0125
1 0.1328125 0.971875 0.0265625 0.0296875
1 0.1328125 0.790625 0.0171875 0.0109375
1 0.14375 0.825 0.028125 0.0203125
1 0.175 0.821875 0.015625 0.015625
1 0.1671875 0.8625 0.0109375 0.0171875
1 0.1046875 0.7453125 0.0125 0.0140625
1 0.15625 0.7546875 0.021875 0.0203125
1 0.2171875 0.7609375 0.0046875 0.0078125
1 0.1171875 0.5875 0.021875 0.009375
1 0.2828125 0.7359375 0.0234375 0.0203125
1 0.3375 0.76875 0.0125 0.0234375
1 0.34375 0.7671875 0.0265625 0.0171875
1 0.325 0.7703125 0.0140625 0.0109375
1 0.3140625 0.76875 0.0234375 0.01875
1 0.296875 0.7953125 0.0203125 0.01875
1 0.284375 0.78125 0.0234375 0.021875
1 0.30625 0.7625 0.025 0.01875
1 0.303125 0.6125 0.0234375 0.025
1 0.42421875 0.66328125 0.0296875 0.0421875
1 0.41015625 0.6078125 0.0578125 0.05
0 0.3515625 0.6171875 0.1265625 0.0671875
0 0.36015625 0.665625 0.1578125 0.115625
1 0.4203125 0.8140625 0.028125 0.034375
0 0.36953125 0.959375 0.0859375 0.08125
0 0.36875 0.8375 0.06875 0.1015625
1 0.75625 0.796875 0.03125 0.0171875
1 0.6546875 0.796875 0.015625 0.0171875
0 0.5375 0.7921875 0.1171875 0.0265625
1 0.8484375 0.715625 0.04375 0.0546875
1 0.875 0.66875 0.0140625 0.0140625
1 0.7828125 0.6109375 0.0109375 0.0109375
1 0.5828125 0.596875 0.0078125 0.0140625
1 0.871875 0.575 0.0109375 0.009375
1 0.821875 0.571875 0.0140625 0.0265625
1 0.6984375 0.4859375 0.015625 0.0046875
1 0.765625 0.4859375 0.0265625 0.05
1 0.825 0.4625 0.015625 0.0203125
1 0.9578125 0.453125 0.009375 0.0125
0 0.4890625 0.4671875 0.1 0.1109375
0 0.4859375 0.61796875 0.09375 0.1171875
0 0.4796875 0.5625 0.0765625 0.06875
1 0.528125 0.5703125 0.0234375 0.0296875
1 0.521875 0.646875 0.0109375 0.015625
1 0.5859375 0.5203125 0.059375 0.0265625
0 0.4921875 0.74140625 0.10625 0.1109375
1 0.5484375 0.7015625 0.0390625 0.0390625
1 0.44765625 0.7796875 0.0171875 0.025
1 0.6734375 0.4453125 0.0171875 0.015625
1 0.7390625 0.4453125 0.021875 0.021875
1 0.7859375 0.44375 0.0140625 0.021875
1 0.6578125 0.5015625 0.01875 0.028125
1 0.709375 0.509375 0.03125 0.0234375
1 0.684375 0.6578125 0.028125 0.0265625
1 0.703125 0.690625 0.04375 0.01875
1 0.7703125 0.6828125 0.0359375 0.0234375
1 0.7546875 0.7953125 0.0171875 0.0140625
1 0.8703125 0.7609375 0.0265625 0.034375
1 0.9125 0.4171875 0.015625 0.015625
1 0.9328125 0.50625 0.0203125 0.0234375
1 0.94453125 0.6125 0.1109375 0.171875
0 0.98984375 0.75078125 0.0203125 0.1078125
1 0.965625 0.7484375 0.03125 0.03125
1 0.9578125 0.7671875 0.015625 0.0109375