1 0.4453125 0.3484375 0.01875 0.0140625
1 0.3734375 0.0140625 0.00625 0.028125
1 0.2390625 0.0453125 0.01875 0.01875
1 0.2328125 0.0796875 0.015625 0.009375
1 0.0859375 0.5015625 0.040625 0.034375
0 0.065625 0.2375 0.084375 0.0921875
0 0.1546875 0.246875 0.1015625 0.1578125
1 0.209375 0.325 0.0359375 0.0453125
0 0.2578125 0.225 0.10625 0.0859375
0 0.3171875 0.2703125 0.171875 0.1109375
1 0.3578125 0.3203125 0.05625 0.0625
0 0.440625 0.309375 0.0546875 0.05625
0 0.49609375 0.28125 0.0453125 0.11875
1 0.93125 0.503125 0.015625 0.015625
1 0.9296875 0.4671875 0.0265625 0.015625
1 0.9625 0.46875 0.025 0.0296875
1 0.9828125 0.4484375 0.01875 0.0234375
1 0.9453125 0.415625 0.040625 0.0375
0 0.74140625 0.5109375 0.1265625 0.015625
0 0.67890625 0.49375 0.0796875 0.05
1 0.6703125 0.3859375 0.04375 0.0671875
1 0.6640625 0.353125 0.025 0.021875
1 0.6578125 0.321875 0.028125 0.0234375
1 0.740625 0.309375 0.025 0.0296875
1 0.803125 0.415625 0.028125 0.0390625
1 0.84375 0.4171875 0.06875 0.059375
1 0.8421875 0.378125 0.025 0.0296875
1 0.8796875 0.3421875 0.0375 0.0203125
1 0.934375 0.34375 0.0265625 0.025
1 0.9046875 0.3265625 0.028125 0.0265625
1 0.8921875 0.3015625 0.040625 0.04375
1 0.85 0.3203125 0.040625 0.028125
1 0.85625 0.259375 0.05625 0.0453125
1 0.84375 0.2296875 0.0671875 0.05625
1 0.8984375 0.221875 0.065625 0.0609375
1 0.8984375 0.271875 0.021875 0.0265625
1 0.884375 0.253125 0.034375 0.0359375
1 0.9953125 0.35078125 0.009375 0.0203125
1 0.99296875 0.07109375 0.0140625 0.0296875
0 0.978125 0.0453125 0.04375 0.090625
0 0.92265625 0.04375 0.1046875 0.0875
1 0.8796875 0.1328125 0.0640625 0.0734375
1 0.8765625 0.075 0.028125 0.0171875
1 0.8203125 0.1078125 0.0546875 0.05
1 0.80625 0.0609375 0.0390625 0.053125
1 0.8609375 0.021875 0.046875 0.0234375
1 0.69375 0.0890625 0.034375 0.0296875
1 0.6703125 0.1234375 0.0625 0.065625
1 0.696875 0.15625 0.053125 0.0421875
1 0.778125 0.1484375 0.0453125 0.0359375
1 0.7515625 0.184375 0.0859375 0.0625
1 0.725 0.271875 0.046875 0.0265625
1 0.690625 0.2140625 0.0484375 0.0765625
1 0.6546875 0.228125 0.0265625 0.021875
1 0.7859375 0.3375 0.021875 0.0265625
1 0.80625 0.3796875 0.0203125 0.021875
1 0.7171875 0.403125 0.0265625 0.0265625
1 0.7421875 0.4484375 0.0140625 0.0203125
1 0.6671875 0.4625 0.034375 0.0390625
1 0.69609375 0.50390625 0.0328125 0.0296875
0 0.88046875 0.50546875 0.0796875 0.0265625
0 0.69140625 0.0375 0.0984375 0.075
0 0.771875 0.03671875 0.103125 0.0734375
1 0.315625 0.946875 0.0328125 0.0703125
1 0.321875 0.8828125 0.0546875 0.059375
1 0.4046875 0.878125 0.0359375 0.0703125
1 0.4109375 0.828125 0.0375 0.046875
1 0.425 0.7796875 0.0671875 0.065625
1 0.2734375 0.85625 0.0359375 0.034375
1 0.2828125 0.815625 0.040625 0.0296875
1 0.284375 0.7625 0.053125 0.075
1 0.2453125 0.7859375 0.03125 0.0359375
1 0.225 0.7859375 0.0234375 0.05
1 0.1859375 0.7796875 0.0375 0.0546875
1 0.3515625 0.7390625 0.046875 0.05
0 0.1921875 0.6625 0.1015625 0.1609375
0 0.309375 0.6546875 0.121875 0.1125
0 0.41875 0.66875 0.14375 0.121875
1 0.1609375 0.6078125 0.0390625 0.0734375
1 0.21328125 0.55859375 0.0921875 0.0796875
1 0.35 0.5703125 0.053125 0.078125
1 0.15546875 0.53828125 0.0296875 0.0390625
1 0.32578125 0.52890625 0.0453125 0.0203125
1 0.3875 0.5546875 0.0375 0.0515625
1 0.328125 0.684375 0.0296875 0.0359375
1 0.3828125 0.6125 0.0625 0.040625
1 0.484375 0.653125 0.06875 0.08125
1 0.7953125 0.634375 0.0203125 0.0171875
1 0.6609375 0.659375 0.0234375 0.021875
1 0.6390625 0.58125 0.0078125 0.0125
0 0.875 0.95390625 0.14375 0.0921875
0 0.790625 0.9515625 0.2 0.096875
0 0.6375 0.95234375 0.2375 0.0953125
1 0.52421875 0.74921875 0.0109375 0.0203125