1 0.0578125 0.5625 0.025 0.0390625
1 0.059375 0.515625 0.0453125 0.046875
1 0.01796875 0.44453125 0.0359375 0.0828125
1 0.05625 0.45625 0.01875 0.0484375
1 0.09375 0.4484375 0.01875 0.021875
1 0.04375 0.3546875 0.01875 0.021875
1 0.0703125 0.3140625 0.0640625 0.1265625
1 0.0875 0.3328125 0.0203125 0.0546875
1 0.0203125 0.121875 0.040625 0.1
1 0.0671875 0.09375 0.0703125 0.0890625
1 0.0390625 0.040625 0.0328125 0.03125
1 0.01171875 0.03671875 0.0234375 0.0734375
0 0.03828125 0.19609375 0.0765625 0.1890625
1 0.03125 0.29375 0.01875 0.0234375
1 0.57109375 0.5953125 0.0484375 0.028125
1 0.5859375 0.4828125 0.0421875 0.034375
1 0.715625 0.4953125 0.03125 0.0234375
1 0.7875 0.490625 0.0328125 0.04375
1 0.7453125 0.5515625 0.0234375 0.0265625
1 0.9078125 0.565625 0.0390625 0.0296875
1 0.96015625 0.5984375 0.0265625 0.021875
1 0.8765625 0.4734375 0.0234375 0.03125
1 0.8359375 0.55625 0.021875 0.021875
0 0.95546875 0.3671875 0.0890625 0.175
0 0.8671875 0.3625 0.1109375 0.14375
0 0.753125 0.346875 0.1546875 0.1796875
0 0.6296875 0.3421875 0.1203125 0.1484375
0 0.5421875 0.371875 0.084375 0.1109375
1 0.609375 0.2953125 0.0265625 0.0328125
1 0.6046875 0.259375 0.0328125 0.05625
1 0.5203125 0.1796875 0.0359375 0.03125
1 0.6 0.19375 0.0171875 0.015625
1 0.603125 0.128125 0.059375 0.0328125
1 0.509375 0.1359375 0.01875 0.03125
1 0.5328125 0.1125 0.0421875 0.0390625
1 0.5078125 0.0796875 0.015625 0.0484375
1 0.6015625 0.0859375 0.0359375 0.0375
1 0.696875 0.078125 0.0484375 0.0515625
1 0.7640625 0.046875 0.0328125 0.03125
1 0.7046875 0.13125 0.0484375 0.0359375
1 0.6671875 0.1484375 0.0359375 0.034375
1 0.7984375 0.1046875 0.0390625 0.0375
1 0.809375 0.06875 0.021875 0.0328125
1 0.828125 0.0859375 0.0234375 0.0296875
1 0.8453125 0.0625 0.0375 0.0453125
1 0.8390625 0.1171875 0.0296875 0.0234375
1 0.8171875 0.15625 0.0546875 0.0484375
1 0.9 0.046875 0.0484375 0.0484375
1 0.9390625 0.0421875 0.0390625 0.0171875
1 0.91875 0.0953125 0.0328125 0.028125
1 0.93125 0.1421875 0.0609375 0.0484375
1 0.953125 0.0953125 0.025 0.03125
1 0.9796875 0.1046875 0.021875 0.0296875
1 0.9734375 0.0625 0.028125 0.0328125
1 0.9875 0.1390625 0.025 0.03125
1 0.965625 0.159375 0.0234375 0.0390625
1 0.8765625 0.1609375 0.0359375 0.0484375
1 0.8453125 0.1921875 0.0234375 0.0484375
1 0.8 0.2203125 0.03125 0.0296875
1 0.7984375 0.184375 0.0328125 0.040625
1 0.8203125 0.2 0.0171875 0.0265625
1 0.80625 0.25 0.0328125 0.0265625
1 0.853125 0.25625 0.028125 0.0515625
1 0.7796875 0.26875 0.0578125 0.0390625
1 0.7140625 0.253125 0.0453125 0.0375
1 0.675 0.25625 0.034375 0.0375
1 0.746875 0.196875 0.0140625 0.015625
1 0.853125 0.3203125 0.021875 0.03125
1 0.9859375 0.20625 0.015625 0.0234375
1 0.6625 0.021875 0.0171875 0.028125
1 0.2171875 0.634375 0.0140625 0.0046875
1 0.0984375 0.8203125 0.0109375 0.0078125
1 0.0453125 0.80625 0.015625 0.0109375
1 0.0484375 0.76875 0.0265625 0.028125
0 0.07421875 0.9234375 0.1484375 0.153125
0 0.1484375 0.9546875 0.090625 0.075
1 0.253125 0.6171875 0.0078125 0.0125
1 0.1890625 0.85625 0.0484375 0.0203125
1 0.13125 0.7859375 0.05 0.0328125
1 0.0171875 0.8171875 0.0171875 0.0171875
1 0.2828125 0.925 0.03125 0.04375
0 0.29140625 0.9765625 0.0171875 0.046875
1 0.7703125 0.6984375 0.0171875 0.021875
1 0.7375 0.9578125 0.01875 0.01875
1 0.72890625 0.61875 0.0140625 0.01875
1 0.7265625 0.934375 0.0078125 0.0046875
1 0.7140625 0.99453125 0.021875 0.0109375
1 0.71875 0.69375 0.028125 0.0203125
1 0.6 0.725 0.0078125 0.0140625
1 0.5546875 0.9359375 0.0234375 0.0390625
1 0.98203125 0.86015625 0.0359375 0.0546875
0 0.9578125 0.77890625 0.084375 0.1578125
1 0.9 0.865625 0.0265625 0.0234375
1 0.9140625 0.8328125 0.040625 0.0453125
1 0.9234375 0.7796875 0.015625 0.0328125
1 0.890625 0.85 0.046875 0.0296875
0 0.8859375 0.771875 0.0609375 0.1515625
0 0.84375 0.784375 0.159375 0.1421875
0 0.725 0.7734375 0.0875 0.1453125
0 0.6484375 0.7921875 0.1046875 0.2046875
1 0.5765625 0.6984375 0.015625 0.0234375
1 0.5625 0.6921875 0.0171875 0.021875
0 0.56875 0.759375 0.090625 0.1625
0 0.5359375 0.8 0.0546875 0.1453125
1 0.884375 0.6515625 0.0296875 0.0390625
1 0.9109375 0.646875 0.0390625 0.05625
1 0.86484375 0.6125 0.0203125 0.00625