0 0.03046875 0.18046875 0.0609375 0.1890625
1 0.0671875 0.19375 0.059375 0.0796875
1 0.13125 0.2359375 0.1 0.075
1 0.121875 0.140625 0.0203125 0.0359375
1 0.128125 0.0734375 0.0703125 0.0390625
1 0.171875 0.175 0.0390625 0.0328125
1 0.2140625 0.1125 0.0484375 0.0796875
1 0.2078125 0.2453125 0.0828125 0.0671875
1 0.25625 0.190625 0.09375 0.0546875
1 0.2625 0.00703125 0.05625 0.0140625
1 0.31484375 0.0203125 0.0484375 0.040625
1 0.26875 0.08125 0.0625 0.0359375
1 0.35859375 0.140625 0.0609375 0.08125
1 0.38359375 0.12578125 0.0109375 0.0390625
1 0.36796875 0.228125 0.0421875 0.075
1 0.3796875 0.2609375 0.01875 0.034375
1 0.853125 0.49609375 0.028125 0.0078125
1 0.8375 0.4625 0.0171875 0.0296875
1 0.9640625 0.3125 0.015625 0.0171875
1 0.4578125 0.43984375 0.1375 0.1203125
1 0.39375 0.4828125 0.009375 0.034375
1 0.4015625 0.45625 0.015625 0.015625
1 0.4390625 0.48515625 0.025 0.0296875
1 0.4765625 0.403125 0.0359375 0.0453125
1 0.4921875 0.2484375 0.065625 0.0703125
1 0.6375 0.434375 0.00625 0.00625
1 0.6265625 0.44375 0.0078125 0.015625
1 0.6078125 0.390625 0.0234375 0.0203125
1 0.6421875 0.1890625 0.0390625 0.0265625
1 0.7859375 0.49453125 0.021875 0.0109375
1 0.80859375 0.4921875 0.0140625 0.015625
1 0.81953125 0.49609375 0.0171875 0.0078125
1 0.8078125 0.4765625 0.0375 0.015625
1 0.8046875 0.4265625 0.0203125 0.0203125
1 0.828125 0.428125 0.0375 0.0234375
1 0.8546875 0.43125 0.0171875 0.0265625
1 0.840625 0.4046875 0.0421875 0.028125
1 0.81875 0.3984375 0.0140625 0.009375
1 0.765625 0.36875 0.0296875 0.021875
1 0.7484375 0.371875 0.0078125 0.0109375
1 0.796875 0.3375 0.0140625 0.0203125
1 0.8453125 0.3765625 0.0328125 0.021875
1 0.8234375 0.365625 0.0171875 0.0140625
1 0.8328125 0.3 0.015625 0.015625
1 0.9109375 0.44375 0.0171875 0.0296875
1 0.8953125 0.3984375 0.025 0.028125
1 0.8921875 0.38125 0.0265625 0.0203125
1 0.875 0.390625 0.00625 0.015625
1 0.921875 0.1796875 0.028125 0.0140625
1 0.9421875 0.19375 0.0296875 0.0234375
1 0.9765625 0.21875 0.0203125 0.015625
0 0.84375 0.2125 0.15 0.08125
1 0.865625 0.1953125 0.009375 0.0140625
0 0.9015625 0.35703125 0.196875 0.1328125
1 0.9 0.33125 0.0125 0.015625
1 0.9015625 0.25625 0.03125 0.0234375
1 0.9234375 0.2640625 0.0390625 0.028125
1 0.93125 0.2953125 0.0265625 0.046875
1 0.9109375 0.2796875 0.0125 0.0125
1 0.9203125 0.3234375 0.0140625 0.0296875
1 0.97421875 0.49453125 0.0359375 0.0109375
1 0.9515625 0.46875 0.0265625 0.025
1 0.98671875 0.475 0.0265625 0.04375
1 0.9828125 0.45 0.034375 0.03125
1 0.990625 0.4328125 0.01875 0.04375
1 0.20703125 0.9734375 0.0421875 0.053125
1 0.3625 0.928125 0.0515625 0.0328125
0 0.29765625 0.93359375 0.1828125 0.1328125
0 0.30703125 0.80078125 0.1640625 0.2453125
0 0.69609375 0.96328125 0.1515625 0.0734375
1 0.4296875 0.775 0.0125 0.015625
1 0.58125 0.65 0.0078125 0.0140625
1 0.7796875 0.65 0.03125 0.01875
0 0.7015625 0.75625 0.10625 0.2375
1 0.49375 0.7203125 0.0265625 0.0265625
1 0.525 0.70625 0.0484375 0.03125
1 0.5953125 0.6515625 0.0078125 0.00625
0 0.7078125 0.6859375 0.096875 0.0953125