1 0.1734375 0.0359375 0.0328125 0.025
1 0.3109375 0.121875 0.0046875 0.0109375
1 0.45078125 0.50234375 0.0203125 0.0140625
0 0.2546875 0.33125 0.3125 0.1890625
0 0.1484375 0.3046875 0.221875 0.11875
1 0.1125 0.2625 0.0234375 0.0265625
1 0.1015625 0.3875 0.0265625 0.021875
0 0.03046875 0.3046875 0.0609375 0.203125
1 0.72890625 0.01796875 0.0421875 0.0359375
1 0.859375 0.0921875 0.01875 0.015625
1 0.8921875 0.18125 0.0234375 0.025
1 0.871875 0.1546875 0.0453125 0.034375
1 0.8515625 0.190625 0.034375 0.0375
1 0.8390625 0.33125 0.053125 0.065625
1 0.6234375 0.378125 0.0234375 0.040625
1 0.646875 0.428125 0.0078125 0.0046875
1 0.721875 0.4453125 0.0125 0.015625
0 0.6578125 0.10234375 0.134375 0.2046875
0 0.61875 0.2328125 0.05625 0.0328125
1 0.2984375 0.5515625 0.0375 0.034375
1 0.2703125 0.6390625 0.0265625 0.025
1 0.33125 0.6640625 0.0390625 0.0234375
1 0.54609375 0.54765625 0.0265625 0.0453125
1 0.4828125 0.5859375 0.0203125 0.025
1 0.2625 0.8109375 0.0484375 0.05625
1 0.21875 0.7125 0.040625 0.0296875
1 0.184375 0.6921875 0.0375 0.03125
1 0.1578125 0.6046875 0.0375 0.05
0 0.1890625 0.74375 0.159375 0.24375
1 0.2 0.9046875 0.15625 0.103125
1 0.13515625 0.98359375 0.0390625 0.0328125
1 0.378125 0.89375 0.053125 0.0671875
0 0.44296875 0.7234375 0.2328125 0.3625
1 0.184375 0.7265625 0.025 0.0390625
1 0.2328125 0.6625 0.025 0.01875
1 0.6078125 0.984375 0.0234375 0.0234375
1 0.6890625 0.8515625 0.03125 0.0328125
1 0.7609375 0.71875 0.0421875 0.0484375
0 0.74765625 0.91875 0.2078125 0.1625
0 0.67890625 0.9453125 0.2390625 0.109375
1 0.609375 0.6796875 0.0234375 0.03125
1 0.7578125 0.521875 0.021875 0.025
1 0.7109375 0.575 0.0296875 0.0328125
1 0.6890625 0.5453125 0.0359375 0.034375
1 0.725 0.51328125 0.01875 0.0078125
1 0.6546875 0.5828125 0.0109375 0.01875
1 0.63125 0.58125 0.0296875 0.040625
1 0.56640625 0.521875 0.0140625 0.025
1 0.7328125 0.5265625 0.00625 0.0234375
1 0.7046875 0.7171875 0.01875 0.025
1 0.7 0.734375 0.0203125 0.0171875
1 0.6578125 0.7078125 0.01875 0.0296875
1 0.6921875 0.671875 0.0125 0.0234375
1 0.621875 0.7515625 0.0328125 0.0234375
1 0.6671875 0.7828125 0.0171875 0.0140625
1 0.659375 0.9640625 0.015625 0.01875
1 0.71328125 0.99453125 0.0203125 0.0109375