1 0.30078125 0.32734375 0.0578125 0.1203125
1 0.3078125 0.23125 0.0203125 0.0296875
0 0.315625 0.33125 0.028125 0.29375
1 0.321875 0.4375 0.015625 0.015625
1 0.24375 0.43125 0.0203125 0.0265625
0 0.046875 0.3890625 0.0359375 0.03125
1 0.2890625 0.0140625 0.025 0.028125
1 0.196875 0.2125 0.01875 0.0140625
1 0.240625 0.1875 0.015625 0.015625
1 0.278125 0.1234375 0.0234375 0.0171875
1 0.3265625 0.2328125 0.00625 0.01875
1 0.23125 0.2796875 0.0125 0.0171875
1 0.084375 0.278125 0.015625 0.015625
1 0.1046875 0.1515625 0.0171875 0.015625
1 0.3 0.053125 0.0125 0.0078125
0 0.625 0.0640625 0.15 0.0984375
1 0.509375 0.384375 0.109375 0.125
1 0.6640625 0.4046875 0.053125 0.0578125
1 0.45625 0.4890625 0.03125 0.0203125
1 0.36484375 0.52265625 0.0703125 0.0328125
1 0.3609375 0.40625 0.04375 0.0453125
1 0.35 0.3125 0.040625 0.06875
1 0.33671875 0.3734375 0.0140625 0.028125
1 0.4109375 0.3765625 0.0546875 0.0390625
1 0.3703125 0.36875 0.0234375 0.028125
1 0.48125 0.3 0.025 0.03125
1 0.50625 0.315625 0.021875 0.040625
1 0.5796875 0.39375 0.0515625 0.0453125
1 0.534375 0.45625 0.034375 0.025
1 0.5859375 0.4875 0.01875 0.0234375
1 0.771875 0.5015625 0.0203125 0.0578125
1 0.75625 0.2921875 0.0484375 0.08125
1 0.76875 0.3734375 0.021875 0.0234375
1 0.6625 0.309375 0.034375 0.0328125
1 0.640625 0.2453125 0.0734375 0.046875
1 0.7015625 0.2234375 0.0671875 0.0484375
1 0.7671875 0.178125 0.0265625 0.0515625
1 0.7234375 0.15 0.0953125 0.0703125
1 0.65 0.1703125 0.046875 0.0296875
1 0.6 0.1375 0.053125 0.0265625
1 0.584375 0.171875 0.034375 0.0296875
1 0.54375 0.24375 0.0453125 0.034375
1 0.471875 0.2234375 0.03125 0.0453125
1 0.4484375 0.184375 0.03125 0.0265625
1 0.490625 0.146875 0.0234375 0.0265625
1 0.459375 0.1546875 0.0359375 0.028125
1 0.4765625 0.1109375 0.0515625 0.0453125
1 0.71796875 0.00625 0.0296875 0.0125
1 0.7046875 0.04375 0.0453125 0.0359375
1 0.40625 0.178125 0.03125 0.0203125
1 0.4234375 0.1296875 0.021875 0.0234375
1 0.3890625 0.240625 0.025 0.015625
1 0.4265625 0.00546875 0.0625 0.0109375
1 0.4296875 0.0234375 0.0796875 0.0421875
1 0.403125 0.065625 0.05625 0.046875
1 0.365625 0.1 0.0515625 0.0375
1 0.359375 0.05390625 0.059375 0.0640625
1 0.5015625 0.053125 0.065625 0.053125
1 0.5296875 0.115625 0.021875 0.0265625
1 0.2765625 0.86875 0.040625 0.0328125
1 0.296875 0.890625 0.0265625 0.034375
1 0.3015625 0.7921875 0.0234375 0.028125
1 0.2390625 0.959375 0.0234375 0.015625
0 0.26171875 0.6890625 0.1359375 0.18125
1 0.31640625 0.56484375 0.0265625 0.0515625
1 0.2375 0.6171875 0.046875 0.028125
1 0.25 0.665625 0.0265625 0.0234375
1 0.20625 0.6109375 0.01875 0.0375
1 0.2203125 0.5609375 0.034375 0.015625
0 0.215625 0.54765625 0.040625 0.0171875
0 0.221875 0.5734375 0.05 0.025
0 0.6390625 0.56015625 0.096875 0.0421875
0 0.790625 0.56171875 0.05625 0.0453125
0 0.86328125 0.57109375 0.0609375 0.0640625
1 0.9015625 0.60625 0.04375 0.0296875
1 0.6953125 0.578125 0.03125 0.028125
1 0.6453125 0.7109375 0.0375 0.034375
1 0.5109375 0.6609375 0.0203125 0.021875
1 0.4453125 0.70625 0.0109375 0.0234375
1 0.7265625 0.5453125 0.028125 0.0125
1 0.7140625 0.65625 0.0359375 0.0234375
1 0.803125 0.7703125 0.0171875 0.028125
1 0.834375 0.859375 0.03125 0.03125
1 0.7859375 0.9640625 0.0234375 0.0171875
1 0.64375 0.83125 0.0234375 0.021875
1 0.5328125 0.6 0.0359375 0.00625
1 0.475 0.6328125 0.021875 0.015625
1 0.8421875 0.60625 0.021875 0.015625
1 0.8734375 0.6359375 0.0296875 0.01875
1 0.821875 0.8390625 0.0234375 0.021875