1 0.3765625 0.1125 0.028125 0.034375
1 0.334375 0.065625 0.0140625 0.015625
1 0.3265625 0.075 0.015625 0.0171875
1 0.134375 0.196875 0.015625 0.01875
1 0.1890625 0.2375 0.021875 0.021875
1 0.296875 0.234375 0.0109375 0.0171875
1 0.3 0.2 0.021875 0.0265625
1 0.1921875 0.290625 0.0125 0.009375
1 0.0765625 0.3234375 0.015625 0.01875
1 0.0859375 0.3265625 0.0125 0.01875
1 0.1140625 0.3109375 0.0109375 0.00625
1 0.1625 0.3703125 0.0328125 0.0203125
1 0.2203125 0.3625 0.0203125 0.015625
1 0.225 0.3515625 0.00625 0.003125
1 0.3015625 0.35 0.009375 0.0078125
1 0.3203125 0.375 0.0171875 0.0171875
1 0.425 0.3828125 0.009375 0.0046875
1 0.38125 0.3640625 0.0109375 0.0296875
1 0.375 0.38125 0.0125 0.0203125
1 0.38125 0.39375 0.003125 0.0078125
1 0.43203125 0.46875 0.0140625 0.028125
1 0.43671875 0.4484375 0.0046875 0.021875
1 0.3859375 0.4609375 0.03125 0.0265625
1 0.3625 0.4625 0.0125 0.015625
1 0.3125 0.4421875 0.0078125 0.0078125
1 0.3078125 0.4640625 0.0171875 0.0125
1 0.3078125 0.5109375 0.015625 0.015625
1 0.328125 0.515625 0.0140625 0.0234375
1 0.225 0.4375 0.009375 0.0109375
1 0.2171875 0.4453125 0.0296875 0.04375
1 0.2125 0.4703125 0.0140625 0.015625
1 0.1609375 0.403125 0.01875 0.01875
1 0.14375 0.4125 0.0140625 0.028125
1 0.171875 0.4296875 0.040625 0.021875
1 0.18125 0.434375 0.0125 0.0484375
1 0.19375 0.434375 0.0234375 0.01875
1 0.43359375 0.5421875 0.0109375 0.025
1 0.42109375 0.53671875 0.0359375 0.0359375
1 0.4171875 0.5765625 0.0265625 0.0203125
1 0.421875 0.5640625 0.009375 0.0078125
1 0.38125 0.55625 0.0125 0.0140625
1 0.4015625 0.5125 0.0296875 0.0546875
1 0.35625 0.571875 0.0203125 0.01875
1 0.3625 0.59375 0.0171875 0.015625
1 0.35625 0.5875 0.0234375 0.0203125
1 0.3203125 0.56875 0.0203125 0.0171875
0 0.309375 0.5609375 0.13125 0.1
1 0.1125 0.4390625 0.0140625 0.00625
1 0.103125 0.440625 0.025 0.0234375
1 0.0921875 0.4390625 0.0140625 0.0109375
1 0.075 0.4 0.01875 0.0171875
1 0.025 0.4515625 0.034375 0.0375
1 0.015625 0.4609375 0.0140625 0.0296875
1 0.4296875 0.6203125 0.01875 0.078125
1 0.428125 0.6546875 0.021875 0.01875
1 0.425 0.64921875 0.028125 0.0328125
1 0.43125 0.64375 0.015625 0.0125
1 0.409375 0.659375 0.0125 0.0109375
1 0.428125 0.6625 0.01875 0.0125
1 0.290625 0.6234375 0.0078125 0.0078125
1 0.28125 0.6296875 0.015625 0.0171875
1 0.1921875 0.64296875 0.0875 0.0515625
1 0.196875 0.61875 0.0375 0.0390625
1 0.1671875 0.58125 0.0328125 0.034375
1 0.1890625 0.5625 0.0234375 0.0265625
1 0.1265625 0.5796875 0.03125 0.015625
1 0.1 0.621875 0.03125 0.028125
1 0.075 0.61875 0.0390625 0.03125
1 0.0515625 0.6296875 0.0296875 0.0375
1 0.140625 0.6390625 0.028125 0.03125
0 0.190625 0.5203125 0.11875 0.078125
0 0.2328125 0.55625 0.1359375 0.121875
1 0.071875 0.5296875 0.0109375 0.0203125
0 0.10625 0.5421875 0.0984375 0.14375
0 0.0390625 0.5453125 0.059375 0.046875
1 0.7484375 0.01171875 0.025 0.0234375
1 0.7875 0.0609375 0.015625 0.025
1 0.7328125 0.2203125 0.0515625 0.0734375
1 0.7390625 0.25625 0.0359375 0.0390625
1 0.6921875 0.2375 0.0265625 0.025
1 0.6828125 0.2109375 0.0203125 0.0234375
1 0.53125 0.3484375 0.040625 0.0515625
1 0.8359375 0.3234375 0.034375 0.0375
1 0.8828125 0.26875 0.0296875 0.0234375
1 0.878125 0.3453125 0.0546875 0.03125
1 0.903125 0.36875 0.0453125 0.0390625
0 0.8890625 0.421875 0.084375 0.0765625
0 0.790625 0.40625 0.1234375 0.10625
0 0.6953125 0.41875 0.1171875 0.1015625
0 0.6078125 0.415625 0.1140625 0.0984375
0 0.521875 0.396875 0.103125 0.0546875
0 0.45703125 0.3734375 0.0359375 0.1125
1 0.659375 0.5625 0.0890625 0.0734375
1 0.6546875 0.621875 0.065625 0.0671875
1 0.6984375 0.621875 0.0234375 0.025
1 0.7890625 0.553125 0.03125 0.0375
1 0.825 0.4671875 0.0265625 0.028125
1 0.8921875 0.534375 0.021875 0.03125
1 0.68359375 0.665625 0.0234375 0.00625
1 0.4796875 0.55 0.040625 0.028125
1 0.5109375 0.4515625 0.0171875 0.0234375
1 0.5171875 0.625 0.040625 0.05
1 0.478125 0.6484375 0.0390625 0.0265625
1 0.5609375 0.6171875 0.034375 0.025
1 0.7578125 0.49375 0.0203125 0.0296875
1 0.00703125 0.9421875 0.0140625 0.015625
1 0.025 0.7546875 0.0109375 0.025
1 0.0234375 0.9203125 0.0171875 0.021875
1 0.03125 0.725 0.0125 0.0171875
1 0.0328125 0.790625 0.0140625 0.009375
1 0.1421875 0.940625 0.0171875 0.028125
1 0.14375 0.9671875 0.015625 0.0140625
1 0.1375 0.89375 0.0421875 0.028125
1 0.1875 0.9640625 0.0703125 0.0453125
1 0.2703125 0.953125 0.0171875 0.0109375
1 0.2921875 0.68125 0.034375 0.025
1 0.3359375 0.9875 0.0140625 0.009375
1 0.35625 0.940625 0.0125 0.0234375
1 0.36171875 0.98828125 0.0359375 0.0234375
1 0.36875 0.6921875 0.04375 0.0359375
0 0.42890625 0.80078125 0.0203125 0.0453125
1 0.2890625 0.7 0.0265625 0.01875
1 0.2625 0.7046875 0.046875 0.040625
1 0.278125 0.7234375 0.015625 0.0140625
1 0.265625 0.73125 0.0203125 0.0109375
0 0.41328125 0.88359375 0.0515625 0.0703125
1 0.1140625 0.940625 0.0171875 0.0125
0 0.353125 0.871875 0.1453125 0.10625
1 0.421875 0.834375 0.0125 0.0109375
0 0.0359375 0.85859375 0.071875 0.0828125
0 0.09375 0.809375 0.0828125 0.14375
0 0.321875 0.8125 0.059375 0.078125
0 0.265625 0.83125 0.05625 0.0828125
0 0.1546875 0.840625 0.0625 0.078125
0 0.2296875 0.84375 0.0921875 0.1671875
1 0.1828125 0.88125 0.025 0.021875
0 0.5734375 0.709375 0.078125 0.0796875
1 0.5890625 0.878125 0.0484375 0.0671875
1 0.8953125 0.9171875 0.0796875 0.08125
0 0.98515625 0.740625 0.0296875 0.14375
0 0.89609375 0.72890625 0.1734375 0.1203125