1 0.490625 0.0390625 0.015625 0.0234375
1 0.4453125 0.05625 0.025 0.0296875
1 0.4703125 0.115625 0.025 0.009375
1 0.478125 0.1328125 0.0359375 0.0140625
1 0.4765625 0.15625 0.0328125 0.0265625
1 0.4890625 0.196875 0.0265625 0.0328125
1 0.5046875 0.1859375 0.009375 0.04375
1 0.471875 0.321875 0.0171875 0.028125
1 0.49375 0.33125 0.0203125 0.021875
0 0.4390625 0.1390625 0.0234375 0.046875
1 0.4140625 0.2265625 0.0265625 0.01875
1 0.3953125 0.2390625 0.0203125 0.0203125
1 0.3625 0.2234375 0.0203125 0.028125
1 0.3421875 0.2796875 0.021875 0.028125
1 0.321875 0.30625 0.0203125 0.015625
1 0.4203125 0.1796875 0.01875 0.0109375
1 0.4265625 0.1375 0.0203125 0.0234375
1 0.3859375 0.0859375 0.040625 0.0140625
0 0.3625 0.159375 0.09375 0.1140625
1 0.3203125 0.2078125 0.046875 0.0421875
1 0.28046875 0.01484375 0.0328125 0.0296875
0 0.2796875 0.1203125 0.13125 0.1625
1 0.228125 0.190625 0.0265625 0.025
1 0.2375 0.234375 0.025 0.03125
1 0.2375 0.3125 0.034375 0.0296875
1 0.1984375 0.246875 0.0703125 0.078125
1 0.1390625 0.2796875 0.040625 0.0421875
1 0.1515625 0.228125 0.0265625 0.0390625
1 0.1328125 0.209375 0.025 0.028125
1 0.1578125 0.2078125 0.0171875 0.0203125
1 0.1609375 0.1765625 0.015625 0.0234375
1 0.16875 0.0828125 0.015625 0.03125
1 0.190625 0.084375 0.0234375 0.0140625
1 0.209375 0.0203125 0.01875 0.01875
1 0.225 0.0296875 0.0171875 0.028125
1 0.2109375 0.0671875 0.0140625 0.028125
1 0.228125 0.1484375 0.0203125 0.025
1 0.18125 0.15 0.03125 0.0609375
1 0.125 0.08125 0.021875 0.0265625
1 0.11015625 0.01015625 0.0203125 0.0203125
1 0.0625 0.015625 0.025 0.03125
1 0.065625 0.0953125 0.021875 0.0234375
0 0.084375 0.1375 0.1140625 0.121875
1 0.0296875 0.15 0.0125 0.0265625
1 0.034375 0.3359375 0.0203125 0.0296875
1 0.075 0.3609375 0.046875 0.04375
1 0.0953125 0.4109375 0.0234375 0.0203125
1 0.225 0.359375 0.0609375 0.04375
1 0.2734375 0.3453125 0.015625 0.0203125
1 0.16875 0.4109375 0.025 0.0375
1 0.1484375 0.4140625 0.025 0.025
1 0.1234375 0.4109375 0.0296875 0.0296875
1 0.1078125 0.4234375 0.0234375 0.0140625
1 0.1765625 0.446875 0.0515625 0.0359375
1 0.159375 0.4640625 0.0234375 0.015625
1 0.0484375 0.5171875 0.0328125 0.0421875
1 0.075 0.553125 0.01875 0.0265625
1 0.2953125 0.4390625 0.01875 0.0234375
1 0.33125 0.478125 0.03125 0.015625
1 0.3359375 0.3953125 0.0359375 0.0296875
1 0.325 0.3671875 0.0203125 0.0203125
1 0.396875 0.396875 0.0234375 0.028125
1 0.3828125 0.41875 0.03125 0.015625
1 0.403125 0.41875 0.0109375 0.015625
1 0.4125 0.4453125 0.015625 0.028125
1 0.4265625 0.528125 0.0234375 0.04375
1 0.4609375 0.5296875 0.0265625 0.025
1 0.4609375 0.4859375 0.0265625 0.0421875
1 0.4546875 0.4296875 0.0484375 0.0421875
1 0.453125 0.4078125 0.01875 0.015625
1 0.4859375 0.3796875 0.0234375 0.03125
1 0.4984375 0.396875 0.015625 0.025
1 0.4953125 0.4375 0.021875 0.028125
1 0.503125 0.48125 0.0125 0.028125
1 0.17734375 0.5609375 0.0265625 0.015625
1 0.1953125 0.5171875 0.021875 0.0171875
1 0.478125 0.1015625 0.01875 0.0125
1 0.371875 0.0234375 0.0171875 0.0234375
1 0.6015625 0.2078125 0.0171875 0.015625
1 0.6671875 0.190625 0.01875 0.0234375
1 0.6765625 0.1234375 0.08125 0.09375
1 0.7796875 0.209375 0.015625 0.0140625
1 0.8421875 0.11875 0.0234375 0.0375
1 0.9109375 0.5015625 0.025 0.015625
0 0.9578125 0.4796875 0.046875 0.05625
0 0.878125 0.028125 0.109375 0.05625
0 0.95234375 0.01953125 0.0734375 0.0390625
1 0.984375 0.02890625 0.03125 0.0421875
0 0.609375 0.03359375 0.121875 0.0671875
1 0.565625 0.0296875 0.009375 0.0125
1 0.5546875 0.00859375 0.00625 0.0171875
1 0.7671875 0.246875 0.015625 0.0265625
1 0.79375 0.2515625 0.0390625 0.015625
1 0.7734375 0.275 0.01875 0.021875
1 0.8484375 0.21875 0.0125 0.03125
1 0.859375 0.215625 0.015625 0.0265625
1 0.765625 0.4703125 0.0484375 0.0546875
0 0.80625 0.4859375 0.1 0.121875
1 0.7734375 0.5203125 0.034375 0.0203125
1 0.734375 0.459375 0.03125 0.021875
1 0.7140625 0.471875 0.0203125 0.025
1 0.559375 0.4640625 0.015625 0.0171875
1 0.5984375 0.546875 0.03125 0.04375
0 0.609375 0.490625 0.1234375 0.134375
1 0.640625 0.546875 0.046875 0.0265625
1 0.2328125 0.5859375 0.015625 0.0125
1 0.3171875 0.5859375 0.0234375 0.0140625
1 0.3453125 0.57734375 0.06875 0.0171875
1 0.4484375 0.628125 0.0125 0.0078125
0 0.459375 0.784375 0.1 0.43125
0 0.3421875 0.8015625 0.225 0.303125
1 0.5125 0.9109375 0.00625 0.0125
1 0.54375 0.8046875 0.0328125 0.028125
1 0.6484375 0.7984375 0.0328125 0.025
1 0.65625 0.84375 0.0234375 0.0265625
1 0.63984375 0.5984375 0.0953125 0.059375
1 0.7140625 0.953125 0.0171875 0.021875
0 0.74375 0.6078125 0.11875 0.078125
1 0.8109375 0.66875 0.03125 0.0515625
1 0.859375 0.8453125 0.01875 0.0671875
0 0.82890625 0.6 0.0765625 0.0625
1 0.6609375 0.6234375 0.0234375 0.0359375
1 0.69375 0.7265625 0.0234375 0.0265625
1 0.6953125 0.7546875 0.03125 0.025
0 0.55625 0.61171875 0.09375 0.0859375
1 0.6046875 0.94375 0.0390625 0.0375
1 0.675 0.903125 0.0359375 0.040625
1 0.671875 0.9421875 0.021875 0.0375
1 0.653125 0.940625 0.03125 0.04375