1 0.8046875 0.378125 0.03125 0.0234375
1 0.771875 0.08125 0.03125 0.034375
1 0.7765625 0.171875 0.034375 0.028125
1 0.625 0.15625 0.03125 0.0625
1 0.5640625 0.1515625 0.0484375 0.046875
1 0.621875 0.084375 0.0234375 0.0296875
0 0.7109375 0.0984375 0.125 0.1296875
1 0.6875 0.140625 0.1140625 0.11875
1 0.659375 0.0515625 0.0328125 0.034375
1 0.625 0.20625 0.028125 0.028125
0 0.7015625 0.2875 0.1421875 0.1828125
1 0.6828125 0.3453125 0.0140625 0.01875
1 0.659375 0.275 0.0203125 0.0234375
1 0.6796875 0.4171875 0.0578125 0.075
0 0.7375 0.4359375 0.121875 0.1734375
1 0.70625 0.503125 0.19375 0.1015625
0 0.715625 0.55625 0.0078125 0.0078125
0 0.6671875 0.5546875 0.06875 0.0125
1 0.615625 0.1875 0.015625 0.0203125
1 0.5453125 0.0703125 0.0203125 0.0171875
1 0.30625 0.121875 0.0078125 0.0125
1 0.2828125 0.115625 0.0125 0.009375
1 0.271875 0.196875 0.0171875 0.015625
1 0.296875 0.2375 0.021875 0.0171875
1 0.253125 0.23125 0.04375 0.0484375
1 0.2078125 0.228125 0.034375 0.03125
1 0.3171875 0.3234375 0.0203125 0.025
1 0.2765625 0.328125 0.0265625 0.0234375
1 0.28125 0.3859375 0.0265625 0.025
1 0.253125 0.475 0.0171875 0.0203125
1 0.509375 0.4421875 0.015625 0.0140625
1 0.5015625 0.446875 0.0125 0.0171875
1 0.534375 0.346875 0.0296875 0.0265625
1 0.4953125 0.353125 0.0171875 0.0171875
1 0.546875 0.321875 0.009375 0.0125
1 0.4515625 0.3140625 0.0234375 0.0171875
1 0.4875 0.303125 0.0109375 0.0140625
0 0.16875 0.5140625 0.125 0.0921875
1 0.10625 0.553125 0.01875 0.015625
1 0.225 0.4390625 0.0171875 0.015625
1 0.175 0.4734375 0.03125 0.025
0 0.1921875 0.4359375 0.0578125 0.065625
0 0.1609375 0.309375 0.18125 0.221875
1 0.15625 0.4140625 0.01875 0.0296875
0 0.1546875 0.196875 0.140625 0.1421875
1 0.1046875 0.203125 0.0328125 0.021875
1 0.1453125 0.11875 0.1296875 0.11875
0 0.1625 0.0734375 0.125 0.078125
1 0.928125 0.1234375 0.04375 0.03125
1 0.875 0.259375 0.0203125 0.0109375
1 0.89375 0.0453125 0.015625 0.028125
1 0.8984375 0.1625 0.028125 0.0328125
1 0.9875 0.29375 0.01875 0.021875
1 0.965625 0.29375 0.01875 0.0265625
1 0.790625 0.8390625 0.03125 0.0234375
1 0.81015625 0.8671875 0.0578125 0.10625
1 0.7203125 0.8140625 0.0234375 0.015625
1 0.6359375 0.8125 0.0171875 0.0125
1 0.6484375 0.75 0.04375 0.0234375
1 0.5171875 0.9609375 0.034375 0.0515625
1 0.5359375 0.925 0.0109375 0.028125
1 0.45 0.890625 0.01875 0.021875
1 0.4484375 0.803125 0.025 0.0171875
1 0.546875 0.78125 0.00625 0.015625
1 0.528125 0.7828125 0.0265625 0.0265625
1 0.534375 0.6984375 0.0375 0.0375
1 0.478125 0.6859375 0.015625 0.0125
1 0.4359375 0.7453125 0.03125 0.0328125
1 0.24765625 0.99375 0.0171875 0.0125
1 0.2765625 0.9875 0.015625 0.025
1 0.38984375 0.99296875 0.0171875 0.0140625
1 0.303125 0.9265625 0.009375 0.0109375
1 0.371875 0.9140625 0.03125 0.0265625
1 0.38125 0.93125 0.015625 0.0125
1 0.359375 0.8984375 0.025 0.015625
1 0.3796875 0.890625 0.0125 0.0109375
0 0.3359375 0.8296875 0.1375 0.11875
1 0.30625 0.8734375 0.0171875 0.0109375
1 0.359375 0.825 0.0328125 0.0171875
1 0.33125 0.796875 0.021875 0.0203125
1 0.2359375 0.796875 0.03125 0.0359375
1 0.29375 0.7671875 0.025 0.025
1 0.3515625 0.7765625 0.0328125 0.025
1 0.3015625 0.75 0.01875 0.015625
1 0.3609375 0.753125 0.0203125 0.021875
1 0.3875 0.7515625 0.028125 0.0234375
1 0.23125 0.7703125 0.04375 0.0375
0 0.33359375 0.7234375 0.1140625 0.0875
1 0.01328125 0.98984375 0.0265625 0.0203125
1 0.21796875 0.69609375 0.0984375 0.0328125
1 0.2203125 0.7359375 0.009375 0.0078125
1 0.1234375 0.75625 0.021875 0.0203125
1 0.084375 0.74375 0.0125 0.03125
1 0.071875 0.7765625 0.0359375 0.0359375
1 0.125 0.7390625 0.01875 0.0109375
1 0.0765625 0.81875 0.015625 0.0203125
1 0.06875 0.834375 0.034375 0.0203125
1 0.0328125 0.828125 0.0546875 0.05
1 0.05 0.9515625 0.0171875 0.015625
1 0.0859375 0.9703125 0.01875 0.0125
1 0.06875 0.978125 0.0296875 0.025
1 0.1046875 0.9421875 0.05 0.0359375
1 0.1546875 0.9453125 0.025 0.015625
1 0.0796875 0.9140625 0.0140625 0.01875
1 0.23125 0.865625 0.015625 0.01875
1 0.9546875 0.71875 0.0140625 0.015625
1 0.9375 0.815625 0.025 0.025
1 0.9546875 0.88125 0.00625 0.0046875
1 0.9609375 0.9515625 0.0203125 0.03125
1 0.91796875 0.990625 0.0171875 0.01875
1 0.90625 0.9484375 0.0203125 0.025
1 0.88125 0.8578125 0.0203125 0.0109375
1 0.940625 0.7421875 0.01875 0.0109375
1 0.96796875 0.68359375 0.0171875 0.0078125
1 0.94765625 0.69140625 0.0234375 0.0234375
1 0.8484375 0.86796875 0.01875 0.0296875
1 0.846875 0.93671875 0.015625 0.0265625
1 0.84609375 0.91875 0.0140625 0.015625
1 0.8625 0.915625 0.0140625 0.0171875