1 0.35078125 0.49296875 0.0171875 0.0140625
1 0.1578125 0.4421875 0.015625 0.0140625
1 0.29375 0.4359375 0.0171875 0.021875
1 0.3359375 0.3203125 0.0234375 0.01875
1 0.0359375 0.275 0.0140625 0.0109375
1 0.315625 0.2515625 0.0125 0.0171875
0 0.134375 0.4359375 0.26875 0.128125
0 0.07734375 0.346875 0.1546875 0.240625
1 0.0875 0.471875 0.0140625 0.0203125
1 0.103125 0.4109375 0.015625 0.01875
1 0.0859375 0.234375 0.021875 0.0125
1 0.1171875 0.4203125 0.0328125 0.059375
0 0.85703125 0.0171875 0.1296875 0.034375
1 0.73125 0.0453125 0.0203125 0.028125
1 0.58125 0.040625 0.0265625 0.025
1 0.5921875 0.209375 0.0296875 0.0390625
1 0.653125 0.1953125 0.0296875 0.01875
1 0.671875 0.21875 0.0234375 0.025
0 0.8640625 0.1421875 0.134375 0.0890625
0 0.8671875 0.2296875 0.1671875 0.10625
1 0.8625 0.284375 0.0234375 0.028125
0 0.371875 0.26796875 0.025 0.1234375
0 0.37109375 0.165625 0.0234375 0.159375
1 0.0375 0.50625 0.05 0.0125
1 0.0328125 0.7390625 0.04375 0.0296875
1 0.028125 0.5765625 0.0375 0.028125
1 0.0375 0.6125 0.0375 0.040625
1 0.021875 0.64375 0.0171875 0.015625
1 0.1734375 0.50703125 0.046875 0.0140625
1 0.29296875 0.52265625 0.0359375 0.0453125
1 0.184375 0.56875 0.065625 0.04375
1 0.253125 0.5453125 0.0625 0.0703125
1 0.18125 0.6015625 0.021875 0.0234375
0 0.275 0.6171875 0.16875 0.234375
1 0.115625 0.53125 0.0203125 0.021875
1 0.121875 0.56875 0.025 0.0140625
1 0.2765625 0.7 0.03125 0.03125
1 0.309375 0.7 0.028125 0.0296875
1 0.184375 0.6890625 0.0265625 0.0234375
0 0.15 0.7125 0.0375 0.0796875
0 0.2484375 0.7421875 0.221875 0.071875
1 0.3703125 0.8734375 0.021875 0.021875
1 0.4328125 0.5953125 0.053125 0.05625
1 0.4203125 0.6484375 0.0296875 0.0296875
1 0.45625 0.65 0.028125 0.0265625
1 0.378125 0.6203125 0.0140625 0.021875
1 0.4453125 0.6953125 0.0296875 0.0234375
1 0.471875 0.6875 0.01875 0.03125
1 0.4296875 0.546875 0.034375 0.0296875
1 0.45625 0.5296875 0.0171875 0.0171875
1 0.5640625 0.5953125 0.0515625 0.0609375
1 0.5765625 0.65625 0.0359375 0.0484375
1 0.51875 0.6328125 0.09375 0.0578125
1 0.484375 0.7671875 0.0375 0.046875
1 0.675 0.6171875 0.034375 0.0390625
1 0.740625 0.6171875 0.0609375 0.025
1 0.79375 0.690625 0.0671875 0.0703125
1 0.84375 0.721875 0.028125 0.0578125
1 0.7890625 0.775 0.034375 0.0171875
1 0.8375 0.7734375 0.06875 0.065625
1 0.8640625 0.859375 0.025 0.0296875
1 0.9140625 0.875 0.05 0.021875
1 0.9765625 0.84609375 0.046875 0.0765625
1 0.96015625 0.72265625 0.0796875 0.0859375
1 0.9921875 0.68046875 0.015625 0.0515625
1 0.921875 0.6296875 0.0953125 0.09375
1 0.98984375 0.60390625 0.0203125 0.1140625
1 0.975 0.53828125 0.05 0.0453125
1 0.91796875 0.5265625 0.0359375 0.053125
1 0.79375 0.53125 0.078125 0.0625
1 0.771875 0.5640625 0.0359375 0.0265625
1 0.775 0.5921875 0.03125 0.0234375
1 0.8140625 0.603125 0.0375 0.0296875
1 0.6578125 0.546875 0.025 0.015625
1 0.57890625 0.5125 0.0828125 0.025
0 0.5859375 0.53203125 0.321875 0.0640625
0 0.671875 0.8359375 0.325 0.1015625
0 0.6453125 0.7671875 0.28125 0.1625