1 0.2109375 0.1234375 0.0140625 0.0484375
1 0.2609375 0.0640625 0.0625 0.0796875
1 0.4234375 0.0109375 0.0171875 0.015625
1 0.4359375 0.4375 0.00625 0.053125
0 0.315625 0.284375 0.11875 0.3
1 0.765625 0.015625 0.015625 0.0078125
1 0.809375 0.1984375 0.053125 0.025
0 0.91328125 0.3921875 0.1734375 0.3
0 0.86640625 0.41796875 0.2671875 0.2828125
0 0.7015625 0.446875 0.1296875 0.1828125
0 0.23828125 0.93046875 0.0296875 0.1390625
1 0.253125 0.6015625 0.0234375 0.0234375
1 0.2828125 0.6453125 0.0109375 0.0109375
1 0.309375 0.7984375 0.028125 0.0234375
1 0.3015625 0.5984375 0.0265625 0.0234375
1 0.321875 0.73125 0.0234375 0.015625
1 0.340625 0.646875 0.0296875 0.0375
1 0.35 0.9515625 0.025 0.0203125
1 0.3890625 0.840625 0.0296875 0.03125
1 0.2796875 0.759375 0.015625 0.0265625
1 0.4125 0.6984375 0.028125 0.028125
1 0.4015625 0.6625 0.0390625 0.0296875
1 0.31875 0.925 0.0453125 0.028125
0 0.2953125 0.9234375 0.078125 0.1015625
1 0.346875 0.984375 0.01875 0.03125
0 0.39296875 0.95234375 0.0921875 0.0953125
1 0.809375 0.7140625 0.0328125 0.0265625
1 0.74375 0.690625 0.0203125 0.01875
1 0.74375 0.65 0.01875 0.0296875
1 0.7015625 0.6609375 0.0140625 0.01875
1 0.68125 0.7328125 0.01875 0.01875
1 0.6875 0.759375 0.0125 0.0125
1 0.6953125 0.7953125 0.01875 0.0125
1 0.7109375 0.796875 0.0109375 0.0171875
1 0.7453125 0.7890625 0.0109375 0.0171875
1 0.6640625 0.7140625 0.0171875 0.0125
1 0.690625 0.7046875 0.0265625 0.0203125
1 0.6640625 0.6671875 0.009375 0.0203125
1 0.8875 0.7484375 0.0203125 0.0296875
0 0.8765625 0.8046875 0.0421875 0.0703125
1 0.875 0.853125 0.00625 0.028125
0 0.7921875 0.80625 0.1265625 0.128125
1 0.81875 0.8375 0.0234375 0.034375
1 0.7078125 0.85625 0.015625 0.0203125
1 0.7375 0.915625 0.03125 0.053125
0 0.65625 0.8 0.0328125 0.0390625
1 0.671875 0.86875 0.040625 0.0515625
1 0.6515625 0.746875 0.0125 0.0171875
1 0.5765625 0.6890625 0.021875 0.0296875
0 0.5359375 0.790625 0.1671875 0.20625
1 0.596875 0.8296875 0.0375 0.05
1 0.503125 0.6765625 0.01875 0.0296875
1 0.48359375 0.5703125 0.0359375 0.021875
1 0.453125 0.8296875 0.0234375 0.0296875
1 0.46328125 0.60234375 0.0484375 0.0765625
1 0.5546875 0.9359375 0.0171875 0.015625
1 0.52421875 0.99453125 0.0234375 0.0109375
1 0.4609375 0.953125 0.0203125 0.0265625
1 0.6015625 0.984375 0.03125 0.0171875
1 0.6109375 0.996875 0.009375 0.00625
1 0.640625 0.9890625 0.021875 0.0140625
1 0.690625 0.9546875 0.0296875 0.04375
1 0.709375 0.9515625 0.00625 0.0203125
1 0.7453125 0.9609375 0.0140625 0.01875
1 0.8296875 0.98515625 0.015625 0.0296875
1 0.8125 0.99296875 0.015625 0.0140625
1 0.878125 0.9875 0.040625 0.025