1 0.0328125 0.009375 0.0125 0.009375
1 0.04375 0.2890625 0.0171875 0.0109375
1 0.06875 0.3734375 0.01875 0.0203125
1 0.1 0.15625 0.015625 0.009375
1 0.1203125 0.3421875 0.015625 0.0109375
1 0.2328125 0.05625 0.015625 0.0140625
1 0.278125 0.271875 0.028125 0.01875
1 0.2984375 0.290625 0.0125 0.0140625
1 0.3296875 0.0734375 0.025 0.025
1 0.3953125 0.05625 0.0046875 0.00625
1 0.465625 0.05 0.03125 0.0203125
1 0.509375 0.0921875 0.028125 0.0171875
1 0.4625 0.1046875 0.025 0.0203125
1 0.371875 0.1296875 0.0109375 0.0203125
1 0.25625 0.0703125 0.0109375 0.01875
1 0.175 0.0953125 0.028125 0.0234375
1 0.14375 0.125 0.01875 0.0265625
1 0.1390625 0.15625 0.0109375 0.015625
1 0.0484375 0.1796875 0.0234375 0.021875
1 0.0390625 0.0390625 0.0203125 0.0234375
1 0.0328125 0.046875 0.0265625 0.025
1 0.121875 0.0296875 0.0140625 0.015625
1 0.103125 0.05625 0.03125 0.03125
1 0.1390625 0.053125 0.025 0.0265625
1 0.18984375 0.009375 0.0234375 0.01875
1 0.1953125 0.0421875 0.0140625 0.0171875
1 0.203125 0.0625 0.0296875 0.0234375
1 0.175 0.0421875 0.009375 0.0171875
1 0.1640625 0.0453125 0.0109375 0.0140625
1 0.184375 0.05 0.0109375 0.0140625
1 0.3828125 0.1640625 0.0296875 0.0234375
1 0.4484375 0.2265625 0.0078125 0.021875
1 0.4515625 0.171875 0.0265625 0.03125
1 0.4328125 0.1703125 0.015625 0.025
1 0.4296875 0.1484375 0.0171875 0.0140625
1 0.503125 0.1953125 0.015625 0.0140625
1 0.35 0.2875 0.028125 0.0296875
1 0.3109375 0.275 0.0046875 0.009375
1 0.0234375 0.421875 0.034375 0.034375
0 0.103125 0.41875 0.1375 0.040625
0 0.17109375 0.39140625 0.0828125 0.0953125
1 0.1734375 0.3625 0.0125 0.015625
1 0.2640625 0.390625 0.015625 0.015625
0 0.27578125 0.41796875 0.1265625 0.0421875
0 0.46328125 0.39765625 0.1359375 0.0828125
1 0.71796875 0.2484375 0.0171875 0.0375
1 0.7359375 0.146875 0.0171875 0.015625
1 0.8 0.36875 0.0125 0.0125
1 0.915625 0.1703125 0.0109375 0.00625
1 0.95625 0.1859375 0.01875 0.015625
1 0.9546875 0.128125 0.0296875 0.0140625
1 0.9546875 0.0640625 0.0359375 0.0421875
0 0.7484375 0.378125 0.078125 0.1125
1 0.7734375 0.30625 0.0265625 0.0453125
1 0.8984375 0.315625 0.028125 0.025
1 0.846875 0.325 0.0234375 0.0296875
1 0.84921875 0.4359375 0.0234375 0.00625
0 0.8484375 0.3828125 0.059375 0.1046875
1 0.890625 0.3359375 0.0390625 0.0296875
1 0.915625 0.2734375 0.0484375 0.03125
0 0.928125 0.35078125 0.14375 0.1765625
1 0.890625 0.1140625 0.0140625 0.03125
1 0.84375 0.1921875 0.0203125 0.0203125
1 0.1859375 0.73125 0.0234375 0.0203125
1 0.290625 0.884375 0.0171875 0.01875
1 0.328125 0.9265625 0.0140625 0.0140625
1 0.34375 0.4640625 0.0234375 0.01875
1 0.3546875 0.9859375 0.0203125 0.0140625
1 0.3640625 0.4625 0.009375 0.0078125
1 0.38125 0.44140625 0.034375 0.0046875
1 0.4046875 0.871875 0.0171875 0.0296875
1 0.4546875 0.8359375 0.0078125 0.01875
1 0.45625 0.88125 0.0375 0.028125
1 0.5140625 0.9171875 0.0140625 0.0140625
1 0.559375 0.7421875 0.0265625 0.025
1 0.221875 0.5 0.009375 0.0078125
1 0.215625 0.490625 0.015625 0.015625
1 0.2265625 0.5703125 0.090625 0.0734375
0 0.1765625 0.684375 0.1484375 0.15625
1 0.175 0.621875 0.075 0.0515625
1 0.3328125 0.7359375 0.0265625 0.0234375
1 0.2625 0.68125 0.015625 0.025
0 0.2921875 0.6609375 0.0875 0.1265625
1 0.3203125 0.6203125 0.053125 0.0984375
1 0.3796875 0.6046875 0.090625 0.0453125
1 0.375 0.6453125 0.028125 0.021875
1 0.4375 0.60625 0.0515625 0.05
0 0.3421875 0.696875 0.01875 0.04375
0 0.45 0.64375 0.1828125 0.175
1 0.5984375 0.578125 0.04375 0.0796875
0 0.571875 0.6640625 0.0953125 0.1890625
1 0.971875 0.8984375 0.034375 0.0328125
1 0.8625 0.9015625 0.0203125 0.0203125
1 0.8328125 0.7640625 0.0265625 0.0265625
1 0.784375 0.9609375 0.01875 0.03125
1 0.7765625 0.5765625 0.0359375 0.0359375
1 0.728125 0.603125 0.03125 0.04375
0 0.75390625 0.72421875 0.0890625 0.1734375
1 0.828125 0.6453125 0.071875 0.040625
1 0.89140625 0.4515625 0.0171875 0.025
1 0.996875 0.8171875 0.00625 0.028125
0 0.86875 0.7140625 0.1515625 0.0921875
0 0.940625 0.70078125 0.11875 0.1921875