1 0.5171875 0.3921875 0.0078125 0.0078125
0 0.3515625 0.04921875 0.1375 0.0984375
1 0.1859375 0.38125 0.0125 0.0078125
1 0.134375 0.5125 0.0109375 0.009375
1 0.13125 0.290625 0.015625 0.0125
1 0.0375 0.409375 0.0109375 0.00625
1 0.00625 0.13828125 0.0125 0.0078125
0 0.115625 0.0359375 0.23125 0.071875
1 0.4625 0.5046875 0.0078125 0.0046875
1 0.0765625 0.2265625 0.0265625 0.0265625
1 0.0625 0.1953125 0.03125 0.0484375
1 0.0078125 0.125 0.00625 0.0078125
0 0.45078125 0.03359375 0.1359375 0.0671875
0 0.04453125 0.03046875 0.0890625 0.0609375
0 0.953125 0.11796875 0.09375 0.1515625
1 0.921875 0.4140625 0.021875 0.021875
1 0.89375 0.403125 0.0625 0.078125
1 0.921875 0.4421875 0.040625 0.0328125
1 0.7671875 0.421875 0.028125 0.0234375
1 0.684375 0.3828125 0.034375 0.090625
1 0.725 0.409375 0.0203125 0.0234375
1 0.896875 0.2859375 0.0234375 0.028125
1 0.9 0.25625 0.040625 0.03125
1 0.9265625 0.24375 0.0203125 0.0203125
1 0.925 0.2921875 0.021875 0.0171875
1 0.9390625 0.28125 0.015625 0.0140625
1 0.925 0.275 0.0234375 0.0203125
1 0.9234375 0.203125 0.03125 0.01875
1 0.934375 0.1859375 0.015625 0.0171875
1 0.928125 0.165625 0.0109375 0.0234375
1 0.94375 0.0484375 0.01875 0.025
1 0.9265625 0.0640625 0.0140625 0.0203125
1 0.9015625 0.053125 0.025 0.028125
1 0.8625 0.053125 0.0234375 0.028125
1 0.8625 0.1625 0.028125 0.0265625
1 0.85 0.15625 0.015625 0.0375
1 0.7359375 0.190625 0.015625 0.025
1 0.6828125 0.1125 0.0296875 0.0234375
0 0.78359375 0.0890625 0.2328125 0.178125
1 0.7484375 0.1578125 0.0234375 0.01875
1 0.7265625 0.1578125 0.0140625 0.0109375
1 0.6953125 0.028125 0.0234375 0.015625
1 0.703125 0.071875 0.0125 0.0359375
1 0.6859375 0.0078125 0.00625 0.009375
1 0.9015625 0.1234375 0.0140625 0.009375
1 0.8875 0.128125 0.01875 0.009375
1 0.828125 0.246875 0.046875 0.046875
1 0.7796875 0.2015625 0.025 0.0234375
1 0.753125 0.2984375 0.025 0.028125
1 0.771875 0.2890625 0.0203125 0.01875
1 0.80859375 0.52109375 0.0484375 0.0171875
1 0.84921875 0.515625 0.0453125 0.028125
1 0.68671875 0.52109375 0.0390625 0.0171875
1 0.7265625 0.51953125 0.021875 0.0203125
1 0.7671875 0.49375 0.028125 0.0265625
1 0.746875 0.4796875 0.0359375 0.04375
1 0.7609375 0.4546875 0.0203125 0.015625
1 0.4765625 0.7796875 0.0203125 0.0140625
1 0.4796875 0.65 0.0203125 0.01875
1 0.44375 0.9796875 0.03125 0.028125
0 0.4546875 0.7359375 0.0796875 0.0671875
1 0.4234375 0.540625 0.01875 0.021875
1 0.4234375 0.65 0.0234375 0.0265625
1 0.4046875 0.7640625 0.021875 0.0328125
1 0.3671875 0.8046875 0.034375 0.03125
1 0.31875 0.859375 0.021875 0.0171875
1 0.3046875 0.58125 0.0171875 0.021875
1 0.290625 0.6578125 0.0375 0.0109375
1 0.284375 0.8703125 0.03125 0.0203125
1 0.2765625 0.9203125 0.021875 0.0171875
0 0.2953125 0.703125 0.075 0.075
1 0.259375 0.6421875 0.0203125 0.0140625
1 0.2359375 0.828125 0.0265625 0.021875
1 0.225 0.8625 0.028125 0.0296875
1 0.203125 0.7859375 0.0390625 0.0359375
1 0.1890625 0.725 0.0203125 0.0171875
1 0.16875 0.853125 0.0140625 0.01875
0 0.1453125 0.715625 0.065625 0.096875
1 0.05625 0.9109375 0.025 0.0203125
1 0.084375 0.8625 0.025 0.0453125
1 0.021875 0.5640625 0.01875 0.0234375
1 0.015625 0.78125 0.021875 0.01875
1 0.01171875 0.95703125 0.0234375 0.0390625
1 0.378125 0.98984375 0.034375 0.0203125
1 0.3984375 0.9203125 0.025 0.0234375
1 0.2125 0.99296875 0.028125 0.0140625
1 0.2328125 0.99375 0.0125 0.0125
1 0.1625 0.915625 0.0171875 0.0171875
1 0.03125 0.978125 0.01875 0.0234375
1 0.0578125 0.8609375 0.025 0.0359375
1 0.4015625 0.6828125 0.025 0.01875
1 0.3578125 0.7171875 0.021875 0.021875
1 0.378125 0.703125 0.025 0.021875
1 0.3484375 0.8046875 0.0171875 0.04375
1 0.346875 0.8546875 0.028125 0.04375
1 0.153125 0.7984375 0.05 0.0609375
1 0.1171875 0.80625 0.03125 0.0390625
1 0.4046875 0.540625 0.03125 0.021875
1 0.13125 0.53203125 0.015625 0.0046875
0 0.0328125 0.73125 0.065625 0.134375
0 0.0828125 0.709375 0.08125 0.1046875
0 0.775 0.81875 0.109375 0.08125
1 0.8453125 0.7921875 0.0265625 0.025
0 0.909375 0.7546875 0.1625 0.3328125
1 0.7953125 0.6703125 0.021875 0.01875
1 0.8640625 0.6109375 0.0203125 0.0203125
1 0.8375 0.55 0.0234375 0.025
1 0.93046875 0.990625 0.0234375 0.01875
1 0.65625 0.83125 0.015625 0.01875
1 0.6375 0.790625 0.025 0.025
0 0.61875 0.703125 0.178125 0.325
1 0.5546875 0.54296875 0.046875 0.0265625
1 0.728125 0.5421875 0.028125 0.025
1 0.59375 0.5875 0.0171875 0.0203125
1 0.584375 0.646875 0.0359375 0.0234375