1 0.0109375 0.10703125 0.021875 0.0234375
1 0.2578125 0.01875 0.0203125 0.0328125
1 0.296875 0.0796875 0.0265625 0.034375
1 0.2671875 0.0859375 0.021875 0.0203125
1 0.175 0.034375 0.028125 0.0265625
1 0.1140625 0.1140625 0.0234375 0.0203125
1 0.053125 0.10625 0.0109375 0.0109375
1 0.30625 0.16875 0.059375 0.034375
1 0.1890625 0.1109375 0.021875 0.025
1 0.20625 0.1234375 0.0234375 0.0421875
1 0.2046875 0.1328125 0.0515625 0.0265625
0 0.35 0.1859375 0.0078125 0.0390625
0 0.346875 0.228125 0.015625 0.0359375
1 0.34375 0.2765625 0.0171875 0.0203125
1 0.2734375 0.3890625 0.078125 0.0859375
1 0.271875 0.240625 0.0390625 0.03125
1 0.2390625 0.21875 0.015625 0.0203125
0 0.2 0.2484375 0.0921875 0.2140625
1 0.1546875 0.1765625 0.021875 0.0171875
1 0.20625 0.1484375 0.028125 0.0203125
0 0.1265625 0.24375 0.103125 0.0859375
0 0.040625 0.24609375 0.08125 0.0921875
1 0.025 0.3609375 0.034375 0.0421875
1 0.084375 0.246875 0.021875 0.0140625
1 0.00703125 0.153125 0.0140625 0.01875
0 0.0109375 0.21640625 0.021875 0.0609375
1 0.00703125 0.26875 0.0140625 0.00625
1 0.00703125 0.49609375 0.0140625 0.0234375
1 0.0234375 0.5109375 0.0171875 0.0140625
1 0.0578125 0.4734375 0.0078125 0.009375
1 0.1171875 0.4515625 0.0234375 0.021875
1 0.1125 0.4953125 0.04375 0.0296875
1 0.1828125 0.359375 0.0265625 0.0203125
1 0.2109375 0.384375 0.0203125 0.025
1 0.2625 0.4421875 0.025 0.0328125
1 0.2921875 0.446875 0.01875 0.0171875
1 0.2609375 0.49375 0.0578125 0.053125
1 0.2109375 0.490625 0.034375 0.03125
1 0.3203125 0.503125 0.0203125 0.0203125
1 0.30625 0.3078125 0.015625 0.01875
1 0.265625 0.3234375 0.0078125 0.0234375
1 0.346875 0.3484375 0.015625 0.01875
1 0.1453125 0.55859375 0.01875 0.0015625
1 0.0609375 0.54765625 0.0375 0.0234375
1 0.028125 0.428125 0.0140625 0.0109375
1 0.4640625 0.05 0.0234375 0.028125
1 0.46484375 0.55390625 0.0109375 0.0109375
0 0.46328125 0.0078125 0.0265625 0.015625
1 0.475 0.25625 0.0078125 0.0125
1 0.5203125 0.0890625 0.0234375 0.040625
1 0.5703125 0.3484375 0.009375 0.0078125
1 0.5734375 0.1609375 0.0421875 0.05625
1 0.5703125 0.5140625 0.0140625 0.015625
1 0.596875 0.48125 0.01875 0.0171875
1 0.5984375 0.3234375 0.0171875 0.0125
1 0.59375 0.525 0.046875 0.0421875
1 0.6328125 0.540625 0.0140625 0.0140625
1 0.6296875 0.2859375 0.059375 0.0546875
1 0.6796875 0.3125 0.015625 0.0140625
1 0.6796875 0.15625 0.0375 0.0625
1 0.6859375 0.5171875 0.0296875 0.015625
1 0.7109375 0.05 0.009375 0.0078125
1 0.734375 0.39375 0.046875 0.0265625
1 0.75625 0.521875 0.0125 0.009375
1 0.7671875 0.1515625 0.0265625 0.0390625
1 0.7703125 0.2046875 0.034375 0.0265625
1 0.7734375 0.0890625 0.03125 0.053125
1 0.7375 0.2828125 0.0453125 0.04375
1 0.759375 0.3265625 0.0515625 0.04375
1 0.578125 0.4734375 0.0359375 0.03125
0 0.7484375 0.4625 0.08125 0.0953125
0 0.65625 0.434375 0.140625 0.1203125
1 0.4734375 0.5140625 0.03125 0.0234375
0 0.540625 0.428125 0.1 0.0921875
0 0.4828125 0.4296875 0.065625 0.15625
1 0.0328125 0.821875 0.015625 0.0109375
1 0.0296875 0.859375 0.0265625 0.028125
0 0.2625 0.7109375 0.059375 0.1015625
0 0.1453125 0.71875 0.20625 0.15
0 0.03984375 0.69296875 0.0796875 0.1734375
1 0.2328125 0.9625 0.0078125 0.0046875
1 0.0609375 0.8109375 0.0171875 0.0171875
1 0.26796875 0.9921875 0.0421875 0.015625
1 0.2375 0.56484375 0.028125 0.0109375
1 0.19296875 0.56875 0.0609375 0.01875
1 0.00546875 0.60546875 0.0109375 0.0265625
1 0.4640625 0.9265625 0.0125 0.0140625
1 0.471875 0.959375 0.0296875 0.0203125
1 0.6890625 0.5953125 0.04375 0.0296875
1 0.753125 0.9890625 0.00625 0.021875
1 0.78671875 0.9953125 0.0265625 0.009375
1 0.5890625 0.5640625 0.04375 0.009375
1 0.575 0.5703125 0.05 0.0171875
1 0.6859375 0.565625 0.06875 0.0125
0 0.48125 0.6375 0.046875 0.115625
1 0.521875 0.596875 0.028125 0.01875
0 0.553125 0.6421875 0.11875 0.0828125
1 0.54375 0.66875 0.0203125 0.025
0 0.96875 0.678125 0.0296875 0.0734375
0 0.9453125 0.6421875 0.078125 0.165625
1 0.946875 0.696875 0.0234375 0.0421875
0 0.8640625 0.6546875 0.1015625 0.0859375
0 0.765625 0.6453125 0.0984375 0.065625
1 0.8015625 0.6953125 0.034375 0.046875
1 0.7484375 0.7328125 0.015625 0.009375
0 0.6953125 0.65625 0.10625 0.0828125
1 0.69375 0.696875 0.0265625 0.0296875
1 0.64375 0.65625 0.0390625 0.021875
1 0.9640625 0.753125 0.040625 0.071875
1 0.95 0.81875 0.06875 0.046875
1 0.9484375 0.859375 0.0234375 0.0265625
1 0.771875 0.76875 0.034375 0.0328125
1 0.721875 0.7734375 0.0265625 0.0265625
1 0.690625 0.8234375 0.0515625 0.0328125
1 0.76875 0.83125 0.040625 0.0265625
1 0.7390625 0.8390625 0.0265625 0.0140625
1 0.5265625 0.71875 0.0515625 0.0765625
1 0.5125 0.703125 0.0203125 0.025
1 0.590625 0.7046875 0.028125 0.034375
1 0.5953125 0.74375 0.0359375 0.0375
1 0.5734375 0.85625 0.10625 0.1015625
1 0.60625 0.84375 0.025 0.021875
1 0.5375 0.778125 0.0984375 0.0921875
1 0.4734375 0.8078125 0.0328125 0.0546875
1 0.496875 0.834375 0.0203125 0.0203125
1 0.484375 0.853125 0.053125 0.03125
1 0.5375 0.953125 0.0390625 0.0140625
1 0.5609375 0.996875 0.0234375 0.00625
1 0.61875 0.9125 0.0171875 0.025
1 0.615625 0.978125 0.034375 0.0375
1 0.63828125 0.9875 0.0171875 0.025
1 0.6859375 0.9328125 0.075 0.065625
1 0.65 0.9234375 0.0484375 0.05
1 0.765625 0.9 0.05 0.0453125
1 0.73984375 0.99609375 0.0140625 0.0078125
1 0.8375 0.875 0.0140625 0.028125
1 0.96875 0.9203125 0.0296875 0.034375
1 0.93125 0.89375 0.0328125 0.028125
1 0.8890625 0.9390625 0.0625 0.0421875
1 0.8609375 0.9078125 0.0125 0.0328125
1 0.921875 0.990625 0.025 0.01875