0 0.35625 0.071875 0.075 0.14375
0 0.2125 0.078125 0.09375 0.15625
0 0.096875 0.08203125 0.1125 0.1640625
0 0.42421875 0.06171875 0.0515625 0.1234375
1 0.3140625 0.2890625 0.109375 0.125
1 0.2609375 0.00546875 0.025 0.0109375
1 0.2875 0.08125 0.0375 0.059375
1 0.2890625 0.0359375 0.021875 0.03125
1 0.32734375 0.003125 0.0359375 0.00625
1 0.159375 0.26875 0.053125 0.0578125
1 0.3671875 0.184375 0.03125 0.0203125
1 0.4359375 0.14296875 0.028125 0.0453125
1 0.4453125 0.26640625 0.009375 0.0453125
1 0.4125 0.296875 0.0546875 0.0390625
1 0.4453125 0.3046875 0.009375 0.028125
1 0.3421875 0.3734375 0.025 0.03125
1 0.3171875 0.3578125 0.021875 0.040625
1 0.24375 0.2796875 0.0515625 0.0453125
1 0.2890625 0.2171875 0.034375 0.025
1 0.2375 0.1859375 0.01875 0.0234375
1 0.0515625 0.171875 0.0203125 0.0578125
1 0.0671875 0.38125 0.0484375 0.08125
1 0.0546875 0.3 0.021875 0.0234375
1 0.1609375 0.3640625 0.034375 0.0328125
1 0.1828125 0.428125 0.0734375 0.046875
1 0.121875 0.45 0.0671875 0.0484375
1 0.05625 0.4953125 0.0265625 0.0515625
1 0.09921875 0.51328125 0.0953125 0.0515625
1 0.1734375 0.503125 0.046875 0.0296875
1 0.2234375 0.53046875 0.053125 0.0171875
1 0.2390625 0.5015625 0.034375 0.0296875
1 0.2796875 0.4296875 0.0453125 0.034375
1 0.3515625 0.45 0.03125 0.0453125
1 0.375 0.4890625 0.03125 0.0265625
1 0.33203125 0.52578125 0.0234375 0.0265625
1 0.3640625 0.51875 0.0359375 0.028125
1 0.4171875 0.4953125 0.03125 0.0203125
1 0.4 0.53515625 0.021875 0.0078125
1 0.434375 0.4328125 0.025 0.015625
1 0.1796875 0.084375 0.0359375 0.04375
1 0.5625 0.0296875 0.01875 0.034375
1 0.4984375 0.128125 0.0171875 0.021875
1 0.759375 0.20625 0.040625 0.034375
1 0.7484375 0.396875 0.0359375 0.0234375
1 0.59375 0.4203125 0.0109375 0.009375
0 0.59609375 0.4734375 0.2921875 0.13125
1 0.0765625 0.66875 0.053125 0.0671875
0 0.078125 0.8421875 0.0984375 0.103125
0 0.215625 0.846875 0.1015625 0.2015625
0 0.30625 0.8546875 0.1140625 0.1484375
1 0.3328125 0.9484375 0.0625 0.03125
1 0.409375 0.6296875 0.065625 0.075
1 0.55625 0.7875 0.0265625 0.0328125
1 0.565625 0.7515625 0.0328125 0.0296875
1 0.578125 0.98046875 0.034375 0.0390625
1 0.6 0.74375 0.0359375 0.015625
1 0.61875 0.71875 0.0234375 0.021875
1 0.634375 0.7625 0.025 0.0109375
1 0.6875 0.946875 0.0453125 0.0296875
1 0.74375 0.5578125 0.0203125 0.01875
1 0.75625 0.8640625 0.0140625 0.009375
1 0.8125 0.9390625 0.0296875 0.046875
1 0.8640625 0.8078125 0.01875 0.0171875
1 0.88125 0.86875 0.01875 0.0234375
0 0.8265625 0.7046875 0.13125 0.1640625
1 0.9 0.9703125 0.03125 0.0265625
1 0.9296875 0.796875 0.0421875 0.028125
0 0.96640625 0.909375 0.0671875 0.140625
0 0.95703125 0.7046875 0.0859375 0.190625
1 0.9515625 0.859375 0.0171875 0.040625
1 0.825 0.91875 0.028125 0.0234375
1 0.7125 0.7390625 0.0296875 0.109375
1 0.71875 0.7734375 0.028125 0.0296875
1 0.6359375 0.915625 0.096875 0.0515625
1 0.80625 0.5515625 0.040625 0.025