1 0.7609375 0.3515625 0.0109375 0.0078125
1 0.7921875 0.3328125 0.0078125 0.009375
0 0.24375 0.3375 0.0171875 0.0359375
1 0.6140625 0.303125 0.0078125 0.0078125
1 0.83828125 0.27734375 0.0234375 0.0109375
1 0.8453125 0.271875 0.009375 0.021875
1 0.75625 0.2734375 0.0171875 0.0265625
1 0.25 0.2546875 0.0078125 0.009375
1 0.771875 0.228125 0.025 0.01875
1 0.3953125 0.190625 0.015625 0.0109375
1 0.671875 0.18125 0.009375 0.0265625
1 0.375 0.1640625 0.0078125 0.009375
1 0.8484375 0.16015625 0.003125 0.0140625
1 0.146875 0.1453125 0.0078125 0.0125
1 0.315625 0.0640625 0.0078125 0.009375
1 0.7828125 0.0390625 0.009375 0.0125
1 0.80625 0.01875 0.0078125 0.0109375
1 0.84765625 0.021875 0.0046875 0.00625
1 0.0015625 0.0078125 0.003125 0.009375
1 0.01875 0.003125 0.01875 0.00625
1 0.3203125 0.00625 0.034375 0.0125
1 0.596875 0.00859375 0.0375 0.0171875
1 0.55625 0.2265625 0.040625 0.0421875
1 0.515625 0.328125 0.0484375 0.046875
1 0.7203125 0.053125 0.09375 0.071875
1 0.7921875 0.1140625 0.01875 0.021875
1 0.81875 0.1 0.0328125 0.028125
1 0.8234375 0.125 0.0171875 0.015625
1 0.84296875 0.08671875 0.0140625 0.0296875
0 0.3734375 0.3015625 0.24375 0.10625
0 0.4203125 0.16484375 0.3 0.3296875
0 0.478125 0.07265625 0.275 0.1453125
0 0.446875 0.0828125 0.1078125 0.0734375
1 0.96875 0.0265625 0.0515625 0.0359375
0 0.39375 0.51640625 0.19375 0.0328125
0 0.315625 0.6515625 0.2875 0.284375
1 0.690625 0.6765625 0.028125 0.03125
1 0.778125 0.6109375 0.0265625 0.0171875
1 0.559375 0.8484375 0.0828125 0.0546875
0 0.3109375 0.828125 0.5140625 0.234375
0 0.2390625 0.8609375 0.34375 0.209375
1 0.9484375 0.5640625 0.0140625 0.01875
1 0.9640625 0.5421875 0.0125 0.015625
1 0.85859375 0.515625 0.0171875 0.03125
1 0.89375 0.50625 0.034375 0.0125
1 0.8640625 0.6546875 0.028125 0.0203125
1 0.9203125 0.515625 0.0265625 0.009375