1 0.0109375 0.36875 0.00625 0.0078125
1 0.49375 0.3328125 0.0109375 0.015625
1 0.0140625 0.22734375 0.028125 0.0609375
1 0.246875 0.1515625 0.01875 0.0375
1 0.4375 0.0546875 0.0078125 0.0125
1 0.5796875 0.02109375 0.059375 0.0421875
1 0.2203125 0.3453125 0.01875 0.0109375
1 0.33125 0.3484375 0.015625 0.0140625
0 0.2671875 0.3625 0.4046875 0.25
0 0.37265625 0.1953125 0.2984375 0.390625
1 0.4203125 0.015625 0.021875 0.0265625
1 0.4359375 0.025 0.009375 0.0109375
0 0.3734375 0.1203125 0.28125 0.2015625
0 0.35703125 0.02109375 0.0890625 0.0421875
1 0.3359375 0.0125 0.0078125 0.009375
1 0.9671875 0.2765625 0.025 0.0203125
1 0.9703125 0.2515625 0.0359375 0.021875
1 0.9796875 0.3140625 0.025 0.0203125
1 0.9109375 0.375 0.0265625 0.025
1 0.978125 0.225 0.015625 0.01875
1 0.996875 0.18984375 0.00625 0.0265625
1 0.9265625 0.309375 0.025 0.0125
1 0.7859375 0.2046875 0.025 0.025
1 0.92109375 0.54140625 0.0296875 0.0359375
1 0.9828125 0.5296875 0.0296875 0.01875
1 0.99453125 0.55 0.0109375 0.01875
0 0.66484375 0.48984375 0.0953125 0.1390625
1 0.6546875 0.4 0.0234375 0.034375
0 0.69140625 0.278125 0.1640625 0.240625
1 0.0109375 0.575 0.021875 0.03125
1 0.05703125 0.58125 0.0578125 0.04375
1 0.0421875 0.66796875 0.084375 0.0484375
1 0.00859375 0.74375 0.0171875 0.071875
1 0.0234375 0.77421875 0.046875 0.0453125
1 0.0953125 0.70625 0.0484375 0.03125
1 0.13125 0.6859375 0.0546875 0.0625
1 0.13125 0.728125 0.04375 0.046875
1 0.11875 0.778125 0.059375 0.078125
0 0.41015625 0.6203125 0.1453125 0.121875
0 0.3828125 0.73125 0.1 0.1234375
1 0.2046875 0.7046875 0.08125 0.10625
1 0.2640625 0.7640625 0.025 0.05625
1 0.2515625 0.7359375 0.028125 0.0375
1 0.1609375 0.815625 0.05625 0.046875
1 0.55546875 0.57734375 0.0421875 0.0359375
1 0.528125 0.7125 0.078125 0.1734375
1 0.509375 0.6046875 0.04375 0.046875
1 0.59921875 0.59921875 0.0203125 0.0484375
1 0.5671875 0.7484375 0.025 0.034375
1 0.590625 0.703125 0.0375 0.028125
1 0.5265625 0.809375 0.0390625 0.04375
1 0.0640625 0.9515625 0.0734375 0.0625
1 0.1296875 0.871875 0.178125 0.08125
0 0.3796875 0.8640625 0.153125 0.2140625
1 0.24375 0.91875 0.03125 0.0296875
1 0.3015625 0.8734375 0.0546875 0.05625
1 0.4796875 0.8953125 0.034375 0.05625
1 0.5875 0.871875 0.0375 0.0734375
1 0.559375 0.95 0.078125 0.0875
1 0.6453125 0.8171875 0.021875 0.01875
1 0.79375 0.975 0.0359375 0.021875
1 0.94375 0.60625 0.0328125 0.025
1 0.921875 0.853125 0.01875 0.00625