1 0.38515625 0.4828125 0.0359375 0.0125
1 0.4359375 0.3609375 0.00625 0.015625
1 0.3640625 0.46875 0.0078125 0.0109375
1 0.3609375 0.4265625 0.009375 0.009375
1 0.0953125 0.4375 0.028125 0.065625
1 0.00859375 0.4140625 0.0171875 0.028125
1 0.43359375 0.30859375 0.0109375 0.0203125
1 0.390625 0.28125 0.0046875 0.0109375
1 0.43515625 0.2484375 0.0078125 0.015625
1 0.390625 0.2484375 0.00625 0.009375
1 0.346875 0.2984375 0.0328125 0.025
1 0.3625 0.3046875 0.0140625 0.015625
1 0.25625 0.390625 0.01875 0.021875
1 0.08125 0.35625 0.0203125 0.01875
1 0.0953125 0.309375 0.00625 0.0078125
1 0.1140625 0.2875 0.0296875 0.028125
1 0.04375 0.2546875 0.0203125 0.0234375
0 0.0078125 0.24375 0.015625 0.09375
1 0.075 0.259375 0.0171875 0.021875
0 0.0765625 0.2453125 0.0796875 0.0515625
1 0.0453125 0.2171875 0.0234375 0.0234375
1 0.2203125 0.2046875 0.009375 0.0109375
1 0.2140625 0.1703125 0.0296875 0.025
1 0.234375 0.11875 0.025 0.025
1 0.3 0.18125 0.0078125 0.0125
1 0.3375 0.1953125 0.01875 0.0140625
1 0.3296875 0.15 0.0203125 0.0171875
1 0.1671875 0.1796875 0.034375 0.0375
1 0.14375 0.1796875 0.028125 0.04375
1 0.134375 0.10625 0.0546875 0.0515625
1 0.1625 0.1078125 0.0234375 0.0234375
1 0.159375 0.0859375 0.021875 0.0296875
1 0.10625 0.0609375 0.0140625 0.0203125
1 0.1265625 0.0328125 0.025 0.0296875
1 0.1640625 0.046875 0.015625 0.015625
1 0.21875 0.0484375 0.0234375 0.021875
1 0.2375 0.0515625 0.025 0.03125
1 0.253125 0.075 0.015625 0.0203125
1 0.296875 0.096875 0.0234375 0.021875
1 0.2734375 0.0375 0.0234375 0.0265625
1 0.2875 0.0203125 0.025 0.0265625
1 0.3140625 0.046875 0.0171875 0.0328125
1 0.296875 0.05 0.03125 0.0265625
1 0.3765625 0.053125 0.025 0.0171875
1 0.41796875 0.0421875 0.0421875 0.05
1 0.35390625 0.01171875 0.0265625 0.0234375
1 0.39921875 0.0109375 0.0359375 0.021875
1 0.37421875 0.015625 0.0453125 0.03125
1 0.01953125 0.03046875 0.0390625 0.0609375
0 0.4203125 0.25234375 0.0375 0.1078125
1 0.25625 0.2640625 0.009375 0.0234375
0 0.303125 0.2359375 0.15 0.075
0 0.1484375 0.2328125 0.11875 0.1765625
1 0.1328125 0.165625 0.009375 0.015625
1 0.0125 0.12265625 0.025 0.0765625
1 0.00625 0.153125 0.0125 0.009375
1 0.06875 0.01875 0.0203125 0.0203125
1 0.628125 0.434375 0.0390625 0.0328125
1 0.65 0.465625 0.0203125 0.025
1 0.6328125 0.0171875 0.0625 0.034375
1 0.675 0.2015625 0.0265625 0.0234375
1 0.6875 0.075 0.0390625 0.05625
1 0.7390625 0.0953125 0.034375 0.03125
1 0.78125 0.48671875 0.0125 0.0046875
1 0.803125 0.0171875 0.021875 0.0234375
1 0.7984375 0.215625 0.0125 0.009375
1 0.825 0.0890625 0.0515625 0.0328125
1 0.846875 0.0203125 0.021875 0.0234375
1 0.8546875 0.3390625 0.0359375 0.01875
1 0.871875 0.371875 0.0140625 0.0125
1 0.878125 0.3 0.009375 0.015625
1 0.8859375 0.0125 0.0078125 0.0078125
1 0.890625 0.2640625 0.015625 0.009375
1 0.890625 0.38125 0.0203125 0.0234375
1 0.915625 0.4546875 0.00625 0.0078125
1 0.9109375 0.3890625 0.0171875 0.015625
1 0.9140625 0.06875 0.0109375 0.0171875
1 0.9109375 0.3015625 0.01875 0.01875
1 0.92109375 0.00859375 0.0078125 0.0171875
1 0.928125 0.3578125 0.0078125 0.0140625
1 0.93125 0.2984375 0.04375 0.059375
1 0.9671875 0.10625 0.0234375 0.0234375
1 0.98671875 0.08046875 0.0265625 0.0265625
1 0.9953125 0.2390625 0.009375 0.0125
1 0.97421875 0.1734375 0.0515625 0.05
1 0.628125 0.47734375 0.040625 0.0234375
0 0.97421875 0.31796875 0.0515625 0.1578125
1 0.7453125 0.196875 0.0265625 0.028125
1 0.7359375 0.1640625 0.025 0.046875
1 0.634375 0.1015625 0.025 0.01875
1 0.615625 0.1015625 0.025 0.0171875
0 0.76875 0.2859375 0.1296875 0.1484375
0 0.709375 0.28125 0.053125 0.171875
0 0.6453125 0.2953125 0.0890625 0.159375
1 0.240625 0.9578125 0.015625 0.015625
0 0.125 0.746875 0.24375 0.1828125
0 0.11875 0.696875 0.2375 0.26875
1 0.7453125 0.5515625 0.015625 0.0109375
1 0.7953125 0.5265625 0.025 0.0390625
1 0.7828125 0.8140625 0.1375 0.14375
1 0.86875 0.8078125 0.021875 0.0234375
1 0.8578125 0.9015625 0.0375 0.0203125
1 0.9234375 0.5484375 0.0125 0.0140625
1 0.9296875 0.50625 0.03125 0.025
1 0.9328125 0.759375 0.0453125 0.0234375
1 0.934375 0.853125 0.065625 0.0359375
1 0.9625 0.99140625 0.046875 0.0171875
0 0.7375 0.6484375 0.1546875 0.1734375
0 0.8390625 0.621875 0.1046875 0.15625
0 0.93671875 0.634375 0.1265625 0.153125
1 0.8765625 0.759375 0.0546875 0.078125
1 0.9703125 0.93828125 0.059375 0.0734375
1 0.99140625 0.87890625 0.0171875 0.0671875
1 0.86875 0.9515625 0.028125 0.021875
1 0.8953125 0.95625 0.025 0.0265625
1 0.7109375 0.8828125 0.053125 0.0265625
1 0.6734375 0.89375 0.0265625 0.0265625
1 0.71875 0.9546875 0.05 0.053125
1 0.709375 0.9265625 0.040625 0.03125