1 0.44375 0.3453125 0.0125 0.00625
1 0.3890625 0.340625 0.021875 0.01875
1 0.3125 0.3109375 0.0140625 0.0140625
1 0.3046875 0.309375 0.0203125 0.01875
1 0.2578125 0.24375 0.0109375 0.0140625
1 0.290625 0.21875 0.0328125 0.0203125
1 0.35 0.1625 0.0109375 0.0375
1 0.390625 0.2140625 0.01875 0.0171875
1 0.3140625 0.0765625 0.0140625 0.01875
1 0.26875 0.1203125 0.015625 0.0296875
1 0.2015625 0.1203125 0.0171875 0.0171875
1 0.2234375 0.0703125 0.0234375 0.0234375
1 0.2375 0.0796875 0.0125 0.009375
1 0.26875 0.0828125 0.0140625 0.009375
1 0.44140625 0.22265625 0.0171875 0.0171875
1 0.1703125 0.3296875 0.0171875 0.015625
1 0.159375 0.265625 0.0140625 0.01875
1 0.1421875 0.234375 0.015625 0.009375
1 0.1609375 0.20625 0.0234375 0.01875
1 0.015625 0.190625 0.0203125 0.0203125
1 0.1234375 0.0671875 0.0234375 0.0234375
1 0.1828125 0.0828125 0.053125 0.0515625
1 0.1640625 0.128125 0.003125 0.00625
1 0.1484375 0.1375 0.025 0.0125
1 0.0796875 0.328125 0.0234375 0.0203125
1 0.0359375 0.296875 0.0078125 0.00625
1 0.2484375 0.1890625 0.0296875 0.021875
1 0.9171875 0.159375 0.028125 0.0359375
1 0.884375 0.1890625 0.009375 0.0078125
1 0.8828125 0.1578125 0.0265625 0.04375
1 0.7828125 0.1796875 0.0375 0.0515625
1 0.7421875 0.128125 0.01875 0.01875
1 0.96875 0.09375 0.0625 0.059375
1 0.76875 0.1109375 0.01875 0.0171875
1 0.7640625 0.10625 0.0578125 0.01875
1 0.45703125 0.10234375 0.0140625 0.0296875
1 0.59453125 0.0046875 0.0546875 0.009375
1 0.5953125 0.09375 0.0921875 0.0765625
1 0.66875 0.13125 0.0125 0.0296875
0 0.78046875 0.2765625 0.2859375 0.146875
1 0.671875 0.3109375 0.009375 0.009375
1 0.928125 0.2859375 0.009375 0.00625
0 0.840625 0.090625 0.296875 0.18125
0 0.80234375 0.0484375 0.1953125 0.096875
1 0.7546875 0.00390625 0.01875 0.0078125
1 0.7234375 0.0921875 0.0109375 0.0140625
1 0.490625 0.05625 0.0078125 0.0046875
1 0.484375 0.2546875 0.0234375 0.0140625
1 0.0578125 0.5390625 0.009375 0.009375
1 0.0109375 0.6015625 0.009375 0.0109375
1 0.365625 0.6421875 0.0125 0.009375
1 0.4 0.6515625 0.021875 0.015625
1 0.2828125 0.6515625 0.053125 0.0765625
1 0.3109375 0.7296875 0.0390625 0.03125
1 0.134375 0.7609375 0.009375 0.0140625
1 0.16875 0.7734375 0.009375 0.009375
1 0.346875 0.609375 0.034375 0.0375
1 0.290625 0.5015625 0.0484375 0.0265625
1 0.325 0.575 0.0390625 0.0203125
0 0.3328125 0.8625 0.134375 0.2734375
0 0.28125 0.9640625 0.046875 0.0703125
1 0.91875 0.6078125 0.0390625 0.0359375
1 0.66875 0.5734375 0.025 0.0375
1 0.875 0.74375 0.0390625 0.0265625
1 0.946875 0.8328125 0.015625 0.03125
1 0.9046875 0.7625 0.025 0.0203125
1 0.8921875 0.784375 0.03125 0.03125
0 0.5609375 0.83125 0.03125 0.0453125
0 0.64375 0.6921875 0.29375 0.2484375
1 0.6015625 0.778125 0.028125 0.03125
0 0.615625 0.5640625 0.3234375 0.253125