1 0.2578125 0.3703125 0.040625 0.0234375
1 0.0046875 0.0828125 0.009375 0.0125
1 0.0359375 0.003125 0.015625 0.00625
1 0.1765625 0.1203125 0.0359375 0.0359375
1 0.259375 0.0375 0.0390625 0.025
0 0.05078125 0.29609375 0.1015625 0.2609375
0 0.24375 0.3234375 0.071875 0.0703125
0 0.228125 0.18125 0.103125 0.1140625
1 0.1921875 0.4515625 0.0328125 0.05
0 0.1390625 0.31328125 0.278125 0.2953125
1 0.740625 0.0171875 0.053125 0.034375
1 0.6953125 0.0328125 0.01875 0.0203125
1 0.678125 0.346875 0.078125 0.065625
1 0.6453125 0.059375 0.04375 0.0578125
1 0.6265625 0.3765625 0.046875 0.0609375
1 0.346875 0.265625 0.0453125 0.0375
0 0.48125 0.2546875 0.1296875 0.115625
1 0.4484375 0.4375 0.0609375 0.0453125
0 0.6578125 0.2609375 0.1140625 0.165625
0 0.571875 0.2703125 0.10625 0.14375
1 0.3828125 0.275 0.0296875 0.03125
1 0.75625 0.1375 0.0390625 0.05625
1 0.396875 0.5 0.046875 0.059375
1 0.37578125 0.521875 0.0578125 0.015625
1 0.55234375 0.5171875 0.0359375 0.025
1 0.5640625 0.4953125 0.03125 0.0359375
1 0.51875 0.5078125 0.059375 0.04375
1 0.553125 0.4515625 0.0640625 0.05
1 0.596875 0.434375 0.0453125 0.046875
1 0.515625 0.428125 0.0203125 0.03125
1 0.50625 0.4578125 0.0375 0.0359375
1 0.4890625 0.4890625 0.0515625 0.04375
1 0.715625 0.4734375 0.03125 0.025
1 0.346875 0.4875 0.01875 0.0296875
1 0.8359375 0.4671875 0.028125 0.0640625
1 0.8078125 0.4796875 0.0328125 0.03125
1 0.3421875 0.23125 0.0328125 0.028125
1 0.8375 0.18125 0.0265625 0.0390625
0 0.7484375 0.2765625 0.1109375 0.1390625
1 0.2796875 0.5734375 0.0296875 0.0359375
1 0.25 0.903125 0.0328125 0.040625
1 0.2140625 0.98984375 0.028125 0.0203125
0 0.2109375 0.765625 0.0734375 0.1515625
0 0.26953125 0.73984375 0.0796875 0.1796875
1 0.28828125 0.81484375 0.0421875 0.0328125
1 0.790625 0.61875 0.009375 0.0078125
0 0.7828125 0.9515625 0.03125 0.04375
1 0.759375 0.6125 0.0125 0.009375
0 0.765625 0.8609375 0.0453125 0.05
0 0.7359375 0.79375 0.0515625 0.03125
0 0.7515625 0.553125 0.065625 0.046875
1 0.7234375 0.81875 0.0109375 0.0125
1 0.7203125 0.65 0.0203125 0.015625
0 0.6765625 0.55 0.065625 0.040625
1 0.6390625 0.6203125 0.0203125 0.0171875
1 0.603125 0.85 0.0140625 0.0078125
1 0.590625 0.628125 0.0078125 0.00625
1 0.5640625 0.884375 0.0234375 0.0375
0 0.546875 0.6203125 0.071875 0.059375
0 0.5328125 0.775 0.05625 0.03125
0 0.5265625 0.840625 0.0546875 0.021875
0 0.5375 0.69375 0.0875 0.0875
0 0.4875 0.5609375 0.034375 0.0453125
1 0.4765625 0.671875 0.040625 0.025
1 0.4671875 0.728125 0.0203125 0.0171875
1 0.3828125 0.728125 0.015625 0.028125
0 0.3265625 0.5984375 0.0171875 0.0453125
0 0.31640625 0.559375 0.0140625 0.034375
0 0.696875 0.93515625 0.1375 0.1296875
1 0.7046875 0.9921875 0.03125 0.015625
0 0.615625 0.9296875 0.08125 0.0578125
0 0.50703125 0.93671875 0.1359375 0.1265625
0 0.33203125 0.95 0.0453125 0.1
0 0.3984375 0.9203125 0.084375 0.096875
0 0.6390625 0.7734375 0.06875 0.0734375
0 0.60625 0.7234375 0.05625 0.0390625
0 0.590625 0.765625 0.0421875 0.0546875
0 0.671875 0.634375 0.0234375 0.053125
0 0.6609375 0.6765625 0.053125 0.04375
1 0.31328125 0.59921875 0.0078125 0.0265625
0 0.3421875 0.690625 0.0453125 0.04375
0 0.3453125 0.7359375 0.0546875 0.0453125
0 0.4234375 0.709375 0.0390625 0.059375
1 0.41875 0.746875 0.0140625 0.0140625
1 0.4328125 0.7390625 0.0109375 0.01875
1 0.4390625 0.7265625 0.0078125 0.009375
1 0.35 0.771875 0.0265625 0.025
1 0.3453125 0.8296875 0.01875 0.01875
1 0.3359375 0.784375 0.0125 0.01875
1 0.4328125 0.8359375 0.01875 0.0203125
0 0.4265625 0.7890625 0.0703125 0.0734375
1 0.4234375 0.8625 0.01875 0.015625
1 0.61875 0.8328125 0.0140625 0.0234375
1 0.665625 0.6984375 0.0265625 0.0203125
1 0.3640625 0.765625 0.0078125 0.021875
0 0.4015625 0.5828125 0.0546875 0.0578125
0 0.43359375 0.5515625 0.0765625 0.04375
0 0.7828125 0.825 0.028125 0.0109375
0 0.7703125 0.7 0.0578125 0.059375
0 0.7640625 0.6453125 0.0375 0.0546875