1 0.215625 0.0296875 0.0078125 0.0125
1 0.1078125 0.109375 0.0078125 0.0078125
1 0.31875 0.1453125 0.0140625 0.00625
1 0.1546875 0.15 0.01875 0.0171875
1 0.0375 0.2734375 0.0140625 0.015625
1 0.05625 0.3078125 0.0125 0.0171875
0 0.403125 0.0265625 0.090625 0.053125
0 0.31484375 0.034375 0.1609375 0.06875
0 0.40078125 0.1765625 0.1140625 0.353125
1 0.3875 0.2421875 0.0234375 0.025
0 0.3421875 0.353125 0.2765625 0.159375
0 0.425 0.484375 0.096875 0.0640625
1 0.0078125 0.05703125 0.015625 0.0171875
1 0.0375 0.0796875 0.01875 0.028125
1 0.0421875 0.1578125 0.015625 0.0234375
1 0.00390625 0.50859375 0.0078125 0.0140625
1 0.003125 0.4484375 0.00625 0.0125
1 0.934375 0.4171875 0.0234375 0.0171875
1 0.878125 0.325 0.0375 0.0328125
1 0.9140625 0.3796875 0.0390625 0.0484375
1 0.9109375 0.31875 0.0328125 0.015625
1 0.934375 0.3578125 0.040625 0.0296875
1 0.9453125 0.3515625 0.01875 0.01875
1 0.95 0.328125 0.01875 0.01875
1 0.821875 0.253125 0.0265625 0.021875
1 0.8 0.046875 0.021875 0.025
1 0.825 0.0640625 0.0296875 0.0203125
1 0.9671875 0.053125 0.028125 0.0203125
1 0.759375 0.415625 0.0375 0.0234375
0 0.66484375 0.3265625 0.1296875 0.203125
1 0.646875 0.3953125 0.0234375 0.0234375
1 0.60703125 0.3765625 0.0140625 0.01875
1 0.7171875 0.25625 0.034375 0.034375
0 0.7296875 0.16640625 0.259375 0.3328125
1 0.13125 0.590625 0.0203125 0.021875
1 0.153125 0.6015625 0.0109375 0.0125
1 0.0453125 0.60625 0.0125 0.0109375
1 0.003125 0.71953125 0.00625 0.0078125
1 0.2078125 0.7328125 0.0296875 0.0203125
1 0.2859375 0.771875 0.0125 0.0078125
0 0.484375 0.675 0.228125 0.2015625
0 0.46875 0.58671875 0.165625 0.0953125
1 0.2453125 0.628125 0.028125 0.0296875
1 0.88125 0.9921875 0.053125 0.015625
1 0.890625 0.9625 0.0234375 0.0171875
1 0.909375 0.8234375 0.03125 0.034375
1 0.8 0.7921875 0.0375 0.0296875
1 0.8546875 0.75 0.0328125 0.0171875
1 0.784375 0.7515625 0.0265625 0.021875
1 0.653125 0.878125 0.0546875 0.0703125
0 0.678125 0.8734375 0.15625 0.253125
0 0.671875 0.8109375 0.14375 0.140625