0 0.0703125 0.44296875 0.071875 0.0328125
1 0.0828125 0.3703125 0.040625 0.0328125
1 0.0609375 0.265625 0.0296875 0.03125
1 0.0921875 0.271875 0.034375 0.0265625
1 0.0953125 0.1875 0.03125 0.0296875
1 0.1453125 0.2015625 0.0234375 0.03125
1 0.2375 0.171875 0.028125 0.025
1 0.209375 0.3125 0.0265625 0.03125
1 0.3984375 0.2109375 0.0359375 0.034375
1 0.38125 0.1625 0.03125 0.03125
1 0.359375 0.0875 0.0421875 0.0390625
1 0.4296875 0.125 0.0328125 0.021875
1 0.4203125 0.1484375 0.03125 0.0234375
1 0.10625 0.0671875 0.0375 0.028125
0 0.04765625 0.0125 0.0265625 0.025
0 0.2703125 0.0171875 0.103125 0.034375
1 0.08125 0.00546875 0.028125 0.0109375
0 0.390625 0.04375 0.11875 0.0875
1 0.10625 0.046875 0.0203125 0.0234375
1 0.04375 0.0640625 0.0171875 0.0171875
1 0.95078125 0.45390625 0.0265625 0.0109375
1 0.6859375 0.421875 0.040625 0.03125
1 0.7140625 0.403125 0.0234375 0.0359375
1 0.7359375 0.3578125 0.01875 0.0265625
1 0.7421875 0.315625 0.025 0.028125
1 0.7609375 0.396875 0.0171875 0.0140625
0 0.678125 0.2328125 0.0453125 0.0453125
0 0.6796875 0.1203125 0.05625 0.025
0 0.8 0.20703125 0.296875 0.4140625
0 0.9265625 0.2796875 0.146875 0.359375
1 0.903125 0.1796875 0.0234375 0.0359375
1 0.94375 0.1703125 0.028125 0.025
1 0.840625 0.01875 0.0296875 0.028125
1 0.9390625 0.0359375 0.040625 0.03125
1 0.9734375 0.0171875 0.028125 0.028125
1 0.9890625 0.0375 0.021875 0.03125
0 0.6671875 0.171875 0.0234375 0.053125
1 0.6609375 0.0421875 0.01875 0.0375
1 0.4484375 0.97265625 0.003125 0.0109375
1 0.4203125 0.796875 0.00625 0.0125
1 0.4234375 0.5203125 0.0140625 0.025
1 0.41875 0.828125 0.0140625 0.0234375
1 0.3703125 0.8578125 0.0109375 0.009375
1 0.328125 0.8125 0.0453125 0.0453125
1 0.096875 0.9734375 0.025 0.015625
1 0.0796875 0.9828125 0.0234375 0.0140625
1 0.3484375 0.99375 0.009375 0.0125
1 0.309375 0.709375 0.03125 0.025
1 0.4203125 0.6078125 0.053125 0.0640625
1 0.1578125 0.5546875 0.1703125 0.03125
0 0.2234375 0.7140625 0.2234375 0.1859375
1 0.225 0.784375 0.0234375 0.021875
0 0.3375 0.6 0.225 0.28125
0 0.41171875 0.71484375 0.0765625 0.2671875
1 0.790625 0.94375 0.01875 0.0203125
1 0.9078125 0.934375 0.0375 0.03125
1 0.7234375 0.4796875 0.0125 0.021875
0 0.7328125 0.53125 0.2671875 0.128125
1 0.790625 0.5203125 0.00625 0.0046875
1 0.8375 0.528125 0.0078125 0.0078125
1 0.928125 0.5625 0.0140625 0.0125
0 0.90546875 0.55625 0.1890625 0.190625
0 0.97734375 0.53984375 0.0453125 0.0890625
1 0.684375 0.653125 0.0078125 0.0109375