1 0.08125 0.0578125 0.015625 0.015625
1 0.346875 0.053125 0.0375 0.0328125
1 0.4359375 0.0859375 0.0703125 0.0859375
0 0.46953125 0.24375 0.2609375 0.190625
1 0.4125 0.18125 0.0890625 0.0859375
0 0.196875 0.2578125 0.24375 0.1625
0 0.24609375 0.26171875 0.3265625 0.1546875
1 0.9359375 0.159375 0.0234375 0.0140625
1 0.9671875 0.1265625 0.021875 0.01875
0 0.7484375 0.253125 0.21875 0.171875
0 0.82265625 0.24296875 0.3546875 0.1921875
0 0.00546875 0.909375 0.0109375 0.046875
1 0.025 0.821875 0.0265625 0.01875
1 0.04375 0.809375 0.0203125 0.0203125
1 0.0765625 0.825 0.0203125 0.028125
1 0.096875 0.76875 0.021875 0.028125
1 0.1171875 0.7421875 0.0203125 0.015625
1 0.01875 0.86875 0.01875 0.0109375
1 0.0125 0.9109375 0.0203125 0.0234375
1 0.053125 0.9625 0.040625 0.0140625
0 0.0765625 0.8890625 0.09375 0.1140625
1 0.11875 0.840625 0.046875 0.0421875
0 0.159375 0.9234375 0.13125 0.153125
1 0.2109375 0.8578125 0.0265625 0.025
1 0.2015625 0.8140625 0.025 0.03125
1 0.2015625 0.7359375 0.034375 0.0296875
1 0.240625 0.8015625 0.0703125 0.078125
1 0.3 0.76875 0.040625 0.0421875
1 0.2875 0.8203125 0.0265625 0.0390625
1 0.30625 0.8390625 0.025 0.028125
1 0.28125 0.840625 0.0171875 0.0203125
1 0.278125 0.871875 0.015625 0.0234375
1 0.2703125 0.965625 0.015625 0.03125
1 0.2484375 0.9640625 0.0234375 0.0140625
1 0.228125 0.98125 0.0140625 0.028125
1 0.2109375 0.9 0.0203125 0.025
1 0.2578125 0.8984375 0.03125 0.0609375
1 0.3140625 0.9671875 0.021875 0.0265625
1 0.3734375 0.953125 0.021875 0.0234375
0 0.3546875 0.9109375 0.1140625 0.121875
1 0.409375 0.8984375 0.0125 0.0265625
1 0.4046875 0.7125 0.0203125 0.0296875
1 0.3640625 0.6875 0.046875 0.04375
1 0.34375 0.6375 0.0234375 0.0203125
1 0.2140625 0.6890625 0.0609375 0.04375
1 0.165625 0.703125 0.015625 0.0203125
1 0.2703125 0.6375 0.025 0.0375
1 0.290625 0.634375 0.025 0.025
1 0.315625 0.6375 0.0296875 0.0296875
1 0.33125 0.625 0.0234375 0.0140625
1 0.2625 0.6015625 0.0515625 0.0359375
1 0.2796875 0.584375 0.0234375 0.015625
1 0.390625 0.53125 0.0328125 0.0421875
1 0.3640625 0.4953125 0.01875 0.0265625
1 0.14375 0.609375 0.01875 0.0234375
1 0.1078125 0.5703125 0.03125 0.015625
1 0.103125 0.653125 0.0359375 0.0296875
1 0.1140625 0.68125 0.0203125 0.0203125
1 0.0421875 0.6515625 0.0234375 0.028125
1 0.05625 0.6296875 0.03125 0.015625
1 0.0359375 0.6296875 0.0109375 0.015625
1 0.0265625 0.603125 0.015625 0.028125
1 0.0125 0.5203125 0.0234375 0.04375
1 0.0328125 0.45 0.0171875 0.01875
0 0.0546875 0.4 0.109375 0.121875
1 0.1484375 0.434375 0.0359375 0.0328125
0 0.18828125 0.390625 0.1578125 0.103125
1 0.2609375 0.475 0.0265625 0.0390625
1 0.24375 0.53125 0.021875 0.0171875
1 0.221875 0.3484375 0.05625 0.01875
1 0.253125 0.3546875 0.025 0.0234375
1 0.3640625 0.3484375 0.01875 0.01875
1 0.38125 0.378125 0.028125 0.0296875
1 0.3640625 0.4296875 0.0375 0.0390625
1 0.3296875 0.4375 0.034375 0.0390625
1 0.403125 0.4328125 0.0265625 0.04375
0 0.31484375 0.403125 0.1484375 0.128125
0 0.7375 0.5515625 0.1109375 0.153125