1 0.03359375 0.5203125 0.0671875 0.059375
1 0.4671875 0.540625 0.03125 0.01875
1 0.2703125 0.496875 0.034375 0.034375
1 0.246875 0.4484375 0.0453125 0.0421875
1 0.2078125 0.390625 0.0390625 0.046875
1 0.215625 0.35625 0.034375 0.0296875
1 0.1828125 0.334375 0.034375 0.0234375
1 0.2625 0.26875 0.028125 0.0265625
0 0.403125 0.35 0.1578125 0.159375
1 0.334375 0.4578125 0.025 0.021875
1 0.0859375 0.24375 0.040625 0.0484375
1 0.11875 0.38125 0.05 0.05625
1 0.0625 0.4109375 0.03125 0.0234375
1 0.015625 0.425 0.03125 0.034375
0 0.01171875 0.346875 0.0234375 0.125
0 0.075 0.3390625 0.1078125 0.0765625
1 0.0703125 0.3109375 0.0234375 0.021875
1 0.0203125 0.0140625 0.021875 0.021875
1 0.053125 0.090625 0.0203125 0.040625
1 0.0953125 0.1515625 0.0203125 0.03125
1 0.24375 0.021875 0.0375 0.0359375
1 0.1828125 0.54140625 0.0625 0.0171875
1 0.84375 0.2078125 0.0296875 0.03125
1 0.7859375 0.0859375 0.0203125 0.0125
1 0.778125 0.1703125 0.009375 0.03125
0 0.75546875 0.04609375 0.1015625 0.0921875
1 0.7140625 0.34375 0.03125 0.0390625
1 0.696875 0.0671875 0.0140625 0.0140625
1 0.6765625 0.3484375 0.0203125 0.040625
1 0.6765625 0.00859375 0.053125 0.0171875
1 0.6421875 0.046875 0.01875 0.0171875
1 0.64375 0.1484375 0.0515625 0.0546875
1 0.61875 0.2859375 0.0328125 0.025
1 0.590625 0.378125 0.0390625 0.040625
1 0.57578125 0.0078125 0.0359375 0.015625
1 0.5515625 0.3171875 0.021875 0.0390625
1 0.515625 0.415625 0.053125 0.0546875
0 0.57734375 0.5046875 0.1421875 0.090625
0 0.6703125 0.53984375 0.065625 0.0203125
0 0.7515625 0.51875 0.14375 0.0625
0 0.82109375 0.51484375 0.0796875 0.0703125
1 0.7296875 0.3984375 0.040625 0.0296875
1 0.8015625 0.421875 0.0296875 0.0421875
1 0.7828125 0.4046875 0.084375 0.0375
1 0.8 0.3296875 0.040625 0.059375
1 0.825 0.14375 0.040625 0.028125
1 0.83125 0.09375 0.021875 0.0390625
1 0.6046875 0.25625 0.0421875 0.034375
1 0.5546875 0.2171875 0.078125 0.078125
1 0.509375 0.159375 0.040625 0.046875
0 0.53984375 0.0375 0.1015625 0.075
1 0.48125 0.76875 0.0140625 0.0234375
1 0.4578125 0.8421875 0.025 0.0171875
1 0.3625 0.55625 0.0203125 0.0078125
1 0.2796875 0.58125 0.01875 0.0203125
1 0.2328125 0.8875 0.021875 0.0296875
1 0.20078125 0.55390625 0.0203125 0.0078125
1 0.1671875 0.5890625 0.021875 0.021875
1 0.1453125 0.8359375 0.01875 0.0125
1 0.0640625 0.7078125 0.0125 0.034375
1 0.13671875 0.9890625 0.0265625 0.021875
1 0.45 0.5625 0.05 0.025
1 0.353125 0.60625 0.0140625 0.0109375
1 0.3828125 0.90625 0.0265625 0.028125
1 0.3453125 0.8390625 0.015625 0.0140625
1 0.3546875 0.871875 0.0171875 0.021875
1 0.3375 0.871875 0.021875 0.01875
1 0.321875 0.875 0.015625 0.0125
1 0.4828125 0.865625 0.0125 0.0171875
1 0.421875 0.9703125 0.0171875 0.0171875
1 0.3875 0.6765625 0.015625 0.0125
1 0.434375 0.6703125 0.00625 0.0078125
0 0.4234375 0.721875 0.065625 0.0984375
0 0.3515625 0.73125 0.0484375 0.1625
1 0.3359375 0.725 0.0125 0.01875
1 0.284375 0.7765625 0.0390625 0.0421875
1 0.303125 0.7671875 0.01875 0.01875
1 0.328125 0.7015625 0.05 0.0984375
0 0.259375 0.7265625 0.0828125 0.08125
0 0.1125 0.734375 0.0609375 0.103125
0 0.171875 0.7109375 0.10625 0.0703125
1 0.1875 0.728125 0.0140625 0.01875
1 0.303125 0.596875 0.01875 0.0140625
1 0.2921875 0.6328125 0.078125 0.0640625
1 0.253125 0.5875 0.0125 0.0125
1 0.2765625 0.56015625 0.03125 0.0203125
1 0.175 0.5578125 0.01875 0.0140625
1 0.1609375 0.5609375 0.025 0.0171875
1 0.15625 0.5765625 0.0140625 0.009375
1 0.1203125 0.596875 0.015625 0.021875
1 0.125 0.646875 0.015625 0.0203125
1 0.1328125 0.6484375 0.015625 0.01875
1 0.1171875 0.5578125 0.0125 0.015625
1 0.078125 0.56015625 0.034375 0.0203125
1 0.4984375 0.984375 0.01875 0.03125
1 0.53828125 0.99609375 0.0296875 0.0078125
1 0.528125 0.98046875 0.015625 0.0390625
1 0.615625 0.990625 0.05625 0.01875
1 0.5765625 0.9421875 0.053125 0.0296875
1 0.5046875 0.7765625 0.028125 0.028125
1 0.5515625 0.74375 0.046875 0.040625
1 0.634375 0.8171875 0.0421875 0.04375
1 0.5953125 0.840625 0.0609375 0.09375
1 0.55625 0.8359375 0.0640625 0.0625
1 0.5953125 0.73125 0.04375 0.053125
1 0.49140625 0.7125 0.0046875 0.053125
1 0.684375 0.990625 0.028125 0.01875
1 0.703125 0.9734375 0.034375 0.0421875
1 0.7515625 0.8625 0.0390625 0.040625
1 0.6703125 0.73125 0.0453125 0.0375
1 0.8015625 0.790625 0.034375 0.0390625
1 0.85 0.8640625 0.0578125 0.075
1 0.81875 0.890625 0.0375 0.0453125
1 0.790625 0.8296875 0.0796875 0.0375
0 0.8421875 0.6375 0.0796875 0.0953125
0 0.740625 0.65 0.171875 0.171875
0 0.61953125 0.6359375 0.1140625 0.171875
1 0.49375 0.63828125 0.009375 0.0359375
0 0.540625 0.6390625 0.103125 0.103125