1 0.590625 0.021875 0.0109375 0.01875
1 0.5171875 0.1515625 0.0609375 0.090625
1 0.4796875 0.071875 0.0140625 0.0125
1 0.3421875 0.159375 0.0265625 0.015625
1 0.3421875 0.2625 0.0515625 0.0296875
1 0.3078125 0.2328125 0.0109375 0.0125
1 0.28125 0.1671875 0.015625 0.01875
1 0.2828125 0.015625 0.0359375 0.0234375
1 0.2703125 0.3171875 0.0234375 0.015625
1 0.2921875 0.1328125 0.071875 0.0546875
1 0.2609375 0.290625 0.0078125 0.0140625
1 0.1609375 0.103125 0.021875 0.0140625
1 0.10625 0.325 0.0296875 0.015625
1 0.078125 0.165625 0.0171875 0.028125
1 0.33125 0.1359375 0.021875 0.0234375
0 0.53125 0.3875 0.128125 0.0625
1 0.48125 0.384375 0.0265625 0.028125
1 0.4453125 0.384375 0.0421875 0.0515625
1 0.575 0.29375 0.01875 0.021875
1 0.58125 0.271875 0.025 0.015625
1 0.534375 0.275 0.009375 0.0109375
1 0.38125 0.1484375 0.03125 0.028125
1 0.38125 0.190625 0.0140625 0.009375
1 0.4359375 0.225 0.040625 0.071875
1 0.4125 0.2828125 0.0546875 0.0921875
1 0.378125 0.2640625 0.01875 0.015625
0 0.371875 0.38046875 0.128125 0.0765625
0 0.30078125 0.39375 0.0921875 0.05
0 0.184375 0.3890625 0.153125 0.059375
1 0.1890625 0.3484375 0.034375 0.028125
1 0.215625 0.353125 0.0265625 0.0234375
1 0.1015625 0.4 0.0203125 0.03125
0 0.08125 0.3734375 0.025 0.0703125
1 0.159375 0.2046875 0.021875 0.015625
1 0.15625 0.1921875 0.053125 0.015625
1 0.153125 0.1796875 0.046875 0.0203125
1 0.228125 0.121875 0.040625 0.025
1 0.24375 0.075 0.0640625 0.0546875
1 0.2859375 0.096875 0.0265625 0.015625
1 0.203125 0.08125 0.0390625 0.0546875
1 0.090625 0.09375 0.01875 0.01875
1 0.109375 0.0828125 0.0125 0.0203125
1 0.0828125 0.0578125 0.0265625 0.0578125
1 0.359375 0.053125 0.015625 0.021875
1 0.49765625 0.0265625 0.0515625 0.053125
1 0.50859375 0.00859375 0.0328125 0.0171875
1 0.4734375 0.0265625 0.0125 0.0109375
1 0.9015625 0.2859375 0.03125 0.0265625
1 0.8125 0.4015625 0.0140625 0.0171875
1 0.7703125 0.284375 0.015625 0.0078125
1 0.7375 0.39375 0.0078125 0.0125
1 0.721875 0.3625 0.0234375 0.03125
1 0.7203125 0.3125 0.03125 0.03125
1 0.6796875 0.2234375 0.028125 0.015625
1 0.64375 0.2484375 0.021875 0.0453125
1 0.621875 0.175 0.00625 0.01875
1 0.9140625 0.4046875 0.0390625 0.021875
1 0.9359375 0.4140625 0.01875 0.009375
1 0.94609375 0.40234375 0.0390625 0.0328125
1 0.925 0.384375 0.01875 0.015625
1 0.9359375 0.365625 0.021875 0.03125
1 0.809375 0.3609375 0.059375 0.04375
1 0.63515625 0.4015625 0.0328125 0.034375
1 0.6765625 0.3890625 0.0171875 0.0203125
1 0.646875 0.3859375 0.03125 0.046875
1 0.915625 0.25625 0.0375 0.034375
1 0.9328125 0.296875 0.025 0.0234375
1 0.8984375 0.20625 0.025 0.03125
1 0.88125 0.196875 0.0203125 0.0234375
1 0.85 0.2765625 0.0171875 0.015625
1 0.8234375 0.25625 0.025 0.0234375
1 0.7796875 0.3390625 0.0171875 0.0265625
1 0.778125 0.3234375 0.0234375 0.0171875
1 0.703125 0.390625 0.0421875 0.0390625
1 0.7359375 0.34375 0.0390625 0.01875
1 0.7421875 0.365625 0.01875 0.015625
0 0.8953125 0.128125 0.09375 0.0859375
1 0.8171875 0.109375 0.04375 0.03125
1 0.8203125 0.084375 0.0375 0.0390625
1 0.8453125 0.071875 0.0171875 0.025
1 0.784375 0.2 0.025 0.034375
1 0.75 0.1671875 0.034375 0.03125
1 0.828125 0.1953125 0.0140625 0.021875
0 0.8265625 0.1671875 0.1265625 0.1109375
1 0.746875 0.2375 0.0125 0.01875
1 0.73125 0.2203125 0.04375 0.04375
1 0.740625 0.2 0.03125 0.021875
1 0.684375 0.25625 0.01875 0.0234375
1 0.6828125 0.175 0.0328125 0.0171875
1 0.6765625 0.153125 0.0296875 0.028125
1 0.640625 0.1546875 0.0171875 0.0328125
1 0.6515625 0.1453125 0.0140625 0.021875
1 0.675 0.11875 0.04375 0.0625
1 0.62421875 0.07109375 0.0109375 0.0234375
1 0.95390625 0.01796875 0.0359375 0.0359375
1 0.9609375 0.00234375 0.021875 0.0046875
1 0.91171875 0.015625 0.0359375 0.03125
1 0.7484375 0.0703125 0.04375 0.0375
1 0.7359375 0.021875 0.0203125 0.0109375
1 0.784375 0.0390625 0.0265625 0.034375
1 0.7765625 0.003125 0.025 0.00625
1 0.78984375 0.0046875 0.0265625 0.009375
1 0.82578125 0.0171875 0.0546875 0.034375
1 0.6296875 0.0265625 0.0109375 0.021875
1 0.6453125 0.0203125 0.03125 0.021875
1 0.66328125 0.01328125 0.0484375 0.0265625
1 0.459375 0.7796875 0.0140625 0.0171875
1 0.21796875 0.428125 0.0171875 0.01875
1 0.0578125 0.928125 0.0078125 0.0078125
1 0.36875 0.9234375 0.0390625 0.0515625
1 0.4453125 0.5171875 0.0515625 0.05
1 0.0828125 0.6375 0.0453125 0.0125
0 0.4734375 0.715625 0.165625 0.5
0 0.3828125 0.6640625 0.321875 0.2578125
0 0.1578125 0.5984375 0.25 0.1078125
1 0.6296875 0.90546875 0.021875 0.0703125
1 0.9609375 0.853125 0.028125 0.046875
1 0.63828125 0.8421875 0.0390625 0.059375
1 0.7140625 0.8375 0.0359375 0.0703125
1 0.7203125 0.7875 0.0375 0.046875
1 0.734375 0.7390625 0.0671875 0.065625
1 0.6609375 0.6984375 0.046875 0.05
1 0.8625 0.821875 0.028125 0.0296875
1 0.9390625 0.734375 0.0375 0.0375
1 0.9375 0.7703125 0.03125 0.0328125
1 0.9046875 0.76875 0.0421875 0.0203125
0 0.64921875 0.6140625 0.0609375 0.1125
0 0.728125 0.628125 0.14375 0.121875
1 0.659375 0.5296875 0.053125 0.078125
1 0.63828125 0.46953125 0.0390625 0.0578125
1 0.696875 0.5140625 0.0375 0.0515625
1 0.6375 0.64375 0.0296875 0.0359375
1 0.6921875 0.571875 0.0625 0.040625
1 0.8015625 0.45859375 0.1 0.0796875
1 0.94453125 0.48203125 0.0609375 0.1265625
1 0.88984375 0.446875 0.0703125 0.05625
0 0.9453125 0.63125 0.0578125 0.0703125
0 0.903125 0.6296875 0.0859375 0.1296875
0 0.9203125 0.5890625 0.0875 0.0875
1 0.8578125 0.6390625 0.090625 0.0984375
1 0.7953125 0.6125 0.071875 0.08125