1 0.1140625 0.275 0.021875 0.0109375
1 0.075 0.00546875 0.01875 0.0109375
1 0.2453125 0.18125 0.0203125 0.05
1 0.2984375 0.0265625 0.021875 0.0234375
1 0.209375 0.0140625 0.053125 0.028125
1 0.2109375 0.0546875 0.0453125 0.0328125
1 0.2515625 0.109375 0.065625 0.075
1 0.28125 0.0796875 0.015625 0.0328125
1 0.1765625 0.209375 0.0703125 0.0359375
1 0.1859375 0.1578125 0.0640625 0.046875
1 0.00625 0.2828125 0.0125 0.053125
1 0.0328125 0.059375 0.0265625 0.025
1 0.1265625 0.0703125 0.0546875 0.0375
1 0.0625 0.203125 0.0203125 0.028125
1 0.0609375 0.16875 0.0265625 0.0171875
1 0.0828125 0.15625 0.0234375 0.059375
1 0.1171875 0.00859375 0.05625 0.0171875
0 0.9078125 0.2484375 0.1078125 0.0515625
1 0.72890625 0.00546875 0.0203125 0.0109375
1 0.69375 0.2 0.0078125 0.0078125
1 0.628125 0.13125 0.034375 0.0953125
0 0.7171875 0.26015625 0.2125 0.0984375
0 0.03828125 0.6625 0.0765625 0.103125
1 0.2921875 0.4375 0.09375 0.090625
0 0.2703125 0.6671875 0.0484375 0.103125
1 0.15 0.9875 0.0265625 0.0109375
1 0.05625 0.95625 0.0453125 0.0359375
1 0.03671875 0.86171875 0.0734375 0.0671875
1 0.0125 0.78984375 0.025 0.0359375
1 0.115625 0.771875 0.0390625 0.0296875
1 0.1734375 0.834375 0.046875 0.053125
1 0.1546875 0.8875 0.046875 0.046875
1 0.184375 0.93125 0.065625 0.0515625
1 0.24375 0.9359375 0.0375 0.05
1 0.2984375 0.9515625 0.046875 0.09375
1 0.3171875 0.9140625 0.0625 0.103125
1 0.3421875 0.84765625 0.075 0.0734375
1 0.2953125 0.784375 0.0578125 0.0390625
1 0.2625 0.75 0.0375 0.0375
1 0.2359375 0.7203125 0.03125 0.034375
1 0.1734375 0.7609375 0.028125 0.04375
1 0.35625 0.50625 0.046875 0.078125
1 0.3390625 0.4578125 0.05 0.0625
1 0.2203125 0.346875 0.0265625 0.0265625
1 0.2390625 0.3796875 0.028125 0.01875
1 0.2328125 0.4328125 0.0375 0.0453125
1 0.1734375 0.4796875 0.0359375 0.0546875
1 0.15625 0.55 0.0328125 0.0296875
1 0.121875 0.5234375 0.040625 0.05625
1 0.1015625 0.553125 0.0328125 0.034375
1 0.0421875 0.5296875 0.0390625 0.034375
1 0.01328125 0.56328125 0.0265625 0.0328125
1 0.01171875 0.5890625 0.0234375 0.04375
1 0.11875 0.46875 0.0359375 0.059375
1 0.03125 0.4265625 0.0625 0.059375
1 0.021875 0.3796875 0.0296875 0.0390625
1 0.025 0.3453125 0.0375 0.0265625
1 0.2828125 0.4984375 0.0296875 0.0359375
1 0.0625 0.3671875 0.021875 0.0296875
0 0.3453125 0.665625 0.06875 0.071875
1 0.29375 0.6609375 0.021875 0.028125
1 0.25625 0.6734375 0.03125 0.0265625
0 0.11875 0.6703125 0.096875 0.0875
0 0.165625 0.6609375 0.0671875 0.109375
1 0.9484375 0.371875 0.009375 0.0078125
0 0.9421875 0.8171875 0.0296875 0.03125
0 0.940625 0.7046875 0.03125 0.04375
1 0.9171875 0.365625 0.0125 0.009375
0 0.9234375 0.6140625 0.0453125 0.05
0 0.89375 0.546875 0.0515625 0.03125
1 0.8859375 0.76875 0.0171875 0.0265625
0 0.909375 0.31953125 0.065625 0.0203125
1 0.88125 0.571875 0.0109375 0.0125
1 0.878125 0.403125 0.0203125 0.015625
0 0.865625 0.909375 0.0296875 0.0234375
0 0.875 0.86875 0.0625 0.0390625
0 0.834375 0.31640625 0.065625 0.0140625
1 0.796875 0.3734375 0.0203125 0.0171875
1 0.7984375 0.9125 0.0375 0.03125
1 0.7609375 0.603125 0.0140625 0.0078125
0 0.771875 0.771875 0.0453125 0.046875
1 0.7484375 0.38125 0.0078125 0.00625
1 0.7234375 0.890625 0.0140625 0.025
1 0.721875 0.6375 0.0234375 0.0375
0 0.7046875 0.3734375 0.071875 0.059375
0 0.690625 0.528125 0.05625 0.03125
0 0.684375 0.59375 0.0546875 0.021875
0 0.6953125 0.446875 0.0875 0.0875
0 0.678125 0.9796875 0.05625 0.034375
0 0.6453125 0.32265625 0.034375 0.0265625
1 0.634375 0.425 0.040625 0.025
1 0.625 0.48125 0.0203125 0.0171875
1 0.6234375 0.8765625 0.028125 0.021875
1 0.540625 0.48125 0.015625 0.028125
1 0.5171875 0.9359375 0.0375 0.034375
1 0.509375 0.8796875 0.01875 0.0328125
1 0.4890625 0.815625 0.0234375 0.01875
0 0.484375 0.3515625 0.0171875 0.0453125
0 0.46328125 0.31953125 0.0359375 0.0203125
0 0.46875 0.896875 0.0703125 0.0703125
0 0.4421875 0.3734375 0.0234375 0.0296875
1 0.6515625 0.85 0.0234375 0.025
1 0.6515625 0.8703125 0.0203125 0.01875
1 0.6109375 0.9609375 0.015625 0.028125
1 0.615625 0.8109375 0.015625 0.01875
0 0.7796875 0.85 0.0484375 0.046875
1 0.93125 0.9015625 0.0359375 0.0359375
0 0.8546875 0.6890625 0.1375 0.13125
1 0.8625 0.7484375 0.03125 0.021875
0 0.7234375 0.784375 0.034375 0.05
0 0.7734375 0.6828125 0.08125 0.0578125
0 0.665625 0.7 0.1359375 0.1453125
0 0.6171875 0.7734375 0.0359375 0.0453125
0 0.5578125 0.8046875 0.0765625 0.0546875
1 0.5796875 0.828125 0.015625 0.01875
0 0.471875 0.728125 0.0828125 0.15
0 0.55625 0.6734375 0.084375 0.096875
0 0.55078125 0.9921875 0.0359375 0.015625
0 0.59140625 0.98828125 0.0421875 0.0234375
0 0.796875 0.5265625 0.06875 0.0734375
0 0.7640625 0.4765625 0.05625 0.0390625
0 0.7484375 0.51875 0.0421875 0.0546875
0 0.8296875 0.3875 0.0234375 0.053125
0 0.81875 0.4296875 0.053125 0.04375
1 0.459375 0.353125 0.03125 0.0265625
0 0.5 0.44375 0.0453125 0.04375
0 0.503125 0.4890625 0.0546875 0.0453125
0 0.58125 0.4625 0.0390625 0.059375
1 0.5765625 0.5 0.0140625 0.0140625
1 0.590625 0.4921875 0.0109375 0.01875
1 0.596875 0.4796875 0.0078125 0.009375
1 0.5078125 0.525 0.0265625 0.025
1 0.4578125 0.5203125 0.015625 0.0125
1 0.440625 0.51875 0.0125 0.028125
1 0.503125 0.5828125 0.01875 0.01875
1 0.49375 0.5375 0.0125 0.01875
1 0.590625 0.5890625 0.01875 0.0203125
0 0.584375 0.5421875 0.0703125 0.0734375
1 0.58125 0.615625 0.01875 0.015625
1 0.7765625 0.5859375 0.0140625 0.0234375
1 0.8234375 0.4515625 0.0265625 0.0203125
1 0.45 0.6140625 0.0234375 0.0375
1 0.521875 0.51875 0.0078125 0.021875
0 0.55859375 0.33671875 0.0546875 0.0546875
0 0.59140625 0.31796875 0.0765625 0.0171875
0 0.940625 0.578125 0.028125 0.0109375
0 0.928125 0.453125 0.0578125 0.059375
0 0.921875 0.3984375 0.0375 0.0546875