1 0.4375 0.40625 0.0078125 0.0109375
1 0.4359375 0.3921875 0.0109375 0.009375
1 0.265625 0.4015625 0.084375 0.053125
1 0.153125 0.425 0.06875 0.046875
1 0.015625 0.409375 0.0125 0.0140625
0 0.01015625 0.35234375 0.0203125 0.1015625
0 0.1765625 0.3390625 0.2 0.128125
1 0.1359375 0.39375 0.021875 0.0125
0 0.31875 0.28125 0.15625 0.225
1 0.390625 0.11875 0.025 0.021875
1 0.34375 0.1203125 0.0375 0.0265625
1 0.3515625 0.115625 0.0203125 0.03125
1 0.31875 0.1 0.00625 0.00625
1 0.24921875 0.003125 0.0234375 0.00625
1 0.1796875 0.015625 0.0171875 0.0125
1 0.14765625 0.00625 0.0171875 0.0125
1 0.0734375 0.1078125 0.021875 0.015625
1 0.0453125 0.0203125 0.0046875 0.015625
1 0.084375 0.2734375 0.0125 0.009375
0 0.7390625 0.1515625 0.28125 0.2703125
0 0.90859375 0.26484375 0.1828125 0.3046875
1 0.65625 0.109375 0.034375 0.028125
1 0.6390625 0.378125 0.0796875 0.1203125
1 0.88203125 0.4421875 0.0421875 0.015625
1 0.928125 0.44375 0.040625 0.0125
1 0.796875 0.328125 0.046875 0.0390625
1 0.915625 0.253125 0.0359375 0.040625
1 0.878125 0.2515625 0.0359375 0.03125
1 0.98515625 0.01640625 0.0234375 0.0328125
1 0.9390625 0.1046875 0.040625 0.046875
0 0.30625 0.9796875 0.134375 0.040625
1 0.2671875 0.946875 0.090625 0.078125
1 0.2828125 0.8875 0.03125 0.05625
1 0.315625 0.8796875 0.021875 0.015625
1 0.328125 0.865625 0.0265625 0.01875
1 0.315625 0.8 0.084375 0.0609375
1 0.3609375 0.8765625 0.03125 0.165625
1 0.2546875 0.828125 0.0390625 0.0265625
1 0.190625 0.8875 0.05625 0.0703125
1 0.1640625 0.934375 0.03125 0.028125
1 0.1109375 0.9671875 0.046875 0.0375
1 0.0203125 0.953125 0.028125 0.040625
1 0.0171875 0.75078125 0.034375 0.0578125
1 0.05625 0.83125 0.065625 0.078125
1 0.128125 0.8234375 0.065625 0.053125
1 0.075 0.89375 0.0125 0.021875
1 0.128125 0.8625 0.046875 0.0390625
1 0.09375 0.7546875 0.01875 0.0234375
1 0.134375 0.7296875 0.0296875 0.0296875
1 0.071875 0.765625 0.015625 0.0171875
1 0.1890625 0.734375 0.0375 0.06875
1 0.2125 0.775 0.05 0.053125
1 0.2484375 0.7390625 0.053125 0.0484375
1 0.246875 0.76875 0.025 0.0328125
1 0.325 0.7296875 0.0734375 0.0390625
1 0.221875 0.675 0.021875 0.0171875
1 0.2109375 0.715625 0.0234375 0.021875
1 0.23125 0.621875 0.04375 0.0609375
1 0.275 0.6546875 0.03125 0.040625
1 0.30625 0.64375 0.03125 0.03125
1 0.2515625 0.609375 0.03125 0.0234375
0 0.27421875 0.5203125 0.2015625 0.140625
0 0.15 0.5328125 0.1 0.0765625
0 0.0671875 0.521875 0.10625 0.09375
1 0.059375 0.5875 0.0375 0.03125
1 0.1203125 0.6015625 0.0625 0.0359375
1 0.159375 0.6390625 0.040625 0.0703125
1 0.109375 0.68125 0.046875 0.05625
1 0.040625 0.6640625 0.0640625 0.040625
1 0.075 0.6546875 0.0546875 0.0515625
1 0.0625 0.6140625 0.040625 0.04375
1 0.0078125 0.62109375 0.015625 0.0203125
1 0.0390625 0.4640625 0.078125 0.028125
1 0.09375 0.46875 0.0375 0.034375
1 0.20625 0.4625 0.03125 0.01875
1 0.99375 0.80546875 0.0125 0.0234375
1 0.9875 0.86875 0.025 0.034375
0 0.96953125 0.5203125 0.0609375 0.1
1 0.9 0.725 0.04375 0.028125
1 0.8390625 0.7125 0.0296875 0.0359375
1 0.775 0.6140625 0.01875 0.0171875
1 0.70625 0.6171875 0.0640625 0.0421875
1 0.6921875 0.728125 0.0390625 0.0171875
1 0.6703125 0.9953125 0.0375 0.009375
1 0.66875 0.890625 0.0375 0.028125
1 0.653125 0.571875 0.0109375 0.0203125
1 0.621875 0.6015625 0.021875 0.0328125
1 0.590625 0.7875 0.01875 0.0265625
0 0.6171875 0.97109375 0.096875 0.0578125
1 0.734375 0.73125 0.0234375 0.025
0 0.72890625 0.98125 0.1546875 0.0375
0 0.85 0.98671875 0.046875 0.0265625
1 0.925 0.6625 0.04375 0.0453125
1 0.925 0.5609375 0.025 0.03125
1 0.8578125 0.59375 0.028125 0.028125
1 0.8453125 0.4890625 0.01875 0.0265625
1 0.8453125 0.471875 0.01875 0.0265625
1 0.7109375 0.7796875 0.0234375 0.0421875
1 0.77890625 0.49609375 0.1109375 0.0921875
0 0.68671875 0.50703125 0.1265625 0.1140625
0 0.628125 0.49140625 0.11875 0.0828125
1 0.57578125 0.51484375 0.0140625 0.1109375