1 0.48125 0.134375 0.0359375 0.0125
1 0.04375 0.146875 0.025 0.034375
1 0.365625 0.1890625 0.053125 0.0625
1 0.5890625 0.1734375 0.015625 0.028125
1 0.59375 0.2375 0.034375 0.015625
1 0.0328125 0.2234375 0.0390625 0.0328125
1 0.4453125 0.2234375 0.01875 0.0359375
1 0.58125 0.2546875 0.01875 0.015625
1 0.3203125 0.259375 0.021875 0.0171875
1 0.590625 0.2640625 0.009375 0.0109375
1 0.6140625 0.2796875 0.03125 0.034375
1 0.4421875 0.3140625 0.0234375 0.01875
1 0.62890625 0.32578125 0.0203125 0.0609375
1 0.478125 0.321875 0.015625 0.025
1 0.3046875 0.33125 0.046875 0.034375
1 0.00625 0.34140625 0.0125 0.0171875
1 0.4 0.3328125 0.0796875 0.0671875
1 0.190625 0.3703125 0.0453125 0.025
1 0.01875 0.3703125 0.0109375 0.015625
1 0.4484375 0.3765625 0.0359375 0.01875
1 0.0125 0.38984375 0.025 0.0203125
1 0.0875 0.3984375 0.0359375 0.0515625
1 0.546875 0.403125 0.01875 0.0109375
1 0.484375 0.4140625 0.04375 0.0171875
1 0.1109375 0.4375 0.040625 0.025
1 0.4703125 0.459375 0.03125 0.0359375
1 0.121875 0.465625 0.0296875 0.0328125
1 0.3421875 0.4609375 0.021875 0.028125
1 0.6109375 0.48125 0.028125 0.025
1 0.040625 0.4984375 0.0234375 0.0328125
1 0.0328125 0.521875 0.065625 0.015625
1 0.409375 0.378125 0.04375 0.028125
1 0.3921875 0.3765625 0.015625 0.015625
1 0.41875 0.2828125 0.03125 0.025
1 0.390625 0.19375 0.025 0.015625
1 0.31875 0.2078125 0.053125 0.0546875
1 0.4140625 0.4765625 0.0203125 0.0203125
0 0.278125 0.1546875 0.178125 0.053125
0 0.2515625 0.2375 0.0921875 0.1375
1 0.2328125 0.2765625 0.04375 0.046875
1 0.215625 0.184375 0.0421875 0.0484375
1 0.14375 0.2109375 0.1390625 0.153125
1 0.075 0.1984375 0.046875 0.0578125
1 0.0765625 0.146875 0.025 0.0328125
1 0.1125 0.30625 0.0359375 0.0421875
0 0.240625 0.4234375 0.1265625 0.11875
0 0.25 0.478125 0.11875 0.103125
1 0.103125 0.3421875 0.0375 0.0265625
1 0.128125 0.3453125 0.01875 0.021875
1 0.1421875 0.3390625 0.0234375 0.015625
1 0.10625 0.2703125 0.0234375 0.0265625
1 0.00546875 0.21875 0.0109375 0.025
1 0.690625 0.2828125 0.009375 0.0078125
1 0.7328125 0.346875 0.0375 0.0265625
0 0.9625 0.396875 0.075 0.146875
1 0.1078125 0.5453125 0.028125 0.00625
1 0.0515625 0.628125 0.0078125 0.0109375
1 0.1390625 0.6796875 0.01875 0.01875
1 0.1734375 0.6859375 0.009375 0.015625
1 0.00703125 0.7671875 0.0140625 0.015625
1 0.0421875 0.8203125 0.0109375 0.0140625
1 0.5953125 0.8328125 0.034375 0.040625
0 0.33125 0.853125 0.0921875 0.084375
0 0.340625 0.7640625 0.1578125 0.1015625
1 0.41875 0.709375 0.0453125 0.0359375
0 0.31875 0.6609375 0.0859375 0.10625
0 0.36328125 0.60859375 0.1109375 0.1578125
1 0.4140625 0.5609375 0.0625 0.05625
1 0.99140625 0.69140625 0.0171875 0.0171875
1 0.9953125 0.7203125 0.009375 0.015625
1 0.9359375 0.890625 0.009375 0.009375
1 0.9015625 0.8359375 0.0375 0.0234375
1 0.9046875 0.7703125 0.0578125 0.0484375
1 0.9484375 0.6734375 0.0046875 0.0125
1 0.990625 0.6171875 0.0078125 0.003125
1 0.8484375 0.7859375 0.0328125 0.046875
1 0.7921875 0.9171875 0.0234375 0.0234375
1 0.6890625 0.959375 0.0265625 0.04375
1 0.65625 0.7140625 0.0125 0.015625
1 0.671875 0.7421875 0.0421875 0.0328125
1 0.6859375 0.73125 0.0078125 0.0109375
1 0.6984375 0.671875 0.01875 0.028125
1 0.7625 0.775 0.0203125 0.0171875
1 0.7609375 0.8078125 0.0234375 0.025
1 0.7625 0.68125 0.0015625 0.0078125