1 0.190625 0.0328125 0.0421875 0.046875
0 0.35 0.084375 0.0953125 0.140625
1 0.3390625 0.115625 0.0125 0.0078125
0 0.2984375 0.0609375 0.0453125 0.0390625
1 0.1578125 0.0625 0.028125 0.021875
0 0.10625 0.0859375 0.096875 0.103125
1 0.0609375 0.040625 0.028125 0.021875
0 0.0421875 0.071875 0.0796875 0.1
1 0.271875 0.184375 0.078125 0.0796875
1 0.096875 0.20625 0.03125 0.03125
1 0.11875 0.259375 0.0171875 0.009375
1 0.12578125 0.265625 0.0140625 0.00625
1 0.0453125 0.2484375 0.05625 0.040625
1 0.91875 0.0796875 0.078125 0.078125
0 0.8921875 0.1421875 0.0984375 0.0765625
1 0.95625 0.14375 0.0515625 0.0671875
1 0.965625 0.096875 0.0203125 0.034375
0 0.4984375 0.0953125 0.078125 0.08125
1 0.553125 0.0703125 0.01875 0.028125
0 0.65625 0.1109375 0.1453125 0.1171875
1 0.57578125 0.00625 0.0140625 0.0125
1 0.73125 0.2296875 0.0359375 0.0421875
1 0.6359375 0.2453125 0.0578125 0.0296875
1 0.47578125 0.19921875 0.0328125 0.0609375
1 0.5109375 0.2390625 0.021875 0.0375
1 0.6015625 0.203125 0.040625 0.0296875
1 0.6 0.24375 0.01875 0.021875
1 0.8359375 0.071875 0.0171875 0.0234375
1 0.7671875 0.1203125 0.021875 0.0265625
1 0.78125 0.103125 0.0203125 0.015625
1 0.803125 0.15 0.0234375 0.0265625
1 0.81875 0.09375 0.0171875 0.0234375
1 0.9640625 0.2125 0.0328125 0.028125
1 0.8578125 0.209375 0.021875 0.0296875
1 0.8828125 0.2515625 0.0171875 0.021875
1 0.1203125 0.40625 0.0125 0.0359375
1 0.1328125 0.84375 0.034375 0.025
1 0.14140625 0.99375 0.0171875 0.0125
1 0.175 0.521875 0.0625 0.053125
1 0.159375 0.2984375 0.028125 0.015625
1 0.2234375 0.29375 0.015625 0.034375
1 0.209375 0.8546875 0.0328125 0.0390625
1 0.209375 0.4421875 0.0359375 0.01875
1 0.240625 0.30625 0.015625 0.01875
1 0.2453125 0.5671875 0.0171875 0.021875
1 0.25 0.296875 0.0109375 0.009375
1 0.265625 0.27890625 0.034375 0.0203125
1 0.3 0.4453125 0.01875 0.0234375
1 0.3078125 0.409375 0.025 0.015625
1 0.3171875 0.5828125 0.034375 0.046875
1 0.328125 0.884375 0.0171875 0.01875
1 0.31875 0.4875 0.0671875 0.0796875
1 0.334375 0.9359375 0.034375 0.0234375
1 0.35625 0.696875 0.025 0.0453125
1 0.35625 0.86875 0.015625 0.0109375
1 0.3625 0.4390625 0.01875 0.0359375
1 0.3765625 0.9140625 0.025 0.0390625
1 0.3765625 0.878125 0.0203125 0.0328125
1 0.384375 0.8 0.0515625 0.0359375
1 0.3890625 0.340625 0.0109375 0.01875
1 0.4 0.403125 0.0171875 0.04375
1 0.4234375 0.7765625 0.025 0.040625
1 0.44296875 0.4171875 0.0328125 0.03125
1 0.446875 0.76484375 0.025 0.0296875
1 0.44609375 0.5453125 0.0265625 0.021875
1 0.3640625 0.478125 0.028125 0.04375
1 0.3625 0.4953125 0.015625 0.015625
1 0.26875 0.46875 0.025 0.03125
1 0.1796875 0.496875 0.015625 0.025
1 0.19375 0.56875 0.0546875 0.053125
1 0.45546875 0.47265625 0.0078125 0.0203125
0 0.140625 0.609375 0.053125 0.178125
0 0.2234375 0.6359375 0.1375 0.0921875
1 0.2625 0.6546875 0.046875 0.04375
1 0.1703125 0.671875 0.0484375 0.0421875
1 0.196875 0.74375 0.153125 0.1390625
1 0.184375 0.8125 0.0578125 0.046875
1 0.1328125 0.8109375 0.0328125 0.025
1 0.2921875 0.775 0.0421875 0.0359375
0 0.4046875 0.64609375 0.109375 0.1265625
0 0.4359375 0.6375 0.046875 0.11875
1 0.328125 0.784375 0.0265625 0.0375
1 0.33125 0.759375 0.021875 0.01875
1 0.325 0.7453125 0.015625 0.0234375
1 0.25625 0.78125 0.0265625 0.0234375
1 0.2046875 0.8828125 0.025 0.0125
1 0.215625 0.91875 0.0234375 0.021875
1 0.1796875 0.90625 0.021875 0.01875
1 0.171875 0.915625 0.015625 0.0078125
1 0.2484375 0.9125 0.015625 0.0203125
1 0.5203125 0.66875 0.0140625 0.0265625
1 0.5296875 0.2875 0.021875 0.0109375
1 0.56875 0.5625 0.01875 0.0234375
1 0.65625 0.4046875 0.0171875 0.01875
1 0.48046875 0.35234375 0.0421875 0.0359375
1 0.47421875 0.4046875 0.0296875 0.046875
1 0.64921875 0.2875 0.0390625 0.0375
1 0.840625 0.48125 0.0265625 0.03125
1 0.8296875 0.4453125 0.0390625 0.04375
1 0.815625 0.4765625 0.01875 0.0296875
1 0.809375 0.4859375 0.0265625 0.0125
1 0.7984375 0.4390625 0.0265625 0.0171875
1 0.7546875 0.48125 0.0609375 0.0640625
1 0.6109375 0.503125 0.0265625 0.025
1 0.5171875 0.4921875 0.0546875 0.0375
1 0.58125 0.359375 0.0203125 0.028125
1 0.5828125 0.39375 0.0265625 0.0171875
1 0.5609375 0.40625 0.0234375 0.059375
1 0.75 0.390625 0.015625 0.03125
1 0.7421875 0.428125 0.015625 0.0203125
1 0.7875 0.3765625 0.0296875 0.034375
1 0.85 0.2984375 0.0203125 0.040625
1 0.8109375 0.27265625 0.03125 0.0078125
1 0.496875 0.740625 0.046875 0.03125
1 0.5203125 0.76875 0.03125 0.015625
1 0.4953125 0.78125 0.01875 0.0203125
1 0.47265625 0.7984375 0.0265625 0.025
1 0.5265625 0.571875 0.05625 0.0546875
1 0.49375 0.65 0.0234375 0.0125
1 0.4765625 0.6390625 0.0078125 0.0109375
0 0.5265625 0.6171875 0.1125 0.053125
0 0.5953125 0.6109375 0.075 0.115625
1 0.5640625 0.6515625 0.021875 0.015625
1 0.5578125 0.725 0.0203125 0.0140625
1 0.6078125 0.684375 0.125 0.0859375
1 0.65 0.74375 0.03125 0.0328125
1 0.61875 0.740625 0.0359375 0.0390625
1 0.5859375 0.79375 0.009375 0.0296875
1 0.5703125 0.8109375 0.08125 0.0703125
1 0.646875 0.8234375 0.05625 0.0671875
1 0.6125 0.9171875 0.0203125 0.01875
1 0.6578125 0.9265625 0.0296875 0.025
1 0.68125 0.9609375 0.034375 0.034375
1 0.7828125 0.9671875 0.01875 0.01875
1 0.75625 0.8953125 0.04375 0.0375
1 0.7296875 0.7125 0.0328125 0.053125
1 0.7078125 0.8109375 0.0390625 0.040625
1 0.7171875 0.821875 0.046875 0.025
1 0.7625 0.790625 0.03125 0.03125
1 0.834375 0.765625 0.0515625 0.071875
1 0.828125 0.7171875 0.0234375 0.01875
1 0.85625 0.8109375 0.0078125 0.0109375
1 0.8265625 0.8234375 0.04375 0.065625
1 0.81875 0.86875 0.0359375 0.03125
1 0.8140625 0.8984375 0.0453125 0.034375
1 0.7875 0.8671875 0.0359375 0.046875
0 0.7171875 0.6046875 0.075 0.1375
1 0.7578125 0.6375 0.034375 0.05
1 0.753125 0.671875 0.0234375 0.028125
1 0.76875 0.59375 0.0421875 0.04375
1 0.840625 0.56875 0.0390625 0.0265625
1 0.8203125 0.60625 0.0578125 0.0359375
1 0.8375 0.6203125 0.0203125 0.021875
1 0.8578125 0.6203125 0.00625 0.0140625