1 0.2875 0.0765625 0.0359375 0.0203125
1 0.3140625 0.04375 0.0125 0.015625
1 0.3625 0.028125 0.0140625 0.0140625
0 0.059375 0.18828125 0.11875 0.3015625
1 0.0328125 0.315625 0.05 0.078125
1 0.02734375 0.40390625 0.0546875 0.0828125
1 0.0453125 0.4296875 0.009375 0.0125
1 0.115625 0.4390625 0.0375 0.0328125
1 0.19375 0.378125 0.0203125 0.01875
0 0.1328125 0.2078125 0.1703125 0.2609375
0 0.29453125 0.15625 0.2515625 0.3125
0 0.371875 0.29375 0.1 0.0796875
1 0.4015625 0.33125 0.0375 0.0234375
1 0.4 0.415625 0.0421875 0.0515625
1 0.18125 0.209375 0.0203125 0.0171875
1 0.1125 0.5140625 0.0421875 0.05
1 0.2 0.59609375 0.03125 0.0078125
1 0.2015625 0.540625 0.1109375 0.1109375
1 0.19375 0.465625 0.0171875 0.0125
1 0.3921875 0.55 0.0296875 0.0328125
1 0.60625 0.3375 0.0140625 0.009375
1 0.615625 0.2265625 0.0171875 0.0203125
1 0.6328125 0.36875 0.0078125 0.025
1 0.7109375 0.571875 0.0140625 0.0140625
1 0.7171875 0.1453125 0.025 0.01875
1 0.7296875 0.265625 0.01875 0.009375
1 0.7828125 0.0078125 0.0125 0.015625
1 0.8125 0.153125 0.0125 0.0125
1 0.8125 0.2140625 0.0609375 0.0578125
1 0.83125 0.378125 0.0375 0.0421875
1 0.853125 0.1421875 0.0125 0.015625
1 0.8890625 0.2328125 0.0296875 0.0265625
1 0.84921875 0.00859375 0.0265625 0.0171875
1 0.8609375 0.0578125 0.0328125 0.0546875
1 0.68125 0.1625 0.025 0.0328125
1 0.6625 0.178125 0.0171875 0.025
0 0.58984375 0.2125 0.0203125 0.096875
1 0.7046875 0.253125 0.0203125 0.01875
1 0.653125 0.23125 0.028125 0.0234375
1 0.64375 0.2578125 0.025 0.028125
1 0.58515625 0.50078125 0.0109375 0.0265625
0 0.596875 0.4453125 0.034375 0.196875
0 0.6515625 0.4515625 0.1203125 0.0828125
1 0.8640625 0.496875 0.003125 0.0125
1 0.8640625 0.51875 0.0140625 0.0140625
0 0.7984375 0.46875 0.109375 0.115625
0 0.846875 0.446875 0.103125 0.0671875
1 0.7828125 0.51875 0.0296875 0.03125
0 0.740625 0.3546875 0.1140625 0.090625
0 0.40234375 0.64609375 0.1328125 0.0921875
1 0.2890625 0.6328125 0.015625 0.04375
1 0.3171875 0.6484375 0.0296875 0.0359375
1 0.271875 0.6421875 0.01875 0.0390625
1 0.246875 0.6265625 0.021875 0.0078125
1 0.3375 0.7421875 0.0171875 0.0234375
1 0.303125 0.7484375 0.0203125 0.0359375
1 0.3265625 0.7546875 0.0140625 0.01875
1 0.24375 0.665625 0.0078125 0.0078125
1 0.21875 0.6234375 0.009375 0.0109375
1 0.25625 0.7953125 0.046875 0.075
1 0.31875 0.784375 0.0484375 0.0390625
1 0.33125 0.8078125 0.015625 0.0265625
1 0.3546875 0.903125 0.01875 0.021875
1 0.3625 0.8859375 0.03125 0.015625
1 0.3375 0.8859375 0.025 0.0265625
0 0.5265625 0.6515625 0.0765625 0.0796875
1 0.5125 0.6171875 0.0125 0.0125
1 0.4921875 0.75 0.01875 0.0296875
1 0.521875 0.7796875 0.01875 0.01875
1 0.57265625 0.77578125 0.0140625 0.0671875
1 0.5171875 0.8328125 0.0421875 0.021875
1 0.57421875 0.8359375 0.0109375 0.053125
1 0.57578125 0.90078125 0.0078125 0.0515625
1 0.54375 0.9421875 0.0203125 0.025
1 0.4546875 0.91875 0.0375 0.04375
1 0.4078125 0.9703125 0.034375 0.0265625
1 0.465625 0.9859375 0.025 0.028125
1 0.2484375 0.91875 0.021875 0.015625
1 0.4796875 0.603125 0.015625 0.00625
1 0.584375 0.78203125 0.009375 0.0234375
1 0.6109375 0.7015625 0.0203125 0.0203125
1 0.6140625 0.8828125 0.015625 0.015625
1 0.6265625 0.8515625 0.0234375 0.021875
1 0.6359375 0.76875 0.0203125 0.0234375
1 0.64375 0.684375 0.0171875 0.0125
1 0.65 0.7125 0.0296875 0.03125
1 0.684375 0.9421875 0.015625 0.025
1 0.6953125 0.75 0.0140625 0.0234375
1 0.696875 0.6796875 0.0203125 0.0234375
1 0.709375 0.73125 0.0203125 0.009375
1 0.7234375 0.828125 0.015625 0.0125
1 0.75 0.8453125 0.015625 0.0171875
1 0.76875 0.7640625 0.021875 0.0140625
0 0.7578125 0.715625 0.0546875 0.0421875
1 0.7953125 0.9171875 0.00625 0.0109375
0 0.8515625 0.690625 0.05625 0.1796875
1 0.9171875 0.9875 0.0265625 0.0109375
1 0.909375 0.88125 0.0328125 0.03125
0 0.9109375 0.7109375 0.05 0.096875
0 0.6 0.69296875 0.040625 0.1140625
1 0.75625 0.75 0.021875 0.01875
1 0.8671875 0.8453125 0.028125 0.0375
1 0.86875 0.821875 0.015625 0.0140625
1 0.659375 0.621875 0.025 0.0078125
0 0.9 0.6203125 0.071875 0.040625
1 0.715625 0.60625 0.015625 0.0125