1 0.1765625 0.35625 0.021875 0.01875
1 0.16875 0.1640625 0.01875 0.03125
1 0.5265625 0.5 0.065625 0.0390625
0 0.45546875 0.5984375 0.2578125 0.021875
0 0.4109375 0.52421875 0.2375 0.1703125
0 0.44921875 0.2765625 0.2796875 0.253125
1 0.4640625 0.24375 0.0390625 0.046875
1 0.625 0.215625 0.0234375 0.0234375
1 0.65625 0.3234375 0.0140625 0.01875
1 0.6875 0.3265625 0.0171875 0.021875
1 0.6859375 0.3 0.0046875 0.009375
1 0.634375 0.384375 0.0515625 0.0625
1 0.6359375 0.44375 0.0265625 0.0265625
1 0.6796875 0.3921875 0.0109375 0.0125
1 0.7421875 0.140625 0.0328125 0.0171875
1 0.8 0.4359375 0.0203125 0.015625
1 0.8109375 0.2125 0.0296875 0.0328125
1 0.9546875 0.046875 0.0140625 0.009375
1 0.959375 0.053125 0.01875 0.00625
1 0.940625 0.1515625 0.021875 0.028125
1 0.9421875 0.1953125 0.025 0.028125
1 0.9578125 0.2421875 0.01875 0.015625
1 0.996875 0.00703125 0.00625 0.0140625
1 0.9796875 0.09375 0.028125 0.028125
1 0.965625 0.265625 0.0140625 0.01875
1 0.921875 0.21875 0.00625 0.009375
1 0.946875 0.271875 0.015625 0.009375
1 0.984375 0.265625 0.0125 0.0125
1 0.9765625 0.29296875 0.046875 0.0453125
1 0.95625 0.39375 0.009375 0.021875
1 0.9765625 0.4453125 0.0328125 0.0140625
1 0.36875 0.8828125 0.01875 0.06875
1 0.303125 0.86875 0.015625 0.08125
0 0.26953125 0.9328125 0.1734375 0.134375
0 0.9265625 0.9234375 0.025 0.0546875
0 0.9234375 0.87109375 0.153125 0.0921875
1 0.8828125 0.9875 0.034375 0.025
1 0.840625 0.99140625 0.025 0.0171875
1 0.8578125 0.953125 0.025 0.025
1 0.9234375 0.99296875 0.028125 0.0140625
1 0.9296875 0.98125 0.01875 0.009375
1 0.896875 0.9328125 0.03125 0.034375
1 0.971875 0.965625 0.0453125 0.04375
1 0.853125 0.9046875 0.034375 0.0265625
1 0.7828125 0.8953125 0.0328125 0.025
1 0.778125 0.9734375 0.0265625 0.01875
1 0.67890625 0.99296875 0.0296875 0.0140625
1 0.7453125 0.903125 0.03125 0.021875
1 0.69375 0.8984375 0.025 0.015625
1 0.709375 0.8375 0.034375 0.021875
1 0.746875 0.8484375 0.0296875 0.015625
1 0.6640625 0.8390625 0.0375 0.0234375
1 0.65234375 0.990625 0.0171875 0.01875
1 0.88125 0.8328125 0.034375 0.0140625