1 0.42421875 0.290625 0.0296875 0.0125
1 0.4203125 0.0984375 0.0375 0.046875
1 0.4109375 0.4 0.0140625 0.01875
1 0.4 0.3328125 0.0375 0.0453125
1 0.421875 0.3078125 0.03125 0.0171875
1 0.41875 0.2796875 0.0140625 0.0125
1 0.340625 0.41875 0.0140625 0.0046875
1 0.28125 0.3515625 0.0125 0.003125
1 0.2828125 0.20625 0.034375 0.0546875
0 0.1125 0.3375 0.11875 0.1375
1 0.1484375 0.3984375 0.0125 0.015625
0 0.225 0.203125 0.325 0.2546875
1 0.3046875 0.0328125 0.0046875 0.015625
0 0.25546875 0.02109375 0.3265625 0.0421875
1 0.1671875 0.15625 0.090625 0.0703125
1 0.2953125 0.0875 0.0203125 0.0515625
1 0.14375 0.1046875 0.0921875 0.0484375
1 0.99296875 0.21484375 0.0140625 0.0140625
1 0.978125 0.3203125 0.04375 0.0625
1 0.9921875 0.275 0.0125 0.0234375
1 0.871875 0.021875 0.078125 0.04375
1 0.8375 0.046875 0.0375 0.0578125
1 0.828125 0.0234375 0.021875 0.025
1 0.8015625 0.0609375 0.0203125 0.01875
1 0.7125 0.09375 0.0296875 0.021875
1 0.703125 0.125 0.0296875 0.0375
1 0.671875 0.140625 0.0140625 0.0171875
1 0.6671875 0.1703125 0.021875 0.0359375
1 0.76875 0.0734375 0.0125 0.015625
1 0.934375 0.0921875 0.0265625 0.0359375
1 0.9421875 0.0921875 0.0203125 0.0203125
1 0.9390625 0.0609375 0.0359375 0.0265625
1 0.8625 0.053125 0.021875 0.0234375
1 0.97265625 0.06953125 0.0546875 0.0640625
1 0.9890625 0.165625 0.021875 0.025
1 0.875 0.1640625 0.021875 0.040625
1 0.8078125 0.19375 0.034375 0.046875
1 0.784375 0.2140625 0.0171875 0.0328125
1 0.7546875 0.203125 0.0171875 0.053125
1 0.89375 0.228125 0.0328125 0.01875
1 0.8765625 0.3140625 0.0453125 0.0625
1 0.8921875 0.28125 0.0203125 0.0203125
1 0.93125 0.2484375 0.015625 0.015625
1 0.884375 0.3625 0.03125 0.03125
1 0.8921875 0.3984375 0.025 0.0171875
1 0.7921875 0.1984375 0.015625 0.0203125
1 0.81875 0.3484375 0.0359375 0.0265625
1 0.7875 0.3484375 0.059375 0.0296875
1 0.7703125 0.3171875 0.0546875 0.0375
1 0.78125 0.2984375 0.01875 0.0125
1 0.7671875 0.284375 0.015625 0.021875
1 0.7328125 0.3859375 0.04375 0.0421875
1 0.6984375 0.315625 0.021875 0.03125
1 0.5953125 0.00546875 0.00625 0.0109375
1 0.546875 0.04375 0.0328125 0.06875
0 0.5875 0.134375 0.0515625 0.1203125
0 0.6 0.053125 0.0859375 0.0984375
1 0.553125 0.071875 0.075 0.028125
1 0.5625 0.075 0.0203125 0.01875
1 0.5609375 0.1015625 0.00625 0.015625
1 0.5421875 0.23125 0.021875 0.0359375
1 0.53125 0.259375 0.028125 0.021875
1 0.5140625 0.2375 0.0203125 0.0453125
1 0.659375 0.221875 0.0484375 0.05625
1 0.63125 0.24375 0.040625 0.053125
1 0.6203125 0.2703125 0.0421875 0.034375
1 0.6015625 0.2609375 0.0234375 0.01875
1 0.5859375 0.309375 0.025 0.0375
1 0.671875 0.31875 0.034375 0.028125
1 0.6734375 0.3015625 0.009375 0.003125
1 0.659375 0.3671875 0.0609375 0.0625
1 0.6671875 0.4015625 0.0234375 0.0109375
1 0.628125 0.353125 0.015625 0.021875
1 0.50625 0.365625 0.03125 0.0265625
1 0.503125 0.296875 0.0328125 0.01875
1 0.471875 0.3015625 0.0421875 0.0390625
1 0.5671875 0.3875 0.053125 0.040625
1 0.515625 0.3796875 0.0203125 0.015625
1 0.5359375 0.3671875 0.009375 0.015625
1 0.553125 0.35 0.01875 0.01875
1 0.4546875 0.38671875 0.03125 0.0390625
1 0.446875 0.3453125 0.015625 0.05625
1 0.4421875 0.23046875 0.00625 0.0359375
1 0.4859375 0.04375 0.0609375 0.0390625
1 0.4625 0.0125 0.028125 0.025
1 0.53984375 0.0125 0.0203125 0.025
1 0.43203125 0.828125 0.0140625 0.015625
1 0.421875 0.8828125 0.0296875 0.028125
1 0.415625 0.959375 0.034375 0.034375
0 0.3 0.7859375 0.2015625 0.25
1 0.3671875 0.74375 0.01875 0.01875
1 0.3015625 0.675 0.0203125 0.0109375
1 0.2171875 0.7 0.021875 0.034375
1 0.0671875 0.6828125 0.0640625 0.034375
1 0.0828125 0.728125 0.025 0.03125
1 0.0875 0.765625 0.0234375 0.0171875
1 0.0140625 0.740625 0.025 0.0296875
1 0.0609375 0.846875 0.015625 0.0328125
1 0.053125 0.890625 0.0328125 0.01875
1 0.06640625 0.99296875 0.0796875 0.0140625
1 0.0828125 0.975 0.0359375 0.0234375
1 0.0515625 0.9609375 0.0328125 0.03125
1 0.2046875 0.89375 0.0265625 0.0171875
1 0.2 0.84375 0.0265625 0.0171875
1 0.3671875 0.9828125 0.0203125 0.015625
1 0.4234375 0.81875 0.0203125 0.015625
1 0.025 0.83125 0.0171875 0.015625
0 0.26640625 0.92265625 0.1453125 0.1546875
1 0.3265625 0.98359375 0.078125 0.0328125
0 0.3265625 0.6890625 0.0875 0.11875
1 0.3171875 0.709375 0.015625 0.015625
1 0.97578125 0.5796875 0.0484375 0.0125
0 0.9671875 0.85703125 0.065625 0.0734375
1 0.971875 0.8296875 0.0421875 0.053125
1 0.9234375 0.796875 0.00625 0.009375
0 0.97734375 0.73359375 0.0453125 0.0890625
0 0.96484375 0.78828125 0.0703125 0.0765625
1 0.75703125 0.5640625 0.0203125 0.009375
1 0.72890625 0.565625 0.0234375 0.0125
1 0.709375 0.571875 0.025 0.0171875
1 0.6953125 0.58125 0.0203125 0.0234375
1 0.6921875 0.6109375 0.015625 0.0203125
1 0.684375 0.596875 0.009375 0.0125
1 0.6875 0.64375 0.0265625 0.0265625
1 0.6921875 0.665625 0.0265625 0.028125
1 0.6859375 0.6578125 0.015625 0.0171875
1 0.671875 0.6703125 0.0140625 0.0140625
1 0.6671875 0.6859375 0.0171875 0.0234375
1 0.6515625 0.684375 0.0171875 0.021875
1 0.6640625 0.7015625 0.0203125 0.0140625
1 0.784375 0.6640625 0.0234375 0.0296875
1 0.7390625 0.8546875 0.025 0.0203125
1 0.578125 0.8015625 0.025 0.021875
1 0.628125 0.734375 0.015625 0.01875
1 0.55625 0.74375 0.0375 0.03125
1 0.5515625 0.7234375 0.0140625 0.009375
1 0.6328125 0.6609375 0.0125 0.0109375
1 0.615625 0.6390625 0.0140625 0.015625
1 0.6359375 0.621875 0.015625 0.0125
1 0.640625 0.6390625 0.0140625 0.0078125
1 0.5609375 0.58125 0.015625 0.01875
1 0.5546875 0.5890625 0.0125 0.0171875
1 0.56015625 0.5625 0.0203125 0.00625
0 0.4890625 0.8640625 0.0625 0.0625
0 0.4796875 0.81015625 0.08125 0.0734375
0 0.4875 0.58515625 0.096875 0.0515625
0 0.5109375 0.703125 0.09375 0.0796875
0 0.47421875 0.6765625 0.0703125 0.084375
0 0.4828125 0.63671875 0.0875 0.0609375