0 0.1125 0.4171875 0.225 0.065625
1 0.0796875 0.4140625 0.09375 0.071875
1 0.04375 0.2859375 0.08125 0.0734375
0 0.146875 0.1875 0.2703125 0.1609375
1 0.371875 0.128125 0.0078125 0.009375
1 0.8140625 0.153125 0.015625 0.0171875
1 0.8953125 0.165625 0.0109375 0.0109375
1 0.3171875 0.16796875 0.034375 0.0359375
1 0.9671875 0.1859375 0.0078125 0.0125
1 0.775 0.2125 0.0265625 0.0140625
1 0.9515625 0.28125 0.025 0.0171875
1 0.6328125 0.334375 0.009375 0.00625
1 0.971875 0.3375 0.0109375 0.0140625
1 0.8578125 0.3640625 0.021875 0.0234375
1 0.69375 0.375 0.0234375 0.0203125
1 0.603125 0.38125 0.009375 0.009375
1 0.31875 0.4015625 0.0203125 0.015625
1 0.575 0.4046875 0.015625 0.009375
1 0.98125 0.4171875 0.0203125 0.028125
1 0.6171875 0.4203125 0.0078125 0.0125
1 0.309375 0.3796875 0.015625 0.0203125
1 0.359375 0.4453125 0.015625 0.009375
1 0.434375 0.18125 0.0078125 0.0078125
0 0.4984375 0.1609375 0.29375 0.08125
0 0.471875 0.2796875 0.3046875 0.3125
1 0.1453125 0.85 0.028125 0.0703125
1 0.04375 0.7125 0.0453125 0.053125
1 0.0703125 0.6890625 0.03125 0.0234375
1 0.1515625 0.6859375 0.0390625 0.015625
1 0.2734375 0.78125 0.0203125 0.021875
1 0.18828125 0.9921875 0.0390625 0.015625
1 0.165625 0.89375 0.034375 0.0265625
1 0.234375 0.7546875 0.0234375 0.0140625
1 0.1703125 0.8203125 0.0203125 0.0359375
0 0.07421875 0.90546875 0.1484375 0.1890625
0 0.09453125 0.784375 0.1890625 0.10625
1 0.9734375 0.88671875 0.053125 0.0578125
1 0.8546875 0.5921875 0.0171875 0.0203125
1 0.8421875 0.5828125 0.0140625 0.0125
1 0.6921875 0.715625 0.090625 0.0625
1 0.55625 0.640625 0.0140625 0.0109375
1 0.59375 0.709375 0.025 0.015625
1 0.6328125 0.709375 0.028125 0.0203125
1 0.5203125 0.8203125 0.0078125 0.0109375
1 0.4859375 0.821875 0.0125 0.0078125
1 0.503125 0.4625 0.0109375 0.0078125
1 0.4390625 0.528125 0.0390625 0.03125
1 0.5046875 0.5546875 0.0125 0.0125
1 0.31171875 0.534375 0.0234375 0.015625
1 0.303125 0.521875 0.00625 0.015625
1 0.3390625 0.55625 0.0078125 0.0125
1 0.759375 0.9328125 0.01875 0.015625
1 0.775 0.8453125 0.0078125 0.00625
1 0.7109375 0.6359375 0.00625 0.0078125
1 0.815625 0.8078125 0.0078125 0.00625
0 0.725 0.8390625 0.2171875 0.1953125
1 0.6375 0.8390625 0.0125 0.0234375
0 0.6765625 0.5015625 0.10625 0.103125
1 0.671875 0.5109375 0.0203125 0.0125
0 0.68125 0.6171875 0.2203125 0.1921875
1 0.4015625 0.7796875 0.0140625 0.0109375
1 0.33125 0.659375 0.0078125 0.0078125
1 0.328125 0.628125 0.00625 0.0078125