0 0.6015625 0.4953125 0.15625 0.15
1 0.590625 0.5546875 0.0515625 0.0328125
1 0.484375 0.559375 0.021875 0.015625
1 0.49375 0.521875 0.0296875 0.05625
1 0.5046875 0.4859375 0.0328125 0.0296875
0 0.5921875 0.3375 0.1390625 0.1171875
0 0.58203125 0.40234375 0.1953125 0.0734375
1 0.6453125 0.0796875 0.0109375 0.015625
0 0.5859375 0.071875 0.1109375 0.05
0 0.5796875 0.1515625 0.1265625 0.125
0 0.59375 0.2234375 0.1359375 0.096875
1 0.67421875 0.25859375 0.0109375 0.0453125
1 0.6390625 0.1046875 0.01875 0.0234375
1 0.475 0.071875 0.0328125 0.0171875
1 0.4421875 0.065625 0.034375 0.034375
1 0.484375 0.2234375 0.0265625 0.028125
1 0.3375 0.25 0.0359375 0.0328125
1 0.3765625 0.2578125 0.03125 0.0234375
1 0.328125 0.228125 0.01875 0.0234375
1 0.334375 0.21875 0.025 0.046875
1 0.3828125 0.1453125 0.0640625 0.0515625
1 0.321875 0.1640625 0.05625 0.0578125
1 0.3453125 0.0828125 0.034375 0.0421875
1 0.3390625 0.1203125 0.0203125 0.0265625
1 0.3796875 0.059375 0.03125 0.028125
1 0.2953125 0.0625 0.0359375 0.034375
1 0.265625 0.084375 0.046875 0.0421875
0 0.0859375 0.0921875 0.0984375 0.09375
1 0.1734375 0.19375 0.065625 0.08125
0 0.065625 0.190625 0.0875 0.075
0 0.075 0.2640625 0.15 0.0828125
0 0.0734375 0.3703125 0.1015625 0.1421875
1 0.1796875 0.371875 0.0328125 0.0390625
1 0.1765625 0.4515625 0.025 0.0296875
1 0.1015625 0.4890625 0.0203125 0.025
0 0.06328125 0.528125 0.1265625 0.0875
1 0.1640625 0.509375 0.025 0.0265625
1 0.409375 0.546875 0.0515625 0.05
1 0.3421875 0.415625 0.025 0.0234375
1 0.696875 0.52890625 0.034375 0.0515625
1 0.6921875 0.46328125 0.025 0.0609375
1 0.7015625 0.2890625 0.040625 0.0453125
1 0.715625 0.3171875 0.03125 0.0265625
1 0.6828125 0.321875 0.00625 0.015625
1 0.6875 0.40234375 0.015625 0.0265625
0 0.7765625 0.428125 0.121875 0.09375
1 0.765625 0.496875 0.03125 0.0140625
1 0.809375 0.484375 0.025 0.01875
0 0.7875 0.53125 0.109375 0.05
1 0.8515625 0.49375 0.028125 0.0234375
1 0.915625 0.421875 0.034375 0.021875
1 0.959375 0.409375 0.071875 0.0703125
1 0.98828125 0.3171875 0.0234375 0.046875
1 0.9859375 0.47265625 0.028125 0.0421875
1 0.9828125 0.23046875 0.034375 0.0328125
1 0.875 0.2453125 0.0640625 0.053125
1 0.8390625 0.2984375 0.0265625 0.0265625
1 0.853125 0.3265625 0.0296875 0.0234375
1 0.8859375 0.3203125 0.03125 0.034375
1 0.8703125 0.54375 0.0234375 0.0171875
1 0.9203125 0.1953125 0.0421875 0.01875
1 0.9375 0.165625 0.034375 0.0234375
1 0.99765625 0.109375 0.0046875 0.028125
1 0.8109375 0.0546875 0.09375 0.046875
1 0.821875 0.1375 0.03125 0.0234375
1 0.859375 0.171875 0.034375 0.03125
1 0.76875 0.0921875 0.078125 0.0453125
1 0.7578125 0.04375 0.03125 0.0265625
1 0.68515625 0.0625 0.0109375 0.05625
1 0.7203125 0.04375 0.0296875 0.028125
1 0.7046875 0.2390625 0.025 0.0265625
1 0.7375 0.2125 0.0234375 0.0265625
1 0.7671875 0.228125 0.028125 0.0375
0 0.784375 0.15625 0.134375 0.0828125
1 0.80625 0.265625 0.0375 0.0421875
0 0.7953125 0.3234375 0.1234375 0.165625
1 0.45390625 0.7421875 0.0171875 0.00625
1 0.171875 0.796875 0.0171875 0.0171875
1 0.1125 0.784375 0.034375 0.0390625
1 0.2609375 0.7953125 0.0078125 0.015625
1 0.0828125 0.8296875 0.028125 0.0359375
0 0.01640625 0.89296875 0.0328125 0.1453125
0 0.48515625 0.95078125 0.0953125 0.0984375
1 0.465625 0.80625 0.10625 0.0515625
0 0.4875 0.86875 0.1578125 0.10625
1 0.5578125 0.8484375 0.0546875 0.0359375
1 0.571875 0.971875 0.025 0.0359375
1 0.55390625 0.98828125 0.0390625 0.0234375
1 0.6015625 0.8859375 0.04375 0.0234375
1 0.353125 0.75625 0.034375 0.034375
1 0.22421875 0.7421875 0.0296875 0.00625
1 0.1140625 0.7578125 0.015625 0.028125
1 0.2015625 0.9234375 0.0296875 0.0171875
1 0.09375 0.9171875 0.015625 0.03125
1 0.103125 0.98125 0.015625 0.0265625
0 0.859375 0.8296875 0.1046875 0.171875
1 0.996875 0.94140625 0.00625 0.0453125
1 0.9921875 0.85859375 0.015625 0.0453125
1 0.9453125 0.78125 0.0640625 0.084375
1 0.984375 0.7765625 0.03125 0.05625
1 0.90703125 0.74609375 0.0890625 0.0140625
1 0.7765625 0.8109375 0.028125 0.0640625
1 0.9375 0.928125 0.0984375 0.1125
1 0.8296875 0.928125 0.0375 0.046875
1 0.7453125 0.8234375 0.0546875 0.05625
1 0.6953125 0.8109375 0.03125 0.11875
1 0.71953125 0.778125 0.0796875 0.078125
1 0.69375 0.990625 0.028125 0.01875
1 0.6984375 0.91875 0.028125 0.04375