1 0.0953125 0.2203125 0.015625 0.0171875
1 0.16875 0.1109375 0.0140625 0.015625
0 0.290625 0.2234375 0.096875 0.21875
0 0.296875 0.15234375 0.084375 0.2109375
0 0.275 0.3828125 0.128125 0.271875
1 0.48125 0.1015625 0.015625 0.0390625
0 0.63359375 0.1140625 0.2390625 0.228125
1 0.8671875 0.109375 0.05 0.034375
0 0.66796875 0.4234375 0.0953125 0.190625
1 0.9484375 0.39375 0.0296875 0.034375
1 0.8390625 0.25625 0.0234375 0.028125
1 0.015625 0.6625 0.0265625 0.0265625
0 0.18046875 0.6140625 0.3171875 0.184375
0 0.16953125 0.75859375 0.3390625 0.1453125
0 0.1203125 0.8046875 0.046875 0.015625
1 0.3296875 0.6265625 0.01875 0.034375
1 0.3078125 0.6375 0.025 0.021875
1 0.2 0.6671875 0.0265625 0.03125
1 0.175 0.6546875 0.0375 0.0265625
1 0.315625 0.6703125 0.04375 0.0390625
1 0.321875 0.8171875 0.034375 0.025
1 0.09609375 0.528125 0.0453125 0.01875
1 0.0859375 0.625 0.0109375 0.0109375
1 0.0609375 0.615625 0.015625 0.0203125
0 0.61640625 0.646875 0.2328125 0.25625
0 0.5265625 0.8234375 0.315625 0.178125
1 0.8 0.88125 0.0640625 0.0484375