1 0.04375 0.55 0.0875 0.075
1 0.028125 0.4546875 0.0203125 0.0359375
1 0.034375 0.38671875 0.06875 0.0390625
1 0.078125 0.4890625 0.0390625 0.0328125
1 0.1203125 0.4265625 0.0484375 0.0796875
1 0.1140625 0.559375 0.0828125 0.0671875
1 0.1625 0.5046875 0.09375 0.0546875
1 0.025 0.2640625 0.034375 0.04375
1 0.1328125 0.246875 0.0671875 0.0484375
1 0.16875 0.3046875 0.05625 0.046875
1 0.221875 0.31875 0.0484375 0.071875
1 0.175 0.3953125 0.0625 0.0359375
1 0.2671875 0.4546875 0.065625 0.08125
1 0.303125 0.440625 0.0375 0.0390625
1 0.2859375 0.5421875 0.065625 0.075
1 0.3015625 0.575 0.0484375 0.034375
1 0.359375 0.4609375 0.065625 0.0375
0 0.428125 0.503125 0.103125 0.1453125
1 0.140625 0.09375 0.0640625 0.0515625
1 0.28125 0.1296875 0.1765625 0.1203125
0 0.434375 0.184375 0.18125 0.1
0 0.44375 0.303125 0.0734375 0.0953125
1 0.5390625 0.2890625 0.075 0.084375
1 0.54375 0.346875 0.05625 0.0484375
1 0.5234375 0.196875 0.04375 0.0546875
1 0.434375 0.1265625 0.040625 0.046875
0 0.428125 0.0890625 0.0328125 0.040625
1 0.55 0.0796875 0.0703125 0.021875
1 0.603125 0.165625 0.071875 0.05
1 0.5796875 0.2140625 0.0484375 0.046875
1 0.6125 0.365625 0.0453125 0.059375
1 0.39375 0.4328125 0.0515625 0.0390625
1 0.559375 0.45 0.071875 0.0546875
1 0.596875 0.4171875 0.0359375 0.0328125
1 0.6203125 0.4625 0.0328125 0.028125
1 0.5703125 0.540625 0.08125 0.1046875
1 0.5171875 0.553125 0.046875 0.0546875
1 0.0703125 0.2109375 0.0421875 0.0390625
0 0.690625 0.1203125 0.103125 0.125
1 0.64609375 0.084375 0.0140625 0.053125
1 0.7203125 0.159375 0.046875 0.0375
1 0.734375 0.109375 0.0375 0.0390625
1 0.7140625 0.13125 0.0109375 0.021875
1 0.7140625 0.2515625 0.034375 0.04375
1 0.74375 0.2484375 0.046875 0.03125
1 0.665625 0.2890625 0.021875 0.04375
1 0.6953125 0.3046875 0.025 0.0234375
1 0.665625 0.3 0.04375 0.0296875
1 0.6703125 0.3640625 0.009375 0.0140625
1 0.7703125 0.078125 0.053125 0.0390625
1 0.775 0.121875 0.0375 0.040625
1 0.7484375 0.121875 0.01875 0.021875
1 0.80625 0.0875 0.0109375 0.015625
1 0.7828125 0.1984375 0.0546875 0.06875
1 0.715625 0.353125 0.0203125 0.0171875
1 0.75625 0.4875 0.0546875 0.04375
1 0.728125 0.5125 0.034375 0.0125
0 0.7328125 0.32578125 0.1875 0.3171875
0 0.77421875 0.48046875 0.2703125 0.2046875
1 0.98125 0.0734375 0.0265625 0.0296875
1 0.93125 0.065625 0.0203125 0.0140625
1 0.8390625 0.1296875 0.0328125 0.028125
1 0.8453125 0.115625 0.0171875 0.0171875
1 0.971875 0.159375 0.028125 0.034375
1 0.771875 0.315625 0.03125 0.0203125
1 0.8546875 0.2609375 0.025 0.021875
1 0.9125 0.303125 0.01875 0.0203125
1 0.8578125 0.128125 0.0171875 0.015625
1 0.9703125 0.4171875 0.0421875 0.05625
1 0.909375 0.4625 0.1421875 0.115625
1 0.996875 0.4796875 0.00625 0.01875
1 0.9578125 0.546875 0.0328125 0.01875
1 0.9953125 0.49453125 0.009375 0.0234375
1 0.8234375 0.459375 0.0171875 0.01875
1 0.8359375 0.475 0.0359375 0.03125
1 0.8046875 0.2859375 0.0515625 0.05625
1 0.8328125 0.3546875 0.1 0.103125
1 0.821875 0.3234375 0.040625 0.04375
1 0.834375 0.303125 0.0375 0.0390625
1 0.9875 0.25625 0.0203125 0.028125
1 0.99140625 0.340625 0.0171875 0.028125
1 0.9296875 0.2953125 0.0140625 0.021875
1 0.86875 0.2765625 0.025 0.015625
1 0.1515625 0.721875 0.0078125 0.0140625
1 0.2390625 0.7375 0.01875 0.015625
1 0.365625 0.7046875 0.01875 0.025
1 0.3625 0.7953125 0.009375 0.0125
1 0.2859375 0.790625 0.0203125 0.01875
1 0.3390625 0.9125 0.0296875 0.01875
0 0.3046875 0.9546875 0.0546875 0.028125
0 0.2890625 0.9296875 0.0703125 0.0796875
1 0.275 0.896875 0.0046875 0.0078125
0 0.28125 0.759375 0.1171875 0.1578125
1 0.2078125 0.640625 0.0359375 0.0328125
1 0.475 0.7390625 0.03125 0.01875
1 0.4671875 0.815625 0.01875 0.0234375
1 0.4578125 0.8578125 0.0171875 0.015625
1 0.540625 0.915625 0.0078125 0.009375
1 0.5421875 0.9375 0.01875 0.015625
1 0.0984375 0.9640625 0.0265625 0.0109375
1 0.1421875 0.915625 0.0078125 0.0171875
1 0.025 0.9140625 0.00625 0.015625
1 0.0375 0.8625 0.0109375 0.0125
1 0.01171875 0.7734375 0.0234375 0.015625
1 0.3390625 0.625 0.0125 0.009375
0 0.3359375 0.63359375 0.228125 0.0296875