1 0.0171875 0.0375 0.0265625 0.0484375
1 0.0609375 0.0171875 0.0234375 0.0265625
1 0.0484375 0.0546875 0.025 0.028125
1 0.01328125 0.12734375 0.0265625 0.0390625
1 0.00625 0.2703125 0.0125 0.040625
1 0.1828125 0.01328125 0.034375 0.0265625
1 0.2296875 0.0140625 0.05 0.028125
1 0.1203125 0.021875 0.034375 0.01875
1 0.1375 0.0296875 0.01875 0.0265625
1 0.15625 0.0734375 0.0453125 0.0453125
1 0.090625 0.1359375 0.03125 0.0703125
1 0.14375 0.11875 0.059375 0.0828125
1 0.075 0.0734375 0.0484375 0.034375
1 0.0890625 0.103125 0.0890625 0.1125
1 0.115625 0.065625 0.0296875 0.0140625
1 0.0953125 0.228125 0.0328125 0.0546875
1 0.1265625 0.25625 0.05 0.0484375
1 0.0453125 0.2984375 0.04375 0.0359375
1 0.0875 0.3390625 0.059375 0.053125
1 0.0578125 0.3421875 0.0171875 0.0390625
1 0.059375 0.3859375 0.0265625 0.0171875
1 0.028125 0.40625 0.0390625 0.040625
1 0.2609375 0.34375 0.0265625 0.03125
0 0.24375 0.39375 0.084375 0.084375
0 0.2953125 0.4296875 0.025 0.0125
1 0.1765625 0.203125 0.015625 0.021875
1 0.2125 0.296875 0.0859375 0.059375
1 0.2828125 0.2203125 0.0515625 0.0390625
0 0.2734375 0.2640625 0.20625 0.1234375
1 0.25859375 0.0125 0.0484375 0.025
1 0.34375 0.0546875 0.0078125 0.0171875
1 0.365625 0.06875 0.0234375 0.0234375
0 0.278125 0.0609375 0.096875 0.0453125
1 0.37421875 0.009375 0.0453125 0.01875
1 0.43203125 0.0109375 0.0328125 0.021875
1 0.4359375 0.03125 0.0171875 0.0375
1 0.40625 0.0359375 0.0421875 0.046875
1 0.403125 0.071875 0.046875 0.034375
1 0.4359375 0.0890625 0.059375 0.078125
1 0.4703125 0.1234375 0.015625 0.0203125
1 0.465625 0.09453125 0.028125 0.0796875
1 0.44296875 0.18984375 0.0734375 0.1265625
1 0.4 0.203125 0.0921875 0.0796875
1 0.4265625 0.259375 0.0359375 0.0453125
1 0.4546875 0.2515625 0.0171875 0.03125
1 0.4375 0.2953125 0.015625 0.0125
1 0.47109375 0.2859375 0.0171875 0.03125
1 0.3828125 0.3703125 0.0171875 0.0234375
1 0.4046875 0.396875 0.0453125 0.025
1 0.4125 0.4203125 0.0578125 0.0328125
0 0.3015625 0.1546875 0.0875 0.1046875
0 0.259375 0.1203125 0.090625 0.1359375
1 0.5390625 0.06875 0.0234375 0.015625
1 0.6234375 0.0703125 0.0171875 0.0125
1 0.6109375 0.1328125 0.04375 0.0234375
1 0.6453125 0.2578125 0.0421875 0.0421875
1 0.8109375 0.0796875 0.025 0.0171875
1 0.7125 0.1015625 0.00625 0.015625
1 0.73125 0.1 0.0265625 0.0265625
1 0.725 0.1859375 0.0375 0.0421875
1 0.78125 0.196875 0.015625 0.0140625
1 0.8234375 0.1375 0.03125 0.0328125
1 0.6734375 0.2125 0.0234375 0.021875
1 0.675 0.2265625 0.021875 0.015625
1 0.728125 0.228125 0.0359375 0.0234375
1 0.7125 0.284375 0.0546875 0.0421875
0 0.9234375 0.05625 0.1375 0.1125
1 0.953125 0.009375 0.0171875 0.0109375
1 0.9 0.0578125 0.0328125 0.0171875
1 0.928125 0.0859375 0.021875 0.0203125
1 0.965625 0.115625 0.025 0.025
1 0.9078125 0.10625 0.0328125 0.025
1 0.9578125 0.1328125 0.01875 0.015625
1 0.8984375 0.1296875 0.0203125 0.021875
1 0.871875 0.13125 0.028125 0.0234375
0 0.925 0.178125 0.1140625 0.1265625
1 0.834375 0.2515625 0.065625 0.0734375
0 0.9078125 0.2703125 0.1015625 0.0703125
1 0.996875 0.24140625 0.00625 0.0234375
1 0.0375 0.996875 0.0125 0.00625
1 0.2640625 0.96875 0.0375 0.025
1 0.221875 0.9671875 0.0140625 0.0125
1 0.2375 0.9578125 0.0109375 0.0171875
1 0.4328125 0.934375 0.01875 0.0234375
1 0.2125 0.9234375 0.01875 0.015625
1 0.21875 0.8984375 0.0359375 0.0203125
1 0.4484375 0.878125 0.0125 0.021875
1 0.4 0.8625 0.01875 0.0140625
1 0.0296875 0.859375 0.0203125 0.0203125
1 0.371875 0.8484375 0.01875 0.0140625
1 0.2125 0.85 0.021875 0.015625
1 0.4546875 0.8234375 0.0109375 0.0203125
1 0.1796875 0.7953125 0.0234375 0.0171875
1 0.4203125 0.7921875 0.028125 0.015625
1 0.2453125 0.79375 0.0375 0.01875
1 0.046875 0.75 0.0140625 0.0125
1 0.190625 0.8875 0.025 0.0171875
1 0.2984375 0.7734375 0.025 0.021875
1 0.3109375 0.7921875 0.0171875 0.021875
1 0.4265625 0.9921875 0.01875 0.015625
1 0.471875 0.9859375 0.015625 0.021875
1 0.47578125 0.95703125 0.0078125 0.0234375
1 0.4734375 0.9515625 0.0125 0.021875
1 0.46875 0.9390625 0.0171875 0.0234375
1 0.3703125 0.9578125 0.015625 0.01875
1 0.409375 0.9609375 0.0140625 0.009375
1 0.38125 0.7890625 0.021875 0.0140625
1 0.43125 0.85 0.025 0.0140625
1 0.45625 0.7875 0.01875 0.0171875
1 0.4640625 0.7609375 0.0234375 0.01875
1 0.4859375 0.9390625 0.0125 0.028125
1 0.48671875 0.91484375 0.0140625 0.0328125
1 0.4890625 0.8765625 0.015625 0.021875
1 0.4890625 0.8921875 0.0140625 0.0125
1 0.5859375 0.9078125 0.0171875 0.0109375
1 0.596875 0.9421875 0.028125 0.0203125
1 0.628125 0.9390625 0.015625 0.015625
1 0.6203125 0.9796875 0.0109375 0.0171875
1 0.5578125 0.8625 0.0125 0.0140625
1 0.609375 0.871875 0.021875 0.0203125
1 0.6703125 0.878125 0.0046875 0.0078125
1 0.5703125 0.7046875 0.021875 0.009375
1 0.7359375 0.853125 0.0234375 0.0203125
1 0.790625 0.8859375 0.0125 0.0234375
1 0.796875 0.884375 0.0265625 0.0171875
1 0.778125 0.8875 0.0140625 0.0109375
1 0.7671875 0.8859375 0.0234375 0.01875
1 0.75 0.9125 0.0203125 0.01875
1 0.7375 0.8984375 0.0234375 0.021875
1 0.759375 0.8796875 0.025 0.01875
1 0.75625 0.7296875 0.0234375 0.025
1 0.8828125 0.78125 0.0390625 0.0421875
1 0.878125 0.725 0.0859375 0.05
0 0.8046875 0.734375 0.1265625 0.0671875
0 0.8171875 0.7828125 0.165625 0.115625
1 0.8734375 0.93125 0.028125 0.034375
0 0.821875 0.9515625 0.06875 0.096875
1 0.996875 0.87109375 0.00625 0.0234375
1 0.9390625 0.8890625 0.0234375 0.0296875
1 0.9578125 0.7421875 0.015625 0.01875