1 0.22421875 0.0046875 0.0484375 0.009375
1 0.2859375 0.078125 0.0234375 0.028125
1 0.209375 0.1 0.028125 0.0359375
1 0.1734375 0.1 0.028125 0.04375
1 0.01796875 0.07421875 0.0359375 0.0484375
0 0.271875 0.2890625 0.0953125 0.1171875
0 0.05390625 0.3078125 0.1078125 0.134375
1 0.1421875 0.36875 0.0359375 0.0390625
1 0.1015625 0.303125 0.04375 0.0359375
1 0.5859375 0.35 0.0171875 0.01875
0 0.6015625 0.3953125 0.046875 0.028125
1 0.6421875 0.09375 0.015625 0.0203125
1 0.784375 0.0625 0.0125 0.009375
1 0.8515625 0.328125 0.0234375 0.0234375
1 0.8765625 0.1953125 0.03125 0.0296875
1 0.9078125 0.00390625 0.015625 0.0078125
0 0.74296875 0.3953125 0.1140625 0.028125
1 0.7359375 0.24375 0.0296875 0.021875
1 0.14375 0.734375 0.015625 0.0140625
0 0.1765625 0.97109375 0.08125 0.0578125
1 0.2375 0.4265625 0.01875 0.0140625
1 0.309375 0.7609375 0.00625 0.028125
1 0.346875 0.9125 0.021875 0.0234375
1 0.3875 0.81640625 0.003125 0.0078125
0 0.334375 0.50390625 0.109375 0.1109375
1 0.325 0.4546875 0.05625 0.0625
0 0.2421875 0.465625 0.0546875 0.05625
0 0.1734375 0.49375 0.0703125 0.11875
1 0.221875 0.7921875 0.0265625 0.0234375
1 0.253125 0.796875 0.021875 0.0296875
0 0.7890625 0.43203125 0.153125 0.0453125
0 0.63828125 0.440625 0.1078125 0.0625
1 0.62578125 0.45390625 0.0734375 0.0890625
0 0.56484375 0.44453125 0.0421875 0.0703125
1 0.821875 0.6390625 0.0515625 0.0859375
1 0.9015625 0.546875 0.059375 0.0390625
1 0.80625 0.528125 0.028125 0.0375
1 0.7625 0.4828125 0.0390625 0.0421875
1 0.684375 0.615625 0.0359375 0.03125
1 0.6828125 0.571875 0.0234375 0.0421875
1 0.65 0.6640625 0.071875 0.05
1 0.6703125 0.7234375 0.0421875 0.05
1 0.9515625 0.596875 0.0390625 0.0515625
1 0.97734375 0.71015625 0.0453125 0.0296875
1 0.9203125 0.71875 0.0453125 0.046875
1 0.99296875 0.90078125 0.0140625 0.0703125
0 0.91328125 0.9328125 0.0828125 0.134375
0 0.834375 0.9296875 0.1140625 0.0546875
0 0.7140625 0.91875 0.0921875 0.1328125
0 0.57578125 0.91875 0.0578125 0.1625
1 0.8546875 0.821875 0.040625 0.04375
1 0.9796875 0.765625 0.0359375 0.021875
1 0.734375 0.628125 0.025 0.0328125