1 0.00703125 0.140625 0.0140625 0.04375
0 0.1125 0.234375 0.11875 0.1625
1 0.040625 0.2796875 0.0609375 0.0453125
1 0.24375 0.2046875 0.01875 0.021875
1 0.1484375 0.384375 0.0328125 0.03125
1 0.0921875 0.3578125 0.0359375 0.0328125
1 0.1546875 0.296875 0.0375 0.028125
0 0.06796875 0.471875 0.1359375 0.125
1 0.234375 0.45 0.028125 0.0390625
0 0.98828125 0.27421875 0.0234375 0.0921875
1 0.946875 0.1828125 0.03125 0.034375
1 0.8640625 0.146875 0.028125 0.028125
1 0.6171875 0.1421875 0.040625 0.04375
1 0.6953125 0.1109375 0.01875 0.015625
0 0.54921875 0.121875 0.0609375 0.2125
1 0.721875 0.2359375 0.0234375 0.015625
1 0.690625 0.2203125 0.0203125 0.021875
1 0.928125 0.09375 0.021875 0.034375
1 0.990625 0.0859375 0.01875 0.0125
1 0.9890625 0.0984375 0.021875 0.021875
1 0.7984375 0.228125 0.0265625 0.0203125
1 0.75625 0.2078125 0.0234375 0.025
1 0.6859375 0.2859375 0.0296875 0.0203125
1 0.70625 0.275 0.0265625 0.0265625
1 0.7375 0.2828125 0.040625 0.0375
1 0.746875 0.3015625 0.025 0.021875
1 0.7609375 0.1546875 0.0328125 0.01875
1 0.75625 0.115625 0.0265625 0.0296875
1 0.740625 0.0765625 0.015625 0.0125
1 0.640625 0.0359375 0.021875 0.015625
1 0.740625 0.028125 0.0609375 0.040625
1 0.6875 0.0609375 0.0375 0.0234375
1 0.5265625 0.26953125 0.015625 0.0234375
1 0.5234375 0.25546875 0.009375 0.0265625
1 0.903125 0.1703125 0.00625 0.01875
1 0.946875 0.321875 0.0203125 0.028125
1 0.925 0.31875 0.0203125 0.025
1 0.9359375 0.2546875 0.0203125 0.0328125
1 0.934375 0.271875 0.03125 0.0140625
1 0.8859375 0.2703125 0.0265625 0.0234375
0 0.2359375 0.57578125 0.134375 0.0328125
1 0.225 0.63125 0.0328125 0.0296875
1 0.1703125 0.70625 0.0375 0.0375
1 0.234375 0.6703125 0.0171875 0.0203125
1 0.2328125 0.690625 0.0171875 0.0234375
0 0.2265625 0.78125 0.1828125 0.1453125
0 0.225 0.853125 0.109375 0.0984375
1 0.303125 0.778125 0.0296875 0.0296875
1 0.3125 0.796875 0.0171875 0.0234375
1 0.290625 0.8015625 0.0203125 0.01875
1 0.346875 0.76875 0.0234375 0.0171875
1 0.1671875 0.6703125 0.0234375 0.025
1 0.3796875 0.6421875 0.04375 0.0234375
1 0.43125 0.828125 0.0140625 0.0234375
1 0.484375 0.5921875 0.0234375 0.015625
1 0.46875 0.65625 0.021875 0.021875
1 0.5265625 0.91015625 0.015625 0.0265625
1 0.5640625 0.9546875 0.015625 0.0125
1 0.5296875 0.82109375 0.021875 0.0546875
1 0.825 0.975 0.0109375 0.021875
1 0.709375 0.8265625 0.0453125 0.0203125
1 0.6578125 0.9296875 0.0234375 0.0125
1 0.6828125 0.9265625 0.009375 0.00625
0 0.659375 0.93984375 0.24375 0.1203125
0 0.6296875 0.8609375 0.134375 0.2390625