1 0.49375 0.084375 0.021875 0.03125
1 0.1296875 0.1109375 0.0078125 0.0109375
1 0.5265625 0.1328125 0.0234375 0.0375
1 0.115625 0.1640625 0.0109375 0.015625
1 0.078125 0.1609375 0.028125 0.0265625
1 0.475 0.1734375 0.0171875 0.0140625
1 0.5234375 0.2171875 0.015625 0.0109375
1 0.49375 0.2359375 0.0078125 0.0078125
1 0.4640625 0.2296875 0.01875 0.0359375
1 0.43125 0.259375 0.0453125 0.0453125
0 0.2265625 0.39375 0.1015625 0.059375
0 0.21875 0.2765625 0.15 0.20625
0 0.24375 0.1359375 0.1734375 0.1515625
0 0.2640625 0.0609375 0.075 0.090625
1 0.16484375 0.021875 0.0203125 0.04375
1 0.0953125 0.078125 0.0328125 0.05
1 0.1265625 0.1921875 0.0171875 0.0171875
1 0.3765625 0.0109375 0.1 0.021875
1 0.3828125 0.36875 0.0328125 0.028125
1 0.3953125 0.325 0.0734375 0.0609375
1 0.446875 0.284375 0.0453125 0.028125
1 0.4953125 0.3015625 0.0671875 0.0515625
1 0.33125 0.1328125 0.0265625 0.0203125
1 0.6234375 0.0046875 0.021875 0.009375
1 0.8765625 0.0546875 0.0453125 0.0328125
1 0.703125 0.090625 0.009375 0.0109375
1 0.89375 0.1078125 0.0203125 0.015625
1 0.96875 0.128125 0.0109375 0.0140625
1 0.746875 0.13125 0.0109375 0.01875
1 0.721875 0.134375 0.0171875 0.015625
1 0.78125 0.1359375 0.015625 0.025
1 0.8640625 0.1703125 0.0140625 0.0140625
1 0.8109375 0.1984375 0.01875 0.0140625
1 0.6015625 0.359375 0.009375 0.0125
1 0.9875 0.3875 0.01875 0.0265625
1 0.8421875 0.4 0.009375 0.015625
1 0.9765625 0.1265625 0.015625 0.0203125
1 0.6828125 0.1171875 0.034375 0.0375
1 0.6546875 0.1234375 0.0296875 0.03125
1 0.6859375 0.05625 0.040625 0.04375
1 0.7484375 0.075 0.0171875 0.034375
0 0.765625 0.03515625 0.128125 0.0703125
1 0.6328125 0.015625 0.0171875 0.0140625
1 0.7859375 0.0546875 0.015625 0.0140625
1 0.796875 0.0671875 0.0203125 0.0171875
1 0.7828125 0.0859375 0.028125 0.015625
0 0.74375 0.2765625 0.1265625 0.1140625
1 0.815625 0.253125 0.0453125 0.03125
1 0.79375 0.3015625 0.028125 0.0265625
1 0.8078125 0.290625 0.01875 0.0140625
0 0.753125 0.35625 0.15 0.1125
1 0.6890625 0.375 0.0171875 0.015625
1 0.57109375 0.00703125 0.0234375 0.0140625
1 0.5703125 0.0234375 0.01875 0.015625
1 0.5625 0.01484375 0.00625 0.0203125
1 0.5953125 0.2671875 0.0140625 0.0234375
1 0.5890625 0.246875 0.03125 0.01875
1 0.56328125 0.37734375 0.0078125 0.0171875
1 0.5546875 0.92578125 0.009375 0.0203125
1 0.54765625 0.8421875 0.0234375 0.034375
1 0.528125 0.6390625 0.0296875 0.0203125
1 0.503125 0.6796875 0.04375 0.046875
1 0.453125 0.7 0.0203125 0.0234375
1 0.5046875 0.8296875 0.04375 0.0609375
1 0.51875 0.878125 0.0203125 0.015625
1 0.453125 0.7734375 0.0375 0.025
1 0.45 0.753125 0.025 0.025
1 0.453125 0.728125 0.0296875 0.0296875
1 0.440625 0.7125 0.0140625 0.0234375
1 0.4171875 0.78125 0.0359375 0.0515625
1 0.4 0.7640625 0.015625 0.0234375
1 0.346875 0.653125 0.0421875 0.0328125
1 0.3109375 0.6796875 0.0265625 0.01875
1 0.425 0.9 0.0234375 0.01875
1 0.3859375 0.9359375 0.015625 0.03125
1 0.46875 0.940625 0.0296875 0.0359375
1 0.496875 0.9296875 0.0203125 0.0203125
1 0.4671875 0.99453125 0.028125 0.0109375
1 0.4453125 0.9859375 0.015625 0.028125
0 0.190625 0.9671875 0.171875 0.065625
1 0.046875 0.96875 0.028125 0.025
1 0.25 0.8953125 0.0328125 0.0359375
0 0.1890625 0.8546875 0.1375 0.1578125
1 0.290625 0.7828125 0.0390625 0.0265625
1 0.346875 0.8 0.0171875 0.021875
1 0.1515625 0.821875 0.04375 0.05625
1 0.1703125 0.790625 0.0234375 0.025
1 0.1578125 0.6796875 0.03125 0.01875
1 0.19375 0.6625 0.0296875 0.028125
1 0.2453125 0.6796875 0.0390625 0.0375
1 0.253125 0.7140625 0.0390625 0.034375
1 0.2484375 0.640625 0.04375 0.0265625
1 0.0765625 0.6484375 0.046875 0.0421875
1 0.0828125 0.7 0.046875 0.0234375
1 0.065625 0.7265625 0.0171875 0.0140625
1 0.0890625 0.73125 0.028125 0.0234375
1 0.034375 0.6859375 0.0296875 0.0140625
0 0.203125 0.728125 0.1609375 0.1484375
1 0.034375 0.8640625 0.028125 0.0203125
1 0.0265625 0.8765625 0.0234375 0.0171875
1 0.0109375 0.8515625 0.021875 0.04375
1 0.0484375 0.8921875 0.015625 0.009375
1 0.0515625 0.9125 0.009375 0.0109375
1 0.0140625 0.9171875 0.015625 0.015625
0 0.58125 0.6921875 0.04375 0.096875
1 0.5671875 0.603125 0.015625 0.04375
0 0.596875 0.534375 0.075 0.075
1 0.99375 0.47265625 0.0125 0.0453125
1 0.853125 0.58125 0.0265625 0.028125
1 0.8671875 0.5953125 0.0328125 0.028125
1 0.8453125 0.634375 0.0140625 0.03125
1 0.834375 0.66875 0.03125 0.0265625
1 0.8234375 0.6125 0.01875 0.021875
1 0.7703125 0.66875 0.0328125 0.025
1 0.759375 0.6328125 0.01875 0.0234375
1 0.69375 0.7890625 0.0328125 0.04375
1 0.84375 0.790625 0.0328125 0.0265625
1 0.7625 0.54375 0.0296875 0.025
1 0.7515625 0.5875 0.0234375 0.0171875