1 0.35625 0.3296875 0.071875 0.01875
1 0.39140625 0.30859375 0.0734375 0.0609375
1 0.3078125 0.271875 0.040625 0.025
0 0.32109375 0.0484375 0.0484375 0.096875
0 0.43203125 0.06171875 0.0609375 0.1234375
1 0.41875 0.1140625 0.0640625 0.05625
0 0.18125 0.0484375 0.1359375 0.0515625
0 0.046875 0.0671875 0.0796875 0.0421875
1 0.0578125 0.0890625 0.04375 0.0609375
1 0.0296875 0.2796875 0.046875 0.025
1 0.075 0.24375 0.0265625 0.0203125
1 0.1984375 0.2640625 0.025 0.0265625
0 0.9375 0.28515625 0.11875 0.1078125
0 0.8515625 0.30859375 0.203125 0.0609375
0 0.77578125 0.28828125 0.0515625 0.1015625
1 0.76484375 0.1203125 0.0296875 0.034375
1 0.815625 0.2140625 0.0296875 0.0265625
1 0.8125 0.125 0.0234375 0.0265625
1 0.7796875 0.0953125 0.0296875 0.0234375
1 0.75546875 0.0328125 0.0109375 0.034375
1 0.834375 0.1171875 0.015625 0.015625
1 0.96875 0.253125 0.03125 0.0375
1 0.95625 0.20625 0.0203125 0.0296875
1 0.9328125 0.18125 0.0265625 0.01875
1 0.98984375 0.11171875 0.0203125 0.0265625
1 0.884375 0.1125 0.034375 0.025
1 0.8609375 0.1125 0.0234375 0.034375
1 0.809375 0.096875 0.015625 0.0171875
1 0.7765625 0.0640625 0.0125 0.0296875
1 0.88828125 0.02578125 0.0609375 0.0515625
1 0.840625 0.0203125 0.03125 0.0234375
1 0.8828125 0.1921875 0.0203125 0.015625
1 0.9046875 0.2109375 0.015625 0.021875
1 0.290625 0.959375 0.0125 0.015625
1 0.6328125 0.9859375 0.040625 0.028125
1 0.6671875 0.96875 0.0234375 0.0203125
1 0.6234375 0.9296875 0.0234375 0.025
1 0.265625 0.90625 0.0234375 0.0140625
1 0.221875 0.925 0.046875 0.0359375
1 0.203125 0.8765625 0.0078125 0.01875
1 0.6578125 0.8390625 0.0578125 0.03125
1 0.678125 0.7765625 0.0171875 0.0328125
1 0.55625 0.83125 0.0203125 0.01875
0 0.5734375 0.8203125 0.05625 0.0703125
0 0.5953125 0.7765625 0.1328125 0.0671875
1 0.4875 0.85 0.0453125 0.034375
0 0.4640625 0.778125 0.0875 0.0953125
1 0.4453125 0.728125 0.046875 0.04375
1 0.4046875 0.76875 0.0515625 0.0609375
0 0.3453125 0.7640625 0.115625 0.1015625
1 0.309375 0.83125 0.0125 0.0375
0 0.225 0.790625 0.1 0.11875
1 0.68125 0.7453125 0.0109375 0.0203125
1 0.5640625 0.6828125 0.015625 0.0171875
1 0.65625 0.665625 0.053125 0.034375
1 0.6625 0.646875 0.009375 0.01875
1 0.4921875 0.6453125 0.021875 0.0109375
1 0.484375 0.625 0.034375 0.0171875
1 0.284375 0.625 0.0265625 0.0171875
1 0.18125 0.640625 0.0421875 0.0703125
1 0.18125 0.6609375 0.0234375 0.0328125
1 0.6234375 0.5796875 0.0171875 0.015625
1 0.6734375 0.5046875 0.025 0.0265625
1 0.3921875 0.5421875 0.0125 0.01875
1 0.4078125 0.5296875 0.0234375 0.0390625
1 0.3859375 0.525 0.021875 0.015625
1 0.384375 0.5015625 0.0515625 0.03125
1 0.3828125 0.4625 0.0328125 0.0359375
1 0.3171875 0.4953125 0.0515625 0.0234375
1 0.359375 0.4265625 0.03125 0.0421875
1 0.21875 0.415625 0.021875 0.0265625
1 0.2078125 0.3765625 0.046875 0.0265625
1 0.178125 0.3609375 0.0171875 0.021875
1 0.190625 0.440625 0.0296875 0.0296875
1 0.1890625 0.4125 0.0265625 0.0390625
1 0.178125 0.403125 0.01875 0.0234375
0 0.40546875 0.35078125 0.0515625 0.0234375
1 0.4125 0.409375 0.0453125 0.0390625
0 0.45859375 0.34609375 0.0609375 0.0140625
0 0.56015625 0.36015625 0.1140625 0.0421875
0 0.63984375 0.353125 0.0640625 0.028125
1 0.6171875 0.3984375 0.034375 0.0328125
1 0.653125 0.4421875 0.015625 0.015625
1 0.6640625 0.4125 0.0125 0.0171875
1 0.503125 0.9390625 0.0140625 0.0140625
1 0.8609375 0.890625 0.0328125 0.0484375
1 0.7828125 0.8515625 0.0296875 0.05
1 0.85625 0.7671875 0.040625 0.028125
1 0.8125 0.7609375 0.0359375 0.0578125
1 0.9390625 0.75625 0.015625 0.0359375
0 0.78984375 0.578125 0.0796875 0.1125
0 0.8796875 0.5625 0.1328125 0.109375
1 0.9171875 0.55 0.015625 0.0140625
1 0.9390625 0.5609375 0.0171875 0.025
1 0.9328125 0.5359375 0.015625 0.0234375
1 0.9265625 0.4171875 0.0390625 0.0703125
1 0.9046875 0.365625 0.0234375 0.025
1 0.821875 0.3734375 0.0140625 0.0234375
1 0.8234375 0.35625 0.01875 0.028125
1 0.7578125 0.3546875 0.0109375 0.0203125