1 0.2625 0.109375 0.0125 0.0359375
1 0.29375 0.1328125 0.00625 0.009375
1 0.1375 0.1453125 0.025 0.025
1 0.2609375 0.1984375 0.025 0.0203125
1 0.296875 0.2078125 0.0203125 0.028125
1 0.1234375 0.21875 0.046875 0.0375
1 0.1640625 0.346875 0.03125 0.03125
1 0.2484375 0.41875 0.015625 0.0203125
1 0.23125 0.359375 0.01875 0.021875
1 0.25625 0.5140625 0.01875 0.0171875
1 0.28125 0.5375 0.0359375 0.0296875
1 0.228125 0.575 0.0203125 0.0140625
1 0.1625 0.5234375 0.0234375 0.040625
1 0.14375 0.540625 0.0125 0.0359375
1 0.2859375 0.3453125 0.03125 0.0375
1 0.2359375 0.1703125 0.0328125 0.028125
1 0.265625 0.2625 0.0359375 0.021875
1 0.2265625 0.2625 0.0453125 0.0296875
1 0.21875 0.215625 0.078125 0.071875
1 0.303125 0.2984375 0.04375 0.0234375
0 0.08203125 0.52578125 0.1640625 0.1390625
0 0.08125 0.45859375 0.1625 0.1109375
0 0.0640625 0.334375 0.128125 0.178125
1 0.01640625 0.24921875 0.0328125 0.0296875
0 0.0703125 0.1296875 0.096875 0.1171875
0 0.0171875 0.11953125 0.034375 0.1015625
0 0.05 0.1625 0.046875 0.05
0 0.053125 0.0796875 0.075 0.0203125
1 0.1296875 0.09375 0.0546875 0.046875
1 0.1765625 0.0890625 0.040625 0.034375
1 0.7296875 0.071875 0.009375 0.0125
1 0.4640625 0.1390625 0.0234375 0.0234375
1 0.596875 0.1640625 0.0296875 0.03125
1 0.790625 0.1953125 0.0140625 0.015625
1 0.8 0.2140625 0.015625 0.0109375
1 0.8046875 0.30625 0.0109375 0.015625
1 0.5515625 0.3078125 0.015625 0.0140625
0 0.37578125 0.33125 0.0515625 0.121875
0 0.36484375 0.140625 0.0296875 0.115625
0 0.3796875 0.04375 0.059375 0.0875
1 0.5484375 0.0234375 0.021875 0.0296875
1 0.9390625 0.25 0.021875 0.0234375
0 0.884375 0.04296875 0.121875 0.0859375
0 0.8625 0.215625 0.1125 0.1625
1 0.9125 0.1390625 0.1 0.065625
0 0.915625 0.096875 0.15 0.078125
1 0.915625 0.3390625 0.10625 0.10625
0 0.8734375 0.29375 0.1390625 0.05
0 0.21484375 0.65078125 0.0984375 0.0640625
1 0.34453125 0.953125 0.0109375 0.0375
1 0.3046875 0.7046875 0.034375 0.03125
1 0.1640625 0.6796875 0.0375 0.04375
1 0.109375 0.8234375 0.0359375 0.021875
1 0.11875 0.8625 0.0234375 0.0296875
1 0.0671875 0.9203125 0.0375 0.034375
1 0.0265625 0.7875 0.0328125 0.0328125
1 0.0109375 0.91796875 0.021875 0.0421875
1 0.00703125 0.94609375 0.0140625 0.0265625
1 0.1375 0.99296875 0.03125 0.0140625
0 0.203125 0.7609375 0.221875 0.128125
0 0.2265625 0.89765625 0.171875 0.2046875
1 0.0765625 0.728125 0.0109375 0.0171875
1 0.071875 0.796875 0.0140625 0.009375
1 0.00703125 0.7796875 0.0140625 0.05
1 0.978125 0.75 0.0109375 0.0171875
1 0.896875 0.865625 0.021875 0.0390625
1 0.5640625 0.9171875 0.015625 0.009375
1 0.5484375 0.940625 0.009375 0.009375
1 0.7234375 0.9421875 0.03125 0.0296875
1 0.8 0.953125 0.0109375 0.0078125
1 0.86171875 0.996875 0.0078125 0.00625
1 0.528125 0.8515625 0.0203125 0.0234375
1 0.5328125 0.8328125 0.0203125 0.0125
1 0.6859375 0.7390625 0.0546875 0.0203125
0 0.5765625 0.8546875 0.3453125 0.28125
0 0.55625 0.95078125 0.4125 0.0984375