0 0.0640625 0.5078125 0.0765625 0.04375
1 0.2671875 0.01328125 0.0625 0.0265625
1 0.215625 0.078125 0.040625 0.0375
1 0.8484375 0.2265625 0.0234375 0.0234375
1 0.84375 0.278125 0.03125 0.0421875
1 0.9125 0.2640625 0.0359375 0.040625
0 0.684375 0.2921875 0.2109375 0.2140625
1 0.6609375 0.2265625 0.0609375 0.0390625
1 0.61875 0.0921875 0.0453125 0.04375
0 0.95703125 0.29765625 0.0859375 0.2921875
1 0.9421875 0.3953125 0.0171875 0.028125
1 0.846875 0.4171875 0.040625 0.034375
1 0.846875 0.60703125 0.04375 0.0234375
1 0.88125 0.5140625 0.0328125 0.021875
1 0.665625 0.5296875 0.0734375 0.0796875
1 0.725 0.565625 0.0484375 0.0265625
1 0.7015625 0.321875 0.0203125 0.025
1 0.909375 0.35 0.0265625 0.021875
1 0.9734375 0.025 0.0125 0.0140625
0 0.578125 0.309375 0.053125 0.065625
1 0.809375 0.4328125 0.021875 0.046875
1 0.8609375 0.571875 0.028125 0.021875
1 0.815625 0.359375 0.0265625 0.0390625
1 0.628125 0.01875 0.0328125 0.0234375
1 0.8328125 0.0609375 0.06875 0.04375
1 0.859375 0.040625 0.03125 0.03125
1 0.9203125 0.0421875 0.046875 0.046875
1 0.9390625 0.059375 0.028125 0.0359375
1 0.0171875 0.73984375 0.034375 0.0484375
1 0.20625 0.84375 0.01875 0.0296875
0 0.23125 0.94296875 0.215625 0.1140625
1 0.0640625 0.878125 0.03125 0.0265625
1 0.4109375 0.9265625 0.025 0.0203125
1 0.446875 0.628125 0.03125 0.01875
1 0.503125 0.97890625 0.053125 0.0421875
1 0.6234375 0.965625 0.0125 0.034375
1 0.67734375 0.625 0.0296875 0.0125
1 0.6984375 0.821875 0.03125 0.0171875
1 0.7265625 0.7765625 0.0171875 0.0109375
1 0.74375 0.871875 0.04375 0.0625
1 0.40625 0.771875 0.0515625 0.0546875
1 0.43125 0.73125 0.01875 0.0234375
1 0.4609375 0.75625 0.0171875 0.034375