1 0.5296875 0.0078125 0.0125 0.015625
1 0.5125 0.328125 0.0125 0.015625
1 0.4359375 0.3671875 0.0125 0.0078125
1 0.29375 0.1359375 0.009375 0.00625
1 0.2421875 0.0859375 0.0109375 0.0078125
1 0.2375 0.0734375 0.0140625 0.009375
1 0.221875 0.421875 0.0171875 0.0203125
0 0.2890625 0.396875 0.284375 0.084375
1 0.0984375 0.178125 0.0078125 0.009375
1 0.3984375 0.3796875 0.015625 0.01875
1 0.409375 0.3921875 0.015625 0.021875
1 0.21875 0.359375 0.0203125 0.015625
1 0.2828125 0.00390625 0.015625 0.0078125
1 0.4296875 0.1953125 0.0140625 0.0171875
1 0.4453125 0.184375 0.0234375 0.0109375
1 0.9828125 0.165625 0.0328125 0.015625
1 0.8375 0.2765625 0.009375 0.01875
0 0.896875 0.2328125 0.20625 0.175
1 0.796875 0.1046875 0.0078125 0.009375
1 0.7765625 0.2609375 0.0140625 0.0265625
1 0.7203125 0.3 0.0140625 0.0171875
1 0.6859375 0.2921875 0.01875 0.0234375
1 0.6875 0.05625 0.0234375 0.0328125
0 0.75 0.296875 0.1546875 0.259375
1 0.721875 0.3375 0.01875 0.0328125
1 0.0234375 0.9828125 0.0125 0.0171875
1 0.034375 0.9875 0.0171875 0.0140625
1 0.234375 0.8609375 0.046875 0.0546875
1 0.18125 0.85625 0.021875 0.0484375
1 0.278125 0.8375 0.09375 0.10625
0 0.18671875 0.93828125 0.0859375 0.1234375
0 0.27578125 0.946875 0.1328125 0.10625
1 0.1328125 0.984375 0.015625 0.021875
1 0.15 0.9625 0.015625 0.021875
1 0.09375 0.940625 0.01875 0.0109375
1 0.109375 0.8359375 0.06875 0.059375
1 0.0421875 0.84375 0.0296875 0.0375
1 0.0640625 0.890625 0.046875 0.0234375
1 0.0625 0.9296875 0.046875 0.0640625
0 0.1140625 0.9328125 0.0640625 0.096875
1 0.1484375 0.828125 0.0203125 0.028125
1 0.1484375 0.8484375 0.0109375 0.0140625
1 0.1625 0.840625 0.0171875 0.015625
1 0.1609375 0.8671875 0.015625 0.0234375
1 0.2234375 0.896875 0.0140625 0.015625
1 0.203125 0.74375 0.0375 0.0328125
1 0.1859375 0.7890625 0.0234375 0.0125
1 0.2171875 0.796875 0.0203125 0.015625
1 0.2296875 0.7765625 0.0171875 0.0296875
1 0.225 0.784375 0.034375 0.015625
1 0.225 0.809375 0.0203125 0.015625
1 0.2375 0.7953125 0.0109375 0.0109375
1 0.1375 0.796875 0.009375 0.0203125
1 0.1578125 0.7703125 0.028125 0.028125
1 0.0859375 0.778125 0.0640625 0.046875
1 0.01640625 0.81328125 0.0328125 0.0484375
1 0.02421875 0.7765625 0.0484375 0.046875
1 0.0140625 0.85859375 0.028125 0.0359375
1 0.04375 0.74375 0.0171875 0.0140625
1 0.0578125 0.7421875 0.0078125 0.01875
1 0.003125 0.73515625 0.00625 0.0296875
0 0.01796875 0.9125 0.0359375 0.084375
1 0.0359375 0.90625 0.021875 0.0140625
1 0.01484375 0.675 0.0296875 0.059375
1 0.3046875 0.759375 0.075 0.121875
1 0.2796875 0.6765625 0.034375 0.0328125
1 0.2953125 0.690625 0.01875 0.009375
1 0.31875 0.6984375 0.0125 0.0078125
1 0.30625 0.609375 0.021875 0.03125
1 0.2671875 0.6203125 0.0515625 0.0625
1 0.2421875 0.678125 0.0734375 0.065625
1 0.246875 0.7296875 0.009375 0.0140625
1 0.20625 0.7109375 0.009375 0.015625
1 0.1953125 0.6765625 0.0453125 0.0328125
1 0.228125 0.615625 0.05625 0.0921875
1 0.2046875 0.6234375 0.0203125 0.01875
1 0.2140625 0.5734375 0.01875 0.021875
1 0.05 0.7296875 0.0125 0.0109375
1 0.0421875 0.675 0.0265625 0.0421875
1 0.075 0.6640625 0.065625 0.03125
1 0.1078125 0.7046875 0.05 0.028125
1 0.0765625 0.7328125 0.015625 0.015625
1 0.0953125 0.7171875 0.021875 0.03125
1 0.0796875 0.7203125 0.0140625 0.0140625
1 0.0765625 0.6984375 0.009375 0.0234375
1 0.240625 0.528125 0.03125 0.0203125
1 0.140625 0.5578125 0.03125 0.0265625
1 0.0921875 0.5125 0.04375 0.0625
1 0.0609375 0.4953125 0.021875 0.0140625
1 0.1734375 0.540625 0.03125 0.028125
1 0.1328125 0.4953125 0.0171875 0.0203125
1 0.1578125 0.471875 0.040625 0.040625
1 0.178125 0.44453125 0.034375 0.0109375
1 0.23125 0.49375 0.01875 0.01875
1 0.209375 0.490625 0.0234375 0.0296875
0 0.25859375 0.46484375 0.0796875 0.0515625
1 0.05078125 0.4453125 0.0203125 0.0125
0 0.64609375 0.77265625 0.1734375 0.1734375
0 0.9203125 0.7953125 0.1171875 0.175