1 0.0484375 0.0296875 0.0734375 0.0546875
0 0.18125 0.053125 0.13125 0.090625
1 0.065625 0.48125 0.04375 0.034375
0 0.221875 0.421875 0.15625 0.0984375
0 0.1984375 0.3078125 0.15625 0.1375
0 0.2046875 0.2046875 0.196875 0.0703125
1 0.3234375 0.13125 0.1421875 0.1734375
1 0.265625 0.1609375 0.0296875 0.05
1 0.2171875 0.1484375 0.0296875 0.03125
0 0.22265625 0.0078125 0.0359375 0.015625
1 0.334375 0.0296875 0.0453125 0.046875
1 0.30078125 0.009375 0.0359375 0.01875
1 0.41875 0.175 0.0328125 0.0265625
1 0.434375 0.028125 0.0640625 0.0515625
1 0.50234375 0.05390625 0.0328125 0.0671875
1 0.4609375 0.0796875 0.046875 0.040625
1 0.4359375 0.3109375 0.0625 0.103125
1 0.4875 0.315625 0.025 0.0421875
1 0.50859375 0.3 0.0203125 0.05625
1 0.453125 0.2546875 0.0359375 0.0265625
1 0.4640625 0.1203125 0.0234375 0.0359375
1 0.4984375 0.134375 0.0234375 0.0375
1 0.4109375 0.0578125 0.021875 0.028125
1 0.4078125 0.0796875 0.01875 0.028125
1 0.428125 0.48125 0.040625 0.0359375
1 0.378125 0.4640625 0.03125 0.0640625
1 0.4015625 0.340625 0.025 0.03125
1 0.2703125 0.2703125 0.028125 0.0640625
1 0.5375 0.2125 0.0203125 0.021875
1 0.5859375 0.4984375 0.0390625 0.034375
1 0.6015625 0.0515625 0.0359375 0.015625
1 0.634375 0.1109375 0.0265625 0.03125
1 0.6609375 0.15625 0.03125 0.028125
1 0.6796875 0.16875 0.0171875 0.025
1 0.5453125 0.3890625 0.04375 0.0328125
1 0.678125 0.4953125 0.0171875 0.021875
1 0.840625 0.5625 0.028125 0.015625
1 0.8546875 0.5171875 0.0375 0.015625
1 0.7234375 0.234375 0.04375 0.0265625
0 0.81875 0.059375 0.071875 0.03125
1 0.7828125 0.0640625 0.0296875 0.0375
0 0.8296875 0.1390625 0.1046875 0.128125
1 0.76875 0.1 0.028125 0.028125
1 0.83125 0.540625 0.0484375 0.040625
0 0.8265625 0.4375 0.1734375 0.1
0 0.846875 0.3296875 0.1296875 0.146875
1 0.7625 0.3234375 0.028125 0.0234375
1 0.778125 0.2578125 0.03125 0.0265625
1 0.971875 0.4265625 0.03125 0.0328125
1 0.990625 0.4828125 0.01875 0.015625
1 0.31875 0.8359375 0.0390625 0.0125
1 0.3296875 0.7875 0.0359375 0.01875
0 0.45 0.74140625 0.1375 0.0984375
0 0.43984375 0.79453125 0.1578125 0.0953125
1 0.5328125 0.9703125 0.0078125 0.0109375
1 0.70625 0.978125 0.0171875 0.0171875
1 0.6203125 0.9375 0.025 0.01875
1 0.5515625 0.9484375 0.01875 0.0140625
1 0.6296875 0.8421875 0.025 0.034375
1 0.5390625 0.8109375 0.0265625 0.0234375
1 0.540625 0.78125 0.034375 0.0265625
1 0.565625 0.7734375 0.0125 0.0125
1 0.7140625 0.8046875 0.01875 0.01875
1 0.7625 0.8546875 0.021875 0.0171875
1 0.78125 0.83125 0.0421875 0.021875
1 0.778125 0.78125 0.01875 0.0109375
1 0.7859375 0.775 0.0234375 0.0140625
0 0.8375 0.896875 0.1375 0.1203125
1 0.909375 0.9234375 0.015625 0.0234375
1 0.94375 0.91875 0.01875 0.0234375
1 0.9796875 0.88125 0.0171875 0.01875
1 0.9765625 0.8390625 0.0390625 0.0390625
1 0.88125 0.8390625 0.0234375 0.0140625
1 0.7875 0.85 0.0203125 0.009375
1 0.8265625 0.8625 0.0171875 0.015625
1 0.8609375 0.8015625 0.0796875 0.0671875