0 0.39375 0.15546875 0.090625 0.3109375
1 0.36875 0.2890625 0.028125 0.0234375
1 0.271875 0.1453125 0.009375 0.021875
1 0.23359375 0.03125 0.1078125 0.0625
1 0.49375 0.2375 0.0296875 0.015625
1 0.5796875 0.240625 0.0359375 0.0234375
1 0.446875 0.2484375 0.015625 0.0125
1 0.990625 0.26875 0.0078125 0.0078125
1 0.8171875 0.3234375 0.0140625 0.015625
1 0.9015625 0.3265625 0.0125 0.0171875
1 0.99765625 0.3625 0.0046875 0.009375
1 0.7609375 0.396875 0.0078125 0.0109375
1 0.675 0.40625 0.015625 0.0359375
1 0.778125 0.403125 0.0125 0.0078125
1 0.9328125 0.403125 0.009375 0.009375
1 0.7234375 0.3953125 0.015625 0.0296875
1 0.878125 0.4078125 0.03125 0.0296875
1 0.5296875 0.4234375 0.0140625 0.015625
1 0.9828125 0.4421875 0.01875 0.021875
1 0.6171875 0.446875 0.0078125 0.0234375
1 0.48203125 0.46171875 0.0109375 0.0140625
1 0.3359375 0.6703125 0.03125 0.015625
1 0.353125 0.6328125 0.03125 0.028125
1 0.31875 0.6140625 0.046875 0.0453125
1 0.3109375 0.6484375 0.0140625 0.0234375
1 0.14375 0.6296875 0.028125 0.028125
1 0.21875 0.4859375 0.0109375 0.028125
1 0.0953125 0.628125 0.0234375 0.0265625
1 0.0546875 0.584375 0.015625 0.0125
1 0.10625 0.7171875 0.0578125 0.0546875
1 0.08828125 0.47109375 0.0078125 0.0046875
0 0.040625 0.5859375 0.08125 0.146875
0 0.028125 0.67734375 0.05625 0.2390625
1 0.45859375 0.4796875 0.0390625 0.021875
1 0.47578125 0.5015625 0.0546875 0.065625
1 0.7296875 0.4984375 0.14375 0.059375
1 0.7359375 0.5453125 0.0234375 0.021875
1 0.6421875 0.534375 0.0203125 0.0375
1 0.5359375 0.5703125 0.0171875 0.028125
1 0.99375 0.6 0.0125 0.0125
1 0.784375 0.609375 0.0234375 0.0453125
1 0.690625 0.6109375 0.0359375 0.065625
1 0.5375 0.6390625 0.046875 0.046875
1 0.50625 0.6515625 0.028125 0.040625
1 0.475 0.71875 0.0265625 0.0171875
1 0.725 0.740625 0.0703125 0.084375
1 0.509375 0.7765625 0.03125 0.021875
1 0.8140625 0.778125 0.0421875 0.0578125
1 0.54375 0.79375 0.04375 0.0328125
1 0.6078125 0.803125 0.046875 0.0375
1 0.9078125 0.828125 0.0125 0.025
1 0.4984375 0.834375 0.0359375 0.01875
1 0.4984375 0.8546875 0.015625 0.01875
0 0.921875 0.51796875 0.15625 0.0984375
0 0.92578125 0.73125 0.1484375 0.18125
0 0.909375 0.6265625 0.153125 0.1515625
1 0.784375 0.553125 0.078125 0.0546875
1 0.7859375 0.7328125 0.025 0.0078125
1 0.703125 0.8234375 0.0203125 0.034375
1 0.6046875 0.6703125 0.0734375 0.1046875
1 0.6640625 0.690625 0.0671875 0.0625
1 0.5921875 0.5453125 0.021875 0.028125
1 0.5875 0.571875 0.0265625 0.025
1 0.4484375 0.78359375 0.01875 0.0265625
1 0.44453125 0.746875 0.0109375 0.04375
1 0.9703125 0.8078125 0.046875 0.0265625
1 0.99453125 0.8171875 0.0109375 0.04375