0 0.178125 0.121875 0.1015625 0.1734375
1 0.225 0.47265625 0.196875 0.0546875
0 0.3125 0.084375 0.128125 0.0859375
1 0.9125 0.221875 0.015625 0.0140625
1 0.7828125 0.053125 0.0171875 0.0125
1 0.6125 0.2953125 0.0203125 0.0109375
1 0.534375 0.1515625 0.015625 0.0078125
1 0.559375 0.39375 0.00625 0.0203125
1 0.8703125 0.265625 0.0390625 0.053125
1 0.8421875 0.4671875 0.0125 0.0109375
0 0.840625 0.2328125 0.1671875 0.3828125
0 0.5796875 0.2234375 0.1171875 0.096875
0 0.653125 0.2734375 0.2640625 0.15625
1 0.98671875 0.259375 0.0265625 0.046875
0 0.9578125 0.24453125 0.084375 0.1171875
1 0.9671875 0.1875 0.04375 0.0453125
1 0.3140625 0.9328125 0.025 0.0203125
1 0.2 0.8296875 0.0203125 0.021875
1 0.171875 0.8546875 0.021875 0.021875
1 0.353125 0.6390625 0.025 0.0203125
0 0.184375 0.571875 0.075 0.04375
1 0.15625 0.546875 0.0140625 0.015625
0 0.26875 0.5984375 0.1 0.196875
1 0.39609375 0.98203125 0.0140625 0.0359375
1 0.4484375 0.940625 0.0484375 0.03125
1 0.43515625 0.99296875 0.0265625 0.0140625
1 0.5984375 0.85625 0.03125 0.0265625
1 0.41015625 0.83515625 0.0421875 0.0328125
1 0.40625 0.7859375 0.021875 0.03125
1 0.4703125 0.8140625 0.0640625 0.0484375
1 0.54375 0.821875 0.015625 0.0265625
0 0.4078125 0.56328125 0.0375 0.1046875
1 0.7453125 0.5390625 0.034375 0.06875
1 0.7953125 0.571875 0.0265625 0.028125
1 0.765625 0.8484375 0.0546875 0.0453125
0 0.825 0.7609375 0.103125 0.2828125
0 0.5046875 0.696875 0.1734375 0.2640625
0 0.6796875 0.6890625 0.3015625 0.2703125