1 0.275 0.3421875 0.0328125 0.0296875
1 0.26875 0.315625 0.0140625 0.0140625
1 0.2875 0.28125 0.0078125 0.0140625
1 0.1625 0.365625 0.025 0.0296875
1 0.1453125 0.325 0.0234375 0.025
1 0.165625 0.2984375 0.0203125 0.0203125
1 0.1890625 0.3265625 0.021875 0.01875
1 0.1984375 0.2953125 0.0078125 0.0109375
1 0.33671875 0.3109375 0.0046875 0.015625
1 0.315625 0.1140625 0.0203125 0.0265625
1 0.275 0.1453125 0.0140625 0.015625
1 0.1828125 0.115625 0.0171875 0.0171875
1 0.1546875 0.046875 0.025 0.0265625
1 0.1625 0.0078125 0.040625 0.015625
0 0.2234375 0.03046875 0.078125 0.0609375
0 0.3046875 0.028125 0.06875 0.05625
1 0.759375 0.296875 0.065625 0.04375
1 0.615625 0.340625 0.0390625 0.03125
1 0.9859375 0.09921875 0.028125 0.0609375
1 0.56875 0.2421875 0.028125 0.0390625
0 0.55 0.1359375 0.078125 0.109375
0 0.6375 0.14375 0.109375 0.0953125
0 0.7578125 0.103125 0.11875 0.1046875
0 0.8453125 0.1421875 0.10625 0.1546875
0 0.9234375 0.1078125 0.10625 0.1078125
1 0.596875 0.08125 0.0375 0.0375
0 0.1 0.9328125 0.15 0.134375
1 0.040625 0.9328125 0.0328125 0.0515625
1 0.0359375 0.8265625 0.015625 0.021875
1 0.0734375 0.8359375 0.05625 0.0296875
1 0.109375 0.846875 0.0296875 0.0328125
0 0.25703125 0.93203125 0.1171875 0.1359375
0 0.19140625 0.91328125 0.0734375 0.1734375
1 0.33359375 0.67890625 0.0109375 0.0359375
1 0.33203125 0.71875 0.0140625 0.03125
0 0.3140625 0.45546875 0.05 0.0734375
0 0.22421875 0.4421875 0.1421875 0.046875
1 0.2234375 0.521875 0.0390625 0.0328125
1 0.14375 0.51875 0.0296875 0.025
1 0.10625 0.44375 0.025 0.0203125
0 0.0671875 0.44375 0.0875 0.05
1 0.0859375 0.50625 0.0265625 0.025
1 0.0484375 0.7515625 0.05 0.0515625
1 0.1796875 0.684375 0.0234375 0.025
1 0.5703125 0.9875 0.0171875 0.021875
1 0.640625 0.7921875 0.03125 0.0265625
1 0.590625 0.7828125 0.03125 0.0234375
1 0.696875 0.7859375 0.053125 0.0359375
1 0.34375 0.87109375 0.009375 0.0328125
1 0.421875 0.85625 0.028125 0.0265625
1 0.4828125 0.7765625 0.0234375 0.0203125
1 0.54375 0.784375 0.0109375 0.0109375
1 0.4078125 0.7796875 0.021875 0.025
1 0.390625 0.7671875 0.0234375 0.0421875
1 0.3921875 0.7578125 0.0515625 0.0265625
1 0.35078125 0.50078125 0.0234375 0.0859375
1 0.3578125 0.671875 0.015625 0.0203125
0 0.396875 0.6421875 0.0921875 0.2140625
1 0.4421875 0.7140625 0.021875 0.0171875
1 0.390625 0.7421875 0.028125 0.0203125
0 0.4703125 0.646875 0.103125 0.0859375
0 0.5609375 0.64375 0.0921875 0.0921875
1 0.571875 0.5296875 0.034375 0.0421875
1 0.5125 0.64375 0.021875 0.0140625
1 0.5921875 0.7375 0.0203125 0.01875
1 0.678125 0.621875 0.04375 0.0390625
1 0.6609375 0.5296875 0.0328125 0.021875
1 0.6625 0.4734375 0.01875 0.01875
0 0.6265625 0.6734375 0.1046875 0.0609375
1 0.6125 0.6453125 0.0171875 0.0171875
1 0.5953125 0.621875 0.025 0.00625
1 0.7203125 0.7125 0.01875 0.0140625
0 0.7484375 0.6578125 0.040625 0.1375
1 0.7078125 0.63125 0.0109375 0.0171875
1 0.7109375 0.5109375 0.034375 0.034375
1 0.7125 0.4703125 0.04375 0.0578125
1 0.6453125 0.4328125 0.034375 0.028125
1 0.76015625 0.42578125 0.0171875 0.0140625
1 0.53828125 0.4203125 0.0078125 0.003125
1 0.4796875 0.4390625 0.0234375 0.021875
1 0.4140625 0.53125 0.0265625 0.0203125
1 0.3859375 0.50625 0.0203125 0.025
1 0.34296875 0.44765625 0.0078125 0.0328125
1 0.56875 0.4625 0.0140625 0.0109375