1 0.2140625 0.284375 0.034375 0.0359375
1 0.046875 0.2109375 0.040625 0.0234375
1 0.11328125 0.3015625 0.0203125 0.015625
1 0.0296875 0.0859375 0.059375 0.13125
0 0.0640625 0.14375 0.1234375 0.06875
0 0.134375 0.134375 0.084375 0.103125
0 0.2140625 0.1640625 0.165625 0.1109375
0 0.2921875 0.1578125 0.040625 0.0859375
1 0.24375 0.0859375 0.046875 0.0484375
1 0.1921875 0.1109375 0.0390625 0.0453125
1 0.209375 0.0171875 0.046875 0.034375
1 0.13359375 0.03046875 0.0421875 0.0609375
1 0.09375 0.01796875 0.028125 0.0359375
1 0.015625 0.00625 0.03125 0.0125
0 0.53671875 0.21875 0.0953125 0.14375
0 0.59375 0.184375 0.0484375 0.0671875
0 0.91796875 0.2109375 0.0953125 0.196875
0 0.9609375 0.24375 0.078125 0.13125
1 0.8390625 0.1828125 0.05 0.11875
1 0.55625 0.0921875 0.0265625 0.0328125
1 0.8171875 0.01015625 0.053125 0.0203125
1 0.7734375 0.0078125 0.015625 0.015625
1 0.4375 0.390625 0.015625 0.021875
1 0.4 0.4390625 0.0140625 0.0109375
1 0.3046875 0.3328125 0.0125 0.0078125
1 0.303125 0.396875 0.0203125 0.025
1 0.3796875 0.875 0.0078125 0.00625
1 0.35 0.74375 0.00625 0.00625
0 0.42265625 0.6296875 0.1328125 0.159375
0 0.2984375 0.603125 0.125 0.1828125
0 0.1796875 0.5734375 0.1125 0.1984375
1 0.13125 0.546875 0.0078125 0.0078125
1 0.3234375 0.5296875 0.0109375 0.00625
1 0.9609375 0.525 0.009375 0.009375
1 0.9546875 0.353125 0.025 0.015625
1 0.959375 0.75625 0.0234375 0.0296875
1 0.9 0.60625 0.0390625 0.034375
1 0.85 0.5 0.0265625 0.028125
0 0.859375 0.4046875 0.090625 0.125
1 0.6578125 0.58125 0.0140625 0.009375
1 0.6609375 0.3609375 0.0328125 0.0234375
1 0.6171875 0.68125 0.025 0.028125
1 0.6046875 0.5921875 0.0203125 0.0109375
1 0.54375 0.7 0.0328125 0.0203125
0 0.58125 0.4140625 0.1109375 0.1421875
1 0.5421875 0.859375 0.0328125 0.03125
1 0.540625 0.90625 0.0296875 0.025
1 0.6640625 0.4125 0.0328125 0.046875
0 0.9515625 0.93828125 0.096875 0.1109375
0 0.84609375 0.93515625 0.0984375 0.1296875
0 0.72890625 0.95078125 0.1515625 0.0984375
0 0.728125 0.92734375 0.125 0.1453125
0 0.60078125 0.909375 0.1328125 0.18125
1 0.9703125 0.98359375 0.059375 0.0328125