1 0.415625 0.2203125 0.015625 0.01875
1 0.38125 0.0390625 0.0078125 0.015625
1 0.2765625 0.21875 0.0046875 0.0078125
0 0.475 0.11640625 0.109375 0.1453125
1 0.3515625 0.06875 0.0234375 0.0234375
0 0.2140625 0.1171875 0.06875 0.1171875
0 0.3046875 0.084375 0.1515625 0.10625
0 0.384375 0.0984375 0.0875 0.0984375
0 0.634375 0.28984375 0.096875 0.0578125
1 0.703125 0.2671875 0.0375 0.0609375
1 0.7234375 0.2984375 0.04375 0.040625
0 0.7921875 0.26640625 0.075 0.1046875
0 0.94375 0.2921875 0.1125 0.053125
0 0.9859375 0.2796875 0.028125 0.078125
1 0.9515625 0.0203125 0.040625 0.025
1 0.2375 0.95625 0.0265625 0.0109375
1 0.184375 0.9484375 0.021875 0.0171875
1 0.4296875 0.9171875 0.0515625 0.0703125
1 0.50859375 0.9953125 0.0203125 0.009375
1 0.1109375 0.8453125 0.028125 0.0125
1 0.246875 0.8390625 0.0359375 0.0421875
1 0.28125 0.809375 0.0296875 0.0140625
1 0.384375 0.76875 0.0484375 0.0296875
1 0.39375 0.8640625 0.015625 0.0203125
1 0.503125 0.74375 0.0390625 0.025
1 0.1328125 0.7484375 0.0171875 0.0078125
1 0.2421875 0.7765625 0.0203125 0.0171875
1 0.4296875 0.775 0.0234375 0.0234375
1 0.44375 0.8265625 0.0375 0.034375
1 0.50234375 0.921875 0.0546875 0.090625
1 0.4734375 0.8515625 0.0484375 0.0390625
1 0.415625 0.7203125 0.0203125 0.021875
1 0.0203125 0.6796875 0.021875 0.0328125
0 0.0265625 0.63125 0.0359375 0.065625
1 0.05 0.640625 0.0234375 0.0296875
1 0.06875 0.625 0.0203125 0.03125
0 0.0921875 0.63125 0.06875 0.1484375
1 0.0390625 0.4828125 0.015625 0.0140625
1 0.1390625 0.49375 0.0375 0.046875
1 0.121875 0.459375 0.021875 0.0234375
1 0.0546875 0.5109375 0.01875 0.0125
1 0.14375 0.4421875 0.0203125 0.025
1 0.165625 0.55 0.0296875 0.025
1 0.309375 0.4734375 0.0390625 0.0625
1 0.16875 0.659375 0.059375 0.06875
0 0.1765625 0.6015625 0.1109375 0.0875
1 0.134375 0.68125 0.015625 0.0171875
0 0.271875 0.6546875 0.1109375 0.128125
1 0.3328125 0.6421875 0.0640625 0.040625
1 0.375 0.678125 0.021875 0.015625
1 0.365625 0.6390625 0.0203125 0.015625
1 0.340625 0.6171875 0.0484375 0.0390625
0 0.4078125 0.6328125 0.1453125 0.1125
1 0.415625 0.58125 0.015625 0.028125
1 0.4625 0.56875 0.034375 0.0328125
1 0.45625 0.546875 0.0171875 0.015625
0 0.47421875 0.628125 0.1109375 0.115625
1 0.0171875 0.4203125 0.015625 0.015625
1 0.0328125 0.3265625 0.015625 0.015625
1 0.1484375 0.3453125 0.0140625 0.0125
1 0.1609375 0.3984375 0.0140625 0.015625
1 0.2375 0.378125 0.0140625 0.03125
1 0.31875 0.36875 0.0140625 0.0265625
1 0.421875 0.46875 0.0203125 0.0234375
1 0.475 0.4890625 0.0203125 0.015625
1 0.4953125 0.4578125 0.0265625 0.0234375
1 0.4953125 0.4234375 0.0375 0.0140625
1 0.49375 0.3921875 0.040625 0.0546875
1 0.509375 0.365625 0.0140625 0.028125
1 0.278125 0.425 0.0125 0.009375
1 0.2671875 0.3328125 0.075 0.028125
1 0.334375 0.3328125 0.034375 0.028125
0 0.60078125 0.5328125 0.1421875 0.3125
0 0.70625 0.553125 0.2703125 0.234375
1 0.76875 0.5640625 0.0203125 0.0296875
1 0.7546875 0.5203125 0.0265625 0.0140625
0 0.8765625 0.6046875 0.1578125 0.2421875
1 0.8421875 0.4671875 0.053125 0.090625