0 0.02265625 0.2328125 0.0453125 0.159375
1 0.6625 0.51875 0.028125 0.0265625
1 0.9640625 0.5015625 0.0125 0.015625
1 0.3953125 0.4171875 0.0296875 0.03125
1 0.659375 0.38125 0.0234375 0.01875
1 0.8578125 0.375 0.0125 0.01875
1 0.7515625 0.3375 0.028125 0.0328125
1 0.98515625 0.3296875 0.0296875 0.03125
1 0.396875 0.30625 0.0125 0.0109375
1 0.99296875 0.2859375 0.0140625 0.015625
1 0.7453125 0.2328125 0.025 0.0328125
1 0.790625 0.225 0.0265625 0.0234375
1 0.9890625 0.203125 0.01875 0.0125
1 0.5296875 0.240625 0.0921875 0.0953125
1 0.9 0.1671875 0.021875 0.0171875
1 0.996875 0.09140625 0.00625 0.0296875
1 0.9546875 0.1 0.009375 0.0296875
0 0.51875 0.1375 0.15 0.11875
1 0.98125 0.0890625 0.021875 0.021875
1 0.615625 0.0703125 0.0515625 0.03125
1 0.9578125 0.0578125 0.025 0.0265625
1 0.7921875 0.021875 0.0671875 0.01875
0 0.5390625 0.0515625 0.0796875 0.0765625
1 0.4375 0.021875 0.0203125 0.0171875
1 0.396875 0.190625 0.028125 0.0171875
1 0.5703125 0.2203125 0.0359375 0.0234375
1 0.6734375 0.1875 0.0265625 0.0234375
1 0.7015625 0.1859375 0.025 0.03125
1 0.4203125 0.5109375 0.03125 0.0328125
0 0.5421875 0.48125 0.171875 0.109375
0 0.51875 0.359375 0.165625 0.1640625
1 0.8734375 0.484375 0.034375 0.021875
1 0.8984375 0.471875 0.034375 0.0203125
1 0.890625 0.2765625 0.0375 0.0390625
1 0.85 0.20625 0.040625 0.0359375
1 0.8890625 0.209375 0.0375 0.021875
1 0.8875 0.228125 0.04375 0.03125
1 0.015625 0.928125 0.0078125 0.0109375
1 0.13125 0.903125 0.0265625 0.0296875
1 0.134375 0.853125 0.015625 0.0125
1 0.1734375 0.9390625 0.0234375 0.0140625
1 0.115625 0.940625 0.0140625 0.0125
1 0.20625 0.93125 0.0109375 0.00625
0 0.221875 0.9484375 0.1125 0.103125
1 0.3671875 0.6578125 0.034375 0.021875
1 0.359375 0.678125 0.0125 0.015625
1 0.396875 0.740625 0.028125 0.0390625
1 0.4078125 0.6453125 0.034375 0.0234375
1 0.4625 0.6234375 0.03125 0.0328125
1 0.4375 0.671875 0.0140625 0.0234375
1 0.4546875 0.7203125 0.0171875 0.021875
1 0.4859375 0.73125 0.015625 0.01875
1 0.4671875 0.6609375 0.0203125 0.0078125
1 0.4734375 0.671875 0.0234375 0.0203125
1 0.4953125 0.6625 0.01875 0.021875
1 0.490625 0.6859375 0.015625 0.021875
1 0.503125 0.6765625 0.0171875 0.0203125
1 0.53125 0.6625 0.0109375 0.0203125
1 0.528125 0.696875 0.015625 0.015625
1 0.5515625 0.6875 0.015625 0.015625
1 0.5734375 0.54609375 0.03125 0.0140625
1 0.584375 0.5796875 0.025 0.0328125
1 0.6015625 0.5796875 0.0171875 0.015625
1 0.6359375 0.615625 0.0140625 0.0140625
1 0.534375 0.5828125 0.0296875 0.0140625
1 0.4390625 0.571875 0.0125 0.0171875
1 0.5421875 0.6078125 0.0171875 0.021875
1 0.5734375 0.6546875 0.015625 0.0234375
1 0.603125 0.690625 0.0171875 0.0125
1 0.64375 0.725 0.028125 0.021875
1 0.70546875 0.54375 0.0109375 0.009375
1 0.72109375 0.5421875 0.0171875 0.00625
1 0.7515625 0.559375 0.0203125 0.0234375
1 0.7125 0.56875 0.015625 0.01875
1 0.79921875 0.54140625 0.0171875 0.0046875
1 0.66875 0.65625 0.0203125 0.0234375
1 0.6234375 0.640625 0.0078125 0.00625
1 0.709375 0.6140625 0.04375 0.0375
1 0.7296875 0.628125 0.015625 0.0171875
1 0.7671875 0.59375 0.0125 0.0171875
1 0.8078125 0.6046875 0.0296875 0.025
1 0.778125 0.609375 0.028125 0.021875
1 0.765625 0.6421875 0.0203125 0.03125
1 0.8421875 0.64375 0.0171875 0.0171875
1 0.828125 0.665625 0.01875 0.0203125
1 0.803125 0.6859375 0.0171875 0.0296875
1 0.7703125 0.7140625 0.0109375 0.0171875
1 0.7203125 0.7203125 0.0296875 0.0265625
1 0.8078125 0.7609375 0.025 0.0234375
1 0.940625 0.5859375 0.0234375 0.0171875
1 0.959375 0.6140625 0.0234375 0.0125
1 0.8796875 0.603125 0.0203125 0.0171875
1 0.9109375 0.628125 0.015625 0.0109375
1 0.93125 0.75625 0.0234375 0.025
1 0.975 0.7171875 0.01875 0.0203125
1 0.9734375 0.728125 0.0171875 0.0125
1 0.9 0.725 0.0171875 0.0125
1 0.8984375 0.7453125 0.0265625 0.03125
1 0.890625 0.7640625 0.0203125 0.0234375
1 0.8921875 0.7765625 0.0234375 0.009375
1 0.99296875 0.5890625 0.0140625 0.015625
1 0.7265625 0.64375 0.015625 0.021875
1 0.7046875 0.6578125 0.0125 0.0125
1 0.678125 0.665625 0.0125 0.0109375
1 0.69375 0.653125 0.0109375 0.0140625
1 0.83125 0.625 0.0125 0.009375