1 0.0609375 0.171875 0.009375 0.00625
0 0.0265625 0.41640625 0.053125 0.3078125
0 0.08125 0.3875 0.1625 0.390625
1 0.18125 0.025 0.0359375 0.05
1 0.2171875 0.0328125 0.0390625 0.0625
1 0.0671875 0.4734375 0.0515625 0.0453125
0 0.4875 0.1828125 0.1234375 0.3390625
0 0.7171875 0.2109375 0.234375 0.21875
1 0.75 0.3921875 0.0171875 0.03125
1 0.603125 0.275 0.03125 0.034375
1 0.728125 0.5328125 0.034375 0.028125
1 0.596875 0.5421875 0.025 0.03125
1 0.5796875 0.221875 0.015625 0.046875
1 0.615625 0.2203125 0.0265625 0.0609375
1 0.065625 0.9765625 0.0390625 0.0328125
1 0.0640625 0.9421875 0.03125 0.0296875
1 0.19375 0.95 0.0375 0.034375
1 0.1609375 0.8875 0.021875 0.04375
1 0.2078125 0.8359375 0.028125 0.0296875
1 0.3078125 0.9609375 0.0390625 0.034375
1 0.00234375 0.7078125 0.0046875 0.034375
1 0.8171875 0.8046875 0.0125 0.00625
1 0.809375 0.9671875 0.025 0.0328125
1 0.7890625 0.821875 0.0078125 0.0109375
1 0.78125 0.74375 0.0078125 0.009375
1 0.6578125 0.64375 0.0078125 0.015625
1 0.6234375 0.890625 0.009375 0.003125
1 0.490625 0.6296875 0.021875 0.015625
1 0.5109375 0.7859375 0.034375 0.0234375
1 0.5234375 0.7765625 0.0203125 0.0203125
0 0.5890625 0.65234375 0.1125 0.0859375
1 0.5875 0.6296875 0.0234375 0.0296875
1 0.434375 0.7515625 0.0125 0.0046875
1 0.43125 0.7359375 0.00625 0.0109375