1 0.5078125 0.55625 0.015625 0.0125
1 0.4890625 0.021875 0.009375 0.0171875
1 0.4671875 0.00625 0.0125 0.0125
0 0.48046875 0.0125 0.1078125 0.025
1 0.41953125 0.00546875 0.0390625 0.0109375
1 0.365625 0.25 0.0125 0.0171875
0 0.3515625 0.015625 0.13125 0.03125
1 0.2953125 0.01875 0.015625 0.025
1 0.2 0.05 0.01875 0.0234375
1 0.096875 0.546875 0.01875 0.025
1 0.3859375 0.31875 0.0203125 0.021875
0 0.52109375 0.48125 0.0359375 0.134375
0 0.4625 0.490625 0.05 0.1375
1 0.5046875 0.44375 0.025 0.05
1 0.4546875 0.4359375 0.071875 0.078125
1 0.1578125 0.2953125 0.021875 0.0296875
1 0.1578125 0.3375 0.0203125 0.01875
1 0.203125 0.25625 0.0265625 0.025
1 0.1234375 0.2625 0.021875 0.021875
0 0.134375 0.49375 0.10625 0.1515625
1 0.1453125 0.484375 0.0125 0.0109375
1 0.14375 0.50625 0.0140625 0.0203125
0 0.0890625 0.5109375 0.015625 0.025
0 0.234375 0.465625 0.1453125 0.16875
0 0.38125 0.4640625 0.096875 0.1171875
0 0.2984375 0.46875 0.090625 0.0984375
1 0.303125 0.328125 0.021875 0.01875
1 0.26875 0.3 0.0140625 0.0234375
1 0.265625 0.2390625 0.0265625 0.0359375
1 0.353125 0.2359375 0.021875 0.0265625
1 0.325 0.2359375 0.0203125 0.021875
1 0.1328125 0.1890625 0.0171875 0.01875
1 0.275 0.1765625 0.0203125 0.0203125
1 0.2828125 0.2046875 0.0140625 0.0171875
1 0.3203125 0.146875 0.0203125 0.021875
1 0.2828125 0.14375 0.0265625 0.0296875
1 0.225 0.1421875 0.025 0.0234375
1 0.3015625 0.0875 0.021875 0.0125
1 0.3984375 0.1296875 0.0234375 0.0171875
1 0.2328125 0.2 0.021875 0.01875
1 0.115625 0.109375 0.0234375 0.025
1 0.159375 0.0109375 0.0171875 0.021875
1 0.1109375 0.021875 0.015625 0.0140625
1 0.22421875 0.00546875 0.0234375 0.0109375
1 0.28125 0.028125 0.015625 0.021875
1 0.484375 0.1734375 0.015625 0.0234375
1 0.5109375 0.165625 0.021875 0.021875
1 0.4484375 0.1921875 0.0125 0.0109375
1 0.425 0.1484375 0.015625 0.0265625
1 0.478125 0.0703125 0.0203125 0.0109375
1 0.21875 0.0453125 0.01875 0.01875
1 0.28125 0.00234375 0.0125 0.0046875
1 0.5046875 0.1921875 0.0125 0.015625
1 0.5296875 0.159375 0.0125 0.0171875
1 0.4578125 0.13125 0.0171875 0.0203125
1 0.45 0.115625 0.0265625 0.03125
1 0.359375 0.1671875 0.0203125 0.0265625
1 0.3453125 0.15 0.0140625 0.021875
1 0.909375 0.5390625 0.0171875 0.015625
1 0.8 0.465625 0.015625 0.0140625
0 0.9015625 0.2203125 0.196875 0.34375
0 0.8421875 0.228125 0.2109375 0.3015625
1 0.5296875 0.7953125 0.01875 0.01875
1 0.528125 0.90390625 0.021875 0.0421875
1 0.5234375 0.8296875 0.03125 0.05
1 0.49375 0.65859375 0.028125 0.0171875
1 0.5 0.746875 0.028125 0.0109375
1 0.484375 0.840625 0.034375 0.0359375
1 0.46875 0.99140625 0.025 0.0171875
1 0.4546875 0.8484375 0.0234375 0.0265625
1 0.453125 0.7671875 0.0171875 0.0203125
1 0.4296875 0.7390625 0.0296875 0.0375
1 0.41875 0.66328125 0.046875 0.0265625
1 0.415625 0.7953125 0.025 0.01875
1 0.396875 0.915625 0.0125 0.01875
1 0.38125 0.9796875 0.03125 0.03125
1 0.35546875 0.65546875 0.0390625 0.0109375
1 0.3015625 0.809375 0.05 0.025
1 0.28046875 0.65546875 0.0390625 0.0109375
1 0.2796875 0.9796875 0.0203125 0.025
1 0.2546875 0.740625 0.015625 0.015625
1 0.234375 0.865625 0.0203125 0.0390625
1 0.2484375 0.9203125 0.075 0.0640625
1 0.1875 0.671875 0.01875 0.028125
1 0.1921875 0.7109375 0.03125 0.03125
1 0.1578125 0.74375 0.0375 0.0203125
1 0.1546875 0.703125 0.034375 0.0328125
0 0.1828125 0.903125 0.0671875 0.090625
1 0.1375 0.6546875 0.009375 0.0078125
1 0.1328125 0.7421875 0.0125 0.015625
1 0.1171875 0.7984375 0.0078125 0.0328125
1 0.1015625 0.853125 0.01875 0.04375
1 0.1125 0.93125 0.03125 0.04375
1 0.53359375 0.98984375 0.0109375 0.0203125
1 0.4484375 0.8296875 0.0203125 0.009375
1 0.51875 0.80625 0.0140625 0.0234375
1 0.3890625 0.7484375 0.0234375 0.0171875
1 0.2609375 0.790625 0.040625 0.0328125
1 0.2671875 0.8125 0.015625 0.0171875
1 0.103125 0.9140625 0.0234375 0.025
1 0.115625 0.909375 0.021875 0.0203125
1 0.0953125 0.8234375 0.009375 0.0203125
1 0.1390625 0.684375 0.0296875 0.015625
1 0.1453125 0.6765625 0.03125 0.0265625
1 0.15390625 0.65703125 0.0140625 0.0140625
1 0.821875 0.959375 0.0078125 0.0125
1 0.959375 0.890625 0.015625 0.0140625
0 0.57734375 0.74765625 0.0765625 0.1953125
0 0.67421875 0.80078125 0.1953125 0.3015625
1 0.7484375 0.6953125 0.021875 0.0203125
0 0.86875 0.8046875 0.140625 0.246875
0 0.9546875 0.78828125 0.090625 0.1390625
1 0.825 0.746875 0.028125 0.0265625