0 0.490625 0.2421875 0.0546875 0.1078125
0 0.5015625 0.0609375 0.08125 0.0734375
1 0.5078125 0.1296875 0.028125 0.0265625
0 0.01328125 0.11875 0.0265625 0.096875
1 0.0234375 0.0625 0.028125 0.03125
1 0.15625 0.1125 0.034375 0.0375
1 0.10625 0.246875 0.021875 0.0203125
1 0.1515625 0.3125 0.0234375 0.0109375
1 0.1015625 0.04375 0.0234375 0.0359375
1 0.2765625 0.1140625 0.021875 0.0234375
1 0.0453125 0.225 0.00625 0.0359375
1 0.078125 0.2828125 0.015625 0.021875
1 0.525 0.153125 0.05 0.03125
0 0.5421875 0.221875 0.0546875 0.0765625
1 0.51875 0.1765625 0.1015625 0.0203125
1 0.55 0.2890625 0.0875 0.0359375
1 0.97578125 0.1296875 0.0484375 0.034375
1 0.9328125 0.25 0.0453125 0.0734375
1 0.98515625 0.4125 0.0296875 0.03125
1 0.75703125 0.1625 0.0140625 0.071875
1 0.1515625 0.5984375 0.0109375 0.015625
1 0.2109375 0.615625 0.04375 0.04375
1 0.553125 0.6390625 0.05625 0.0328125
1 0.140625 0.653125 0.084375 0.0546875
1 0.0046875 0.73046875 0.009375 0.0609375
1 0.4953125 0.721875 0.009375 0.015625
1 0.1359375 0.7734375 0.071875 0.075
1 0.0828125 0.771875 0.040625 0.0484375
1 0.6109375 0.8640625 0.0265625 0.0265625
1 0.66875 0.8640625 0.0640625 0.059375
1 0.5078125 0.8875 0.0140625 0.0203125
1 0.278125 0.9671875 0.053125 0.0515625
1 0.571875 0.9640625 0.0140625 0.0296875
1 0.65625 0.978125 0.034375 0.025
1 0.221875 0.978125 0.015625 0.01875
1 0.496875 0.634375 0.0375 0.046875
0 0.5171875 0.71171875 0.465625 0.3703125
1 0.078125 0.725 0.025 0.025
0 0.3640625 0.9359375 0.303125 0.128125
0 0.9390625 0.6484375 0.11875 0.1390625
0 0.9421875 0.51015625 0.115625 0.0703125
1 0.98671875 0.54609375 0.0265625 0.0484375
1 0.9859375 0.8890625 0.028125 0.046875
1 0.9390625 0.7421875 0.025 0.0265625
1 0.98828125 0.77578125 0.0234375 0.0171875
1 0.8890625 0.740625 0.0234375 0.028125
1 0.8984375 0.778125 0.05625 0.034375
1 0.871875 0.65625 0.0625 0.0515625
1 0.8203125 0.6 0.0515625 0.046875
1 0.75625 0.63828125 0.0125 0.0390625
1 0.75546875 0.58203125 0.0109375 0.0390625
1 0.7921875 0.76875 0.0609375 0.0984375
1 0.85 0.76875 0.025 0.04375
1 0.765625 0.984375 0.03125 0.03125
0 0.884375 0.8296875 0.1890625 0.0875
0 0.91796875 0.9203125 0.1640625 0.159375