1 0.565625 0.4796875 0.025 0.03125
1 0.51875 0.5 0.025 0.034375
1 0.225 0.4984375 0.009375 0.0046875
1 0.2390625 0.346875 0.0234375 0.025
1 0.2 0.2984375 0.009375 0.00625
1 0.2953125 0.3265625 0.0296875 0.034375
1 0.3203125 0.303125 0.0625 0.053125
1 0.5171875 0.3328125 0.009375 0.0046875
1 0.403125 0.0578125 0.0078125 0.0046875
1 0.315625 0.1109375 0.0125 0.009375
1 0.3234375 0.078125 0.065625 0.0609375
1 0.2703125 0.234375 0.028125 0.025
1 0.571875 0.2296875 0.034375 0.0625
0 0.2359375 0.50390625 0.084375 0.1109375
0 0.3015625 0.44765625 0.190625 0.2234375
0 0.45390625 0.490625 0.2703125 0.1375
1 0.62421875 0.09140625 0.0703125 0.1203125
1 0.6921875 0.1171875 0.040625 0.0421875
1 0.6875 0.196875 0.0375 0.0328125
1 0.7765625 0.2296875 0.0703125 0.0859375
0 0.81015625 0.42578125 0.2609375 0.2671875
1 0.753125 0.325 0.0890625 0.0859375
0 0.62421875 0.41171875 0.0703125 0.1828125
0 0.66953125 0.44375 0.1609375 0.23125
1 0.571875 0.971875 0.0203125 0.021875
1 0.2671875 0.9875 0.009375 0.0125
1 0.303125 0.8890625 0.0328125 0.0296875
1 0.296875 0.8625 0.0140625 0.0140625
1 0.315625 0.828125 0.0078125 0.0140625
1 0.190625 0.9125 0.025 0.0296875
1 0.1734375 0.871875 0.0234375 0.025
1 0.19375 0.8453125 0.0203125 0.0203125
1 0.2171875 0.8734375 0.021875 0.01875
1 0.2265625 0.8421875 0.0078125 0.0109375
1 0.3703125 0.8578125 0.0140625 0.015625
1 0.375 0.8375 0.0078125 0.0078125
1 0.34375 0.6609375 0.0203125 0.0265625
1 0.303125 0.6921875 0.0140625 0.015625
1 0.2109375 0.6625 0.0171875 0.0171875
1 0.1828125 0.59375 0.025 0.0265625
0 0.2515625 0.58359375 0.078125 0.0484375
0 0.3484375 0.58125 0.1 0.04375
1 0.46875 0.6625 0.0203125 0.0171875
1 0.490625 0.6765625 0.021875 0.0203125
1 0.5625 0.6359375 0.01875 0.015625
0 0.425 0.5890625 0.109375 0.059375
1 0.50234375 0.56328125 0.0171875 0.0078125
1 0.40625 0.7328125 0.01875 0.009375
0 0.5515625 0.58125 0.075 0.04375
1 0.7875 0.56328125 0.0125 0.0078125
1 0.7671875 0.56171875 0.0125 0.0046875
1 0.7640625 0.7109375 0.05 0.034375
1 0.7234375 0.8 0.0375 0.021875
1 0.715625 0.871875 0.1140625 0.1375
1 0.653125 0.75 0.0234375 0.03125
1 0.646875 0.81875 0.0359375 0.0390625
1 0.625 0.7578125 0.021875 0.0296875
0 0.625 0.5859375 0.065625 0.053125
1 0.59765625 0.778125 0.0171875 0.021875
1 0.59765625 0.75390625 0.0171875 0.0328125
1 0.69375 0.753125 0.025 0.028125
1 0.725 0.7546875 0.0234375 0.0171875
1 0.759375 0.9421875 0.025 0.0328125
1 0.73359375 0.99609375 0.0296875 0.0078125
1 0.7015625 0.5828125 0.025 0.03125