0 0.19375 0.390625 0.059375 0.0625
0 0.2671875 0.434375 0.165625 0.0875
0 0.346875 0.421875 0.025 0.0875
1 0.340625 0.0984375 0.015625 0.0296875
1 0.328125 0.028125 0.015625 0.015625
1 0.9546875 0.7 0.01875 0.0328125
1 0.915625 0.4609375 0.0265625 0.021875
1 0.8640625 0.4734375 0.009375 0.0046875
1 0.596875 0.7265625 0.0109375 0.0109375
0 0.8015625 0.2375 0.246875 0.209375
1 0.6953125 0.25625 0.0375 0.0765625
0 0.959375 0.2203125 0.08125 0.2125
1 0.5703125 0.1359375 0.003125 0.0109375
1 0.346875 0.80625 0.025 0.053125
1 0.34375 0.91875 0.025 0.0484375
1 0.321875 0.85625 0.03125 0.0390625
1 0.490625 0.8640625 0.025 0.015625
1 0.6953125 0.9625 0.03125 0.03125
1 0.7984375 0.928125 0.009375 0.009375
1 0.840625 0.8484375 0.0234375 0.025
1 0.6109375 0.83125 0.096875 0.1140625
1 0.396875 0.9328125 0.0078125 0.0078125
0 0.50390625 0.97265625 0.2890625 0.0546875
1 0.6921875 0.7578125 0.0171875 0.015625