1 0.01015625 0.07109375 0.0203125 0.0734375
1 0.009375 0.10703125 0.01875 0.0390625
1 0.0984375 0.175 0.034375 0.0375
1 0.1453125 0.1203125 0.0296875 0.0234375
1 0.140625 0.196875 0.0546875 0.03125
1 0.165625 0.2203125 0.0453125 0.0390625
0 0.1515625 0.2734375 0.084375 0.0765625
0 0.05703125 0.2578125 0.1140625 0.10625
1 0.08671875 0.31171875 0.0265625 0.0140625
1 0.6234375 0.0703125 0.0421875 0.025
1 0.5984375 0.078125 0.0171875 0.0140625
1 0.6125 0.078125 0.0109375 0.015625
1 0.8859375 0.2421875 0.009375 0.021875
0 0.87265625 0.2640625 0.2546875 0.109375
0 0.77109375 0.25546875 0.1828125 0.1265625
0 0.58046875 0.28828125 0.1171875 0.0609375
1 0.59375 0.1109375 0.01875 0.0328125
1 0.41953125 0.6640625 0.0203125 0.078125
0 0.384375 0.56875 0.090625 0.128125
1 0.3796875 0.4828125 0.0625 0.0546875
1 0.384375 0.45 0.025 0.0296875
0 0.321875 0.5671875 0.075 0.1
1 0.325 0.6375 0.0109375 0.025
1 0.2953125 0.6109375 0.015625 0.0359375
1 0.2 0.4796875 0.0484375 0.0421875
1 0.25625 0.5796875 0.0234375 0.04375
1 0.2390625 0.6109375 0.0421875 0.0390625
0 0.1640625 0.565625 0.096875 0.1578125
1 0.1890625 0.6234375 0.065625 0.05
1 0.1515625 0.653125 0.0671875 0.0640625
1 0.1046875 0.6734375 0.021875 0.0234375
1 0.4234375 0.721875 0.0125 0.03125
1 0.35625 0.7203125 0.05625 0.0546875
1 0.3953125 0.7875 0.053125 0.0296875
1 0.41328125 0.9828125 0.0328125 0.034375
1 0.3375 0.9125 0.0421875 0.04375
1 0.3765625 0.8890625 0.0609375 0.09375
1 0.40625 0.89375 0.046875 0.0625
1 0.3765625 0.9859375 0.04375 0.028125
1 0.2875 0.7359375 0.028125 0.025
1 0.26875 0.75625 0.034375 0.0421875
1 0.2203125 0.8671875 0.0390625 0.040625
1 0.30078125 0.98984375 0.0453125 0.0203125
1 0.1703125 0.9390625 0.034375 0.0390625
1 0.121875 0.865625 0.0578125 0.075
1 0.153125 0.8390625 0.0375 0.0453125
1 0.18125 0.9 0.0796875 0.0375
1 0.4921875 0.36875 0.015625 0.0140625
1 0.5109375 0.38125 0.0078125 0.00625
1 0.5515625 0.665625 0.0171875 0.009375
1 0.5578125 0.640625 0.01875 0.0234375
1 0.5578125 0.7515625 0.0140625 0.0078125
1 0.56875 0.465625 0.015625 0.015625
1 0.571875 0.3484375 0.0140625 0.0203125
1 0.5953125 0.5296875 0.0078125 0.0078125
1 0.5984375 0.9640625 0.0171875 0.0109375
1 0.60625 0.5328125 0.0078125 0.0109375
1 0.609375 0.6484375 0.0203125 0.0140625
1 0.615625 0.6703125 0.015625 0.025
1 0.63125 0.6765625 0.0234375 0.0203125
1 0.6609375 0.8921875 0.00625 0.0484375
1 0.6640625 0.625 0.00625 0.0140625
1 0.68125 0.684375 0.0203125 0.0171875
1 0.6890625 0.5703125 0.015625 0.021875
1 0.6953125 0.4890625 0.0234375 0.0171875
1 0.7015625 0.9171875 0.021875 0.0140625
1 0.715625 0.628125 0.01875 0.021875
1 0.7109375 0.390625 0.03125 0.046875
1 0.7265625 0.4875 0.0296875 0.025
1 0.73125 0.4609375 0.0234375 0.025
1 0.7640625 0.69375 0.0203125 0.015625
1 0.79375 0.4359375 0.025 0.03125
1 0.796875 0.665625 0.0296875 0.04375
1 0.8359375 0.3859375 0.0109375 0.025
1 0.8421875 0.634375 0.0234375 0.021875
1 0.8640625 0.6421875 0.028125 0.01875
1 0.8734375 0.50625 0.01875 0.0265625
1 0.8859375 0.9328125 0.015625 0.025
1 0.884375 0.76875 0.021875 0.0234375
1 0.8984375 0.50625 0.0109375 0.0109375
1 0.909375 0.753125 0.009375 0.0140625
1 0.909375 0.73125 0.009375 0.0171875
1 0.9125 0.696875 0.009375 0.0234375
1 0.90625 0.546875 0.0203125 0.0359375
1 0.9515625 0.7640625 0.0390625 0.05625
1 0.953125 0.5765625 0.040625 0.04375
1 0.75859375 0.33515625 0.0328125 0.0328125
1 0.6734375 0.5484375 0.0140625 0.0140625
1 0.6484375 0.5671875 0.0375 0.053125
1 0.9671875 0.80625 0.025 0.04375
1 0.946875 0.81875 0.0125 0.0296875
1 0.8421875 0.7609375 0.0171875 0.0296875
1 0.8265625 0.7796875 0.03125 0.0171875
1 0.825 0.6765625 0.0171875 0.0171875
1 0.7421875 0.81875 0.01875 0.028125
1 0.759375 0.7875 0.0375 0.0328125
1 0.6796875 0.765625 0.028125 0.0125
1 0.6765625 0.78125 0.0234375 0.021875
1 0.7125 0.7140625 0.0140625 0.0109375
1 0.715625 0.6984375 0.0234375 0.015625
1 0.7125 0.6875 0.0234375 0.0109375
1 0.7703125 0.7265625 0.0296875 0.0234375
1 0.7578125 0.7453125 0.0359375 0.0359375
1 0.5625 0.9796875 0.0234375 0.0203125
1 0.5765625 0.9859375 0.01875 0.0125
1 0.540625 0.778125 0.025 0.028125
1 0.565625 0.7703125 0.025 0.03125
1 0.4578125 0.734375 0.0078125 0.0125
1 0.4578125 0.7765625 0.0109375 0.0109375
0 0.6140625 0.8765625 0.090625 0.1734375
0 0.5109375 0.8765625 0.1171875 0.2046875
1 0.484375 0.90625 0.028125 0.01875
1 0.7484375 0.9890625 0.03125 0.021875
1 0.7421875 0.9703125 0.0265625 0.021875
1 0.896875 0.8390625 0.0234375 0.015625
0 0.953125 0.8875 0.0515625 0.078125
1 0.9625 0.9359375 0.0328125 0.01875
0 0.86875 0.8921875 0.121875 0.1140625
0 0.784375 0.896875 0.1171875 0.1109375