1 0.41875 0.58515625 0.01875 0.0078125
1 0.45 0.58359375 0.04375 0.0109375
1 0.3890625 0.58125 0.015625 0.015625
1 0.2171875 0.57890625 0.015625 0.0203125
1 0.3328125 0.5734375 0.009375 0.0140625
1 0.29765625 0.57265625 0.0265625 0.0328125
1 0.39375 0.553125 0.0171875 0.01875
1 0.4734375 0.54375 0.01875 0.00625
1 0.3484375 0.53125 0.0078125 0.021875
1 0.021875 0.5125 0.009375 0.0109375
1 0.5 0.515625 0.0203125 0.0234375
1 0.4921875 0.496875 0.0125 0.0125
1 0.00546875 0.46875 0.0109375 0.015625
1 0.375 0.3953125 0.00625 0.009375
1 0.340625 0.3984375 0.0203125 0.0171875
1 0.2 0.3828125 0.0171875 0.021875
1 0.225 0.3578125 0.015625 0.0140625
1 0.1859375 0.265625 0.009375 0.015625
1 0.1234375 0.24375 0.009375 0.0125
1 0.2703125 0.2375 0.0140625 0.015625
1 0.2328125 0.2421875 0.01875 0.028125
1 0.3203125 0.2328125 0.0125 0.0140625
1 0.2359375 0.2109375 0.03125 0.0203125
1 0.290625 0.2046875 0.01875 0.0265625
1 0.2359375 0.19375 0.015625 0.00625
1 0.0421875 0.4859375 0.034375 0.0375
1 0.0703125 0.4796875 0.0296875 0.03125
1 0.0390625 0.546875 0.040625 0.04375
1 0.09140625 0.584375 0.0171875 0.009375
0 0.021875 0.32578125 0.04375 0.1140625
0 0.0234375 0.246875 0.046875 0.1125
1 0.0359375 0.228125 0.0171875 0.015625
1 0.1546875 0.5796875 0.01875 0.015625
1 0.16953125 0.5828125 0.0234375 0.0125
1 0.2265625 0.4828125 0.04375 0.0265625
1 0.2078125 0.50625 0.0359375 0.0328125
1 0.1875 0.46875 0.0453125 0.0359375
1 0.196875 0.4421875 0.0359375 0.025
1 0.1296875 0.3359375 0.0140625 0.0234375
1 0.1359375 0.35625 0.03125 0.01875
1 0.165625 0.225 0.015625 0.0171875
1 0.18125 0.2171875 0.01875 0.028125
1 0.2 0.2046875 0.0375 0.0265625
1 0.1890625 0.325 0.028125 0.028125
1 0.2046875 0.3328125 0.0265625 0.0328125
1 0.2546875 0.375 0.0234375 0.025
1 0.2734375 0.4078125 0.03125 0.05
1 0.303125 0.340625 0.121875 0.10625
1 0.3171875 0.3578125 0.0125 0.0109375
1 0.2875 0.303125 0.0203125 0.021875
1 0.2890625 0.2765625 0.04375 0.034375
1 0.5109375 0.5546875 0.0328125 0.025
1 0.4890625 0.56875 0.025 0.0234375
1 0.453125 0.4703125 0.0125 0.0171875
1 0.4484375 0.478125 0.0140625 0.0078125
1 0.4328125 0.4953125 0.028125 0.0203125
1 0.428125 0.5171875 0.0265625 0.021875
1 0.40625 0.5171875 0.0140625 0.0140625
1 0.3734375 0.5 0.021875 0.0203125
1 0.3984375 0.475 0.04375 0.0421875
0 0.4828125 0.446875 0.0890625 0.0578125
1 0.4125 0.321875 0.01875 0.0109375
0 0.45859375 0.309375 0.1421875 0.2375
1 0.95625 0.4828125 0.009375 0.00625
1 0.5484375 0.4828125 0.025 0.0125
1 0.7859375 0.475 0.0140625 0.0078125
1 0.721875 0.4609375 0.015625 0.021875
1 0.79375 0.446875 0.015625 0.0078125
1 0.7015625 0.4453125 0.0234375 0.0234375
1 0.7875 0.41875 0.0125 0.0078125
1 0.7015625 0.4140625 0.015625 0.025
1 0.9078125 0.4109375 0.0484375 0.0234375
1 0.6796875 0.3921875 0.021875 0.0171875
1 0.55 0.3828125 0.009375 0.0140625
1 0.9390625 0.34375 0.0390625 0.0390625
1 0.84375 0.31875 0.0078125 0.0078125
1 0.94375 0.2984375 0.0265625 0.0265625
1 0.7 0.2734375 0.028125 0.0171875
1 0.7265625 0.271875 0.0140625 0.015625
1 0.653125 0.278125 0.028125 0.0421875
1 0.8640625 0.2375 0.009375 0.0125
1 0.80625 0.2421875 0.0484375 0.03125
1 0.7234375 0.228125 0.0453125 0.0703125
1 0.8640625 0.2046875 0.0265625 0.028125
1 0.7125 0.1453125 0.0109375 0.0171875
1 0.865625 0.1046875 0.0203125 0.009375
1 0.746875 0.0796875 0.009375 0.0140625
1 0.7859375 0.0765625 0.021875 0.0125
1 0.79375 0.065625 0.028125 0.01875
1 0.7 0.059375 0.0234375 0.0125
1 0.865625 0.046875 0.0453125 0.034375
1 0.7625 0.053125 0.053125 0.0359375
1 0.9390625 0.0390625 0.0203125 0.0265625
0 0.64296875 0.01328125 0.0703125 0.0265625
1 0.7 0.3015625 0.0125 0.0171875
1 0.8875 0.4703125 0.01875 0.03125
1 0.8453125 0.4765625 0.021875 0.025
1 0.8578125 0.465625 0.0203125 0.046875
1 0.93125 0.4734375 0.0203125 0.0296875
1 0.871875 0.3765625 0.046875 0.0359375
1 0.8859375 0.384375 0.028125 0.0234375
1 0.878125 0.2625 0.0140625 0.0140625
1 0.8734375 0.278125 0.034375 0.021875
1 0.921875 0.1921875 0.0234375 0.025
0 0.63125 0.0671875 0.10625 0.134375
0 0.60625 0.465625 0.084375 0.0484375
0 0.58828125 0.4359375 0.1171875 0.065625
0 0.61875 0.3828125 0.0828125 0.0796875
0 0.58515625 0.32109375 0.1109375 0.0828125
0 0.571875 0.09375 0.078125 0.059375
0 0.590625 0.15 0.0828125 0.05625
0 0.6 0.2609375 0.078125 0.0625
0 0.6078125 0.18515625 0.15625 0.0921875
1 0.640625 0.2328125 0.021875 0.025
1 0.903125 0.00859375 0.053125 0.0171875
1 0.940625 0.00546875 0.05 0.0109375
1 0.9125 0.06875 0.015625 0.025
1 0.903125 0.0609375 0.015625 0.0234375
1 0.9046875 0.0421875 0.0140625 0.0125
1 0.9328125 0.0609375 0.01875 0.009375
1 0.9171875 0.046875 0.0109375 0.0109375
1 0.9328125 0.1296875 0.0515625 0.059375
1 0.9765625 0.0578125 0.0140625 0.0046875
1 0.9875 0.0359375 0.00625 0.0078125
0 0.96484375 0.1109375 0.0703125 0.11875
1 0.9890625 0.05703125 0.021875 0.0578125
0 0.984375 0.31015625 0.03125 0.0859375
0 0.96796875 0.23125 0.0640625 0.096875
1 0.00625 0.5953125 0.0125 0.0125
1 0.00703125 0.64921875 0.0140625 0.0421875
1 0.01640625 0.7 0.0328125 0.065625
1 0.0375 0.7375 0.0640625 0.0671875
1 0.0578125 0.784375 0.0234375 0.021875
1 0.1203125 0.60234375 0.025 0.0265625
1 0.140625 0.6203125 0.0421875 0.034375
1 0.2515625 0.66875 0.040625 0.0390625
1 0.3828125 0.59921875 0.0375 0.0203125
1 0.3234375 0.71875 0.0390625 0.034375
1 0.25 0.7671875 0.075 0.0578125
1 0.2234375 0.7359375 0.0453125 0.0375
1 0.284375 0.7078125 0.0375 0.0796875
0 0.4765625 0.759375 0.0953125 0.0796875
0 0.45390625 0.66640625 0.1515625 0.1546875
1 0.665625 0.66875 0.021875 0.01875
0 0.7265625 0.92890625 0.290625 0.1421875
0 0.7375 0.73125 0.25625 0.2734375
0 0.76015625 0.6578125 0.2015625 0.1375
1 0.5734375 0.9890625 0.0046875 0.00625
1 0.6265625 0.990625 0.0125 0.01875
1 0.696875 0.9765625 0.00625 0.0109375
1 0.61875 0.871875 0.0046875 0.0125