1 0.2796875 0.3484375 0.0796875 0.053125
1 0.25625 0.0828125 0.028125 0.0171875
1 0.234375 0.1828125 0.0625 0.0234375
1 0.1984375 0.0484375 0.053125 0.0484375
1 0.2203125 0.0359375 0.009375 0.0296875
0 0.1515625 0.040625 0.0328125 0.0484375
0 0.15625 0.1421875 0.053125 0.134375
1 0.184375 0.1640625 0.040625 0.0375
0 0.1546875 0.225 0.05 0.075
0 0.14375 0.3046875 0.1375 0.1078125
1 0.20625 0.36875 0.028125 0.028125
1 0.1671875 0.359375 0.0546875 0.0140625
1 0.159375 0.4078125 0.04375 0.021875
1 0.12578125 0.4 0.0421875 0.0375
1 0.1453125 0.3875 0.03125 0.0234375
1 0.078125 0.375 0.0609375 0.0390625
1 0.075 0.125 0.046875 0.078125
1 0.171875 0.065625 0.0265625 0.0234375
0 0.546875 0.25625 0.078125 0.096875
0 0.565625 0.1046875 0.046875 0.05625
0 0.5671875 0.03125 0.0828125 0.0609375
1 0.61015625 0.0078125 0.0296875 0.015625
1 0.5828125 0.2 0.028125 0.03125
1 0.715625 0.25 0.034375 0.0375
1 0.665625 0.384375 0.021875 0.0203125
1 0.415625 0.2078125 0.0140625 0.0203125
1 0.375 0.19375 0.0328125 0.0375
1 0.37734375 0.27265625 0.0546875 0.1078125
1 0.371875 0.009375 0.028125 0.01875
1 0.371875 0.053125 0.0265625 0.0359375
1 0.359375 0.0890625 0.01875 0.03125
1 0.365625 0.22265625 0.03125 0.0265625
1 0.3875 0.3671875 0.028125 0.0265625
1 0.5359375 0.16875 0.040625 0.028125
1 0.6609375 0.18125 0.0234375 0.0359375
1 0.775 0.0921875 0.028125 0.0171875
1 0.8640625 0.0609375 0.03125 0.03125
1 0.96875 0.109375 0.0171875 0.0234375
1 0.8359375 0.2515625 0.021875 0.0234375
1 0.6046875 0.3625 0.00625 0.0359375
1 0.6375 0.4140625 0.015625 0.009375
1 0.6109375 0.053125 0.015625 0.021875
1 0.640625 0.021875 0.01875 0.0296875
1 0.84375 0.0734375 0.021875 0.0234375
1 0.41875 0.0375 0.028125 0.021875
1 0.4984375 0.203125 0.03125 0.021875
1 0.2953125 0.8953125 0.03125 0.0296875
1 0.3015625 0.8640625 0.0265625 0.034375
1 0.2171875 0.8609375 0.0296875 0.03125
1 0.23125 0.8109375 0.03125 0.0234375
1 0.2015625 0.71875 0.025 0.028125
1 0.33828125 0.74609375 0.0234375 0.0265625
1 0.325 0.484375 0.0265625 0.0234375
1 0.240625 0.5578125 0.034375 0.0359375
1 0.1921875 0.575 0.03125 0.03125
1 0.1171875 0.596875 0.0390625 0.0421875
1 0.1546875 0.5265625 0.021875 0.0328125
1 0.178125 0.5359375 0.0234375 0.03125
1 0.096875 0.85 0.028125 0.0375
0 0.02734375 0.90703125 0.0546875 0.0265625
0 0.0203125 0.81640625 0.040625 0.1453125
0 0.03203125 0.6859375 0.0640625 0.103125
1 0.021875 0.875 0.0375 0.028125
0 0.05859375 0.54765625 0.1171875 0.1515625
0 0.034375 0.45234375 0.06875 0.0671875
1 0.0140625 0.47265625 0.028125 0.0296875
1 0.0765625 0.85 0.0234375 0.0203125
1 0.09375 0.9125 0.0171875 0.0171875
1 0.98984375 0.4234375 0.0203125 0.009375
0 0.95390625 0.840625 0.0921875 0.0375
0 0.93984375 0.7875 0.1203125 0.1
0 0.940625 0.6953125 0.1078125 0.1328125
0 0.92734375 0.58046875 0.1453125 0.1109375
0 0.9171875 0.5015625 0.165625 0.11875
1 0.8046875 0.5328125 0.0171875 0.0203125
1 0.8015625 0.5796875 0.01875 0.028125
1 0.6921875 0.8546875 0.0140625 0.009375
1 0.640625 0.8265625 0.0125 0.0125
1 0.6859375 0.8328125 0.015625 0.0203125
1 0.709375 0.74375 0.01875 0.0234375
1 0.740625 0.7328125 0.0171875 0.0171875
1 0.6359375 0.725 0.0203125 0.0171875
1 0.6296875 0.7125 0.0390625 0.015625
1 0.6609375 0.6984375 0.021875 0.021875
1 0.6421875 0.6859375 0.0234375 0.0328125
1 0.6453125 0.68125 0.034375 0.009375
1 0.6359375 0.703125 0.025 0.021875
1 0.5546875 0.6734375 0.028125 0.025
1 0.6390625 0.609375 0.0234375 0.0234375
1 0.575 0.609375 0.0234375 0.0203125
1 0.66875 0.5640625 0.03125 0.0234375
1 0.640625 0.55 0.028125 0.028125
1 0.60625 0.5421875 0.01875 0.03125
1 0.6109375 0.540625 0.03125 0.0296875
1 0.5875 0.4484375 0.0234375 0.025
1 0.6359375 0.4703125 0.0328125 0.0328125
1 0.6078125 0.49375 0.046875 0.0296875
1 0.578125 0.490625 0.03125 0.0359375
1 0.62578125 0.4265625 0.0234375 0.015625
1 0.6140625 0.440625 0.021875 0.0234375
1 0.6015625 0.4296875 0.01875 0.0203125
1 0.5328125 0.8484375 0.0265625 0.0171875
1 0.5046875 0.815625 0.01875 0.0296875
1 0.515625 0.7671875 0.0234375 0.0234375
1 0.4953125 0.7609375 0.0234375 0.0296875
0 0.471875 0.85 0.03125 0.01875
0 0.4484375 0.8546875 0.009375 0.0078125
1 0.4671875 0.840625 0.0234375 0.015625
1 0.5046875 0.8578125 0.0125 0.0015625
1 0.490625 0.8515625 0.0140625 0.0140625
1 0.4890625 0.8390625 0.01875 0.0171875
0 0.4359375 0.8125 0.13125 0.09375
1 0.509375 0.7921875 0.0078125 0.0109375
1 0.475 0.759375 0.01875 0.015625
0 0.390625 0.7796875 0.08125 0.125
0 0.4359375 0.6671875 0.0921875 0.134375
0 0.4328125 0.7125 0.121875 0.090625
1 0.4046875 0.640625 0.0140625 0.009375
1 0.484375 0.6265625 0.0078125 0.01875
1 0.4921875 0.653125 0.0265625 0.0171875
1 0.48125 0.665625 0.009375 0.01875
1 0.4640625 0.6640625 0.01875 0.0109375
1 0.459375 0.6359375 0.0109375 0.015625
1 0.4671875 0.6765625 0.0171875 0.009375
1 0.403125 0.6109375 0.015625 0.0125
1 0.5265625 0.5671875 0.03125 0.0234375
1 0.496875 0.571875 0.021875 0.0171875
1 0.353125 0.56953125 0.00625 0.0328125
0 0.4375 0.509375 0.15 0.1171875
0 0.428125 0.46484375 0.134375 0.0921875
1 0.690625 0.70625 0.009375 0.015625
1 0.6609375 0.6296875 0.0203125 0.015625
1 0.590625 0.465625 0.0203125 0.0140625