1 0.4515625 0.38046875 0.015625 0.0140625
1 0.4390625 0.2703125 0.01875 0.0234375
1 0.378125 0.378125 0.0125 0.0125
1 0.3734375 0.3625 0.015625 0.0125
1 0.34375 0.3390625 0.03125 0.0203125
1 0.3875 0.3328125 0.0296875 0.0140625
1 0.3578125 0.296875 0.021875 0.0125
1 0.3734375 0.2671875 0.0078125 0.0203125
1 0.346875 0.2765625 0.01875 0.0078125
1 0.3359375 0.2546875 0.01875 0.0078125
1 0.3625 0.2359375 0.028125 0.0203125
1 0.296875 0.2609375 0.0125 0.015625
1 0.3203125 0.1875 0.01875 0.015625
1 0.3671875 0.178125 0.03125 0.0234375
1 0.39375 0.18125 0.015625 0.0125
1 0.378125 0.3421875 0.00625 0.0109375
1 0.39375 0.384375 0.0109375 0.009375
1 0.275 0.2140625 0.0125 0.009375
1 0.28125 0.1984375 0.01875 0.0125
1 0.34375 0.1671875 0.0125 0.0171875
1 0.3734375 0.15625 0.009375 0.0125
1 0.3796875 0.140625 0.0171875 0.01875
1 0.4375 0.1390625 0.021875 0.015625
1 0.4015625 0.00625 0.034375 0.0125
1 0.346875 0.0234375 0.03125 0.0328125
1 0.290625 0.378125 0.025 0.0203125
1 0.259375 0.371875 0.0234375 0.0125
1 0.234375 0.3234375 0.021875 0.0109375
1 0.228125 0.16875 0.025 0.0140625
1 0.2171875 0.1453125 0.015625 0.015625
1 0.1765625 0.1421875 0.0265625 0.0171875
1 0.2359375 0.1125 0.03125 0.0375
1 0.225 0.0671875 0.025 0.0328125
1 0.2078125 0.0671875 0.0171875 0.015625
1 0.1734375 0.03125 0.0140625 0.0140625
1 0.275 0.0640625 0.0296875 0.0140625
1 0.3703125 0.075 0.0125 0.0171875
1 0.2671875 0.0390625 0.0171875 0.021875
1 0.1015625 0.3765625 0.015625 0.0140625
1 0.0984375 0.3578125 0.015625 0.0203125
1 0.0484375 0.3796875 0.0140625 0.01875
1 0.09375 0.3359375 0.0390625 0.03125
1 0.125 0.325 0.025 0.015625
1 0.1859375 0.334375 0.0109375 0.0109375
1 0.0390625 0.31875 0.01875 0.015625
1 0.1 0.278125 0.0140625 0.0265625
1 0.065625 0.290625 0.0265625 0.0171875
1 0.0859375 0.2578125 0.01875 0.0421875
1 0.10625 0.2546875 0.0078125 0.0125
1 0.065625 0.26875 0.0203125 0.00625
1 0.0421875 0.234375 0.0125 0.0203125
1 0.0703125 0.2421875 0.0375 0.03125
1 0.0328125 0.171875 0.015625 0.0234375
1 0.10625 0.1375 0.0203125 0.0140625
1 0.103125 0.10625 0.0109375 0.015625
1 0.0875 0.1078125 0.0171875 0.0140625
1 0.0578125 0.0875 0.0203125 0.0234375
1 0.096875 0.078125 0.015625 0.01875
1 0.0296875 0.1234375 0.0359375 0.040625
1 0.009375 0.1109375 0.0171875 0.015625
1 0.1859375 0.00625 0.0078125 0.00625
1 0.1 0.0328125 0.04375 0.0375
1 0.0796875 0.01875 0.015625 0.0171875
1 0.0421875 0.053125 0.0125 0.0171875
1 0.0078125 0.0421875 0.015625 0.025
1 0.03125 0.0375 0.028125 0.021875
1 0.04296875 0.01015625 0.0203125 0.0203125
1 0.3171875 0.2203125 0.0125 0.0125
1 0.0828125 0.00703125 0.015625 0.0140625
1 0.815625 0.146875 0.0625 0.0390625
1 0.8140625 0.221875 0.0265625 0.0109375
1 0.9953125 0.2109375 0.009375 0.059375
1 0.790625 0.24375 0.0203125 0.01875
1 0.9703125 0.2390625 0.0421875 0.0390625
1 0.521875 0.2515625 0.0421875 0.0265625
1 0.8140625 0.2578125 0.0359375 0.040625
1 0.95625 0.2734375 0.040625 0.0265625
0 0.6859375 0.2375 0.11875 0.134375
1 0.6640625 0.3 0.015625 0.0109375
1 0.4796875 0.2921875 0.021875 0.0265625
1 0.5046875 0.3015625 0.015625 0.00625
1 0.4671875 0.27265625 0.015625 0.0703125
1 0.85 0.3015625 0.015625 0.0265625
1 0.815625 0.3125 0.028125 0.0359375
1 0.49375 0.3390625 0.046875 0.025
1 0.8375 0.375 0.0171875 0.0078125
1 0.8015625 0.3734375 0.0234375 0.028125
1 0.99375 0.3828125 0.009375 0.0109375
1 0.88125 0.3765625 0.0296875 0.0515625
1 0.8296875 0.428125 0.0234375 0.009375
1 0.5375 0.41875 0.0265625 0.03125
1 0.9296875 0.4234375 0.0640625 0.0234375
1 0.859375 0.440625 0.009375 0.009375
1 0.7453125 0.4390625 0.0359375 0.021875
1 0.9828125 0.4421875 0.034375 0.034375
1 0.5421875 0.4609375 0.03125 0.0171875
1 0.603125 0.4890625 0.015625 0.015625
1 0.47109375 0.45703125 0.0234375 0.0921875
1 0.5125 0.4953125 0.01875 0.04375
1 0.884375 0.5125 0.0359375 0.0265625
1 0.540625 0.5140625 0.0296875 0.025
1 0.609375 0.51953125 0.01875 0.0203125
1 0.78125 0.52734375 0.00625 0.0046875
1 0.5171875 0.5265625 0.025 0.00625
1 0.84921875 0.5234375 0.0359375 0.0125
0 0.6828125 0.4765625 0.090625 0.10625
1 0.925 0.2265625 0.0296875 0.0125
1 0.8828125 0.246875 0.0453125 0.0484375
1 0.9671875 0.50625 0.0234375 0.0109375
1 0.9828125 0.365625 0.015625 0.0109375
1 0.51875 0.1265625 0.0421875 0.0296875
1 0.68125 0.1484375 0.0359375 0.0234375
1 0.628125 0.1359375 0.0296875 0.0234375
1 0.590625 0.128125 0.053125 0.03125
1 0.121875 0.65 0.0203125 0.0234375
1 0.3890625 0.8078125 0.01875 0.0234375
1 0.390625 0.828125 0.0078125 0.009375
1 0.4203125 0.8453125 0.0234375 0.034375
1 0.0171875 0.91875 0.01875 0.0078125
1 0.353125 0.6859375 0.0078125 0.009375
1 0.3625 0.6796875 0.015625 0.015625
1 0.2828125 0.690625 0.0734375 0.090625
0 0.16875 0.640625 0.15625 0.1484375
1 0.23125 0.6390625 0.0515625 0.075
1 0.1171875 0.796875 0.0234375 0.0265625
1 0.171875 0.7265625 0.025 0.015625
0 0.1921875 0.75625 0.1265625 0.0875
1 0.2328125 0.784375 0.0984375 0.053125
1 0.2484375 0.84375 0.0453125 0.090625
1 0.2078125 0.8390625 0.021875 0.028125
1 0.246875 0.9015625 0.05 0.0515625
0 0.15625 0.80625 0.04375 0.01875
0 0.209375 0.9109375 0.175 0.178125
1 0.878125 0.5453125 0.0265625 0.025
1 0.8625 0.5796875 0.0171875 0.0140625
1 0.790625 0.5859375 0.025 0.0234375
1 0.7828125 0.628125 0.0171875 0.021875
1 0.75625 0.63125 0.01875 0.0125
1 0.8390625 0.634375 0.01875 0.021875
1 0.78203125 0.5375 0.0140625 0.015625
1 0.7328125 0.540625 0.021875 0.0171875
1 0.67734375 0.53125 0.0109375 0.003125
1 0.69296875 0.5390625 0.0328125 0.01875
1 0.6734375 0.565625 0.0390625 0.028125
1 0.6640625 0.5921875 0.034375 0.0234375
1 0.7140625 0.6140625 0.021875 0.0375
1 0.7171875 0.640625 0.01875 0.009375
1 0.6359375 0.690625 0.0453125 0.034375
1 0.621875 0.6171875 0.0359375 0.0203125
1 0.7296875 0.734375 0.03125 0.0203125
1 0.8015625 0.7375 0.0421875 0.0484375
1 0.928125 0.6921875 0.025 0.0203125
1 0.66875 0.7609375 0.021875 0.0171875
1 0.640625 0.75625 0.028125 0.0265625
1 0.6125 0.7359375 0.028125 0.0296875
1 0.590625 0.7140625 0.021875 0.025
1 0.709375 0.765625 0.021875 0.009375
1 0.89375 0.7296875 0.0125 0.015625
1 0.490625 0.684375 0.034375 0.0296875
1 0.496875 0.7625 0.034375 0.01875
0 0.5140625 0.6125 0.090625 0.090625
1 0.4921875 0.621875 0.0171875 0.0078125
0 0.5125 0.5484375 0.090625 0.0375
0 0.5234375 0.7171875 0.1125 0.1078125
0 0.9734375 0.69375 0.053125 0.11875