1 0.3671875 0.0390625 0.0546875 0.0546875
1 0.7203125 0.1765625 0.0671875 0.078125
0 0.496875 0.2328125 0.19375 0.134375
0 0.5140625 0.1765625 0.190625 0.21875
1 0.525 0.0640625 0.0796875 0.0375
1 0.128125 0.7609375 0.109375 0.0421875
1 0.2828125 0.7421875 0.0125 0.01875
1 0.2890625 0.715625 0.028125 0.025
1 0.0671875 0.6921875 0.0515625 0.034375
1 0.3453125 0.65625 0.0328125 0.03125
1 0.23125 0.59375 0.0125 0.0140625
1 0.278125 0.578125 0.01875 0.0140625
1 0.271875 0.5359375 0.040625 0.021875
1 0.38359375 0.50234375 0.0328125 0.0453125
1 0.2609375 0.33125 0.0359375 0.0203125
1 0.3421875 0.759375 0.028125 0.0375
1 0.46875 0.940625 0.0375 0.0125
1 0.484375 0.9046875 0.0109375 0.0109375
1 0.846875 0.8828125 0.015625 0.0125
1 0.5171875 0.86875 0.0140625 0.0125
1 0.4984375 0.8265625 0.0109375 0.0140625
1 0.7546875 0.8109375 0.015625 0.0125
1 0.728125 0.7890625 0.0203125 0.03125
1 0.4828125 0.7625 0.0109375 0.00625
1 0.4171875 0.7625 0.0078125 0.015625
1 0.4109375 0.71875 0.0125 0.0234375
1 0.4203125 0.6875 0.009375 0.009375
1 0.8703125 0.678125 0.01875 0.01875
1 0.63125 0.65 0.015625 0.021875
1 0.7859375 0.6296875 0.0125 0.015625
1 0.5890625 0.6125 0.0109375 0.01875
1 0.6109375 0.6015625 0.0125 0.0203125
1 0.6671875 0.5953125 0.0171875 0.0171875
1 0.625 0.571875 0.0265625 0.034375
1 0.846875 0.54375 0.0140625 0.0109375
1 0.7546875 0.484375 0.0328125 0.03125
1 0.7578125 0.45625 0.0203125 0.021875
1 0.503125 0.509375 0.0296875 0.0296875
1 0.7609375 0.7453125 0.015625 0.015625
1 0.8125 0.7859375 0.015625 0.0140625
0 0.8453125 0.9046875 0.096875 0.084375
0 0.859375 0.746875 0.21875 0.1203125
0 0.9140625 0.60703125 0.171875 0.1078125