1 0.92578125 0.2125 0.0328125 0.0125
1 0.75 0.165625 0.0984375 0.08125
1 0.8765625 0.109375 0.009375 0.0109375
1 0.8296875 0.084375 0.0296875 0.0375
1 0.971875 0.04375 0.0375 0.0484375
1 0.5171875 0.025 0.0328125 0.025
0 0.62265625 0.075 0.2046875 0.15
1 0.7296875 0.0046875 0.025 0.009375
0 0.515625 0.109375 0.4375 0.21875
0 0.49453125 0.18515625 0.4109375 0.0671875
0 0.2265625 0.8390625 0.078125 0.06875
0 0.140625 0.846875 0.11875 0.11875
1 0.153125 0.675 0.025 0.0234375
1 0.2421875 0.6546875 0.0546875 0.03125
0 0.171875 0.5265625 0.1453125 0.1421875
1 0.146875 0.425 0.028125 0.0140625
1 0.190625 0.5984375 0.0765625 0.0921875
1 0.1828125 0.7078125 0.0328125 0.028125
1 0.1890625 0.66875 0.01875 0.015625
0 0.89375 0.7703125 0.05 0.0625
1 0.8078125 0.5734375 0.015625 0.015625
1 0.7171875 0.5453125 0.0296875 0.0234375
1 0.8578125 0.478125 0.0234375 0.021875
0 0.8953125 0.4234375 0.109375 0.0984375
1 0.865625 0.365625 0.0203125 0.01875
1 0.44375 0.36875 0.03125 0.025
0 0.3890625 0.3953125 0.1546875 0.0765625
0 0.3875 0.5 0.134375 0.1921875
0 0.4203125 0.6109375 0.1546875 0.1125
1 0.4140625 0.6671875 0.05625 0.0296875
1 0.4484375 0.7296875 0.0609375 0.0390625
1 0.4296875 0.75625 0.1015625 0.084375
1 0.3890625 0.840625 0.0828125 0.0796875
1 0.7109375 0.5828125 0.025 0.03125
1 0.74375 0.56875 0.0234375 0.028125
1 0.671875 0.625 0.03125 0.021875
1 0.7578125 0.634375 0.028125 0.0171875
1 0.7046875 0.7015625 0.0171875 0.0234375
1 0.7109375 0.7234375 0.01875 0.015625
1 0.7 0.4625 0.0265625 0.0234375
1 0.69375 0.4375 0.0140625 0.015625
1 0.715625 0.3796875 0.0234375 0.009375
1 0.6734375 0.45625 0.015625 0.0125
1 0.7046875 0.4828125 0.01875 0.0171875
1 0.7515625 0.53125 0.01875 0.0171875
1 0.5953125 0.5328125 0.01875 0.015625
1 0.615625 0.528125 0.0171875 0.0171875
1 0.7375 0.4125 0.021875 0.0234375
1 0.753125 0.403125 0.03125 0.021875
1 0.7921875 0.4359375 0.01875 0.021875
0 0.928125 0.5359375 0.1328125 0.0640625
0 0.8921875 0.6140625 0.146875 0.1421875
1 0.9140625 0.8265625 0.0421875 0.0453125