1 0.08203125 0.015625 0.0203125 0.03125
1 0.0359375 0.1671875 0.015625 0.0328125
1 0.146875 0.3125 0.01875 0.009375
0 0.103125 0.234375 0.175 0.24375
1 0.13125 0.3734375 0.0265625 0.0140625
1 0.1703125 0.4296875 0.0171875 0.0140625
1 0.1625 0.4640625 0.0234375 0.01875
0 0.1671875 0.4 0.259375 0.1546875
1 0.0828125 0.0953125 0.0296875 0.0984375
1 0.078125 0.0765625 0.0265625 0.0234375
1 0.2078125 0.428125 0.0328125 0.01875
1 0.1796875 0.103125 0.0140625 0.021875
0 0.571875 0.25 0.2375 0.296875
0 0.5625 0.39140625 0.325 0.2171875
0 0.5859375 0.0453125 0.275 0.090625
1 0.740625 0.1265625 0.0734375 0.065625
1 0.728125 0.3890625 0.0453125 0.05
1 0.8484375 0.296875 0.0390625 0.05625
1 0.80625 0.2015625 0.0375 0.0625
1 0.98828125 0.48828125 0.0234375 0.0234375
1 0.9625 0.24296875 0.075 0.3921875
1 0.3578125 0.5234375 0.015625 0.021875
1 0.35703125 0.5109375 0.0265625 0.021875
1 0.38203125 0.828125 0.0140625 0.025
1 0.375 0.6765625 0.028125 0.040625
1 0.340625 0.7125 0.0453125 0.05625
1 0.3109375 0.725 0.05625 0.0671875
1 0.303125 0.6703125 0.0609375 0.065625
1 0.353125 0.6703125 0.0265625 0.021875
1 0.334375 0.684375 0.0359375 0.034375
1 0.37890625 0.55859375 0.0203125 0.0203125
1 0.2375 0.5484375 0.034375 0.04375
1 0.20234375 0.53203125 0.0828125 0.0640625
0 0.10078125 0.52265625 0.1140625 0.0453125
1 0.153125 0.5671875 0.0296875 0.03125
0 0.103125 0.55625 0.1390625 0.1109375
0 0.10625 0.6453125 0.1265625 0.1046875
1 0.2140625 0.6890625 0.0734375 0.0640625
1 0.15625 0.6921875 0.0171875 0.028125
1 0.1890625 0.7484375 0.05 0.0546875
1 0.1421875 0.7625 0.053125 0.0390625
1 0.103125 0.7078125 0.0234375 0.046875
1 0.0609375 0.6984375 0.0671875 0.0578125
1 0.05625 0.7765625 0.0359375 0.0375
1 0.0578125 0.815625 0.0328125 0.0453125
1 0.1703125 0.875 0.0296875 0.034375
1 0.2046875 0.8984375 0.065625 0.0625
1 0.2375 0.871875 0.0421875 0.053125
1 0.2296875 0.790625 0.0359375 0.0453125
1 0.265625 0.8171875 0.0625 0.0859375
1 0.353125 0.84375 0.0265625 0.046875
1 0.2953125 0.878125 0.0765625 0.0484375
1 0.309375 0.9140625 0.021875 0.0265625
1 0.0453125 0.9015625 0.08125 0.053125
1 0.0375 0.85 0.0546875 0.046875
1 0.0109375 0.7140625 0.021875 0.021875
1 0.0484375 0.74375 0.0265625 0.0203125
1 0.00390625 0.86640625 0.0078125 0.0203125
1 0.0625 0.5953125 0.0390625 0.05
1 0.034375 0.565625 0.03125 0.0390625
1 0.0203125 0.584375 0.03125 0.04375
1 0.0109375 0.646875 0.021875 0.059375
0 0.0953125 0.8765625 0.121875 0.0984375
0 0.1125 0.796875 0.0859375 0.103125
1 0.9078125 0.7421875 0.021875 0.0234375
1 0.925 0.6796875 0.0171875 0.0140625
1 0.9390625 0.553125 0.015625 0.0109375
1 0.6421875 0.596875 0.03125 0.0296875
1 0.5421875 0.56875 0.0265625 0.025
1 0.6953125 0.8453125 0.0125 0.009375
1 0.59375 0.809375 0.065625 0.046875
1 0.5453125 0.69375 0.0328125 0.0265625
1 0.515625 0.8 0.03125 0.040625
1 0.4515625 0.671875 0.0453125 0.0328125
1 0.478125 0.640625 0.0296875 0.0125
1 0.4515625 0.6390625 0.01875 0.0234375
0 0.4046875 0.84296875 0.03125 0.0109375
0 0.6109375 0.7671875 0.0609375 0.1640625
0 0.5921875 0.8046875 0.0578125 0.0890625
0 0.46875 0.66875 0.159375 0.3125
0 0.4734375 0.55546875 0.16875 0.1109375