1 0.5109375 0.15 0.0234375 0.0234375
1 0.50625 0.2015625 0.03125 0.0421875
1 0.575 0.1875 0.0359375 0.040625
0 0.346875 0.215625 0.2109375 0.2140625
1 0.3234375 0.15 0.0609375 0.0390625
1 0.28046875 0.01875 0.0453125 0.0375
0 0.603125 0.22109375 0.053125 0.2921875
1 0.6046875 0.31875 0.0171875 0.028125
1 0.509375 0.340625 0.040625 0.034375
1 0.509375 0.5359375 0.04375 0.0328125
1 0.54375 0.4375 0.0328125 0.021875
1 0.328125 0.453125 0.0734375 0.0796875
1 0.3875 0.4890625 0.0484375 0.0265625
1 0.3640625 0.2453125 0.0203125 0.025
1 0.571875 0.2734375 0.0265625 0.021875
0 0.240625 0.2328125 0.053125 0.065625
1 0.471875 0.35625 0.021875 0.046875
1 0.5234375 0.4953125 0.028125 0.021875
1 0.478125 0.2828125 0.0265625 0.0390625
1 0.6328125 0.49453125 0.00625 0.0109375
1 0.63984375 0.16484375 0.0203125 0.0640625
1 0.7609375 0.33125 0.015625 0.021875
1 0.7828125 0.34375 0.0078125 0.00625
1 0.8 0.346875 0.0078125 0.0125
1 0.7703125 0.215625 0.06875 0.103125
1 0.6796875 0.5609375 0.0046875 0.00625
0 0.7265625 0.4640625 0.059375 0.1890625
0 0.8609375 0.4421875 0.1703125 0.146875
1 0.890625 0.3828125 0.0140625 0.0109375
1 0.8578125 0.396875 0.0078125 0.0078125
1 0.140625 0.5984375 0.0078125 0.015625
1 0.1375 0.6203125 0.0078125 0.00625
1 0.20546875 0.59375 0.0171875 0.009375
1 0.371875 0.6109375 0.0125 0.0078125
1 0.528125 0.684375 0.0078125 0.0140625
1 0.3296875 0.6828125 0.0046875 0.00625
1 0.278125 0.6765625 0.0125 0.0109375
1 0.0671875 0.76875 0.0078125 0.0109375
1 0.06875 0.7828125 0.0109375 0.009375
1 0.2390625 0.7734375 0.084375 0.053125
1 0.3515625 0.75 0.06875 0.046875
1 0.4890625 0.765625 0.0125 0.0140625
1 0.565625 0.7328125 0.00625 0.0078125
1 0.575 0.8109375 0.03125 0.0375
0 0.5265625 0.821875 0.084375 0.1015625
0 0.5578125 0.9171875 0.065625 0.0421875
1 0.5375 0.8234375 0.065625 0.05625
0 0.328125 0.8359375 0.2 0.128125
1 0.36875 0.78125 0.021875 0.0125
0 0.1859375 0.890625 0.15625 0.21875
0 0.5484375 0.853125 0.065625 0.059375
1 0.4203125 0.9015625 0.0125 0.009375
1 0.653125 0.6109375 0.046875 0.04375
0 0.7125 0.640625 0.0625 0.103125
1 0.7359375 0.6984375 0.1140625 0.0828125
1 0.7765625 0.6578125 0.040625 0.0359375
1 0.75859375 0.61484375 0.0359375 0.0515625
0 0.8109375 0.634375 0.075 0.090625
1 0.7625 0.7796875 0.05625 0.0390625
1 0.75 0.815625 0.0265625 0.0296875
0 0.86875 0.63046875 0.125 0.0828125
0 0.946875 0.63515625 0.10625 0.0921875
1 0.9796875 0.6984375 0.040625 0.03125
1 0.9515625 0.6828125 0.046875 0.0609375
1 0.8921875 0.71875 0.03125 0.03125
1 0.8796875 0.75625 0.0203125 0.0078125
1 0.8765625 0.7734375 0.0421875 0.0296875
1 0.95 0.7390625 0.0265625 0.05
1 0.921875 0.7859375 0.0515625 0.071875
1 0.940625 0.771875 0.015625 0.009375
1 0.946875 0.8375 0.1046875 0.065625
1 0.859375 0.83125 0.0484375 0.0328125
1 0.846875 0.8578125 0.01875 0.01875
1 0.675 0.76875 0.021875 0.028125
1 0.66875 0.784375 0.028125 0.025
1 0.6453125 0.7671875 0.01875 0.0265625
1 0.6734375 0.9109375 0.065625 0.078125
1 0.69375 0.89375 0.025 0.0265625
1 0.73125 0.8640625 0.0703125 0.084375
1 0.771875 0.8484375 0.015625 0.009375
1 0.76875 0.909375 0.0359375 0.05
1 0.8015625 0.8609375 0.0140625 0.0125
1 0.7890625 0.9578125 0.0265625 0.025
1 0.8953125 0.9546875 0.0484375 0.053125
1 0.8390625 0.97890625 0.065625 0.0421875
1 0.840625 0.946875 0.0234375 0.05625
1 0.9828125 0.9765625 0.034375 0.034375
1 0.9640625 0.95 0.0421875 0.0375
1 0.99140625 0.91875 0.0171875 0.0125
1 0.99453125 0.93046875 0.0109375 0.0140625
1 0.984375 0.9515625 0.03125 0.04375