1 0.125 0.2171875 0.0390625 0.04375
1 0.1390625 0.23125 0.0296875 0.025
1 0.5484375 0.3078125 0.0046875 0.0078125
1 0.5671875 0.31171875 0.04375 0.0484375
0 0.2140625 0.2484375 0.2203125 0.121875
0 0.18515625 0.29921875 0.2859375 0.1390625
1 0.2953125 0.328125 0.009375 0.009375
1 0.0390625 0.353125 0.009375 0.00625
1 0.5046875 0.221875 0.0125 0.0078125
1 0.59921875 0.0265625 0.0203125 0.046875
1 0.61640625 0.00703125 0.0203125 0.0140625
1 0.7125 0.259375 0.0234375 0.0109375
1 0.834375 0.1265625 0.03125 0.0265625
1 0.8796875 0.0953125 0.015625 0.0125
1 0.98671875 0.15859375 0.0265625 0.0328125
1 0.9765625 0.1703125 0.025 0.021875
1 0.665625 0.1140625 0.009375 0.0140625
0 0.79765625 0.06484375 0.2765625 0.1296875
1 0.6984375 0.0984375 0.01875 0.0140625
0 0.8375 0.184375 0.2625 0.36875
0 0.8421875 0.096875 0.0609375 0.0734375
0 0.815625 0.09375 0.025 0.0453125
1 0.81875 0.2890625 0.034375 0.025
0 0.771875 0.25078125 0.33125 0.2359375
0 0.88046875 0.33828125 0.1046875 0.0609375
0 0.946875 0.3109375 0.0421875 0.0546875
1 0.028125 0.625 0.0296875 0.0125
1 0.0265625 0.8171875 0.05 0.046875
1 0.0421875 0.515625 0.0140625 0.01875
1 0.053125 0.5828125 0.0375 0.0453125
1 0.03125 0.6078125 0.03125 0.0171875
1 0.034375 0.6359375 0.0140625 0.0125
1 0.1125 0.496875 0.0140625 0.0046875
1 0.171875 0.5640625 0.0125 0.003125
1 0.1703125 0.709375 0.034375 0.0546875
0 0.340625 0.578125 0.11875 0.1375
1 0.3046875 0.5171875 0.0125 0.015625
1 0.528125 0.5046875 0.003125 0.021875
0 0.228125 0.7125 0.325 0.2546875
1 0.1484375 0.8828125 0.0046875 0.015625
0 0.19609375 0.93671875 0.3265625 0.1265625
1 0.2859375 0.759375 0.090625 0.0703125
1 0.521875 0.628125 0.040625 0.0328125
1 0.565625 0.7671875 0.0265625 0.04375
1 0.53125 0.815625 0.015625 0.015625
1 0.49375 0.871875 0.0265625 0.021875
1 0.4765625 0.8390625 0.034375 0.034375
1 0.1578125 0.828125 0.0203125 0.0515625
1 0.309375 0.8109375 0.0921875 0.0484375
1 0.953125 0.7640625 0.009375 0.009375
1 0.9359375 0.6828125 0.015625 0.0359375
1 0.8921875 0.559375 0.0265625 0.0484375
1 0.9953125 0.5375 0.0078125 0.0140625
1 0.984375 0.50625 0.0109375 0.00625
1 0.9703125 0.475 0.0109375 0.015625
0 0.75703125 0.42265625 0.2796875 0.1078125
0 0.72578125 0.5984375 0.2734375 0.359375
0 0.7609375 0.684375 0.2546875 0.1890625