0 0.3078125 0.5203125 0.128125 0.115625
0 0.303125 0.3625 0.1828125 0.1015625
1 0.26875 0.303125 0.0296875 0.0265625
1 0.140625 0.475 0.0140625 0.021875
1 0.1140625 0.465625 0.0234375 0.0234375
1 0.15 0.45 0.0171875 0.01875
1 0.203125 0.3984375 0.0296875 0.0203125
1 0.084375 0.3984375 0.01875 0.021875
1 0.0953125 0.315625 0.0390625 0.0375
1 0.103125 0.29375 0.015625 0.0171875
0 0.3296875 0.2140625 0.146875 0.11875
0 0.2984375 0.1421875 0.14375 0.1
1 0.2234375 0.1625 0.025 0.0234375
0 0.2859375 0.075 0.0828125 0.0484375
1 0.075 0.5734375 0.0234375 0.009375
1 0.071875 0.4625 0.0234375 0.0265625
1 0.04375 0.4796875 0.0125 0.015625
1 0.00546875 0.46953125 0.0109375 0.0234375
1 0.0359375 0.459375 0.0125 0.0125
1 0.0390625 0.428125 0.0296875 0.0234375
1 0.0453125 0.3875 0.0171875 0.0296875
1 0.0046875 0.2953125 0.009375 0.025
1 0.0375 0.2578125 0.01875 0.0234375
1 0.0296875 0.228125 0.015625 0.0203125
1 0.0875 0.1234375 0.015625 0.0203125
1 0.0546875 0.134375 0.01875 0.021875
1 0.00859375 0.09375 0.0171875 0.01875
1 0.046875 0.553125 0.025 0.028125
1 0.990625 0.2421875 0.009375 0.0140625
1 0.9890625 0.3765625 0.021875 0.021875
1 0.99296875 0.396875 0.0140625 0.015625
1 0.9140625 0.4203125 0.046875 0.0140625
1 0.9296875 0.3671875 0.021875 0.015625
1 0.946875 0.3609375 0.015625 0.0140625
1 0.921875 0.3515625 0.025 0.0265625
1 0.93125 0.334375 0.01875 0.0296875
1 0.9015625 0.2359375 0.01875 0.0171875
1 0.76875 0.034375 0.00625 0.009375
1 0.8484375 0.1171875 0.009375 0.0140625
1 0.8171875 0.3140625 0.0109375 0.015625
1 0.853125 0.3765625 0.0390625 0.028125
1 0.75625 0.3578125 0.0125 0.015625
1 0.7296875 0.2734375 0.015625 0.0234375
1 0.7828125 0.30625 0.0234375 0.0375
1 0.76875 0.1671875 0.0109375 0.015625
1 0.725 0.1578125 0.0140625 0.0140625
1 0.6578125 0.2375 0.01875 0.0125
1 0.61875 0.3 0.0875 0.05
1 0.5421875 0.36875 0.0140625 0.0078125
1 0.5453125 0.3578125 0.00625 0.0078125
1 0.5515625 0.2078125 0.01875 0.01875
1 0.5578125 0.196875 0.009375 0.015625
1 0.6203125 0.190625 0.03125 0.028125
1 0.55625 0.159375 0.015625 0.0125
0 0.5875 0.4015625 0.04375 0.053125
0 0.65078125 0.3109375 0.2828125 0.128125
0 0.7015625 0.2234375 0.2703125 0.38125
0 0.6015625 0.07109375 0.18125 0.1421875
1 0.6203125 0.0109375 0.0125 0.021875
1 0.4921875 0.6203125 0.0265625 0.01875
0 0.41484375 0.621875 0.1828125 0.025
0 0.4203125 0.7125 0.140625 0.18125
1 0.3421875 0.634375 0.0390625 0.0328125
1 0.35078125 0.62109375 0.0484375 0.0234375
1 0.03984375 0.61640625 0.0578125 0.0140625
1 0.0390625 0.6390625 0.078125 0.0375
1 0.0125 0.78203125 0.025 0.0296875
1 0.053125 0.78125 0.0625 0.0734375
1 0.1 0.80625 0.040625 0.0234375
1 0.1484375 0.796875 0.0375 0.0421875
1 0.1234375 0.740625 0.0625 0.05625
1 0.15625 0.7578125 0.0359375 0.025
1 0.10625 0.684375 0.034375 0.0328125
1 0.1703125 0.7125 0.0203125 0.0234375
1 0.1609375 0.6734375 0.0328125 0.059375
1 0.1609375 0.6234375 0.053125 0.028125
1 0.2078125 0.6171875 0.046875 0.015625
1 0.203125 0.8109375 0.0296875 0.0171875
1 0.2140625 0.7609375 0.0765625 0.084375
1 0.21875 0.7125 0.0546875 0.0421875
1 0.3125 0.690625 0.090625 0.1015625
1 0.3140625 0.7421875 0.0453125 0.028125
1 0.3890625 0.7859375 0.028125 0.0375
1 0.428125 0.80625 0.0609375 0.0265625
0 0.3125 0.778125 0.1609375 0.0828125
1 0.0546875 0.6703125 0.034375 0.021875
0 0.03359375 0.70390625 0.0671875 0.0921875
1 0.2 0.6578125 0.05625 0.078125
1 0.2546875 0.6640625 0.065625 0.09375
1 0.8921875 0.8265625 0.0625 0.05
1 0.9859375 0.72265625 0.028125 0.0546875
0 0.57578125 0.62109375 0.0859375 0.0234375
0 0.56328125 0.67109375 0.1078125 0.0890625
0 0.5625 0.7703125 0.0703125 0.10625
0 0.5671875 0.87578125 0.115625 0.1109375
0 0.56875 0.9359375 0.0375 0.065625
1 0.60625 0.928125 0.0578125 0.0484375