1 0.0265625 0.390625 0.028125 0.021875
1 0.0265625 0.2171875 0.053125 0.0625
1 0.0671875 0.0171875 0.0109375 0.0203125
1 0.0890625 0.375 0.03125 0.0296875
1 0.0859375 0.40625 0.0375 0.025
1 0.38515625 0.01328125 0.0109375 0.0265625
1 0.4203125 0.271875 0.0328125 0.05625
1 0.503125 0.3296875 0.015625 0.009375
1 0.55 0.0328125 0.015625 0.0171875
1 0.5671875 0.0328125 0.0203125 0.0234375
1 0.6453125 0.2140625 0.0265625 0.0265625
1 0.6453125 0.15625 0.059375 0.0640625
1 0.66875 0.3171875 0.0203125 0.0140625
1 0.6734375 0.0625 0.0125 0.0171875
1 0.7453125 0.253125 0.0296875 0.0140625
1 0.759375 0.16875 0.025 0.034375
1 0.8015625 0.40234375 0.034375 0.0328125
1 0.415625 0.328125 0.046875 0.0375
0 0.52890625 0.215625 0.2984375 0.40625
0 0.7421875 0.3640625 0.178125 0.109375
0 0.8125 0.353125 0.0375 0.0625
1 0.225 0.4734375 0.0140625 0.0203125
1 0.196875 0.55 0.021875 0.0171875
1 0.2171875 0.565625 0.0140625 0.0109375
1 0.19375 0.503125 0.0125 0.0125
1 0.0734375 0.5640625 0.021875 0.0171875
1 0.11484375 0.43046875 0.0265625 0.0234375
1 0.146875 0.4421875 0.0234375 0.01875
1 0.159375 0.471875 0.0265625 0.028125
1 0.059375 0.6046875 0.0125 0.0109375
1 0.0390625 0.696875 0.0234375 0.0078125
1 0.153125 0.7328125 0.0140625 0.0109375
1 0.1921875 0.725 0.0359375 0.03125
1 0.059375 0.9546875 0.040625 0.0609375
1 0.1625 0.99609375 0.015625 0.0078125
1 0.0109375 0.80390625 0.021875 0.0234375
1 0.003125 0.83046875 0.00625 0.0140625
1 0.01875 0.8265625 0.0171875 0.015625
1 0.0703125 0.84375 0.0265625 0.06875
1 0.121875 0.928125 0.0328125 0.0171875
1 0.2015625 0.8546875 0.021875 0.028125
1 0.1375 0.85 0.0890625 0.0734375
1 0.221875 0.8515625 0.0203125 0.0265625
0 0.15625 0.88125 0.153125 0.190625
0 0.05703125 0.84296875 0.1140625 0.1671875
1 0.5296875 0.534375 0.0234375 0.0171875
1 0.625 0.546875 0.0265625 0.0234375
1 0.62265625 0.97734375 0.0671875 0.0453125
0 0.50625 0.5953125 0.0828125 0.13125
0 0.5765625 0.609375 0.0578125 0.184375
1 0.7203125 0.48125 0.0453125 0.040625
1 0.8 0.5625 0.0109375 0.009375
1 0.8609375 0.575 0.05 0.0546875
0 0.9296875 0.6359375 0.10625 0.153125
0 0.98125 0.646875 0.01875 0.04375
1 0.83125 0.6375 0.053125 0.046875
1 0.78125 0.6375 0.0328125 0.046875
1 0.76875 0.628125 0.06875 0.046875
1 0.8890625 0.58125 0.053125 0.0859375
1 0.934375 0.9546875 0.0375 0.0546875
1 0.8765625 0.8 0.028125 0.034375
0 0.690625 0.6046875 0.1359375 0.165625
1 0.64375 0.65625 0.0546875 0.0734375
0 0.628125 0.6203125 0.0640625 0.125