1 0.2015625 0.296875 0.0046875 0.015625
1 0.1859375 0.4828125 0.0078125 0.0125
0 0.4046875 0.40546875 0.209375 0.2265625
1 0.353125 0.3453125 0.025 0.05625
0 0.2796875 0.20625 0.090625 0.0546875
0 0.403125 0.24375 0.1203125 0.128125
0 0.3265625 0.278125 0.2703125 0.1796875
0 0.234375 0.1890625 0.028125 0.01875
1 0.90625 0.1703125 0.021875 0.0203125
1 0.7375 0.3078125 0.053125 0.059375
0 0.68359375 0.14609375 0.0890625 0.2921875
0 0.6734375 0.27734375 0.06875 0.1171875
1 0.65859375 0.28828125 0.0390625 0.0640625
1 0.5234375 0.6421875 0.0296875 0.01875
1 0.4625 0.715625 0.0484375 0.0296875
1 0.4515625 0.7328125 0.0203125 0.009375
1 0.2984375 0.715625 0.0171875 0.015625
1 0.2421875 0.70625 0.0125 0.015625
1 0.2296875 0.628125 0.0140625 0.0265625
1 0.2421875 0.571875 0.0203125 0.01875
1 0.0796875 0.5296875 0.021875 0.0203125
1 0.0828125 0.565625 0.0171875 0.0171875
1 0.05625 0.56875 0.0125 0.01875
1 0.0625 0.6109375 0.0328125 0.0328125
1 0.0609375 0.646875 0.0171875 0.021875
1 0.08125 0.5453125 0.015625 0.0171875
1 0.0578125 0.6859375 0.0171875 0.0171875
1 0.046875 0.66875 0.0125 0.0140625
1 0.00546875 0.66015625 0.0109375 0.0203125
1 0.00859375 0.6359375 0.0171875 0.0125
1 0.00703125 0.62109375 0.0140625 0.0234375
1 0.1109375 0.69375 0.021875 0.021875
1 0.08125 0.7890625 0.015625 0.0046875
1 0.0796875 0.734375 0.03125 0.03125
1 0.0765625 0.7015625 0.028125 0.025
1 0.1390625 0.7015625 0.0421875 0.0359375
1 0.0875 0.765625 0.025 0.0203125
1 0.134375 0.653125 0.04375 0.028125
1 0.2921875 0.7828125 0.0015625 0.0171875
1 0.2125 0.778125 0.0015625 0.015625
1 0.2453125 0.6546875 0.003125 0.0140625
0 0.4984375 0.753125 0.034375 0.0765625
0 0.4296875 0.7890625 0.021875 0.0046875
0 0.4796875 0.5640625 0.1 0.090625
1 0.4484375 0.565625 0.025 0.0140625
1 0.421875 0.5328125 0.0296875 0.003125
1 0.5390625 0.5671875 0.009375 0.009375
1 0.5046875 0.6046875 0.046875 0.009375
1 0.4859375 0.5421875 0.0296875 0.015625
1 0.928125 0.75625 0.0328125 0.028125
1 0.896875 0.8328125 0.015625 0.0203125
1 0.90625 0.8421875 0.0078125 0.0078125
1 0.8296875 0.7859375 0.015625 0.015625
1 0.91875 0.9078125 0.0203125 0.025
1 0.9046875 0.971875 0.028125 0.0234375
1 0.88359375 0.9984375 0.0140625 0.003125
1 0.8609375 0.98359375 0.04375 0.0328125
1 0.7890625 0.9453125 0.015625 0.01875
1 0.75 0.978125 0.0203125 0.0203125
1 0.8109375 0.85625 0.00625 0.009375
1 0.775 0.7703125 0.015625 0.01875
1 0.66875 0.8125 0.015625 0.015625
1 0.7046875 0.8625 0.0171875 0.0140625
1 0.7 0.9140625 0.0265625 0.0171875
1 0.6921875 0.921875 0.015625 0.01875
1 0.6453125 0.9390625 0.0125 0.015625
1 0.646875 0.93125 0.0078125 0.0140625
1 0.7015625 0.9390625 0.021875 0.0203125
1 0.703125 0.940625 0.021875 0.0265625
1 0.6796875 0.978125 0.01875 0.0203125
0 0.65390625 0.8078125 0.0296875 0.109375