1 0.046875 0.14375 0.0546875 0.071875
1 0.0578125 0.128125 0.0234375 0.0234375
1 0.0703125 0.1578125 0.015625 0.009375
1 0.084375 0.1703125 0.0265625 0.0234375
1 0.1109375 0.2171875 0.0234375 0.01875
1 0.165625 0.1515625 0.0046875 0.0109375
1 0.13125 0.165625 0.0421875 0.0265625
1 0.01875 0.5390625 0.0125 0.015625
1 0.0125 0.5515625 0.0125 0.0125
1 0.28203125 0.44765625 0.0140625 0.0234375
1 0.28203125 0.39140625 0.0140625 0.0234375
1 0.26875 0.3234375 0.0078125 0.0140625
1 0.2125 0.33125 0.0078125 0.003125
1 0.275 0.2703125 0.01875 0.028125
1 0.2734375 0.246875 0.025 0.0328125
1 0.28125 0.2078125 0.015625 0.021875
1 0.28125 0.2234375 0.0140625 0.0125
1 0.0078125 0.3984375 0.0109375 0.0140625
1 0.1609375 0.346875 0.021875 0.01875
0 0.0875 0.4578125 0.0640625 0.1375
0 0.0375 0.425 0.0625 0.1640625
1 0.034375 0.340625 0.0203125 0.01875
1 0.00546875 0.33984375 0.0109375 0.0109375
0 0.0796875 0.328125 0.159375 0.146875
0 0.09375 0.253125 0.1140625 0.14375
1 0.0953125 0.28125 0.01875 0.0125
1 0.153125 0.0671875 0.0296875 0.0234375
0 0.05078125 0.05859375 0.1015625 0.0546875
0 0.0875 0.1046875 0.1375 0.146875
1 0.39375 0.59296875 0.078125 0.0140625
0 0.5046875 0.55859375 0.18125 0.0828125
1 0.4921875 0.5015625 0.0328125 0.0421875
0 0.4890625 0.3671875 0.0890625 0.0984375
1 0.45625 0.41875 0.0453125 0.0203125
1 0.5125 0.4421875 0.053125 0.0453125
1 0.5625 0.421875 0.0234375 0.0234375
1 0.5890625 0.403125 0.028125 0.021875
1 0.5625 0.46875 0.053125 0.071875
1 0.54375 0.5015625 0.0296875 0.028125
1 0.6546875 0.478125 0.071875 0.075
1 0.625 0.5375 0.0734375 0.0703125
1 0.5859375 0.5125 0.0390625 0.0609375
1 0.6953125 0.58828125 0.071875 0.0234375
1 0.746875 0.5671875 0.040625 0.0359375
1 0.646875 0.4265625 0.03125 0.025
0 0.515625 0.265625 0.134375 0.15
1 0.584375 0.2078125 0.04375 0.0375
1 0.60625 0.1859375 0.028125 0.0296875
1 0.6375 0.1640625 0.025 0.0265625
1 0.5046875 0.153125 0.0921875 0.0390625
1 0.4046875 0.3 0.025 0.0390625
1 0.3484375 0.2796875 0.0796875 0.0546875
1 0.3203125 0.315625 0.0625 0.046875
1 0.359375 0.403125 0.053125 0.0359375
1 0.3078125 0.415625 0.0359375 0.0375
1 0.2984375 0.46796875 0.01875 0.0765625
0 0.3125 0.371875 0.046875 0.13125
1 0.3203125 0.2390625 0.0625 0.065625
1 0.32109375 0.17734375 0.0640625 0.0734375
1 0.625 0.140625 0.05 0.0140625
1 0.765625 0.1390625 0.0296875 0.0109375
1 0.6984375 0.1546875 0.025 0.0234375
1 0.8875 0.2515625 0.0328125 0.028125
1 0.94375 0.1828125 0.034375 0.0265625
1 0.98203125 0.51640625 0.0359375 0.0546875
1 0.98359375 0.59140625 0.0328125 0.0171875
1 0.7515625 0.35 0.01875 0.028125
1 0.6515625 0.334375 0.021875 0.0234375
1 0.3140625 0.515625 0.0265625 0.034375
1 0.3171875 0.4828125 0.01875 0.0234375
1 0.3953125 0.4484375 0.0234375 0.0234375
1 0.315625 0.54375 0.03125 0.021875
1 0.009375 0.7234375 0.00625 0.0171875
1 0.05 0.6890625 0.0078125 0.015625
1 0.2734375 0.671875 0.025 0.03125
1 0.121875 0.6515625 0.0078125 0.009375
1 0.1984375 0.640625 0.0109375 0.015625
1 0.0046875 0.81640625 0.009375 0.0265625
1 0.02109375 0.62109375 0.0234375 0.0421875
1 0.184375 0.759375 0.05625 0.028125
1 0.2953125 0.73125 0.009375 0.025
1 0.3125 0.7234375 0.0140625 0.0359375
1 0.3359375 0.725 0.0265625 0.0328125
1 0.3765625 0.7125 0.0328125 0.0265625
1 0.365625 0.6796875 0.04375 0.04375
1 0.30390625 0.66796875 0.0296875 0.0234375
1 0.3390625 0.6625 0.025 0.0203125
1 0.3921875 0.65625 0.0140625 0.009375
1 0.490625 0.6640625 0.0265625 0.0171875
1 0.5015625 0.7296875 0.028125 0.0171875
1 0.5109375 0.7078125 0.021875 0.0203125
0 0.31875 0.7625 0.046875 0.0234375
1 0.40625 0.7875 0.01875 0.0265625
1 0.41875 0.80625 0.0203125 0.0203125
1 0.403125 0.8390625 0.028125 0.0203125
1 0.459375 0.859375 0.028125 0.021875
1 0.4859375 0.8796875 0.015625 0.0203125
1 0.359375 0.78125 0.0109375 0.01875
1 0.3171875 0.775 0.0234375 0.0203125
0 0.3421875 0.8390625 0.10625 0.09375
1 0.3875 0.88125 0.0421875 0.046875
0 0.33515625 0.921875 0.0921875 0.13125
1 0.3703125 0.9734375 0.025 0.0265625
1 0.4140625 0.9640625 0.03125 0.025
1 0.4921875 0.9640625 0.0296875 0.034375
1 0.4265625 0.98359375 0.078125 0.0328125
1 0.328125 0.9734375 0.025 0.0203125
1 0.5390625 0.97265625 0.04375 0.0546875
1 0.525 0.928125 0.0203125 0.015625
1 0.61875 0.90625 0.0234375 0.01875
1 0.6578125 0.8703125 0.015625 0.03125
1 0.575 0.865625 0.0296875 0.0359375
1 0.546875 0.8765625 0.0203125 0.0203125
1 0.5765625 0.8046875 0.028125 0.0234375
1 0.5984375 0.81875 0.015625 0.03125
1 0.5984375 0.7984375 0.015625 0.0109375
1 0.625 0.7890625 0.028125 0.015625
1 0.7078125 0.775 0.04375 0.0234375
1 0.709375 0.740625 0.025 0.0265625
1 0.665625 0.740625 0.0421875 0.0265625
1 0.609375 0.746875 0.0421875 0.0484375
1 0.5875 0.7484375 0.015625 0.01875
1 0.559375 0.715625 0.03125 0.0234375
1 0.5765625 0.703125 0.025 0.015625
1 0.6171875 0.70625 0.028125 0.021875
1 0.6609375 0.69375 0.028125 0.0203125
1 0.5609375 0.659375 0.0421875 0.0140625
1 0.5703125 0.675 0.015625 0.0171875
1 0.5953125 0.6609375 0.0203125 0.0171875
1 0.7984375 0.7109375 0.0359375 0.0375
1 0.7796875 0.71875 0.01875 0.0140625
1 0.796875 0.6796875 0.015625 0.0171875
1 0.8328125 0.6890625 0.0234375 0.0171875
1 0.778125 0.7953125 0.01875 0.0171875
0 0.853125 0.796875 0.171875 0.15
0 0.8640625 0.684375 0.1546875 0.0640625
1 0.99609375 0.75859375 0.0078125 0.0234375
1 0.99140625 0.8375 0.0171875 0.025
1 0.79375 0.9109375 0.0328125 0.0359375
0 0.8546875 0.9359375 0.1375 0.128125
1 0.69609375 0.99765625 0.0171875 0.0046875
1 0.8921875 0.978125 0.04375 0.04375
1 0.99375 0.9140625 0.0125 0.009375
1 0.9921875 0.89375 0.009375 0.0109375