1 0.3265625 0.053125 0.0328125 0.0234375
1 0.3671875 0.1078125 0.0203125 0.0234375
1 0.45625 0.2328125 0.0046875 0.0078125
1 0.0484375 0.0828125 0.0171875 0.0109375
1 0.0375 0.0734375 0.0203125 0.0140625
1 0.29375 0.3203125 0.0375 0.025
1 0.3 0.2140625 0.03125 0.0328125
1 0.3328125 0.2296875 0.046875 0.0625
1 0.1921875 0.284375 0.0328125 0.021875
0 0.2921875 0.2953125 0.2296875 0.275
0 0.284375 0.45 0.1421875 0.1828125
1 0.453125 0.4 0.025 0.03125
1 0.4515625 0.2625 0.0546875 0.040625
1 0.46875 0.2984375 0.0453125 0.04375
1 0.475 0.1390625 0.0453125 0.075
1 0.4703125 0.1 0.0203125 0.03125
1 0.3875 0.065625 0.021875 0.015625
0 0.390625 0.05 0.2390625 0.0703125
1 0.5625 0.54375 0.0234375 0.034375
1 0.759375 0.4203125 0.0796875 0.0609375
1 0.7953125 0.4484375 0.0546875 0.0421875
1 0.8203125 0.4890625 0.040625 0.03125
1 0.6640625 0.68125 0.03125 0.053125
1 0.7828125 0.7078125 0.0375 0.0390625
0 0.628125 0.28125 0.196875 0.153125
0 0.6375 0.4453125 0.215625 0.334375
0 0.63359375 0.621875 0.2078125 0.21875
1 0.3734375 0.896875 0.0328125 0.046875
1 0.35625 0.984375 0.0265625 0.021875
0 0.1046875 0.95546875 0.209375 0.0890625
0 0.09609375 0.875 0.1921875 0.25
1 0.1 0.8484375 0.03125 0.034375
1 0.1390625 0.825 0.01875 0.01875
1 0.184375 0.7921875 0.0328125 0.021875
1 0.2921875 0.821875 0.03125 0.028125
1 0.46875 0.8953125 0.0171875 0.03125
1 0.5046875 0.9609375 0.03125 0.0234375
1 0.97421875 0.753125 0.0203125 0.00625
1 0.9859375 0.784375 0.028125 0.034375
1 0.96875 0.784375 0.009375 0.0140625
1 0.95 0.975 0.0171875 0.0109375
1 0.99296875 0.95078125 0.0140625 0.0234375
1 0.99453125 0.896875 0.0109375 0.025
1 0.996875 0.8796875 0.00625 0.0078125
1 0.9796875 0.8953125 0.0125 0.0078125
1 0.9765625 0.8359375 0.01875 0.034375
1 0.9578125 0.85 0.0078125 0.021875
1 0.9640625 0.834375 0.0140625 0.0109375
1 0.9796875 0.85625 0.0203125 0.021875
1 0.9671875 0.875 0.0328125 0.025
1 0.975 0.915625 0.0140625 0.015625
1 0.9375 0.7578125 0.021875 0.015625
1 0.86875 0.7609375 0.028125 0.0203125
1 0.8421875 0.7765625 0.0203125 0.0296875
1 0.8375 0.75625 0.046875 0.0125
0 0.71171875 0.78984375 0.1859375 0.0796875
1 0.72578125 0.753125 0.0453125 0.00625
1 0.7359375 0.7765625 0.0109375 0.015625
1 0.7515625 0.7828125 0.015625 0.015625
1 0.91875 0.825 0.0625 0.0515625
0 0.7625 0.8921875 0.309375 0.1578125
1 0.6921875 0.9328125 0.0453125 0.04375
1 0.6921875 0.9515625 0.0140625 0.0203125
1 0.6703125 0.96875 0.021875 0.0203125
1 0.8296875 0.94375 0.0234375 0.03125
1 0.85 0.9421875 0.009375 0.021875
1 0.8328125 0.9109375 0.0171875 0.0171875
1 0.6921875 0.9125 0.0109375 0.0140625
0 0.83828125 0.9921875 0.0546875 0.015625
1 0.68125 0.83125 0.0265625 0.03125
1 0.6359375 0.825 0.0234375 0.015625
1 0.5875 0.8328125 0.0234375 0.0234375
1 0.53515625 0.80859375 0.0109375 0.0296875