0 0.1984375 0.2203125 0.0609375 0.271875
0 0.221875 0.0171875 0.15625 0.034375
1 0.45 0.303125 0.028125 0.015625
1 0.9875 0.39765625 0.025 0.0265625
1 0.99375 0.359375 0.0109375 0.0140625
1 0.8265625 0.4203125 0.0265625 0.0328125
1 0.85 0.3546875 0.01875 0.0203125
1 0.890625 0.3546875 0.0296875 0.01875
1 0.8796875 0.3125 0.01875 0.0140625
1 0.8078125 0.2921875 0.01875 0.01875
1 0.78125 0.2984375 0.0125 0.0125
1 0.7453125 0.30625 0.0125 0.01875
1 0.74375 0.321875 0.0171875 0.0109375
1 0.7515625 0.35625 0.0171875 0.0109375
1 0.8265625 0.275 0.0125 0.0171875
1 0.8359375 0.3015625 0.0203125 0.0265625
1 0.8734375 0.275 0.0203125 0.009375
1 0.79140625 0.49375 0.0296875 0.0125
0 0.73515625 0.4828125 0.0703125 0.034375
1 0.6875 0.4859375 0.028125 0.00625
0 0.734375 0.403125 0.128125 0.1265625
1 0.703125 0.4296875 0.034375 0.0234375
1 0.684375 0.31875 0.0203125 0.015625
1 0.625 0.3484375 0.053125 0.03125
0 0.740625 0.2671875 0.0390625 0.0328125
1 0.671875 0.2828125 0.0515625 0.040625
1 0.79375 0.2625 0.0171875 0.0125
1 0.8515625 0.1875 0.0296875 0.021875
0 0.75 0.146875 0.20625 0.1671875
1 0.7109375 0.2078125 0.05 0.0375
1 0.8640625 0.1140625 0.0296875 0.01875
1 0.9734375 0.0953125 0.0296875 0.0359375
1 0.7109375 0.0640625 0.0296875 0.0234375
1 0.7109375 0.040625 0.0390625 0.0140625
1 0.9375 0.0640625 0.0765625 0.06875
1 0.9328125 0.01640625 0.03125 0.0328125
0 0.72890625 0.01953125 0.1234375 0.0390625
1 0.8765625 0.0234375 0.0171875 0.009375
1 0.6046875 0.165625 0.015625 0.0171875
1 0.6078125 0.0125 0.028125 0.015625
0 0.57734375 0.0375 0.0359375 0.075
1 0.5875 0.071875 0.0265625 0.0203125
1 0.56171875 0.2125 0.0046875 0.03125
1 0.5859375 0.3015625 0.04375 0.0296875
1 0.5890625 0.3203125 0.0203125 0.00625
1 0.5796875 0.35625 0.01875 0.0140625
1 0.5640625 0.440625 0.009375 0.015625
0 0.1375 0.7578125 0.1109375 0.203125
0 0.1296875 0.8453125 0.06875 0.1453125
0 0.146875 0.91875 0.13125 0.1125
0 0.16015625 0.97265625 0.1359375 0.0546875
1 0.046875 0.96875 0.078125 0.059375
1 0.3625 0.8859375 0.159375 0.115625
1 0.54765625 0.9203125 0.0234375 0.071875
1 0.346875 0.7421875 0.040625 0.059375
1 0.3109375 0.6 0.1046875 0.13125
1 0.0953125 0.6265625 0.0578125 0.046875
1 0.46015625 0.9921875 0.0578125 0.015625
1 0.4 0.9828125 0.0234375 0.0125
1 0.3859375 0.940625 0.0234375 0.0171875
1 0.2875 0.940625 0.0234375 0.021875
1 0.29140625 0.98828125 0.0421875 0.0234375
1 0.475 0.7453125 0.0390625 0.034375
1 0.54296875 0.775 0.0328125 0.025
1 0.4421875 0.8609375 0.021875 0.015625
1 0.53125 0.7203125 0.0234375 0.03125
1 0.5359375 0.6484375 0.0375 0.034375
1 0.3671875 0.6890625 0.021875 0.021875
1 0.55078125 0.5484375 0.0171875 0.01875
1 0.28125 0.803125 0.03125 0.021875
1 0.3 0.8234375 0.03125 0.0265625
1 0.3234375 0.79375 0.028125 0.0265625
1 0.2640625 0.8203125 0.0234375 0.028125
1 0.30625 0.7234375 0.03125 0.025
1 0.1265625 0.571875 0.0265625 0.021875
1 0.159375 0.553125 0.0265625 0.021875
1 0.125 0.5453125 0.0265625 0.0140625
0 0.1734375 0.66875 0.090625 0.1609375
1 0.1875 0.7546875 0.0421875 0.0328125
1 0.071875 0.7796875 0.0234375 0.0140625
1 0.0046875 0.76640625 0.009375 0.0265625
1 0.00234375 0.85234375 0.0046875 0.0078125
1 0.89296875 0.98046875 0.0796875 0.0390625
1 0.825 0.9359375 0.0328125 0.03125
1 0.8484375 0.8671875 0.05 0.0578125
0 0.8515625 0.6984375 0.0375 0.0234375
1 0.8578125 0.8296875 0.021875 0.021875
1 0.640625 0.9734375 0.0375 0.0296875
1 0.5640625 0.76171875 0.009375 0.0234375