1 0.290625 0.4 0.00625 0.0109375
1 0.378125 0.35625 0.015625 0.0078125
1 0.028125 0.3203125 0.021875 0.0171875
1 0.196875 0.29375 0.015625 0.0171875
1 0.175 0.234375 0.0078125 0.0078125
1 0.20625 0.221875 0.0234375 0.0203125
1 0.3140625 0.1921875 0.015625 0.0140625
1 0.01875 0.1859375 0.009375 0.0109375
1 0.053125 0.109375 0.0234375 0.01875
1 0.0703125 0.0859375 0.0140625 0.0109375
1 0.0828125 0.0796875 0.009375 0.00625
1 0.0546875 0.075 0.0140625 0.0203125
1 0.1171875 0.06875 0.0171875 0.0109375
1 0.00546875 0.021875 0.0109375 0.015625
0 0.43515625 0.43515625 0.2078125 0.1046875
1 0.440625 0.4171875 0.040625 0.046875
0 0.44453125 0.34609375 0.1890625 0.2265625
0 0.44296875 0.08125 0.1921875 0.1625
0 0.46640625 0.2296875 0.1453125 0.253125
0 0.825 0.1703125 0.1296875 0.0875
1 0.753125 0.0078125 0.0109375 0.0109375
0 0.81796875 0.0546875 0.1328125 0.109375
1 0.6046875 0.121875 0.025 0.0203125
1 0.6078125 0.096875 0.0359375 0.021875
1 0.6171875 0.159375 0.025 0.0203125
1 0.6984375 0.225 0.0203125 0.028125
1 0.7546875 0.125 0.0234375 0.028125
1 0.55 0.2203125 0.021875 0.025
1 0.615625 0.0703125 0.015625 0.01875
1 0.64375 0.0359375 0.025 0.0265625
1 0.5640625 0.1546875 0.025 0.0125
1 0.559375 0.3890625 0.0296875 0.0390625
1 0.6203125 0.375 0.0296875 0.01875
1 0.6390625 0.3984375 0.0234375 0.025
0 0.83125 0.321875 0.134375 0.0890625
0 0.834375 0.409375 0.1671875 0.10625
1 0.8296875 0.4640625 0.0234375 0.028125
1 0.9953125 0.428125 0.009375 0.021875
1 0.9953125 0.06796875 0.009375 0.0234375
1 0.378125 0.759375 0.009375 0.0109375
1 0.5171875 0.6390625 0.03125 0.01875
0 0.46484375 0.70546875 0.1484375 0.1515625
0 0.47421875 0.7765625 0.1296875 0.04375
1 0.771875 0.984375 0.0171875 0.021875
1 0.9734375 0.95625 0.0109375 0.0375
1 0.7609375 0.95 0.0203125 0.03125
1 0.7109375 0.9421875 0.0171875 0.021875
0 0.928125 0.9609375 0.075 0.075
1 0.9890625 0.925 0.0140625 0.0203125
1 0.803125 0.9015625 0.021875 0.0265625
1 0.76875 0.890625 0.0296875 0.028125
1 0.8453125 0.86875 0.0359375 0.0390625
1 0.90625 0.8546875 0.0171875 0.0203125
1 0.6171875 0.834375 0.0265625 0.009375
1 0.778125 0.834375 0.01875 0.0140625
0 0.915625 0.8109375 0.096875 0.065625
1 0.7203125 0.721875 0.0203125 0.025
1 0.76875 0.75 0.0453125 0.025
1 0.85 0.68125 0.01875 0.021875
1 0.6734375 0.675 0.0390625 0.0296875
1 0.628125 0.878125 0.034375 0.028125
1 0.6140625 0.9109375 0.0234375 0.028125
1 0.6359375 0.8984375 0.0140625 0.0125
1 0.559375 0.834375 0.0328125 0.0265625
1 0.55625 0.7828125 0.025 0.0359375
1 0.54140625 0.76796875 0.0046875 0.0359375
1 0.715625 0.828125 0.0171875 0.0171875
1 0.6171875 0.6796875 0.034375 0.025
1 0.653125 0.696875 0.0234375 0.01875
1 0.7703125 0.7234375 0.0359375 0.025
1 0.8328125 0.81875 0.0609375 0.05
1 0.825 0.7828125 0.0390625 0.03125
0 0.9 0.6953125 0.134375 0.071875
0 0.921875 0.7484375 0.1046875 0.08125