1 0.3328125 0.053125 0.015625 0.0140625
1 0.1953125 0.0609375 0.028125 0.01875
1 0.1703125 0.09375 0.015625 0.009375
1 0.184375 0.29375 0.01875 0.015625
1 0.00546875 0.32734375 0.0109375 0.0078125
1 0.1828125 0.4328125 0.0078125 0.0046875
1 0.3234375 0.5078125 0.015625 0.003125
0 0.0828125 0.025 0.0953125 0.0421875
0 0.0671875 0.0953125 0.121875 0.1265625
0 0.08125 0.221875 0.1453125 0.134375
1 0.0328125 0.3578125 0.0234375 0.0234375
0 0.08046875 0.48515625 0.1171875 0.0484375
0 0.05078125 0.40390625 0.1015625 0.1515625
0 0.0625 0.325 0.0984375 0.0875
1 0.98984375 0.28125 0.0203125 0.0375
0 0.965625 0.2265625 0.0640625 0.1328125
0 0.940625 0.1953125 0.0796875 0.115625
0 0.93515625 0.11171875 0.1296875 0.1171875
1 0.9078125 0.1578125 0.0421875 0.0203125
1 0.99375 0.175 0.0125 0.046875
0 0.91953125 0.028125 0.1515625 0.05625
1 0.8078125 0.253125 0.0390625 0.0375
1 0.84375 0.184375 0.14375 0.1625
1 0.8609375 0.0453125 0.0828125 0.05625
1 0.778125 0.0421875 0.06875 0.053125
1 0.771875 0.0875 0.0234375 0.05625
1 0.7421875 0.0921875 0.021875 0.0375
1 0.7734375 0.146875 0.046875 0.05625
1 0.734375 0.171875 0.0453125 0.03125
1 0.8140625 0.2859375 0.0625 0.0234375
1 0.578125 0.0296875 0.0265625 0.0265625
1 0.659375 0.0484375 0.03125 0.0234375
1 0.5890625 0.09375 0.0234375 0.0234375
1 0.54375 0.0984375 0.0453125 0.0328125
0 0.521875 0.0734375 0.025 0.04375
1 0.54375 0.19375 0.04375 0.0828125
0 0.5171875 0.25 0.015625 0.10625
1 0.6515625 0.28125 0.034375 0.04375
0 0.446875 0.73203125 0.125 0.1890625
1 0.378125 0.7203125 0.059375 0.0796875
1 0.3140625 0.678125 0.1 0.075
1 0.3234375 0.7734375 0.0203125 0.0359375
1 0.3171875 0.840625 0.0703125 0.0390625
1 0.2734375 0.7390625 0.0390625 0.0328125
1 0.23125 0.8015625 0.0484375 0.0796875
1 0.2375 0.66875 0.0828125 0.0671875
1 0.1890625 0.7234375 0.09375 0.0546875
1 0.490625 0.953125 0.0375 0.084375
0 0.4328125 0.94453125 0.0625 0.1109375
1 0.3265625 0.9640625 0.034375 0.04375
1 0.21796875 0.978125 0.0671875 0.04375
1 0.1828125 0.9234375 0.05625 0.046875
1 0.1296875 0.909375 0.0484375 0.071875
1 0.1765625 0.8328125 0.0625 0.0359375
1 0.084375 0.7734375 0.065625 0.08125
1 0.0484375 0.7875 0.0375 0.0390625
1 0.065625 0.6859375 0.065625 0.075
1 0.05 0.653125 0.0484375 0.034375
1 0.0125 0.7671875 0.025 0.0375
1 0.7125 0.5140625 0.0109375 0.0078125
1 0.65625 0.63125 0.0328125 0.0296875
1 0.7828125 0.6625 0.0078125 0.009375
1 0.6234375 0.6796875 0.0171875 0.0234375
1 0.8203125 0.703125 0.021875 0.01875
1 0.9546875 0.7390625 0.0078125 0.0140625
0 0.8921875 0.7671875 0.140625 0.1
0 0.89609375 0.60546875 0.2078125 0.1921875
1 0.9765625 0.6546875 0.01875 0.021875
0 0.89765625 0.6265625 0.2046875 0.234375