1 0.3828125 0.553125 0.03125 0.025
1 0.5 0.5828125 0.059375 0.05
1 0.246875 0.5484375 0.028125 0.0171875
1 0.2140625 0.4859375 0.028125 0.034375
1 0.390625 0.3140625 0.0125 0.0125
1 0.4484375 0.321875 0.0390625 0.0453125
1 0.525 0.14375 0.0140625 0.0171875
1 0.3984375 0.2265625 0.021875 0.0640625
1 0.2140625 0.2703125 0.015625 0.0140625
1 0.3171875 0.0546875 0.01875 0.0203125
1 0.4984375 0.0625 0.03125 0.0234375
1 0.496875 0.0609375 0.0109375 0.0078125
1 0.4453125 0.0265625 0.0171875 0.0125
0 0.47265625 0.353125 0.3328125 0.325
0 0.5890625 0.246875 0.1 0.3
0 0.25 0.2546875 0.128125 0.3578125
0 0.203125 0.3 0.0328125 0.0953125
0 0.2015625 0.2359375 0.0296875 0.0140625
0 0.196875 0.2109375 0.021875 0.0125
1 0.3484375 0.2546875 0.015625 0.0390625
1 0.259375 0.4453125 0.0140625 0.0359375
0 0.778125 0.3359375 0.15 0.1953125
0 0.90625 0.3265625 0.075 0.159375
1 0.65625 0.38125 0.034375 0.01875
1 0.7109375 0.4421875 0.046875 0.015625
1 0.6953125 0.0171875 0.0125 0.0171875
1 0.7140625 0.090625 0.0375 0.034375
1 0.8140625 0.0875 0.0453125 0.05
1 0.8765625 0.1140625 0.021875 0.0296875
1 0.1453125 0.9890625 0.0265625 0.021875
1 0.1125 0.67890625 0.03125 0.0203125
1 0.196875 0.6921875 0.03125 0.0359375
0 0.2953125 0.90625 0.221875 0.1875
0 0.1203125 0.89609375 0.240625 0.1265625
1 0.1625 0.8484375 0.015625 0.0109375
1 0.1421875 0.815625 0.0453125 0.0328125
1 0.1375 0.85 0.028125 0.0359375
1 0.7625 0.7921875 0.0390625 0.065625
0 0.8703125 0.8625 0.0390625 0.2578125
0 0.79375 0.89453125 0.184375 0.2109375