1 0.0015625 0.2859375 0.003125 0.00625
1 0.00625 0.4734375 0.009375 0.0078125
1 0.00546875 0.6375 0.0109375 0.025
1 0.0171875 0.271875 0.01875 0.0078125
1 0.028125 0.615625 0.0078125 0.0171875
1 0.025 0.15 0.01875 0.01875
1 0.084375 0.646875 0.0265625 0.028125
1 0.09375 0.5171875 0.01875 0.025
1 0.0921875 0.3078125 0.0359375 0.0375
1 0.121875 0.334375 0.021875 0.015625
1 0.140625 0.125 0.0078125 0.0078125
1 0.1515625 0.4265625 0.0203125 0.0265625
1 0.1609375 0.2859375 0.00625 0.0125
1 0.1828125 0.540625 0.015625 0.0125
1 0.1828125 0.1875 0.015625 0.0171875
1 0.1984375 0.040625 0.0109375 0.0171875
1 0.259375 0.5640625 0.0234375 0.0234375
1 0.3359375 0.6421875 0.0265625 0.0296875
1 0.4171875 0.6515625 0.01875 0.0125
1 0.178125 0.1265625 0.0125 0.00625
1 0.3359375 0.1203125 0.0109375 0.0046875
1 0.2625 0.1953125 0.0140625 0.01875
1 0.0140625 0.6109375 0.025 0.0109375
1 0.3546875 0.5515625 0.0203125 0.015625
1 0.3296875 0.3140625 0.0265625 0.015625
1 0.203125 0.3078125 0.0375 0.03125
0 0.2484375 0.3625 0.1640625 0.2453125
0 0.05390625 0.34921875 0.1078125 0.2453125
0 0.021875 0.25625 0.04375 0.084375
0 0.64609375 0.5359375 0.1328125 0.253125
1 0.7 0.4765625 0.0125 0.009375
0 0.7234375 0.4390625 0.0359375 0.028125
1 0.9015625 0.03125 0.0140625 0.0125
0 0.84375 0.4609375 0.1296875 0.1140625
1 0.7625 0.2609375 0.025 0.0203125
1 0.7859375 0.303125 0.0171875 0.0109375
1 0.74765625 0.0046875 0.0171875 0.009375
1 0.11484375 0.67578125 0.0203125 0.0140625
1 0.3984375 0.828125 0.028125 0.021875
1 0.4296875 0.7453125 0.009375 0.00625
1 0.4375 0.71875 0.015625 0.0125
0 0.440625 0.90546875 0.065625 0.1890625
0 0.4640625 0.734375 0.0171875 0.046875
0 0.321875 0.79453125 0.196875 0.2515625
0 0.2234375 0.79921875 0.184375 0.2609375
1 0.39375 0.7296875 0.0234375 0.0171875
1 0.08125 0.8765625 0.04375 0.0359375
1 0.125 0.9109375 0.05 0.034375
1 0.1421875 0.8734375 0.0703125 0.065625
1 0.1328125 0.71875 0.025 0.0078125
0 0.08125 0.81875 0.1625 0.3
0 0.9546875 0.721875 0.090625 0.10625
1 0.94296875 0.70859375 0.1140625 0.0796875
0 0.753125 0.69609375 0.1625 0.0546875
0 0.79453125 0.6921875 0.1390625 0.046875
1 0.7390625 0.746875 0.1015625 0.0671875