1 0.0671875 0.4875 0.03125 0.003125
1 0.20625 0.484375 0.021875 0.009375
1 0.0640625 0.41875 0.0296875 0.0359375
1 0.2484375 0.378125 0.0078125 0.0140625
1 0.128125 0.36875 0.0265625 0.0203125
1 0.0390625 0.2578125 0.015625 0.0265625
1 0.0875 0.1703125 0.01875 0.0171875
0 0.38203125 0.0171875 0.1015625 0.034375
1 0.0609375 0.06875 0.028125 0.0546875
1 0.034375 0.09375 0.0203125 0.015625
1 0.025 0.10625 0.0203125 0.0140625
1 0.1375 0.1015625 0.01875 0.0234375
1 0.115625 0.125 0.0171875 0.0125
1 0.0984375 0.1140625 0.015625 0.0109375
1 0.33125 0.2515625 0.0265625 0.0234375
0 0.3875 0.278125 0.096875 0.1078125
0 0.3953125 0.19375 0.084375 0.08125
1 0.45625 0.23125 0.0171875 0.021875
1 0.2640625 0.4796875 0.015625 0.01875
1 0.2203125 0.459375 0.05 0.0203125
1 0.16875 0.47890625 0.028125 0.0203125
1 0.0484375 0.475 0.0390625 0.021875
1 0.1140625 0.3265625 0.03125 0.0359375
1 0.0890625 0.36875 0.0546875 0.0359375
1 0.08125 0.34375 0.01875 0.01875
1 0.134375 0.253125 0.0265625 0.0234375
1 0.00625 0.18125 0.0125 0.025
1 0.040625 0.18125 0.0234375 0.0234375
1 0.1078125 0.0109375 0.034375 0.021875
1 0.2265625 0.171875 0.0203125 0.0234375
1 0.15078125 0.00703125 0.0234375 0.0140625
0 0.3828125 0.4328125 0.0921875 0.0953125
0 0.59375 0.0234375 0.128125 0.046875
1 0.6515625 0.00703125 0.015625 0.0140625
1 0.6109375 0.053125 0.0546875 0.059375
1 0.6453125 0.0484375 0.03125 0.03125
1 0.75 0.0734375 0.0734375 0.0265625
1 0.7125 0.0921875 0.0203125 0.0125
1 0.728125 0.1203125 0.0546875 0.025
1 0.6515625 0.1234375 0.0234375 0.0203125
1 0.7859375 0.1671875 0.0125 0.015625
0 0.5828125 0.16875 0.10625 0.09375
1 0.615625 0.1703125 0.0359375 0.025
1 0.63125 0.15625 0.028125 0.0140625
0 0.5609375 0.3 0.0625 0.13125
1 0.60390625 0.4640625 0.0390625 0.05
0 0.5359375 0.428125 0.0125 0.121875
0 0.56171875 0.3796875 0.0640625 0.140625
1 0.7734375 0.40625 0.0140625 0.015625
1 0.8296875 0.4515625 0.025 0.0359375
1 0.78671875 0.4734375 0.0609375 0.03125
1 0.85625 0.05625 0.0203125 0.0171875
1 0.878125 0.13125 0.025 0.028125
1 0.8734375 0.31875 0.0296875 0.0328125
1 0.9453125 0.3875 0.0171875 0.0125
1 0.9671875 0.428125 0.0171875 0.021875
1 0.8453125 0.478125 0.0109375 0.021875
1 0.8421875 0.4578125 0.0203125 0.0140625
1 0.96484375 0.46796875 0.0453125 0.0421875
1 0.99453125 0.03203125 0.0109375 0.0171875
1 0.028125 0.875 0.0109375 0.0125
1 0.3328125 0.75625 0.0375 0.0203125
0 0.35 0.884375 0.359375 0.23125
0 0.3921875 0.740625 0.2671875 0.2546875
0 0.421875 0.5796875 0.215625 0.115625
1 0.525 0.715625 0.009375 0.028125
0 0.5578125 0.6671875 0.05625 0.103125
0 0.540625 0.803125 0.021875 0.125
0 0.55859375 0.915625 0.0578125 0.15625
1 0.553125 0.98828125 0.046875 0.0234375
1 0.6 0.865625 0.11875 0.134375
1 0.6703125 0.8703125 0.0984375 0.0921875
1 0.6921875 0.821875 0.0421875 0.053125
1 0.7421875 0.8734375 0.0515625 0.0671875
1 0.7015625 0.6359375 0.0390625 0.0234375
1 0.7828125 0.7703125 0.0953125 0.0890625
1 0.7796875 0.8375 0.0359375 0.0421875
1 0.6828125 0.7125 0.015625 0.025
1 0.75625 0.6796875 0.059375 0.053125
1 0.615625 0.64375 0.0390625 0.025
1 0.790625 0.634375 0.0546875 0.0390625
1 0.903125 0.6921875 0.0390625 0.0265625
1 0.8328125 0.64375 0.0203125 0.0265625
1 0.925 0.66875 0.0265625 0.028125
1 0.859375 0.653125 0.021875 0.025
1 0.98515625 0.82265625 0.0296875 0.0296875
1 0.87421875 0.99609375 0.0296875 0.0078125