0 0.11015625 0.3375 0.1171875 0.125
0 0.04453125 0.31875 0.0734375 0.1625
1 0.36875 0.39609375 0.015625 0.0078125
0 0.3765625 0.3390625 0.05 0.1109375
0 0.296875 0.3328125 0.125 0.1265625
0 0.225 0.3390625 0.096875 0.121875
1 0.34296875 0.39140625 0.0234375 0.0171875
1 0.3765625 0.228125 0.0171875 0.0328125
1 0.3828125 0.1953125 0.034375 0.034375
1 0.225 0.2375 0.028125 0.0265625
1 0.1984375 0.090625 0.0328125 0.0359375
1 0.190625 0.1296875 0.0234375 0.03125
1 0.2203125 0.08125 0.0234375 0.01875
1 0.2296875 0.0875 0.046875 0.025
1 0.303125 0.1359375 0.0515625 0.0640625
1 0.284375 0.075 0.0578125 0.05625
1 0.365625 0.0984375 0.0421875 0.034375
1 0.328125 0.0921875 0.0265625 0.0203125
1 0.3890625 0.1328125 0.028125 0.03125
1 0.3859375 0.0484375 0.034375 0.0359375
1 0.36328125 0.02109375 0.0421875 0.0421875
1 0.0328125 0.0953125 0.0234375 0.025
0 0.8703125 0.021875 0.0375 0.0359375
0 0.725 0.0046875 0.025 0.009375
1 0.9234375 0.3625 0.025 0.0296875
0 0.8828125 0.2359375 0.0671875 0.0765625
1 0.678125 0.1140625 0.0140625 0.025
1 0.7203125 0.115625 0.03125 0.046875
1 0.7671875 0.121875 0.015625 0.0234375
1 0.665625 0.0578125 0.028125 0.034375
1 0.5921875 0.075 0.0375 0.0546875
1 0.61875 0.0828125 0.0203125 0.025
1 0.5921875 0.01328125 0.05 0.0265625
1 0.9546875 0.00703125 0.03125 0.0140625
1 0.4203125 0.64921875 0.01875 0.0171875
1 0.3828125 0.5984375 0.0359375 0.0234375
1 0.3671875 0.853125 0.015625 0.028125
1 0.365625 0.4796875 0.0296875 0.015625
1 0.3625 0.903125 0.01875 0.0140625
1 0.346875 0.884375 0.021875 0.015625
1 0.3484375 0.80625 0.025 0.01875
1 0.325 0.9421875 0.015625 0.009375
0 0.3484375 0.746875 0.103125 0.065625
1 0.296875 0.8875 0.0140625 0.028125
1 0.29375 0.98125 0.0171875 0.0296875
1 0.2984375 0.4046875 0.015625 0.009375
1 0.275 0.828125 0.015625 0.009375
1 0.25859375 0.99375 0.0140625 0.0125
1 0.2671875 0.6078125 0.021875 0.028125
1 0.271875 0.6359375 0.03125 0.0203125
1 0.25625 0.6703125 0.025 0.03125
0 0.2359375 0.6765625 0.015625 0.028125
0 0.2703125 0.75625 0.0546875 0.1234375
1 0.375 0.684375 0.015625 0.01875
1 0.42421875 0.69296875 0.0109375 0.0234375
1 0.40625 0.5234375 0.021875 0.015625
1 0.4125 0.5 0.034375 0.01875
1 0.3515625 0.5140625 0.028125 0.0171875
1 0.25625 0.5109375 0.0171875 0.0171875
1 0.2796875 0.5078125 0.03125 0.0421875
1 0.265625 0.5 0.03125 0.0140625
1 0.30625 0.515625 0.03125 0.0375
1 0.3078125 0.5359375 0.01875 0.0171875
1 0.25625 0.4296875 0.0125 0.0125
1 0.46875 0.98125 0.0234375 0.028125
1 0.45 0.975 0.0234375 0.0234375
1 0.50625 0.925 0.0203125 0.03125
1 0.49765625 0.990625 0.0234375 0.01875
1 0.70859375 0.93828125 0.1421875 0.1234375
1 0.61875 0.8859375 0.034375 0.0578125
1 0.75625 0.8125 0.021875 0.0609375
1 0.6703125 0.78125 0.04375 0.059375
1 0.4984375 0.784375 0.040625 0.0484375
1 0.553125 0.7734375 0.025 0.0453125
1 0.6828125 0.75625 0.04375 0.0328125
1 0.4625 0.70625 0.0171875 0.034375
1 0.6 0.7078125 0.0453125 0.03125
1 0.6796875 0.703125 0.0421875 0.015625
1 0.75625 0.715625 0.046875 0.0578125
1 0.5828125 0.840625 0.0203125 0.015625
1 0.5703125 0.8015625 0.009375 0.0109375
1 0.6125 0.8 0.0140625 0.01875
1 0.43359375 0.85078125 0.0078125 0.0265625
0 0.4484375 0.46171875 0.0375 0.0953125
1 0.44453125 0.50625 0.0296875 0.06875
1 0.43515625 0.55 0.0109375 0.025
1 0.4609375 0.546875 0.034375 0.06875
1 0.4484375 0.59375 0.03125 0.0234375
1 0.440625 0.63125 0.0109375 0.028125
1 0.4765625 0.6640625 0.0546875 0.0234375
1 0.4921875 0.6515625 0.0375 0.025
1 0.521875 0.665625 0.0671875 0.0328125
1 0.5203125 0.628125 0.05 0.0234375
1 0.4890625 0.63125 0.0390625 0.0203125
1 0.5265625 0.64375 0.0484375 0.015625
1 0.4875 0.5765625 0.0328125 0.0296875
1 0.5828125 0.6296875 0.03125 0.0578125
1 0.5625 0.6203125 0.021875 0.046875
1 0.5421875 0.615625 0.0203125 0.03125
1 0.55625 0.5953125 0.053125 0.040625
1 0.5421875 0.5625 0.053125 0.06875
1 0.6546875 0.6796875 0.028125 0.0359375
1 0.7421875 0.6546875 0.0359375 0.053125
1 0.696875 0.6375 0.0734375 0.078125
1 0.65 0.6140625 0.071875 0.084375
1 0.7578125 0.6015625 0.046875 0.065625
1 0.771875 0.571875 0.0171875 0.0484375
1 0.6265625 0.5375 0.1265625 0.0953125
1 0.734375 0.53125 0.03125 0.0375
0 0.728125 0.4765625 0.103125 0.09375
1 0.6953125 0.50625 0.034375 0.025
1 0.73359375 0.42421875 0.0890625 0.0484375
1 0.6546875 0.475 0.078125 0.04375
1 0.65859375 0.43046875 0.0390625 0.0609375
1 0.640625 0.4984375 0.0734375 0.0234375
1 0.6046875 0.4578125 0.0203125 0.046875
1 0.534375 0.4984375 0.1015625 0.1078125
0 0.503125 0.4578125 0.1265625 0.071875
1 0.63359375 0.40625 0.0609375 0.0125
1 0.55078125 0.41328125 0.0734375 0.0265625
1 0.43984375 0.61328125 0.0203125 0.0140625
1 0.45 0.6375 0.0125 0.015625
1 0.490625 0.5578125 0.01875 0.0203125
1 0.75 0.5 0.0375 0.03125