0 0.4609375 0.203125 0.078125 0.15
0 0.5046875 0.2234375 0.040625 0.0546875
0 0.3390625 0.1765625 0.1890625 0.1828125
0 0.20625 0.184375 0.1859375 0.109375
0 0.05625 0.2 0.1109375 0.0828125
1 0.29453125 0.02578125 0.0609375 0.0515625
1 0.3921875 0.2984375 0.0265625 0.0328125
1 0.4734375 0.421875 0.0515625 0.0515625
1 0.5078125 0.3953125 0.0328125 0.0296875
1 0.0734375 0.346875 0.0453125 0.0390625
1 0.090625 0.3640625 0.0359375 0.059375
1 0.0515625 0.440625 0.04375 0.01875
1 0.0234375 0.4265625 0.0328125 0.040625
1 0.2625 0.3421875 0.0453125 0.06875
1 0.2640625 0.3765625 0.0234375 0.04375
1 0.2140625 0.3703125 0.034375 0.0390625
1 0.1828125 0.43515625 0.046875 0.0296875
1 0.6703125 0.234375 0.078125 0.0625
1 0.615625 0.0328125 0.0703125 0.0578125
1 0.8265625 0.34375 0.0203125 0.0234375
1 0.8171875 0.2609375 0.021875 0.0140625
0 0.6609375 0.42421875 0.18125 0.0515625
0 0.8265625 0.43671875 0.109375 0.0265625
1 0.7875 0.11875 0.0203125 0.01875
1 0.00625 0.52890625 0.0125 0.0109375
1 0.0140625 0.659375 0.0109375 0.0109375
1 0.053125 0.9671875 0.0140625 0.0125
1 0.0640625 0.521875 0.0125 0.0171875
1 0.1125 0.459375 0.0078125 0.0109375
1 0.115625 0.4859375 0.0203125 0.021875
1 0.375 0.634375 0.015625 0.0140625
1 0.3765625 0.5625 0.015625 0.0125
1 0.403125 0.521875 0.0234375 0.025
1 0.440625 0.6890625 0.0609375 0.0515625
1 0.46875 0.975 0.00625 0.009375
0 0.48828125 0.4734375 0.0234375 0.046875
1 0.096875 0.9609375 0.08125 0.078125
0 0.11640625 0.7984375 0.2328125 0.278125
0 0.3421875 0.73125 0.334375 0.5125
0 0.45234375 0.84765625 0.1109375 0.3046875
1 0.3578125 0.98359375 0.084375 0.0328125
1 0.7953125 0.496875 0.0375 0.034375
1 0.85625 0.64375 0.03125 0.0453125
1 0.86875 0.7421875 0.025 0.0234375
0 0.7125 0.525 0.13125 0.15
1 0.97421875 0.9703125 0.0515625 0.059375
1 0.940625 0.95625 0.0421875 0.0453125
0 0.99296875 0.54609375 0.0140625 0.1921875
0 0.8875 0.5515625 0.225 0.203125