0 0.24296875 0.64375 0.0578125 0.0125
1 0.196875 0.6203125 0.0125 0.0234375
1 0.1046875 0.4796875 0.0171875 0.0109375
1 0.171875 0.4703125 0.0609375 0.0609375
1 0.0234375 0.415625 0.0171875 0.0234375
1 0.1703125 0.16875 0.0484375 0.01875
1 0.26953125 0.61484375 0.0640625 0.0703125
1 0.315625 0.4953125 0.06875 0.0609375
0 0.25 0.5609375 0.175 0.096875
1 0.171875 0.3734375 0.0265625 0.0296875
0 0.2453125 0.4046875 0.125 0.0921875
1 0.196875 0.4203125 0.0296875 0.0171875
0 0.2578125 0.315625 0.1265625 0.1578125
0 0.2578125 0.1671875 0.0421875 0.0140625
0 0.290625 0.2296875 0.1484375 0.0953125
1 0.2421875 0.18125 0.06875 0.04375
0 0.6125 0.5390625 0.0609375 0.009375
1 0.55625 0.5234375 0.0234375 0.040625
1 0.9546875 0.515625 0.05625 0.0578125
1 0.69375 0.3921875 0.0109375 0.00625
1 0.496875 0.375 0.040625 0.03125
1 0.7125 0.3640625 0.03125 0.0234375
1 0.5921875 0.35 0.03125 0.0265625
1 0.63125 0.315625 0.0375 0.0546875
1 0.6671875 0.2921875 0.0109375 0.0078125
1 0.915625 0.24375 0.065625 0.0359375
1 0.9609375 0.196875 0.0109375 0.0359375
1 0.4734375 0.16875 0.0140625 0.00625
1 0.690625 0.3515625 0.0171875 0.0171875
0 0.721875 0.4921875 0.3921875 0.103125
0 0.728125 0.3890625 0.3078125 0.2234375
1 0.834375 0.1859375 0.0890625 0.0890625
0 0.68125 0.16875 0.2265625 0.3015625
1 0.675 0.16875 0.0109375 0.0109375
0 0.7765625 0.05 0.1078125 0.065625
1 0.8625 0.0421875 0.0578125 0.0484375
1 0.89375 0.325 0.140625 0.1546875
1 0.94140625 0.38984375 0.1171875 0.1421875
1 0.97578125 0.31484375 0.0484375 0.0546875
1 0.009375 0.8859375 0.015625 0.01875
1 0.009375 0.9296875 0.01875 0.03125
1 0.1078125 0.9546875 0.0734375 0.0265625
1 0.0703125 0.9734375 0.0203125 0.0125
1 0.08515625 0.99453125 0.0546875 0.0109375
1 0.01015625 0.996875 0.0203125 0.00625
1 0.2140625 0.9375 0.0203125 0.0171875
1 0.3578125 0.9140625 0.021875 0.0171875
0 0.403125 0.9046875 0.09375 0.06875
0 0.4234375 0.9609375 0.053125 0.0625
0 0.675 0.9203125 0.15 0.159375
0 0.6734375 0.803125 0.153125 0.0703125
1 0.7046875 0.834375 0.040625 0.01875
1 0.8859375 0.8015625 0.034375 0.0234375
1 0.990625 0.78671875 0.01875 0.0390625
0 0.7 0.990625 0.071875 0.01875