1 0.00859375 0.2125 0.0171875 0.075
1 0.3359375 0.2703125 0.046875 0.046875
1 0.18125 0.0421875 0.05625 0.06875
1 0.1234375 0.01171875 0.040625 0.0234375
1 0.5421875 0.0546875 0.015625 0.03125
0 0.1171875 0.1296875 0.23125 0.259375
0 0.0875 0.225 0.175 0.26875
0 0.12421875 0.346875 0.2078125 0.025
1 0.975 0.021875 0.034375 0.0265625
1 0.79375 0.1125 0.0125 0.021875
1 0.6625 0.125 0.015625 0.0171875
1 0.84375 0.1359375 0.025 0.0265625
1 0.8734375 0.2265625 0.0328125 0.0328125
1 0.7015625 0.2359375 0.0421875 0.0296875
1 0.646875 0.24375 0.0234375 0.025
1 0.640625 0.265625 0.0203125 0.021875
1 0.74375 0.2625 0.01875 0.0203125
1 0.7703125 0.3453125 0.009375 0.0109375
1 0.90078125 0.34765625 0.0171875 0.0234375
1 0.8578125 0.0078125 0.0234375 0.015625
1 0.878125 0.0359375 0.0171875 0.021875
1 0.865625 0.075 0.0203125 0.0203125
0 0.9421875 0.1125 0.1 0.090625
0 0.921875 0.196875 0.1 0.1171875
0 0.9046875 0.2921875 0.046875 0.0609375
1 0.6359375 0.134375 0.0234375 0.015625
1 0.621875 0.2296875 0.0203125 0.0203125
1 0.528125 0.83125 0.0265625 0.0265625
1 0.4828125 0.896875 0.0265625 0.040625
1 0.490625 0.7265625 0.1 0.090625
1 0.5015625 0.7953125 0.0390625 0.0109375
1 0.52890625 0.68515625 0.0421875 0.0890625
0 0.5203125 0.540625 0.059375 0.05625
1 0.521875 0.6078125 0.05625 0.05
1 0.2234375 0.5984375 0.028125 0.0234375
1 0.2890625 0.490625 0.025 0.021875
1 0.2796875 0.7609375 0.0234375 0.0234375
1 0.271875 0.809375 0.0203125 0.0203125
1 0.2109375 0.8578125 0.01875 0.028125
1 0.1171875 0.7765625 0.0171875 0.0203125
1 0.1125 0.734375 0.0171875 0.021875
1 0.0734375 0.7765625 0.028125 0.0234375
1 0.059375 0.790625 0.034375 0.025
1 0.121875 0.5015625 0.0296875 0.03125
1 0.0890625 0.4921875 0.03125 0.034375
1 0.071875 0.4625 0.0375 0.0421875
1 0.053125 0.5078125 0.040625 0.0390625
0 0.01796875 0.43125 0.0359375 0.05625
1 0.015625 0.47265625 0.03125 0.0640625
1 0.0375 0.5390625 0.03125 0.0296875
1 0.1109375 0.5796875 0.025 0.0203125
1 0.05625 0.5578125 0.025 0.021875
1 0.0890625 0.6421875 0.0578125 0.04375
0 0.02421875 0.65234375 0.0484375 0.1671875
0 0.0375 0.83828125 0.075 0.0953125
0 0.01484375 0.89921875 0.0296875 0.0546875
1 0.99453125 0.73671875 0.0109375 0.0390625
1 0.965625 0.6734375 0.03125 0.0484375
1 0.88125 0.5234375 0.0265625 0.03125
1 0.8609375 0.7140625 0.0328125 0.0484375
1 0.84375 0.7515625 0.0296875 0.0359375
1 0.8109375 0.715625 0.03125 0.021875
1 0.8390625 0.6515625 0.0484375 0.0640625
1 0.846875 0.578125 0.0265625 0.015625
0 0.5953125 0.7328125 0.090625 0.075
1 0.57421875 0.3765625 0.0484375 0.034375
1 0.87265625 0.37109375 0.0453125 0.0234375
0 0.721875 0.6171875 0.2640625 0.1734375
0 0.71328125 0.47578125 0.2703125 0.2328125