0 0.0734375 0.2390625 0.146875 0.09375
0 0.04453125 0.33828125 0.0890625 0.2796875
0 0.0703125 0.590625 0.140625 0.25
1 0.275 0.3453125 0.046875 0.028125
1 0.353125 0.2359375 0.03125 0.0265625
1 0.259375 0.6859375 0.0484375 0.0484375
1 0.8015625 0.5234375 0.015625 0.0234375
1 0.6765625 0.5140625 0.05625 0.0453125
1 0.590625 0.490625 0.046875 0.034375
1 0.9421875 0.4875 0.0296875 0.034375
1 0.971875 0.4546875 0.0265625 0.0171875
1 0.9859375 0.4296875 0.0171875 0.01875
1 0.69375 0.4296875 0.0625 0.0375
1 0.959375 0.415625 0.0140625 0.0203125
1 0.69375 0.39375 0.0234375 0.0265625
1 0.6484375 0.3921875 0.05625 0.0359375
1 0.7109375 0.3671875 0.021875 0.021875
1 0.553125 0.38125 0.0296875 0.0453125
1 0.9171875 0.371875 0.0234375 0.0453125
1 0.9828125 0.353125 0.028125 0.0328125
1 0.7296875 0.340625 0.040625 0.0578125
0 0.8296875 0.375 0.165625 0.1328125
1 0.4703125 0.3125 0.009375 0.0140625
1 0.9546875 0.309375 0.0109375 0.015625
1 0.9953125 0.309375 0.009375 0.040625
1 0.7125 0.26875 0.0125 0.0140625
1 0.98125 0.265625 0.028125 0.0234375
1 0.5453125 0.25625 0.046875 0.0296875
1 0.415625 0.2046875 0.0125 0.01875
1 0.475 0.1875 0.0234375 0.01875
1 0.5765625 0.16875 0.0265625 0.03125
1 0.9734375 0.175 0.0140625 0.03125
1 0.6453125 0.1453125 0.015625 0.025
1 0.41328125 0.13828125 0.0078125 0.0421875
1 0.946875 0.11875 0.0203125 0.0234375
0 0.515625 0.078125 0.140625 0.115625
1 0.465625 0.1171875 0.040625 0.0171875
1 0.525 0.24375 0.0234375 0.028125
1 0.6359375 0.06875 0.028125 0.021875
1 0.6875 0.128125 0.0328125 0.0328125
1 0.6296875 0.0375 0.0234375 0.015625
1 0.7046875 0.190625 0.03125 0.03125
1 0.671875 0.2078125 0.028125 0.05625
1 0.759375 0.1078125 0.0578125 0.0359375
1 0.61875 0.246875 0.03125 0.028125
1 0.521875 0.4328125 0.0515625 0.096875
1 0.8078125 0.4765625 0.0484375 0.0625
1 0.7703125 0.2609375 0.040625 0.046875
0 0.8375 0.215625 0.18125 0.1296875
1 0.80625 0.1390625 0.065625 0.0609375
1 0.8578125 0.134375 0.040625 0.040625
1 0.96015625 0.0640625 0.0796875 0.08125
1 0.059375 0.9390625 0.015625 0.009375
0 0.0734375 0.93125 0.0609375 0.1171875
1 0.51953125 0.78203125 0.0234375 0.0046875
1 0.8015625 0.78203125 0.015625 0.0046875