1 0.05 0.3578125 0.0328125 0.05625
1 0.2359375 0.3921875 0.0375 0.0234375
1 0.2578125 0.4015625 0.0484375 0.0359375
0 0.353125 0.2359375 0.0359375 0.040625
0 0.4078125 0.3109375 0.0703125 0.134375
1 0.3796875 0.2359375 0.0125 0.01875
1 0.4328125 0.375 0.0078125 0.0171875
1 0.4078125 0.390625 0.0078125 0.0109375
1 0.68125 0.45625 0.028125 0.0359375
1 0.5890625 0.490625 0.1125 0.1140625
1 0.384375 0.5640625 0.0359375 0.025
0 0.365625 0.665625 0.1875 0.128125
1 0.484375 0.66875 0.040625 0.03125
0 0.3 0.6734375 0.06875 0.1125
0 0.3734375 0.7171875 0.01875 0.025
0 0.38359375 0.70625 0.0390625 0.046875
1 0.7328125 0.5921875 0.046875 0.046875
1 0.7265625 0.55546875 0.034375 0.0359375
1 0.8453125 0.5265625 0.0265625 0.0484375
1 0.71953125 0.365625 0.0203125 0.05
1 0.71796875 0.253125 0.0171875 0.028125
1 0.75 0.259375 0.0359375 0.05
1 0.7515625 0.3296875 0.0546875 0.028125
0 0.8921875 0.2828125 0.1140625 0.08125
0 0.865625 0.2078125 0.0796875 0.1453125
0 0.88125 0.1703125 0.171875 0.1578125
1 0.825 0.2109375 0.028125 0.034375
0 0.8984375 0.4546875 0.059375 0.1140625
0 0.9171875 0.546875 0.1125 0.1421875
1 0.484375 0.94375 0.0125 0.015625
1 0.5484375 0.8828125 0.0078125 0.0109375
1 0.184375 0.978125 0.021875 0.0296875
1 0.221875 0.9109375 0.0703125 0.06875
0 0.26875 0.9109375 0.071875 0.0671875
1 0.2703125 0.9671875 0.0703125 0.0546875
0 0.2921875 0.98671875 0.11875 0.0265625
1 0.5359375 0.9390625 0.025 0.0171875
1 0.68828125 0.99453125 0.0171875 0.0109375
1 0.65625 0.99140625 0.015625 0.0171875
0 0.71875 0.834375 0.01875 0.021875
1 0.715625 0.82265625 0.0125 0.0265625