1 0.0859375 0.3140625 0.065625 0.034375
0 0.24921875 0.42578125 0.4609375 0.1078125
0 0.3734375 0.2875 0.209375 0.3015625
0 0.40390625 0.1171875 0.1265625 0.234375
1 0.471875 0.38359375 0.015625 0.0453125
1 0.325 0.0375 0.0484375 0.028125
0 0.9453125 0.01171875 0.046875 0.0234375
1 0.8390625 0.128125 0.03125 0.03125
1 0.66875 0.2578125 0.01875 0.0328125
1 0.7 0.2265625 0.021875 0.01875
0 0.8890625 0.3640625 0.2125 0.0703125
0 0.8921875 0.425 0.1140625 0.09375
0 0.8953125 0.2109375 0.171875 0.1765625
1 0.9109375 0.2515625 0.015625 0.0140625
1 0.7828125 0.2546875 0.0203125 0.015625
1 0.7046875 0.1 0.0171875 0.01875
1 0.4125 0.7453125 0.028125 0.01875
1 0.396875 0.70625 0.0171875 0.0296875
1 0.04296875 0.753125 0.0859375 0.259375
1 0.0453125 0.7921875 0.03125 0.0328125
1 0.015625 0.759375 0.021875 0.021875
1 0.00546875 0.7296875 0.0109375 0.03125
1 0.0359375 0.646875 0.0359375 0.0453125
1 0.0515625 0.503125 0.065625 0.046875
1 0.1625 0.8984375 0.021875 0.0234375
1 0.196875 0.678125 0.00625 0.00625
1 0.1859375 0.6875 0.0078125 0.015625
1 0.1671875 0.634375 0.0234375 0.0203125
1 0.190625 0.8640625 0.01875 0.0125
1 0.4140625 0.86875 0.0171875 0.021875
0 0.3859375 0.903125 0.1875 0.078125
1 0.396875 0.8109375 0.0265625 0.0390625
1 0.340625 0.859375 0.0234375 0.0234375
1 0.39375 0.8515625 0.009375 0.00625
1 0.353125 0.8375 0.05625 0.040625
1 0.2765625 0.8203125 0.01875 0.028125
1 0.325 0.7828125 0.0421875 0.028125
1 0.290625 0.765625 0.021875 0.015625
1 0.2921875 0.7515625 0.01875 0.0109375
1 0.3453125 0.7453125 0.021875 0.0234375
1 0.36875 0.740625 0.0140625 0.0234375
1 0.3796875 0.74375 0.0171875 0.015625
1 0.39375 0.7578125 0.015625 0.0109375
1 0.3671875 0.7203125 0.0375 0.015625
1 0.3640625 0.6703125 0.0203125 0.0203125
1 0.3875 0.671875 0.0375 0.0234375
1 0.4140625 0.675 0.0171875 0.0265625
1 0.4 0.6484375 0.0421875 0.028125
1 0.378125 0.6421875 0.0140625 0.009375
1 0.325 0.6125 0.0296875 0.021875
1 0.3078125 0.615625 0.0078125 0.0109375
1 0.35625 0.58125 0.0140625 0.0203125
1 0.4046875 0.6203125 0.0328125 0.021875
1 0.3828125 0.609375 0.0171875 0.0140625
1 0.3921875 0.54375 0.015625 0.015625
1 0.4703125 0.6875 0.0171875 0.0296875
1 0.4546875 0.6421875 0.025 0.028125
1 0.4515625 0.625 0.0265625 0.0203125
1 0.434375 0.634375 0.00625 0.015625
0 0.403125 0.48828125 0.15 0.0171875
0 0.42109375 0.60078125 0.1171875 0.1328125
1 0.459375 0.575 0.0125 0.015625
1 0.4609375 0.5 0.03125 0.0234375
1 0.47109375 0.5078125 0.0171875 0.028125
1 0.4703125 0.5234375 0.0125 0.0125
1 0.47578125 0.56640625 0.0078125 0.0296875
1 0.65625 0.8328125 0.0078125 0.009375
1 0.7109375 0.65625 0.0125 0.0140625
0 0.8625 0.73125 0.1921875 0.246875
0 0.87265625 0.62890625 0.2546875 0.2328125
0 0.8375 0.865625 0.1046875 0.1234375
0 0.9140625 0.8875 0.04375 0.078125