1 0.0234375 0.12578125 0.046875 0.0703125
0 0.24140625 0.1109375 0.3484375 0.221875
1 0.1 0.15 0.0859375 0.0890625
0 0.18671875 0.35625 0.1828125 0.225
0 0.2375 0.31015625 0.26875 0.3171875
1 0.9578125 0.403125 0.0625 0.04375
1 0.8609375 0.4265625 0.0640625 0.0671875
1 0.8234375 0.4234375 0.0515625 0.015625
1 0.7328125 0.4296875 0.015625 0.0109375
1 0.8375 0.284375 0.025 0.0171875
0 0.834375 0.2140625 0.015625 0.0125
1 0.746875 0.2171875 0.0421875 0.01875
1 0.621875 0.3625 0.03125 0.025
1 0.6421875 0.409375 0.034375 0.025
1 0.6671875 0.3140625 0.0609375 0.06875
1 0.475 0.4109375 0.0046875 0.009375
1 0.4421875 0.23515625 0.025 0.0359375
0 0.70234375 0.3796875 0.2765625 0.178125
0 0.65859375 0.29375 0.4578125 0.16875
0 0.709375 0.2265625 0.021875 0.0390625
0 0.1546875 0.5421875 0.0890625 0.0984375
1 0.1875 0.490625 0.0453125 0.0203125
1 0.13125 0.47890625 0.053125 0.0203125
1 0.08125 0.4875 0.0234375 0.0234375
1 0.0546875 0.50625 0.028125 0.021875
1 0.00625 0.4828125 0.0125 0.025
0 0.128125 0.64375 0.134375 0.15
1 0.059375 0.7015625 0.04375 0.0375
1 0.0375 0.7234375 0.028125 0.0296875
1 0.009375 0.74453125 0.01875 0.0265625
1 0.1390625 0.75625 0.0921875 0.0390625
1 0.2390625 0.609375 0.025 0.0390625
1 0.2953125 0.6296875 0.0796875 0.0546875
1 0.3296875 0.59375 0.0765625 0.046875
1 0.284375 0.50625 0.053125 0.0359375
1 0.3359375 0.49375 0.0359375 0.0375
1 0.409375 0.48671875 0.040625 0.0359375
0 0.36796875 0.5375 0.1234375 0.13125
1 0.346875 0.6703125 0.109375 0.065625
1 0.3328125 0.73125 0.0859375 0.0734375
1 0.3703125 0.628125 0.040625 0.025
1 0.021875 0.76796875 0.04375 0.0140625
1 0.528125 0.50625 0.0234375 0.0203125
1 0.6796875 0.5328125 0.0375 0.03125
1 0.68125 0.5671875 0.046875 0.0265625
1 0.6 0.615625 0.0140625 0.021875
1 0.4390625 0.6328125 0.0171875 0.01875
1 0.5578125 0.646875 0.0375 0.025
1 0.6703125 0.659375 0.015625 0.0421875
1 0.65 0.678125 0.03125 0.0140625
1 0.7328125 0.6765625 0.025 0.0296875
1 0.840625 0.6828125 0.065625 0.0390625
1 0.7953125 0.68125 0.0390625 0.05625
1 0.99453125 0.70546875 0.0109375 0.0265625
1 0.91875 0.7015625 0.0484375 0.0328125
1 0.5828125 0.7125 0.0328125 0.025
1 0.6953125 0.709375 0.0484375 0.05
1 0.7984375 0.7390625 0.0203125 0.0328125
1 0.559375 0.75 0.040625 0.0609375
1 0.609375 0.7703125 0.0078125 0.0234375
1 0.759375 0.7734375 0.0234375 0.0265625
1 0.5546875 0.78125 0.015625 0.0125
1 0.940625 0.775 0.025 0.0359375
1 0.6578125 0.7984375 0.0234375 0.025
1 0.63125 0.8171875 0.01875 0.00625
1 0.7109375 0.8390625 0.0296875 0.0578125
1 0.58125 0.8390625 0.0078125 0.01875
1 0.5171875 0.821875 0.025 0.0546875
1 0.9484375 0.8578125 0.034375 0.0453125
1 0.934375 0.8875 0.03125 0.015625
1 0.60625 0.9359375 0.021875 0.0140625
1 0.4515625 0.9375 0.03125 0.0390625
1 0.503125 0.940625 0.0328125 0.046875
1 0.6296875 0.9578125 0.0734375 0.015625
1 0.7703125 0.95625 0.028125 0.0171875
1 0.984375 0.92890625 0.03125 0.0703125
1 0.9328125 0.95 0.075 0.03125
1 0.93203125 0.6265625 0.1359375 0.2
1 0.875 0.659375 0.0515625 0.046875
1 0.5984375 0.6671875 0.0546875 0.04375
1 0.6015625 0.571875 0.0390625 0.0578125
1 0.646875 0.625 0.071875 0.0734375
1 0.6234375 0.6484375 0.0296875 0.0328125
1 0.621875 0.5203125 0.05 0.05625
1 0.5515625 0.540625 0.0453125 0.0515625
1 0.590625 0.5203125 0.03125 0.0296875
1 0.5859375 0.546875 0.0171875 0.01875
0 0.45859375 0.52734375 0.0578125 0.1171875
0 0.47890625 0.6 0.0984375 0.084375
1 0.5328125 0.6125 0.0390625 0.0328125
1 0.4859375 0.56875 0.01875 0.0203125
1 0.43828125 0.66328125 0.0171875 0.0390625
1 0.5078125 0.65625 0.0265625 0.0171875
1 0.478125 0.6609375 0.0234375 0.0265625
1 0.5390625 0.6734375 0.025 0.03125
1 0.5140625 0.7578125 0.05625 0.075
0 0.484375 0.6984375 0.109375 0.071875
0 0.4625 0.7609375 0.053125 0.08125
1 0.478125 0.796875 0.0171875 0.0234375
1 0.4546875 0.8140625 0.0296875 0.0140625