1 0.0078125 0.25859375 0.015625 0.0203125
1 0.015625 0.4328125 0.03125 0.046875
1 0.0828125 0.190625 0.0125 0.0203125
1 0.140625 0.3921875 0.03125 0.03125
1 0.2125 0.3078125 0.0203125 0.015625
1 0.3046875 0.1421875 0.034375 0.04375
1 0.159375 0.1296875 0.025 0.0296875
1 0.0171875 0.084375 0.034375 0.071875
1 0.153125 0.325 0.021875 0.01875
1 0.3078125 0.3 0.0171875 0.01875
1 0.33125 0.275 0.0296875 0.0359375
1 0.36875 0.328125 0.0140625 0.0203125
1 0.3171875 0.39375 0.040625 0.0234375
1 0.334375 0.4125 0.0359375 0.0125
1 0.1390625 0.2703125 0.0375 0.03125
1 0.05625 0.290625 0.021875 0.0359375
1 0.05625 0.3296875 0.0296875 0.0453125
1 0.02265625 0.3375 0.0453125 0.078125
1 0.0921875 0.253125 0.0234375 0.04375
0 0.31953125 0.4546875 0.1390625 0.128125
0 0.25234375 0.45546875 0.1109375 0.1265625
0 0.128125 0.4734375 0.178125 0.090625
0 0.62109375 0.23046875 0.3046875 0.2234375
1 0.6 0.50859375 0.040625 0.0203125
1 0.64375 0.4609375 0.0140625 0.0359375
1 0.728125 0.16875 0.0265625 0.0234375
1 0.678125 0.0890625 0.0328125 0.03125
1 0.5125 0.0078125 0.015625 0.015625
0 0.6859375 0.228125 0.1765625 0.2796875
1 0.6203125 0.1890625 0.065625 0.05625
1 0.021875 0.6578125 0.04375 0.065625
1 0.121875 0.628125 0.0375 0.0328125
1 0.090625 0.5390625 0.028125 0.040625
1 0.1546875 0.6546875 0.0265625 0.0265625
1 0.3359375 0.6390625 0.046875 0.0421875
1 0.29375 0.653125 0.0421875 0.034375
1 0.284375 0.621875 0.021875 0.0203125
1 0.2953125 0.696875 0.0265625 0.0328125
1 0.4 0.6765625 0.03125 0.0421875
1 0.3859375 0.7234375 0.053125 0.046875
1 0.40234375 0.52890625 0.0234375 0.0203125
0 0.3390625 0.8796875 0.1203125 0.13125
1 0.26875 0.903125 0.0265625 0.03125
1 0.296875 0.9015625 0.015625 0.0265625
1 0.3921875 0.9625 0.0421875 0.034375
1 0.4015625 0.99453125 0.025 0.0109375
1 0.1796875 0.9671875 0.03125 0.0296875
1 0.1921875 0.9078125 0.0203125 0.025
0 0.10625 0.95859375 0.11875 0.0828125
0 0.0421875 0.9625 0.084375 0.075
1 0.0671875 0.8515625 0.034375 0.025
1 0.0859375 0.7953125 0.025 0.0265625
1 0.5578125 0.903125 0.015625 0.0140625
1 0.8171875 0.8375 0.0203125 0.0171875
1 0.9609375 0.8640625 0.009375 0.0078125
1 0.9828125 0.7546875 0.0125 0.0171875
1 0.9859375 0.7265625 0.0140625 0.00625
0 0.9609375 0.6578125 0.078125 0.115625
0 0.7453125 0.6703125 0.1109375 0.1578125
0 0.66875 0.65625 0.0890625 0.184375
1 0.565625 0.59375 0.0328125 0.05
1 0.896875 0.684375 0.046875 0.06875
0 0.846875 0.6546875 0.0921875 0.1921875
1 0.7984375 0.64375 0.0484375 0.10625
1 0.7546875 0.6703125 0.05 0.034375
0 0.59375 0.6578125 0.0875 0.1421875
1 0.81875 0.8640625 0.0140625 0.028125