1 0.0390625 0.384375 0.0125 0.009375
0 0.28515625 0.2984375 0.1828125 0.18125
0 0.32421875 0.35234375 0.2171875 0.0734375
1 0.425 0.25 0.0234375 0.0171875
0 0.96953125 0.13125 0.0609375 0.175
1 0.925 0.2125 0.0203125 0.028125
1 0.9015625 0.121875 0.025 0.0234375
1 0.7703125 0.3390625 0.0546875 0.0546875
1 0.740625 0.38203125 0.03125 0.0140625
1 0.74375 0.3578125 0.025 0.025
1 0.5359375 0.23671875 0.0125 0.0265625
1 0.5796875 0.1875 0.0296875 0.03125
1 0.5484375 0.0796875 0.03125 0.03125
1 0.7546875 0.10625 0.0390625 0.040625
1 0.6390625 0.33125 0.0296875 0.021875
1 0.484375 0.76875 0.021875 0.0234375
0 0.50390625 0.65078125 0.0515625 0.3046875
0 0.5078125 0.4890625 0.028125 0.0359375
1 0.0140625 0.4734375 0.009375 0.0109375
1 0.3296875 0.45 0.0203125 0.025
1 0.371875 0.4265625 0.0109375 0.0171875
1 0.0640625 0.4640625 0.028125 0.0171875
1 0.05 0.81875 0.028125 0.021875
0 0.5703125 0.45390625 0.08125 0.1078125
0 0.5640625 0.67578125 0.06875 0.1546875
1 0.6953125 0.54375 0.021875 0.0359375
0 0.603125 0.78828125 0.146875 0.0484375
1 0.8140625 0.765625 0.021875 0.0171875
1 0.778125 0.78125 0.0125 0.0109375