1 0.3234375 0.45078125 0.0125 0.0234375
1 0.328125 0.253125 0.003125 0.009375
1 0.3171875 0.51015625 0.025 0.0484375
1 0.3046875 0.5734375 0.0109375 0.0078125
1 0.3046875 0.37890625 0.05 0.0328125
1 0.284375 0.4484375 0.021875 0.0234375
1 0.2765625 0.1296875 0.0359375 0.01875
1 0.259375 0.096875 0.0140625 0.0125
1 0.253125 0.16875 0.009375 0.015625
1 0.2453125 0.45625 0.0078125 0.0078125
1 0.240625 0.2046875 0.015625 0.009375
1 0.24296875 0.5921875 0.0234375 0.015625
1 0.240625 0.0875 0.0203125 0.0234375
1 0.215625 0.0140625 0.00625 0.0078125
1 0.2203125 0.0796875 0.0171875 0.015625
1 0.2171875 0.4 0.0109375 0.0171875
1 0.2203125 0.1671875 0.01875 0.01875
1 0.209375 0.4609375 0.0078125 0.0203125
1 0.203125 0.1109375 0.0078125 0.0140625
1 0.2 0.1703125 0.04375 0.059375
1 0.178125 0.5953125 0.009375 0.00625
1 0.190625 0.5421875 0.04375 0.0546875
1 0.1640625 0.3625 0.0234375 0.0234375
1 0.1421875 0.3875 0.03125 0.0265625
1 0.1296875 0.2296875 0.021875 0.0125
1 0.11875 0.046875 0.0203125 0.0140625
1 0.14375 0.2953125 0.0765625 0.05
1 0.084375 0.5234375 0.04375 0.03125
1 0.0609375 0.4328125 0.009375 0.009375
1 0.0546875 0.371875 0.0078125 0.0078125
1 0.05 0.0609375 0.0109375 0.00625
0 0.0359375 0.1484375 0.0640625 0.153125
0 0.115625 0.15 0.1328125 0.1578125
1 0.0484375 0.0984375 0.0203125 0.03125
1 0.0359375 0.365625 0.0390625 0.0359375
1 0.034375 0.4203125 0.0609375 0.0609375
1 0.0921875 0.3546875 0.0375 0.021875
1 0.10625 0.39375 0.028125 0.05625
1 0.265625 0.4859375 0.059375 0.04375
1 0.2390625 0.5 0.01875 0.0140625
0 0.31328125 0.18203125 0.0328125 0.1484375
1 0.8890625 0.5734375 0.046875 0.040625
1 0.8484375 0.3484375 0.0125 0.009375
1 0.8421875 0.175 0.0390625 0.0375
1 0.8171875 0.2375 0.05 0.0390625
0 0.8515625 0.415625 0.15 0.14375
1 0.7703125 0.39375 0.009375 0.015625
1 0.7578125 0.5203125 0.0203125 0.0234375
1 0.746875 0.4453125 0.0125 0.0078125
1 0.7625 0.1875 0.046875 0.0421875
1 0.75 0.0203125 0.0265625 0.0171875
1 0.7234375 0.053125 0.021875 0.0203125
1 0.71875 0.5328125 0.0171875 0.0125
1 0.7234375 0.275 0.03125 0.0234375
1 0.7171875 0.3953125 0.0359375 0.028125
1 0.6953125 0.140625 0.046875 0.034375
1 0.66484375 0.59140625 0.0234375 0.0171875
1 0.6640625 0.421875 0.0140625 0.0234375
1 0.6046875 0.2953125 0.0328125 0.0171875
1 0.5640625 0.471875 0.01875 0.0234375
1 0.55 0.1234375 0.0140625 0.0125
1 0.540625 0.303125 0.0265625 0.034375
1 0.521875 0.128125 0.0109375 0.0078125
1 0.5046875 0.0671875 0.015625 0.009375
1 0.4953125 0.1359375 0.0171875 0.0125
1 0.45 0.2640625 0.015625 0.015625
1 0.4421875 0.1875 0.01875 0.0171875
0 0.4578125 0.4375 0.11875 0.1015625
1 0.4859375 0.221875 0.0296875 0.034375
1 0.8703125 0.01875 0.0375 0.0296875
1 0.609375 0.3515625 0.015625 0.015625
0 0.6234375 0.3984375 0.0546875 0.0375
1 0.3140625 0.8046875 0.0140625 0.0125
1 0.30390625 0.98359375 0.0265625 0.0328125
1 0.2859375 0.809375 0.0109375 0.0078125
1 0.26875 0.7484375 0.015625 0.009375
1 0.259375 0.8171875 0.0171875 0.0125
1 0.2140625 0.9453125 0.015625 0.015625
1 0.20625 0.86875 0.01875 0.0171875
1 0.2046875 0.6328125 0.0265625 0.0359375
1 0.25 0.903125 0.0296875 0.034375
1 0.35625 0.98671875 0.053125 0.0265625
1 0.4375 0.97890625 0.046875 0.0421875
1 0.52109375 0.9890625 0.0515625 0.021875
1 0.346875 0.93203125 0.034375 0.0484375
1 0.4125 0.9140625 0.0625 0.0859375
1 0.490625 0.921875 0.078125 0.0578125
1 0.534375 0.90625 0.0625 0.025
1 0.578125 0.93125 0.075 0.0484375
1 0.590625 0.98515625 0.046875 0.0296875
1 0.7015625 0.98046875 0.075 0.0390625
1 0.8015625 0.9609375 0.0625 0.05
0 0.503125 0.8265625 0.1453125 0.146875
1 0.51875 0.88125 0.0484375 0.0140625
1 0.5359375 0.7578125 0.0703125 0.0515625
1 0.703125 0.93125 0.034375 0.021875
1 0.74375 0.8859375 0.0578125 0.0234375
0 0.6484375 0.7828125 0.0578125 0.1078125
0 0.709375 0.80625 0.090625 0.1046875
1 0.6640625 0.8421875 0.059375 0.05
1 0.578125 0.7609375 0.05625 0.046875
1 0.6171875 0.7375 0.0703125 0.0640625
1 0.6953125 0.7359375 0.1046875 0.0984375
1 0.6296875 0.665625 0.0703125 0.109375
0 0.80625 0.7859375 0.0515625 0.175
1 0.8109375 0.8765625 0.034375 0.05625
1 0.584375 0.81875 0.065625 0.0515625
1 0.7515625 0.65 0.0984375 0.0875
1 0.74921875 0.61484375 0.0828125 0.0296875
1 0.66953125 0.61328125 0.0328125 0.0265625
1 0.56953125 0.62578125 0.0484375 0.0515625
1 0.33984375 0.61328125 0.0203125 0.0265625
1 0.3421875 0.746875 0.025 0.028125
0 0.346875 0.7828125 0.034375 0.075
1 0.5375 0.7234375 0.03125 0.021875
1 0.503125 0.7265625 0.0640625 0.053125
1 0.51875 0.678125 0.0375 0.0484375
1 0.4640625 0.628125 0.0609375 0.01875
1 0.4875 0.65625 0.0390625 0.0359375
1 0.4421875 0.65625 0.0390625 0.0453125
1 0.38671875 0.62421875 0.0203125 0.0484375
1 0.4390625 0.61484375 0.05 0.0296875
1 0.4078125 0.7046875 0.040625 0.0359375
1 0.434375 0.7 0.059375 0.0375