1 0.515625 0.5515625 0.028125 0.0078125
1 0.3375 0.56875 0.0203125 0.0203125
1 0.3390625 0.5890625 0.0140625 0.0109375
1 0.35625 0.5375 0.0375 0.028125
1 0.3328125 0.5125 0.021875 0.034375
1 0.4828125 0.46875 0.0359375 0.028125
1 0.4890625 0.440625 0.0296875 0.025
1 0.4046875 0.165625 0.0421875 0.021875
1 0.3421875 0.2203125 0.0421875 0.0671875
1 0.015625 0.28125 0.03125 0.0375
0 0.2109375 0.2296875 0.4 0.2
0 0.171875 0.2984375 0.2984375 0.325
0 0.1015625 0.6203125 0.0953125 0.0703125
0 0.240625 0.46875 0.290625 0.35625
1 0.7296875 0.153125 0.0078125 0.0125
1 0.859375 0.1640625 0.0234375 0.0359375
1 0.9734375 0.1796875 0.009375 0.0125
1 0.8234375 0.2015625 0.021875 0.01875
0 0.69375 0.209375 0.065625 0.165625
1 0.6703125 0.3359375 0.0234375 0.0375
1 0.734375 0.4140625 0.034375 0.03125
1 0.909375 0.578125 0.0265625 0.0234375
1 0.90625 0.359375 0.0203125 0.034375
1 0.896875 0.3484375 0.0265625 0.028125
1 0.828125 0.24375 0.025 0.025
0 0.696875 0.3671875 0.040625 0.03125
1 0.7453125 0.4609375 0.021875 0.0265625
1 0.7453125 0.48125 0.028125 0.0375
0 0.69375 0.6015625 0.0578125 0.0546875
0 0.7 0.5515625 0.0796875 0.078125
1 0.5546875 0.853125 0.028125 0.0296875
1 0.484375 0.9796875 0.0546875 0.0140625
1 0.2484375 0.9578125 0.0390625 0.04375
1 0.234375 0.94375 0.0296875 0.025
1 0.3234375 0.6953125 0.028125 0.0359375
1 0.290625 0.725 0.009375 0.0078125
1 0.2890625 0.69375 0.0265625 0.04375
1 0.1890625 0.715625 0.0375 0.0515625
1 0.1484375 0.66640625 0.01875 0.0140625
1 0.075 0.6703125 0.0125 0.021875
0 0.159375 0.9265625 0.2203125 0.121875
0 0.1875 0.8421875 0.2859375 0.20625
1 0.078125 0.846875 0.009375 0.009375
1 0.334375 0.821875 0.009375 0.00625
0 0.246875 0.68828125 0.296875 0.0578125
0 0.9421875 0.91953125 0.115625 0.1609375
0 0.953125 0.684375 0.09375 0.05