1 0.01015625 0.12734375 0.0203125 0.0453125
1 0.01796875 0.1765625 0.0359375 0.059375
1 0.04375 0.21875 0.0328125 0.03125
1 0.0765625 0.03125 0.0390625 0.01875
1 0.090625 0.18125 0.0515625 0.0515625
1 0.1734375 0.165625 0.0703125 0.04375
1 0.228125 0.1734375 0.0265625 0.0265625
1 0.2640625 0.028125 0.0578125 0.0421875
1 0.190625 0.09375 0.0484375 0.0546875
1 0.1390625 0.109375 0.0359375 0.028125
1 0.1390625 0.078125 0.0359375 0.040625
1 0.121875 0.046875 0.04375 0.0546875
1 0.1296875 0.0171875 0.021875 0.0265625
1 0.19375 0.04375 0.0234375 0.0390625
1 0.1625 0.05625 0.03125 0.040625
1 0.178125 0.01875 0.1 0.0375
1 0.41875 0.0375 0.06875 0.0578125
1 0.3546875 0.00234375 0.040625 0.0046875
0 0.3484375 0.06015625 0.10625 0.1203125
1 0.2921875 0.071875 0.0421875 0.0421875
1 0.4984375 0.075 0.03125 0.0390625
1 0.5546875 0.2390625 0.06875 0.05
1 0.59609375 0.2546875 0.0609375 0.028125
0 0.5890625 0.196875 0.1296875 0.1296875
1 0.6046875 0.1140625 0.0296875 0.03125
1 0.64375 0.06875 0.0375 0.053125
1 0.5859375 0.046875 0.028125 0.046875
1 0.66171875 0.246875 0.0296875 0.04375
1 0.67265625 0.01015625 0.0234375 0.0203125
0 0.35859375 0.22578125 0.1890625 0.0859375
1 0.29765625 0.2203125 0.0921875 0.096875
1 0.20625 0.2203125 0.128125 0.096875
1 0.5453125 0.00703125 0.015625 0.0140625
1 0.665625 0.053125 0.0234375 0.0234375
0 0.3421875 0.159375 0.1515625 0.1140625
0 0.44453125 0.19921875 0.1109375 0.1390625
1 0.85390625 0.2390625 0.0671875 0.059375
1 0.9546875 0.23125 0.034375 0.0421875
1 0.8171875 0.184375 0.0234375 0.0125
0 0.98515625 0.2109375 0.0296875 0.065625
1 0.0171875 0.784375 0.034375 0.05
1 0.0078125 0.83984375 0.015625 0.0140625
1 0.0375 0.61328125 0.075 0.0578125
1 0.08125 0.5921875 0.05625 0.05625
1 0.128125 0.5390625 0.0640625 0.0796875
1 0.0640625 0.465625 0.021875 0.03125
1 0.1015625 0.4734375 0.0234375 0.040625
1 0.121875 0.3625 0.0453125 0.028125
1 0.15625 0.3546875 0.0203125 0.0234375
1 0.1265625 0.4203125 0.0625 0.06875
1 0.1640625 0.421875 0.0234375 0.025
1 0.159375 0.4875 0.0265625 0.0171875
1 0.1984375 0.5046875 0.0390625 0.0703125
1 0.2390625 0.5609375 0.0390625 0.0234375
1 0.1078125 0.834375 0.0359375 0.021875
1 0.1671875 0.821875 0.0703125 0.0515625
1 0.153125 0.85625 0.0296875 0.021875
1 0.1875 0.853125 0.03125 0.0296875
1 0.203125 0.7875 0.046875 0.0515625
1 0.2 0.73125 0.0703125 0.05625
1 0.2359375 0.346875 0.021875 0.0109375
1 0.2625 0.3671875 0.0203125 0.03125
1 0.25 0.396875 0.015625 0.01875
1 0.246875 0.4296875 0.075 0.075
0 0.340625 0.3890625 0.1375 0.096875
1 0.384375 0.403125 0.059375 0.059375
0 0.3609375 0.4703125 0.1328125 0.0875
0 0.3265625 0.5328125 0.1015625 0.06875
1 0.3765625 0.5296875 0.0203125 0.025
1 0.2234375 0.640625 0.025 0.025
0 0.3109375 0.634375 0.1359375 0.14375
1 0.2828125 0.6453125 0.05625 0.0453125
1 0.2765625 0.7390625 0.08125 0.109375
1 0.3 0.678125 0.0265625 0.028125
1 0.325 0.721875 0.05625 0.0734375
1 0.3859375 0.590625 0.053125 0.0625
0 0.31875 0.7734375 0.0984375 0.0703125
1 0.3234375 0.846875 0.025 0.0265625
1 0.375 0.7984375 0.071875 0.071875
1 0.415625 0.80625 0.0671875 0.05625
1 0.4296875 0.84375 0.0625 0.0484375
1 0.428125 0.7484375 0.03125 0.0234375
1 0.4203125 0.7203125 0.0234375 0.0234375
1 0.4046875 0.690625 0.0234375 0.0359375
1 0.4296875 0.6765625 0.0328125 0.034375
1 0.428125 0.6421875 0.0390625 0.028125
1 0.440625 0.490625 0.0484375 0.0484375
1 0.453125 0.51875 0.0703125 0.046875
1 0.4203125 0.5390625 0.05 0.04375
1 0.4515625 0.55625 0.040625 0.025
1 0.5109375 0.53125 0.096875 0.0765625
1 0.49375 0.571875 0.0484375 0.025
1 0.4359375 0.346875 0.028125 0.0125
1 0.4859375 0.4046875 0.1140625 0.1265625
1 0.53125 0.365625 0.071875 0.05
1 0.67890625 0.35078125 0.0203125 0.0203125
1 0.6515625 0.53125 0.0578125 0.04375
1 0.6625 0.559375 0.009375 0.028125
1 0.6375 0.5765625 0.0328125 0.0234375
1 0.6640625 0.6046875 0.0265625 0.0359375
1 0.640625 0.44375 0.0359375 0.040625
1 0.628125 0.4109375 0.071875 0.0515625
1 0.634375 0.3765625 0.0234375 0.021875
1 0.596875 0.353125 0.075 0.0234375
1 0.58125 0.384375 0.0484375 0.0421875
1 0.553125 0.4046875 0.0625 0.0390625
1 0.5640625 0.4421875 0.09375 0.0546875
1 0.5046875 0.490625 0.025 0.025
1 0.565625 0.50625 0.0421875 0.0171875
1 0.571875 0.5484375 0.0296875 0.05
1 0.4796875 0.5921875 0.059375 0.0359375
1 0.4875 0.6359375 0.0703125 0.05625
1 0.58125 0.6703125 0.121875 0.1140625
1 0.4765625 0.7328125 0.059375 0.0640625
1 0.478125 0.771875 0.025 0.028125
1 0.5265625 0.7265625 0.05 0.05625
1 0.51875 0.7671875 0.0640625 0.0375
1 0.571875 0.765625 0.078125 0.115625
1 0.5046875 0.825 0.059375 0.04375
1 0.5140625 0.8546875 0.0953125 0.0265625
1 0.6 0.821875 0.0328125 0.0375
1 0.6234375 0.7640625 0.0390625 0.0625
1 0.5265625 0.8015625 0.0203125 0.025
1 0.621875 0.8015625 0.0296875 0.03125
1 0.6234375 0.69375 0.0609375 0.0625
1 0.6546875 0.6984375 0.0578125 0.03125
1 0.6109375 0.7578125 0.021875 0.0234375
1 0.6953125 0.4625 0.009375 0.015625
1 0.8375 0.4375 0.03125 0.0515625
1 0.98671875 0.4140625 0.0265625 0.06875
1 0.946875 0.365625 0.046875 0.06875
1 0.878125 0.2890625 0.0328125 0.034375
1 0.85546875 0.27578125 0.0421875 0.0140625
0 0.73984375 0.575 0.1015625 0.128125
1 0.803125 0.525 0.046875 0.0515625
1 0.79375 0.5609375 0.0234375 0.0578125
1 0.8390625 0.628125 0.04375 0.0234375
1 0.8046875 0.7453125 0.028125 0.040625
0 0.74453125 0.6984375 0.1109375 0.1375
1 0.921875 0.7625 0.04375 0.009375
1 0.953125 0.68125 0.0625 0.0328125
1 0.946875 0.7109375 0.0234375 0.0234375
0 0.7015625 0.39921875 0.025 0.1109375
0 0.72578125 0.3828125 0.0734375 0.1375
0 0.753125 0.3171875 0.128125 0.096875
1 0.984375 0.4578125 0.03125 0.021875
1 0.971875 0.50625 0.0484375 0.0640625
1 0.9625 0.6265625 0.0234375 0.0328125
1 0.9921875 0.55859375 0.015625 0.0609375
1 0.9796875 0.6765625 0.040625 0.16875