1 0.6328125 0.0234375 0.0203125 0.0125
1 0.6 0.05 0.04375 0.1
1 0.5484375 0.1015625 0.028125 0.0265625
1 0.6640625 0.2984375 0.009375 0.025
1 0.45 0.01171875 0.0125 0.0234375
1 0.35859375 0.0125 0.0140625 0.025
1 0.27265625 0.00390625 0.0296875 0.0078125
1 0.2453125 0.3125 0.025 0.0234375
1 0.75625 0.0125 0.0203125 0.0234375
1 0.79765625 0.009375 0.0296875 0.01875
1 0.7796875 0.0546875 0.0171875 0.015625
0 0.75 0.13125 0.128125 0.1484375
1 0.703125 0.11875 0.034375 0.0421875
1 0.734375 0.315625 0.0265625 0.0328125
1 0.771875 0.33359375 0.05 0.0109375
1 0.678125 0.33203125 0.01875 0.0140625
1 0.7390625 0.2234375 0.0171875 0.01875
1 0.796875 0.31875 0.015625 0.01875
1 0.8015625 0.1515625 0.0234375 0.028125
1 0.809375 0.0484375 0.009375 0.015625
0 0.3390625 0.5890625 0.2484375 0.2546875
1 0.2625 0.6078125 0.1078125 0.09375
1 0.115625 0.64375 0.0734375 0.08125
0 0.0484375 0.53984375 0.096875 0.2703125
1 0.8421875 0.590625 0.0140625 0.0078125
1 0.8265625 0.678125 0.015625 0.01875
1 0.859375 0.8046875 0.025 0.01875
1 0.76875 0.8015625 0.0125 0.009375
1 0.7734375 0.725 0.01875 0.0203125
1 0.66953125 0.71328125 0.0015625 0.0046875
0 0.8046875 0.7203125 0.1578125 0.1171875
1 0.9234375 0.646875 0.0328125 0.0359375
1 0.825 0.9140625 0.01875 0.03125
1 0.7484375 0.90625 0.0234375 0.01875
1 0.70625 0.896875 0.015625 0.0171875
1 0.7015625 0.4765625 0.0125 0.0109375
1 0.790625 0.45 0.015625 0.025
1 0.9390625 0.409375 0.0140625 0.01875
1 0.95625 0.528125 0.009375 0.0109375
1 0.9703125 0.7265625 0.0109375 0.015625
1 0.9390625 0.778125 0.009375 0.0125
0 0.9546875 0.775 0.0796875 0.228125
1 0.95 0.3703125 0.0109375 0.009375