1 0.14375 0.05625 0.025 0.021875
1 0.18125 0.0734375 0.0234375 0.028125
1 0.1921875 0.0890625 0.03125 0.0234375
0 0.14375 0.165625 0.0765625 0.0765625
1 0.1765625 0.134375 0.028125 0.0203125
0 0.1203125 0.259375 0.1125 0.065625
0 0.10234375 0.41171875 0.1203125 0.1359375
1 0.315625 0.2953125 0.03125 0.025
1 0.38125 0.28125 0.021875 0.028125
1 0.3953125 0.278125 0.0203125 0.0234375
1 0.39921875 0.41875 0.0203125 0.028125
1 0.403125 0.47265625 0.0125 0.0140625
1 0.2390625 0.1890625 0.025 0.0328125
1 0.225 0.3484375 0.03125 0.0296875
0 0.6125 0.41640625 0.11875 0.1265625
1 0.425 0.4375 0.03125 0.03125
1 0.5234375 0.259375 0.0859375 0.0640625
1 0.4796875 0.221875 0.0375 0.0328125
1 0.434375 0.203125 0.0453125 0.0234375
1 0.5578125 0.1828125 0.04375 0.046875
1 0.421875 0.3609375 0.0171875 0.0453125
1 0.471875 0.4640625 0.0390625 0.0234375
1 0.6125 0.3296875 0.025 0.0265625
1 0.559375 0.2953125 0.0296875 0.0171875
1 0.6625 0.33125 0.0234375 0.028125
1 0.653125 0.29375 0.05625 0.034375
1 0.6796875 0.415625 0.0625 0.0515625
1 0.73046875 0.4640625 0.0515625 0.03125
1 0.846875 0.4265625 0.040625 0.0484375
1 0.80625 0.4328125 0.034375 0.0390625
1 0.81328125 0.47421875 0.0484375 0.0109375
1 0.9921875 0.38359375 0.015625 0.0328125
1 0.959375 0.3828125 0.0390625 0.046875
1 0.925 0.346875 0.0484375 0.0625
1 0.875 0.3265625 0.06875 0.09375
1 0.759375 0.303125 0.0609375 0.0984375
1 0.7015625 0.303125 0.025 0.04375
1 0.825 0.2140625 0.046875 0.0640625
1 0.8578125 0.1734375 0.0453125 0.0328125
1 0.909375 0.153125 0.109375 0.0703125
1 0.9625 0.2875 0.028125 0.0484375
1 0.928125 0.2578125 0.0515625 0.059375
1 0.9734375 0.215625 0.0140625 0.028125
1 0.9359375 0.20625 0.05 0.0328125
1 0.796875 0.0875 0.053125 0.03125
1 0.99140625 0.47109375 0.0171875 0.0171875
1 0.9046875 0.4453125 0.0375 0.040625
0 0.6671875 0.2421875 0.1890625 0.0875
0 0.6265625 0.1515625 0.1765625 0.159375
1 0.2921875 0.928125 0.0234375 0.0265625
1 0.1359375 0.921875 0.0265625 0.0296875
1 0.03125 0.928125 0.0328125 0.0234375
1 0.153125 0.8734375 0.0234375 0.0234375
0 0.35078125 0.91796875 0.1171875 0.1109375
1 0.065625 0.8609375 0.034375 0.034375
1 0.159375 0.8375 0.0125 0.0140625
1 0.1890625 0.8265625 0.0171875 0.0171875
1 0.325 0.809375 0.03125 0.0125
0 0.365625 0.83125 0.071875 0.065625
1 0.2328125 0.73125 0.021875 0.015625
1 0.33125 0.70625 0.0140625 0.015625
1 0.2765625 0.6921875 0.0140625 0.0234375
0 0.36875 0.7203125 0.065625 0.103125
1 0.253125 0.665625 0.025 0.0234375
1 0.3875 0.6265625 0.015625 0.009375
1 0.0625 0.590625 0.0265625 0.028125
1 0.084375 0.5546875 0.0140625 0.0234375
1 0.1484375 0.521875 0.01875 0.01875
1 0.2578125 0.5234375 0.021875 0.025
1 0.2859375 0.5015625 0.015625 0.0265625
0 0.359375 0.5171875 0.1 0.075
1 0.14375 0.4828125 0.025 0.00625
1 0.1140625 0.634375 0.0203125 0.0296875
1 0.1765625 0.6265625 0.034375 0.0328125
1 0.2078125 0.5421875 0.0234375 0.0265625
1 0.265625 0.6390625 0.0328125 0.03125
1 0.29375 0.5890625 0.0359375 0.028125
1 0.24140625 0.490625 0.0296875 0.021875
1 0.3890625 0.659375 0.0328125 0.021875
1 0.33125 0.5828125 0.0171875 0.01875
1 0.3875 0.584375 0.015625 0.015625
1 0.3046875 0.653125 0.015625 0.025
1 0.3265625 0.66875 0.021875 0.025
1 0.3265625 0.65 0.04375 0.03125
1 0.3 0.775 0.0234375 0.0234375
1 0.3625 0.7890625 0.028125 0.015625
1 0.390625 0.7765625 0.0203125 0.01875
1 0.2859375 0.8609375 0.0171875 0.0203125
1 0.271875 0.8375 0.0234375 0.021875
1 0.296875 0.8421875 0.0265625 0.028125
1 0.621875 0.49296875 0.03125 0.0265625
1 0.540625 0.646875 0.0578125 0.0515625
1 0.70625 0.6328125 0.0265625 0.03125
1 0.74765625 0.5078125 0.0484375 0.05625
1 0.740625 0.578125 0.0265625 0.015625
1 0.98828125 0.82890625 0.0234375 0.0265625
1 0.7140625 0.8 0.0453125 0.0546875
0 0.8015625 0.859375 0.2828125 0.103125
0 0.86484375 0.55234375 0.2640625 0.1453125
0 0.86875 0.71328125 0.2625 0.3015625