1 0.31328125 0.0046875 0.0078125 0.009375
1 0.0109375 0.06796875 0.021875 0.0328125
1 0.271875 0.071875 0.0109375 0.00625
1 0.0375 0.1109375 0.025 0.0265625
1 0.5640625 0.10625 0.015625 0.021875
1 0.275 0.11875 0.0296875 0.025
1 0.4984375 0.18125 0.0125 0.009375
1 0.13125 0.2015625 0.009375 0.015625
1 0.5234375 0.309375 0.015625 0.015625
1 0.1453125 0.39375 0.0078125 0.0078125
1 0.4828125 0.3890625 0.0171875 0.0203125
1 0.0390625 0.4046875 0.0265625 0.0234375
1 0.2296875 0.459375 0.0203125 0.0078125
0 0.46640625 0.08125 0.1984375 0.1625
0 0.45859375 0.22890625 0.2828125 0.3515625
0 0.4609375 0.3296875 0.1890625 0.26875
1 0.384375 0.425 0.0140625 0.021875
1 0.459375 0.4375 0.00625 0.00625
1 0.078125 0.2484375 0.153125 0.1171875
0 0.66484375 0.071875 0.1296875 0.1375
1 0.921875 0.2921875 0.0125 0.015625
1 0.7703125 0.4171875 0.0078125 0.0140625
0 0.6515625 0.3109375 0.103125 0.2375
1 0.8578125 0.346875 0.0265625 0.0265625
1 0.8265625 0.3609375 0.0484375 0.03125
1 0.75625 0.415625 0.0078125 0.00625
0 0.65 0.01953125 0.096875 0.0390625
0 0.64609375 0.38046875 0.0921875 0.0953125
1 0.47734375 0.62734375 0.0171875 0.0171875
1 0.4828125 0.875 0.01875 0.03125
1 0.56640625 0.7734375 0.0671875 0.075
0 0.3328125 0.875 0.215625 0.1515625
0 0.340625 0.7828125 0.2359375 0.3109375
1 0.2765625 0.8203125 0.0109375 0.0140625
0 0.31953125 0.63515625 0.2171875 0.0328125
1 0.384375 0.66875 0.0125 0.021875
1 0.10625 0.6875 0.015625 0.0125
1 0.190625 0.75 0.0171875 0.009375
0 0.9 0.871875 0.1265625 0.14375
0 0.9265625 0.8046875 0.109375 0.06875
1 0.61328125 0.8296875 0.0265625 0.034375
1 0.6140625 0.92265625 0.028125 0.0296875
1 0.634375 0.96875 0.028125 0.0328125