1 0.2859375 0.39375 0.0203125 0.025
1 0.2625 0.39375 0.0140625 0.0140625
0 0.1734375 0.4515625 0.115625 0.05625
0 0.1859375 0.3109375 0.0671875 0.11875
1 0.2328125 0.2640625 0.0296875 0.034375
1 0.2578125 0.234375 0.034375 0.028125
1 0.3046875 0.2171875 0.009375 0.009375
1 0.2125 0.296875 0.0078125 0.0125
0 0.209375 0.409375 0.090625 0.1265625
1 0.253125 0.4296875 0.0125 0.0109375
1 0.240625 0.4046875 0.0140625 0.0203125
1 0.153125 0.190625 0.015625 0.0203125
1 0.115625 0.15625 0.025 0.034375
0 0.1703125 0.2296875 0.1046875 0.1
1 0.2265625 0.2046875 0.075 0.1125
1 0.2375 0.2265625 0.0140625 0.0140625
0 0.21875 0.1390625 0.1328125 0.0953125
0 0.1859375 0.1078125 0.16875 0.065625
0 0.1984375 0.0578125 0.0703125 0.071875
1 0.1609375 0.078125 0.0125 0.009375
1 0.01484375 0.440625 0.0296875 0.034375
1 0.0578125 0.35625 0.021875 0.01875
1 0.0375 0.3765625 0.040625 0.0375
1 0.02890625 0.31015625 0.0578125 0.0484375
1 0.0921875 0.328125 0.0171875 0.021875
1 0.0453125 0.2921875 0.0140625 0.0109375
1 0.0234375 0.2171875 0.046875 0.059375
1 0.03125 0.140625 0.015625 0.01875
1 0.078125 0.1015625 0.0171875 0.021875
1 0.99453125 0.3265625 0.0109375 0.0375
1 0.95234375 0.32734375 0.0953125 0.0890625
1 0.99296875 0.21875 0.0140625 0.0625
0 0.83359375 0.02734375 0.1203125 0.0546875
0 0.84453125 0.05703125 0.1609375 0.1140625
0 0.8375 0.115625 0.0734375 0.1171875
1 0.7953125 0.15625 0.075 0.06875
1 0.7515625 0.2609375 0.0625 0.0375
0 0.825 0.3109375 0.0953125 0.125
1 0.59375 0.315625 0.0453125 0.04375
1 0.46875 0.225 0.146875 0.1703125
1 0.5078125 0.009375 0.06875 0.01875
1 0.32578125 0.1375 0.0328125 0.04375
1 0.821875 0.20625 0.021875 0.021875
1 0.9015625 0.1890625 0.0203125 0.0171875
1 0.01484375 0.56171875 0.0296875 0.0296875
1 0.2078125 0.6421875 0.021875 0.0328125
1 0.26953125 0.7421875 0.0796875 0.05
1 0.075 0.8296875 0.0203125 0.03125
1 0.259375 0.8359375 0.01875 0.0203125
1 0.0046875 0.8515625 0.009375 0.015625
1 0.003125 0.88359375 0.00625 0.0328125
1 0.0390625 0.86875 0.0390625 0.0421875
0 0.18125 0.871875 0.2015625 0.16875
1 0.003125 0.821875 0.00625 0.03125
1 0.61875 0.5984375 0.059375 0.0765625
1 0.5203125 0.6078125 0.009375 0.0234375
1 0.534375 0.7921875 0.0421875 0.0328125
1 0.55625 0.83125 0.0125 0.0171875
1 0.4734375 0.8296875 0.025 0.0296875
1 0.4578125 0.79375 0.046875 0.0578125
1 0.3546875 0.7875 0.03125 0.0546875
1 0.5296875 0.48203125 0.01875 0.0046875
1 0.496875 0.5078125 0.0203125 0.0140625
1 0.321875 0.57265625 0.025 0.0484375
1 0.35625 0.715625 0.0234375 0.0109375
1 0.409375 0.65625 0.0078125 0.0171875
1 0.50625 0.65625 0.0140625 0.0171875
1 0.4828125 0.675 0.025 0.0375
0 0.5671875 0.6828125 0.1609375 0.0921875
1 0.553125 0.7203125 0.04375 0.0640625
1 0.596875 0.8390625 0.0140625 0.015625
0 0.5609375 0.8515625 0.04375 0.015625
1 0.8046875 0.8171875 0.0484375 0.0296875
1 0.775 0.790625 0.0515625 0.040625
1 0.740625 0.796875 0.025 0.0296875
1 0.70625 0.7328125 0.0171875 0.034375
1 0.7140625 0.81875 0.0234375 0.009375
1 0.771875 0.8296875 0.0484375 0.034375
1 0.7453125 0.7359375 0.0109375 0.01875
1 0.7796875 0.7578125 0.00625 0.0078125
1 0.9109375 0.75 0.034375 0.040625
1 0.85625 0.840625 0.034375 0.034375
1 0.8703125 0.7703125 0.0203125 0.025
1 0.85 0.7625 0.015625 0.0109375
1 0.8421875 0.746875 0.0125 0.01875
1 0.865625 0.6578125 0.021875 0.0234375
1 0.821875 0.6671875 0.0140625 0.015625
1 0.9296875 0.5546875 0.059375 0.0375
1 0.8921875 0.559375 0.034375 0.0375
0 0.571875 0.5453125 0.10625 0.10625
1 0.7203125 0.65 0.0171875 0.0171875
1 0.721875 0.590625 0.0078125 0.0109375
1 0.7078125 0.5890625 0.01875 0.009375
1 0.7296875 0.5578125 0.034375 0.028125
1 0.734375 0.5390625 0.025 0.015625
1 0.7578125 0.575 0.0375 0.0328125
1 0.784375 0.6015625 0.053125 0.03125
1 0.81875 0.5828125 0.025 0.03125
1 0.8171875 0.559375 0.04375 0.0359375
1 0.9359375 0.503125 0.025 0.01875
1 0.9921875 0.4890625 0.015625 0.0171875
1 0.9890625 0.5125 0.0171875 0.0390625
1 0.98046875 0.51015625 0.0390625 0.0328125
1 0.8078125 0.50625 0.0546875 0.0125
1 0.990625 0.6109375 0.0125 0.0125
1 0.9734375 0.6734375 0.0265625 0.0234375
1 0.99375 0.6453125 0.0125 0.0125
1 0.99140625 0.67578125 0.0171875 0.0234375
1 0.99375 0.709375 0.0125 0.0125
1 0.9796875 0.853125 0.0109375 0.0140625
1 0.9453125 0.8546875 0.025 0.0109375
1 0.975 0.840625 0.01875 0.025
1 0.4890625 0.7796875 0.0125 0.015625
1 0.8359375 0.6765625 0.025 0.0265625
1 0.8625 0.6828125 0.03125 0.01875
1 0.7203125 0.7828125 0.0484375 0.0359375
1 0.38125 0.49375 0.028125 0.028125