1 0.0546875 0.2796875 0.01875 0.0203125
1 0.0953125 0.3453125 0.0375 0.021875
1 0.190625 0.421875 0.0546875 0.0359375
1 0.2171875 0.2640625 0.021875 0.025
1 0.178125 0.23125 0.021875 0.0234375
1 0.146875 0.178125 0.0125 0.0140625
1 0.4109375 0.36875 0.0234375 0.021875
1 0.4640625 0.1828125 0.0328125 0.021875
1 0.5359375 0.19375 0.0171875 0.0140625
1 0.5140625 0.2140625 0.0625 0.040625
1 0.515625 0.1859375 0.0265625 0.0203125
1 0.44375 0.29375 0.04375 0.028125
1 0.515625 0.3609375 0.0359375 0.025
1 0.54375 0.41875 0.015625 0.0203125
1 0.5734375 0.4578125 0.021875 0.0140625
1 0.565625 0.4203125 0.0171875 0.0140625
0 0.53828125 0.39375 0.1234375 0.15
1 0.5734375 0.3890625 0.025 0.021875
0 0.58671875 0.26875 0.0265625 0.196875
1 0.5421875 0.3171875 0.021875 0.0234375
1 0.9421875 0.45625 0.028125 0.021875
1 0.7265625 0.4578125 0.0078125 0.0078125
1 0.9328125 0.4234375 0.0109375 0.0171875
1 0.6765625 0.4140625 0.028125 0.0390625
1 0.9515625 0.375 0.028125 0.028125
1 0.7453125 0.365625 0.0265625 0.015625
1 0.99296875 0.36640625 0.0140625 0.0171875
1 0.6953125 0.359375 0.0171875 0.03125
1 0.9875 0.33125 0.0125 0.0109375
1 0.6515625 0.3203125 0.028125 0.01875
1 0.6140625 0.325 0.028125 0.03125
1 0.9234375 0.29375 0.0234375 0.0234375
1 0.6203125 0.2875 0.0328125 0.034375
1 0.66875 0.2703125 0.0078125 0.009375
1 0.98828125 0.27421875 0.0234375 0.0453125
0 0.78125 0.45390625 0.096875 0.0296875
0 0.80625 0.3921875 0.146875 0.10625
0 0.784375 0.2828125 0.14375 0.1171875
1 0.6390625 0.271875 0.015625 0.0296875
1 0.646875 0.278125 0.0265625 0.03125
1 0.66875 0.2875 0.01875 0.0140625
1 0.9390625 0.309375 0.01875 0.0265625
1 0.9609375 0.346875 0.015625 0.034375
1 0.95625 0.3171875 0.025 0.0359375
1 0.9546875 0.23125 0.0171875 0.0125
1 0.4984375 0.653125 0.0078125 0.0109375
1 0.4359375 0.590625 0.0078125 0.00625
1 0.4796875 0.584375 0.0109375 0.0078125
1 0.35 0.5828125 0.0140625 0.0171875
1 0.1140625 0.5140625 0.0140625 0.015625
0 0.1203125 0.4859375 0.1 0.03125
1 0.08515625 0.47109375 0.0140625 0.0046875
1 0.2734375 0.784375 0.00625 0.0125
1 0.121875 0.703125 0.0109375 0.0046875
1 0.196875 0.6109375 0.025 0.0234375
0 0.1171875 0.7171875 0.090625 0.1703125
0 0.259375 0.778125 0.153125 0.046875
1 0.1546875 0.6921875 0.0390625 0.0484375
0 0.2109375 0.615625 0.2125 0.1015625
1 0.4140625 0.65 0.03125 0.0296875
1 0.4109375 0.6 0.01875 0.0171875
1 0.55 0.621875 0.01875 0.0203125
1 0.590625 0.4734375 0.009375 0.009375
1 0.73125 0.9078125 0.0078125 0.009375
1 0.9859375 0.89375 0.009375 0.0125
1 0.95 0.8875 0.0109375 0.0078125
1 0.840625 0.8484375 0.009375 0.0109375
1 0.8015625 0.8359375 0.0078125 0.0109375
1 0.8421875 0.7953125 0.009375 0.0140625
1 0.8328125 0.7796875 0.0109375 0.0140625
1 0.796875 0.7046875 0.0171875 0.0125
1 0.64375 0.5984375 0.0140625 0.0078125
1 0.7703125 0.584375 0.0109375 0.0078125
0 0.828125 0.6203125 0.134375 0.265625
1 0.8 0.4859375 0.0078125 0.015625
0 0.8515625 0.921875 0.103125 0.084375
0 0.8328125 0.8109375 0.1703125 0.159375