1 0.01640625 0.09609375 0.0328125 0.0578125
1 0.1140625 0.0921875 0.053125 0.0234375
1 0.115625 0.159375 0.0890625 0.090625
1 0.2703125 0.10625 0.034375 0.0328125
1 0.2828125 0.1453125 0.0390625 0.03125
1 0.3125 0.18125 0.0453125 0.0765625
1 0.3375 0.225 0.015625 0.034375
1 0.328125 0.134375 0.040625 0.0234375
1 0.37578125 0.1296875 0.0265625 0.0375
1 0.36796875 0.18203125 0.0421875 0.0359375
1 0.384375 0.22890625 0.009375 0.0453125
1 0.38359375 0.30390625 0.0109375 0.0671875
1 0.371875 0.31171875 0.034375 0.0578125
1 0.3265625 0.409375 0.059375 0.01875
1 0.2625 0.328125 0.0421875 0.0109375
0 0.27578125 0.38203125 0.1671875 0.0734375
1 0.1421875 0.334375 0.078125 0.040625
1 0.18125 0.3296875 0.009375 0.0359375
0 0.09375 0.36875 0.1234375 0.0546875
1 0.125 0.3234375 0.0703125 0.0265625
1 0.0984375 0.2953125 0.06875 0.09375
1 0.0734375 0.3421875 0.06875 0.03125
1 0.0703125 0.4109375 0.0625 0.015625
1 0.04609375 0.38359375 0.0921875 0.0703125
0 0.01171875 0.403125 0.0234375 0.03125
1 0.1765625 0.24375 0.0203125 0.0421875
1 0.89375 0.028125 0.0234375 0.021875
1 0.8921875 0.075 0.053125 0.0390625
1 0.721875 0.015625 0.0203125 0.025
1 0.6328125 0.00703125 0.0375 0.0140625
1 0.5859375 0.04375 0.034375 0.0265625
1 0.64375 0.0625 0.025 0.034375
0 0.4578125 0.253125 0.13125 0.1421875
1 0.4734375 0.18125 0.03125 0.021875
1 0.4203125 0.3734375 0.046875 0.0265625
1 0.4171875 0.3296875 0.021875 0.0140625
0 0.553125 0.2890625 0.0890625 0.1078125
0 0.6109375 0.2421875 0.1265625 0.1578125
1 0.8109375 0.1140625 0.0234375 0.034375
1 0.796875 0.1359375 0.03125 0.0203125
1 0.871875 0.140625 0.0234375 0.0265625
1 0.8515625 0.1890625 0.03125 0.0421875
1 0.9140625 0.28125 0.0078125 0.034375
1 0.8875 0.2875 0.0375 0.0234375
0 0.8390625 0.2546875 0.128125 0.1078125
1 0.7953125 0.3515625 0.0296875 0.0328125
0 0.7546875 0.253125 0.0765625 0.06875
0 0.6828125 0.240625 0.0984375 0.09375
0 0.6640625 0.290625 0.01875 0.025
1 0.9046875 0.3546875 0.025 0.021875
1 0.83203125 0.40859375 0.0203125 0.0203125
1 0.7609375 0.4125 0.015625 0.0125
1 0.7421875 0.40859375 0.025 0.0203125
1 0.71875 0.3953125 0.03125 0.040625
1 0.7125 0.2984375 0.009375 0.021875
1 0.703125 0.3953125 0.0140625 0.0171875
1 0.45703125 0.41484375 0.0328125 0.0078125
1 0.8125 0.284375 0.015625 0.0109375
1 0.821875 0.3578125 0.0171875 0.0078125
1 0.50625 0.1296875 0.009375 0.0125
1 0.2703125 0.428125 0.015625 0.0078125
1 0.0984375 0.8140625 0.028125 0.0265625
1 0.3015625 0.7765625 0.03125 0.0203125
1 0.35 0.8015625 0.0203125 0.028125
1 0.3265625 0.61875 0.01875 0.0109375
0 0.24296875 0.59140625 0.2921875 0.3453125
0 0.159375 0.590625 0.284375 0.2921875
0 0.0359375 0.7265625 0.0375 0.2203125
1 0.98671875 0.44296875 0.0265625 0.0296875
1 0.99453125 0.46953125 0.0109375 0.0140625
1 0.978125 0.5046875 0.0078125 0.0140625
1 0.9234375 0.475 0.0140625 0.015625
1 0.91875 0.4953125 0.0078125 0.0078125
1 0.65 0.4578125 0.015625 0.0125
1 0.6484375 0.49375 0.0140625 0.015625
1 0.95 0.671875 0.0203125 0.0265625
1 0.990625 0.640625 0.0140625 0.015625
0 0.9453125 0.765625 0.1 0.0734375
1 0.825 0.6703125 0.0203125 0.0171875
1 0.803125 0.65625 0.021875 0.0203125
1 0.73125 0.696875 0.01875 0.015625
0 0.86875 0.7703125 0.109375 0.1125
1 0.821875 0.815625 0.0078125 0.0125
1 0.790625 0.771875 0.0171875 0.0140625
1 0.8875 0.6 0.01875 0.009375
1 0.65625 0.7203125 0.015625 0.0328125
1 0.99375 0.92421875 0.0125 0.0328125
1 0.978125 0.9203125 0.0234375 0.015625
1 0.959375 0.8296875 0.0203125 0.021875
1 0.9390625 0.825 0.015625 0.0203125
1 0.8734375 0.903125 0.0140625 0.0203125
1 0.8671875 0.9796875 0.0171875 0.0171875
1 0.815625 0.978125 0.0359375 0.0234375
1 0.828125 0.853125 0.03125 0.0328125
1 0.809375 0.8890625 0.0265625 0.0328125
1 0.803125 0.896875 0.0265625 0.0171875
1 0.815625 0.9203125 0.0125 0.021875
1 0.80625 0.928125 0.0296875 0.0265625
1 0.75 0.925 0.0140625 0.0125
1 0.740625 0.8546875 0.0265625 0.0296875
1 0.6609375 0.9625 0.01875 0.0078125
1 0.646875 0.98125 0.03125 0.0265625
1 0.6296875 0.934375 0.021875 0.01875
1 0.690625 0.725 0.025 0.0265625
0 0.740625 0.7921875 0.0765625 0.1265625
1 0.653125 0.8578125 0.0875 0.0609375
0 0.6578125 0.7859375 0.096875 0.15