1 0.35078125 0.628125 0.0171875 0.015625
1 0.34921875 0.47265625 0.0203125 0.0328125
1 0.3453125 0.3 0.0265625 0.03125
1 0.3296875 0.5703125 0.0203125 0.028125
1 0.31875 0.03125 0.0203125 0.015625
1 0.303125 0.2390625 0.0203125 0.0234375
1 0.3125 0.36875 0.0328125 0.0421875
1 0.3109375 0.2921875 0.0359375 0.03125
1 0.2625 0.36875 0.0265625 0.03125
1 0.24375 0.2625 0.009375 0.015625
1 0.2375 0.534375 0.01875 0.0171875
1 0.2296875 0.465625 0.015625 0.0078125
1 0.2203125 0.3625 0.028125 0.025
1 0.2265625 0.4359375 0.0640625 0.0453125
1 0.196875 0.1234375 0.015625 0.01875
1 0.1828125 0.484375 0.0234375 0.0296875
0 0.24453125 0.6046875 0.1296875 0.090625
1 0.159375 0.3453125 0.025 0.01875
1 0.1375 0.5796875 0.015625 0.0203125
1 0.134375 0.4203125 0.0203125 0.025
1 0.13125 0.2734375 0.0171875 0.0171875
1 0.1203125 0.503125 0.03125 0.0171875
1 0.0765625 0.4515625 0.0359375 0.0234375
1 0.059375 0.3328125 0.0296875 0.015625
0 0.1 0.09375 0.1265625 0.0546875
0 0.046875 0.6 0.09375 0.065625
1 0.06875 0.5375 0.015625 0.01875
1 0.121875 0.546875 0.0171875 0.0234375
1 0.134375 0.51875 0.01875 0.0140625
1 0.18125 0.5203125 0.0234375 0.021875
1 0.184375 0.5609375 0.0234375 0.0234375
1 0.3109375 0.4984375 0.0671875 0.0515625
1 0.29375 0.4625 0.0390625 0.0296875
1 0.2546875 0.55625 0.015625 0.021875
1 0.1796875 0.4046875 0.0125 0.015625
1 0.1640625 0.3796875 0.01875 0.0171875
1 0.15625 0.396875 0.0234375 0.0171875
1 0.14375 0.4609375 0.0140625 0.0171875
1 0.1 0.3765625 0.021875 0.015625
1 0.1140625 0.353125 0.0484375 0.01875
1 0.1296875 0.325 0.0125 0.015625
1 0.0453125 0.3671875 0.028125 0.0171875
1 0.0078125 0.36875 0.015625 0.0375
1 0.00546875 0.38828125 0.0109375 0.0171875
1 0.00234375 0.22578125 0.0046875 0.0265625
1 0.0234375 0.2296875 0.015625 0.0234375
1 0.134375 0.25 0.0125 0.015625
1 0.146875 0.24375 0.01875 0.0234375
1 0.1546875 0.2578125 0.0203125 0.0171875
1 0.16875 0.265625 0.0234375 0.0171875
1 0.2 0.2875 0.0421875 0.0453125
1 0.2546875 0.2984375 0.025 0.0171875
1 0.259375 0.2890625 0.0203125 0.015625
1 0.2671875 0.303125 0.021875 0.0171875
1 0.2609375 0.259375 0.021875 0.0140625
1 0.234375 0.228125 0.028125 0.034375
1 0.35390625 0.33671875 0.0109375 0.0453125
0 0.01640625 0.096875 0.0328125 0.084375
1 0.271875 0.0265625 0.015625 0.028125
1 0.2828125 0.021875 0.0078125 0.028125
1 0.309375 0.0046875 0.021875 0.009375
1 0.3046875 0.0953125 0.04375 0.05625
0 0.34453125 0.07890625 0.0296875 0.1046875
1 0.94375 0.46875 0.0125 0.015625
1 0.9234375 0.4703125 0.0125 0.00625
1 0.9109375 0.11875 0.0296875 0.0328125
1 0.9203125 0.6203125 0.05 0.034375
1 0.8765625 0.434375 0.025 0.025
1 0.8609375 0.4109375 0.0171875 0.0234375
1 0.83125 0.434375 0.025 0.0296875
1 0.80859375 0.646875 0.0234375 0.00625
1 0.809375 0.309375 0.0265625 0.0265625
1 0.8 0.3296875 0.0140625 0.0078125
1 0.7578125 0.1453125 0.0125 0.0109375
0 0.78125 0.4859375 0.065625 0.0734375
1 0.7609375 0.040625 0.0265625 0.0234375
1 0.7296875 0.64453125 0.025 0.0109375
1 0.73125 0.55625 0.015625 0.0125
1 0.7125 0.1640625 0.0078125 0.009375
1 0.696875 0.0390625 0.021875 0.015625
1 0.684375 0.6359375 0.025 0.0203125
1 0.6765625 0.5234375 0.040625 0.0515625
1 0.6640625 0.18125 0.025 0.0265625
1 0.6078125 0.384375 0.0140625 0.0125
1 0.60234375 0.003125 0.0171875 0.00625
1 0.571875 0.24375 0.0359375 0.0328125
1 0.5515625 0.61875 0.0171875 0.0109375
1 0.54375 0.1375 0.0109375 0.0171875
1 0.5015625 0.15 0.009375 0.009375
1 0.4828125 0.6140625 0.01875 0.025
1 0.4703125 0.040625 0.0140625 0.0140625
1 0.4734375 0.4703125 0.028125 0.0359375
1 0.4515625 0.646875 0.021875 0.00625
1 0.4421875 0.43125 0.0234375 0.0359375
1 0.4453125 0.6109375 0.0359375 0.040625
1 0.8578125 0.4921875 0.025 0.03125
0 0.6578125 0.459375 0.1140625 0.109375
1 0.7015625 0.50625 0.0421875 0.04375
1 0.640625 0.403125 0.0359375 0.0609375
0 0.55 0.4625 0.1421875 0.146875
0 0.4828125 0.4484375 0.05 0.121875
1 0.2359375 0.8546875 0.0109375 0.0203125
1 0.10078125 0.65703125 0.0140625 0.0140625
1 0.3328125 0.878125 0.0328125 0.028125
1 0.2015625 0.9671875 0.021875 0.01875
1 0.2015625 0.9453125 0.0265625 0.01875
1 0.22109375 0.65625 0.0265625 0.0125
1 0.175 0.7 0.0265625 0.0359375
0 0.26875 0.7390625 0.1359375 0.1484375
0 0.1734375 0.74375 0.1109375 0.0734375
1 0.0984375 0.803125 0.0265625 0.0234375
1 0.1265625 0.790625 0.0296875 0.0203125
1 0.1109375 0.7796875 0.015625 0.021875
0 0.06875 0.7421875 0.071875 0.1203125
1 0.4765625 0.9890625 0.015625 0.021875
1 0.709375 0.953125 0.05 0.028125
1 0.8890625 0.88125 0.01875 0.0140625
1 0.709375 0.7265625 0.0546875 0.0765625
0 0.58671875 0.7734375 0.2359375 0.246875
0 0.82109375 0.73984375 0.3453125 0.1796875
0 0.9734375 0.7546875 0.04375 0.0484375
0 0.9453125 0.690625 0.103125 0.0375
1 0.8 0.68125 0.025 0.0234375
1 0.7765625 0.6953125 0.028125 0.0234375
0 0.89765625 0.71875 0.1953125 0.1375