0 0.58984375 0.30546875 0.1390625 0.1484375
0 0.59296875 0.1484375 0.1328125 0.153125
0 0.60234375 0.05 0.1140625 0.0375
1 0.4171875 0.3453125 0.0859375 0.059375
1 0.38046875 0.3609375 0.0359375 0.0375
1 0.49921875 0.365625 0.0296875 0.028125
1 0.2734375 0.3515625 0.0359375 0.028125
1 0.2734375 0.315625 0.04375 0.028125
1 0.2984375 0.15 0.0484375 0.0578125
1 0.3734375 0.071875 0.0546875 0.053125
0 0.06640625 0.1875 0.1328125 0.125
1 0.0734375 0.0953125 0.1265625 0.1078125
0 0.0875 0.046875 0.0796875 0.028125
1 0.01171875 0.28359375 0.0234375 0.0359375
1 0.0703125 0.24375 0.0359375 0.04375
1 0.65234375 0.09609375 0.0140625 0.0484375
1 0.99375 0.28984375 0.0125 0.0078125
1 0.99453125 0.265625 0.0109375 0.015625
1 0.9453125 0.37578125 0.015625 0.0078125
1 0.9640625 0.3203125 0.0625 0.0265625
1 0.9703125 0.2796875 0.0359375 0.040625
1 0.925 0.14375 0.0296875 0.0390625
1 0.9015625 0.165625 0.0125 0.0125
1 0.9703125 0.06875 0.015625 0.0078125
1 0.8296875 0.025 0.0703125 0.034375
0 0.8234375 0.0578125 0.0828125 0.0546875
1 0.7640625 0.075 0.0234375 0.025
1 0.7875 0.0609375 0.015625 0.0125
1 0.7234375 0.109375 0.0046875 0.0171875
0 0.8171875 0.125 0.153125 0.05625
1 0.7421875 0.1125 0.0265625 0.0234375
0 0.8015625 0.2 0.13125 0.1734375
1 0.9140625 0.290625 0.0125 0.0109375
1 0.871875 0.340625 0.025 0.01875
1 0.73125 0.2828125 0.015625 0.0125
0 0.8078125 0.33203125 0.0875 0.0953125
0 0.759375 0.36328125 0.06875 0.0328125
1 0.3890625 0.396875 0.0203125 0.0234375
1 0.2359375 0.5015625 0.01875 0.0171875
1 0.19375 0.5390625 0.0140625 0.0140625
1 0.653125 0.55390625 0.0125 0.0234375
1 0.134375 0.565625 0.0140625 0.0203125
1 0.65625 0.575 0.00625 0.009375
1 0.01875 0.5859375 0.021875 0.0234375
1 0.2484375 0.615625 0.0296875 0.0171875
1 0.284375 0.665625 0.01875 0.0078125
1 0.2390625 0.6671875 0.028125 0.0375
1 0.203125 0.725 0.0140625 0.0140625
1 0.0875 0.75625 0.0171875 0.0125
1 0.378125 0.7703125 0.025 0.0265625
1 0.021875 0.7859375 0.0125 0.021875
1 0.6203125 0.4328125 0.0078125 0.009375
1 0.6296875 0.4265625 0.015625 0.015625
1 0.55 0.4375 0.0734375 0.090625
0 0.4359375 0.4203125 0.15625 0.08125
1 0.49765625 0.4015625 0.0515625 0.04375
1 0.384375 0.54375 0.0234375 0.0265625
1 0.4390625 0.4734375 0.025 0.015625
0 0.459375 0.503125 0.1265625 0.0875
1 0.5 0.53125 0.0984375 0.053125
1 0.515625 0.590625 0.0453125 0.090625
1 0.475 0.5859375 0.021875 0.028125
1 0.5140625 0.6484375 0.05 0.0515625
0 0.4234375 0.553125 0.04375 0.01875
0 0.4765625 0.6609375 0.175 0.1828125
1 0.5421875 0.809375 0.0796875 0.04375
0 0.45625 0.7828125 0.1890625 0.0953125
1 0.90625 0.9640625 0.01875 0.028125
1 0.865625 0.996875 0.025 0.00625
1 0.93125 0.9140625 0.021875 0.0484375
1 0.9375 0.75 0.0265625 0.0234375
1 0.8984375 0.7328125 0.0375 0.0484375
1 0.8484375 0.7390625 0.0234375 0.0125
1 0.9046875 0.69375 0.0203125 0.0359375
1 0.953125 0.875 0.03125 0.0296875
1 0.98984375 0.825 0.0203125 0.053125
1 0.99296875 0.81875 0.0140625 0.0125
1 0.9859375 0.67109375 0.028125 0.0203125
1 0.7625 0.6171875 0.028125 0.0296875
1 0.69375 0.5921875 0.01875 0.028125
1 0.7421875 0.7796875 0.0296875 0.0296875
1 0.690625 0.7796875 0.0625 0.071875
1 0.665625 0.8078125 0.0125 0.0375
1 0.7921875 0.978125 0.046875 0.0390625
1 0.8078125 0.94375 0.0421875 0.028125
1 0.8015625 0.9296875 0.0515625 0.0359375
1 0.7203125 0.934375 0.0234375 0.0359375
1 0.80625 0.8859375 0.01875 0.025
1 0.70703125 0.965625 0.0953125 0.06875