0 0.50390625 0.1109375 0.0515625 0.175
1 0.4609375 0.3546875 0.0328125 0.0265625
1 0.4296875 0.09375 0.0171875 0.0265625
1 0.3609375 0.0328125 0.0234375 0.025
1 0.3203125 0.1703125 0.009375 0.0046875
1 0.290625 0.0671875 0.009375 0.021875
1 0.2453125 0.0734375 0.0125 0.0328125
1 0.1671875 0.3515625 0.0375 0.0453125
0 0.5 0.20859375 0.059375 0.2078125
1 0.665625 0.4015625 0.0296875 0.040625
1 0.6265625 0.4015625 0.0234375 0.0203125
1 0.6359375 0.353125 0.0265625 0.0234375
1 0.6578125 0.36875 0.028125 0.021875
1 0.703125 0.340625 0.0359375 0.034375
1 0.7328125 0.34375 0.028125 0.021875
1 0.74375 0.3765625 0.03125 0.021875
1 0.7828125 0.3953125 0.0171875 0.0234375
1 0.7796875 0.36875 0.0203125 0.021875
1 0.7671875 0.3546875 0.0375 0.01875
1 0.76875 0.3328125 0.0296875 0.0375
1 0.5546875 0.3984375 0.0421875 0.034375
1 0.53515625 0.3546875 0.0109375 0.021875
1 0.5484375 0.365625 0.025 0.0234375
1 0.575 0.3609375 0.0296875 0.0390625
1 0.5578125 0.3234375 0.028125 0.03125
1 0.5359375 0.3125 0.0125 0.015625
1 0.54140625 0.2609375 0.0234375 0.03125
1 0.5578125 0.3515625 0.0296875 0.0234375
1 0.5953125 0.3421875 0.025 0.0203125
1 0.5875 0.125 0.025 0.0203125
1 0.60625 0.1140625 0.028125 0.03125
1 0.5765625 0.1140625 0.0234375 0.0125
1 0.59375 0.0578125 0.0203125 0.01875
1 0.5609375 0.0921875 0.05 0.0640625
1 0.78046875 0.00625 0.0203125 0.0125
1 0.70703125 0.00625 0.0328125 0.0125
1 0.6421875 0.01875 0.03125 0.0359375
1 0.64609375 0.00546875 0.0234375 0.0109375
1 0.6625 0.0046875 0.0125 0.009375
1 0.7828125 0.1734375 0.0109375 0.0140625
1 0.784375 0.1609375 0.0125 0.0171875
1 0.7859375 0.14375 0.0171875 0.028125
1 0.7703125 0.115625 0.025 0.03125
1 0.7640625 0.0765625 0.021875 0.021875
1 0.7671875 0.065625 0.015625 0.0125
1 0.76875 0.05625 0.0125 0.01875
1 0.7265625 0.071875 0.0234375 0.025
1 0.65 0.053125 0.0234375 0.015625
0 0.76484375 0.0515625 0.1171875 0.103125
0 0.67109375 0.1546875 0.2828125 0.309375
1 0.675 0.2265625 0.01875 0.021875
1 0.5578125 0.04375 0.0078125 0.0515625
1 0.53515625 0.05859375 0.0109375 0.0234375
1 0.4703125 0.4625 0.00625 0.0140625
1 0.1953125 0.7890625 0.0171875 0.0078125
1 0.36875 0.7609375 0.025 0.021875
0 0.39609375 0.54453125 0.2671875 0.1140625
1 0.3734375 0.53125 0.025 0.0234375
0 0.2625 0.53671875 0.159375 0.1734375
0 0.13125 0.56875 0.0640625 0.096875
1 0.6890625 0.9234375 0.0265625 0.0265625
1 0.71171875 0.99453125 0.0234375 0.0109375
1 0.7140625 0.9328125 0.021875 0.0265625
1 0.646875 0.9015625 0.01875 0.01875
1 0.6359375 0.8296875 0.0234375 0.0359375
1 0.625 0.9015625 0.0359375 0.0265625
1 0.60625 0.846875 0.0203125 0.01875
1 0.653125 0.740625 0.0171875 0.0296875
1 0.6578125 0.7171875 0.015625 0.0203125
1 0.65625 0.6828125 0.034375 0.021875
1 0.678125 0.834375 0.0265625 0.028125
1 0.7015625 0.9 0.0171875 0.025
1 0.8046875 0.903125 0.0375 0.040625
1 0.771875 0.91875 0.03125 0.0265625
1 0.7625 0.8875 0.0171875 0.025
1 0.7734375 0.9015625 0.03125 0.03125
1 0.99296875 0.9078125 0.0140625 0.071875
1 0.99140625 0.84453125 0.0171875 0.0296875
1 0.953125 0.9140625 0.0265625 0.04375
1 0.934375 0.8796875 0.03125 0.03125
1 0.9828125 0.89375 0.025 0.0203125
1 0.8828125 0.9203125 0.0203125 0.0203125
1 0.95625 0.75625 0.01875 0.03125
1 0.95 0.69375 0.025 0.021875
1 0.99453125 0.70234375 0.0109375 0.0203125
1 0.890625 0.81875 0.03125 0.0203125
1 0.9 0.803125 0.0234375 0.0265625
1 0.93125 0.734375 0.015625 0.01875
1 0.9390625 0.76875 0.021875 0.0296875
0 0.98984375 0.63828125 0.0203125 0.0609375
0 0.9140625 0.6265625 0.11875 0.11875
1 0.99140625 0.51875 0.0171875 0.028125
1 0.98359375 0.4609375 0.0140625 0.021875
1 0.959375 0.4640625 0.025 0.0203125
1 0.8515625 0.7484375 0.028125 0.0203125
1 0.8453125 0.7140625 0.05 0.05625
1 0.8265625 0.6765625 0.046875 0.0359375
1 0.796875 0.684375 0.0171875 0.021875
1 0.8515625 0.559375 0.028125 0.028125
1 0.834375 0.5734375 0.0265625 0.021875
1 0.8328125 0.5578125 0.0203125 0.0171875
1 0.8109375 0.6125 0.03125 0.025
1 0.821875 0.6 0.0234375 0.015625
1 0.7890625 0.5875 0.025 0.0265625
1 0.8140625 0.484375 0.01875 0.0296875
1 0.7875 0.5203125 0.01875 0.028125
1 0.775 0.5640625 0.025 0.0234375
1 0.765625 0.725 0.021875 0.0296875
1 0.73125 0.7203125 0.028125 0.025
1 0.75 0.7296875 0.015625 0.0171875
1 0.7703125 0.74375 0.015625 0.021875
0 0.625 0.6625 0.0703125 0.0640625
0 0.7296875 0.6328125 0.1078125 0.15625
1 0.6796875 0.6015625 0.01875 0.0265625
1 0.640625 0.603125 0.025 0.0171875
1 0.6375 0.4671875 0.015625 0.021875
1 0.65078125 0.45859375 0.0171875 0.0171875
1 0.6328125 0.5921875 0.0234375 0.0171875
1 0.6109375 0.61875 0.03125 0.025
1 0.6171875 0.60625 0.0171875 0.025
1 0.7078125 0.553125 0.0234375 0.0234375
1 0.596875 0.459375 0.0140625 0.015625
1 0.59375 0.503125 0.0078125 0.021875
1 0.76015625 0.453125 0.0140625 0.00625
1 0.85 0.490625 0.0234375 0.0234375
1 0.8359375 0.4984375 0.015625 0.015625
1 0.828125 0.4625 0.015625 0.0125
1 0.8390625 0.478125 0.015625 0.0296875
1 0.8140625 0.4546875 0.01875 0.009375