1 0.3953125 0.284375 0.0234375 0.0265625
1 0.3921875 0.321875 0.021875 0.021875
1 0.40234375 0.246875 0.0140625 0.028125
1 0.3609375 0.3671875 0.06875 0.0484375
1 0.2734375 0.309375 0.034375 0.0703125
1 0.3390625 0.315625 0.0203125 0.009375
1 0.2265625 0.296875 0.05 0.046875
1 0.3359375 0.2796875 0.034375 0.01875
1 0.31875 0.271875 0.01875 0.0265625
1 0.3 0.228125 0.0453125 0.0453125
1 0.365625 0.165625 0.03125 0.0703125
1 0.3125 0.1828125 0.059375 0.0828125
1 0.38125 0.228125 0.0484375 0.034375
1 0.365625 0.1984375 0.0875 0.1125
1 0.340625 0.2359375 0.0296875 0.0140625
1 0.3609375 0.0734375 0.0328125 0.0546875
1 0.3296875 0.0453125 0.05 0.0484375
1 0.39921875 0.01015625 0.0203125 0.0203125
1 0.2796875 0.0984375 0.015625 0.021875
1 0.24296875 0.0171875 0.0859375 0.034375
1 0.1734375 0.08125 0.0515625 0.0390625
0 0.1828125 0.04921875 0.20625 0.0984375
1 0.2578125 0.384375 0.0265625 0.015625
1 0.234375 0.384375 0.0125 0.0125
1 0.1921875 0.3265625 0.0625 0.034375
1 0.1640625 0.3859375 0.053125 0.0125
1 0.125 0.375 0.0265625 0.034375
1 0.1046875 0.365625 0.034375 0.053125
1 0.0765625 0.3640625 0.0359375 0.05625
1 0.1609375 0.3671875 0.0234375 0.0453125
1 0.1609375 0.3453125 0.025 0.0140625
1 0.196875 0.2921875 0.0484375 0.03125
1 0.1125 0.246875 0.0078125 0.0171875
1 0.090625 0.2328125 0.0234375 0.0234375
0 0.178125 0.240625 0.096875 0.0453125
1 0.1390625 0.315625 0.025 0.0328125
1 0.08125 0.296875 0.0453125 0.0296875
1 0.0234375 0.296875 0.0328125 0.0359375
1 0.0203125 0.2703125 0.0171875 0.0375
1 0.05 0.265625 0.0421875 0.046875
1 0.053125 0.2296875 0.046875 0.034375
1 0.025 0.2125 0.05 0.078125
1 0.0109375 0.3875 0.009375 0.0078125
1 0.02421875 0.11015625 0.0484375 0.1265625
1 0.05625 0.0984375 0.0921875 0.0796875
1 0.0296875 0.0421875 0.0359375 0.0453125
1 0.0046875 0.05 0.009375 0.03125
1 0.01875 0.00625 0.015625 0.0125
0 0.1546875 0.146875 0.0875 0.1046875
0 0.196875 0.18125 0.090625 0.1359375
1 0.90625 0.24375 0.065625 0.065625
1 0.9765625 0.196875 0.04375 0.03125
1 0.9359375 0.3546875 0.0328125 0.0375
1 0.909375 0.3875 0.0265625 0.0265625
1 0.5484375 0.403125 0.034375 0.0125
1 0.59609375 0.403125 0.0296875 0.0125
0 0.571875 0.3390625 0.15 0.11875
1 0.5078125 0.2671875 0.053125 0.053125
1 0.4765625 0.2375 0.01875 0.040625
0 0.5578125 0.2203125 0.1609375 0.1953125
1 0.6953125 0.16875 0.0359375 0.0265625
1 0.7125 0.3 0.025 0.034375
1 0.76875 0.31875 0.0265625 0.025
1 0.003125 0.6421875 0.00625 0.009375
1 0.2140625 0.64375 0.009375 0.009375
1 0.221875 0.7 0.0078125 0.0078125
1 0.2375 0.7171875 0.0078125 0.0109375
1 0.0984375 0.7265625 0.0078125 0.009375
1 0.0796875 0.7625 0.0078125 0.0078125
0 0.04453125 0.72734375 0.0890625 0.0921875
1 0.009375 0.7921875 0.0078125 0.015625
1 0.0984375 0.8328125 0.0078125 0.0078125
1 0.0484375 0.8515625 0.0109375 0.0078125
0 0.03515625 0.88671875 0.0703125 0.0421875
1 0.165625 0.9171875 0.0078125 0.0078125
1 0.003125 0.95703125 0.00625 0.0078125
1 0.3703125 0.9921875 0.0078125 0.0109375
1 0.00234375 0.6265625 0.0046875 0.00625
0 0.0421875 0.97265625 0.084375 0.0546875
1 0.09453125 0.9984375 0.0109375 0.003125
1 0.03203125 0.99375 0.0078125 0.0125
1 0.56875 0.5890625 0.00625 0.0078125
1 0.484375 0.7375 0.025 0.0140625
1 0.50625 0.8125 0.0203125 0.0140625
1 0.8328125 0.8296875 0.0046875 0.0125
1 0.8859375 0.825 0.053125 0.065625
0 0.759375 0.725 0.203125 0.2671875
0 0.728125 0.846875 0.0328125 0.025
0 0.7640625 0.6296875 0.353125 0.2796875
1 0.8609375 0.6109375 0.0484375 0.046875
1 0.42421875 0.4484375 0.0296875 0.046875
1 0.41796875 0.68359375 0.0171875 0.0453125