0 0.09296875 0.34375 0.1859375 0.13125
0 0.3140625 0.3390625 0.103125 0.140625
0 0.421875 0.26875 0.140625 0.28125
1 0.675 0.378125 0.0125 0.015625
1 0.7390625 0.2703125 0.0328125 0.0265625
1 0.71875 0.246875 0.015625 0.025
1 0.75 0.28125 0.021875 0.025
0 0.6046875 0.36484375 0.209375 0.0890625
0 0.73671875 0.34921875 0.4296875 0.1203125
0 0.67578125 0.396875 0.0734375 0.025
0 0.85625 0.36484375 0.2875 0.0890625
0 0.94375 0.36640625 0.1125 0.0859375
0 0.98671875 0.36484375 0.0265625 0.0328125
0 0.890625 0.3109375 0.0546875 0.0421875
1 0.915625 0.1890625 0.0359375 0.0390625
1 0.9625 0.1796875 0.0609375 0.0828125
1 0.99453125 0.16640625 0.0109375 0.0328125
1 0.996875 0.08828125 0.00625 0.0140625
1 0.88125 0.0453125 0.0515625 0.0703125
1 0.8390625 0.01328125 0.034375 0.0265625
1 0.7671875 0.1203125 0.025 0.0296875
1 0.7421875 0.103125 0.0375 0.0390625
1 0.5625 0.1609375 0.0515625 0.0546875
1 0.6328125 0.0921875 0.021875 0.0203125
1 0.6359375 0.0515625 0.06875 0.05625
1 0.675 0.0328125 0.01875 0.040625
1 0.6921875 0.178125 0.021875 0.0125
1 0.4078125 0.5015625 0.015625 0.0078125
1 0.3953125 0.546875 0.0140625 0.009375
1 0.375 0.45 0.0109375 0.0109375
0 0.378125 0.6890625 0.0765625 0.2515625
1 0.33125 0.7140625 0.0125 0.015625
1 0.3328125 0.675 0.0203125 0.021875
1 0.328125 0.846875 0.015625 0.0203125
1 0.2953125 0.721875 0.0234375 0.0296875
1 0.2625 0.753125 0.01875 0.0171875
1 0.259375 0.45 0.0234375 0.0125
1 0.2203125 0.7515625 0.03125 0.01875
1 0.1734375 0.74375 0.0125 0.025
1 0.184375 0.8265625 0.040625 0.04375
1 0.15 0.771875 0.040625 0.0328125
1 0.0953125 0.8890625 0.0203125 0.015625
1 0.08125 0.4546875 0.015625 0.021875
1 0.0765625 0.7609375 0.021875 0.034375
1 0.071875 0.425 0.021875 0.03125
0 0.0890625 0.59453125 0.178125 0.3703125
1 0.359375 0.9484375 0.03125 0.0296875
1 0.3546875 0.903125 0.0265625 0.05
1 0.409375 0.9375 0.0140625 0.0140625
1 0.1390625 0.475 0.0375 0.0359375
1 0.3015625 0.4703125 0.009375 0.015625
0 0.546875 0.775 0.09375 0.19375
0 0.7125 0.853125 0.284375 0.2875
1 0.7375 0.478125 0.03125 0.028125
1 0.909375 0.609375 0.0546875 0.0828125
0 0.8859375 0.8 0.228125 0.4
0 0.90859375 0.87890625 0.1828125 0.2421875