1 0.09375 0.271875 0.025 0.0171875
1 0.1578125 0.3765625 0.03125 0.015625
1 0.20234375 0.1578125 0.0546875 0.078125
0 0.1984375 0.1328125 0.0625 0.028125
1 0.1859375 0.1609375 0.0296875 0.0296875
1 0.0234375 0.4640625 0.0171875 0.0125
1 0.0078125 0.43125 0.015625 0.034375
1 0.1765625 0.2 0.0265625 0.021875
0 0.17578125 0.23828125 0.1078125 0.0953125
1 0.146875 0.2734375 0.090625 0.0578125
0 0.15859375 0.31796875 0.1421875 0.0890625
1 0.103125 0.3671875 0.03125 0.021875
1 0.0859375 0.33125 0.04375 0.0359375
0 0.2 0.43046875 0.059375 0.1765625
0 0.1515625 0.48125 0.090625 0.103125
0 0.18046875 0.58125 0.0984375 0.128125
0 0.20703125 0.6359375 0.0453125 0.01875
1 0.0875 0.528125 0.0171875 0.01875
1 0.0515625 0.5546875 0.0796875 0.10625
1 0.0296875 0.61875 0.028125 0.01875
1 0.00703125 0.62578125 0.0140625 0.0140625
1 0.03828125 0.27109375 0.0765625 0.1203125
1 0.05 0.3 0.0484375 0.053125
1 0.97421875 0.578125 0.0515625 0.0875
1 0.91875 0.490625 0.034375 0.028125
1 0.99453125 0.3984375 0.0109375 0.028125
1 0.8578125 0.2671875 0.0578125 0.0296875
0 0.7578125 0.2734375 0.09375 0.09375
0 0.765625 0.359375 0.075 0.0578125
0 0.78125 0.415625 0.146875 0.075
0 0.7625 0.503125 0.096875 0.1578125
0 0.784375 0.5703125 0.1015625 0.146875
1 0.7015625 0.63671875 0.071875 0.0265625
1 0.671875 0.5390625 0.03125 0.0578125
1 0.6921875 0.5578125 0.0453125 0.0546875
1 0.671875 0.4109375 0.06875 0.0828125
1 0.621875 0.4734375 0.0375 0.0625
1 0.5828125 0.5609375 0.1171875 0.115625
1 0.5203125 0.4203125 0.0546875 0.0390625
1 0.4765625 0.41875 0.0734375 0.0484375
1 0.53515625 0.63671875 0.0234375 0.0265625
1 0.4265625 0.6359375 0.028125 0.028125
1 0.4 0.378125 0.028125 0.03125
1 0.384375 0.434375 0.0171875 0.0234375
1 0.34375 0.3875 0.0125 0.01875
1 0.309375 0.4234375 0.0296875 0.021875
0 0.2796875 0.3046875 0.1 0.065625
1 0.303125 0.253125 0.03125 0.0453125
0 0.265625 0.2453125 0.0390625 0.0359375
1 0.278125 0.390625 0.01875 0.0296875
1 0.2578125 0.3859375 0.01875 0.0265625
0 0.26640625 0.46171875 0.0734375 0.1421875
1 0.24140625 0.50234375 0.0234375 0.0609375
0 0.2671875 0.55859375 0.075 0.0796875
0 0.2625 0.61875 0.065625 0.0625
1 0.23984375 0.6296875 0.0203125 0.03125
1 0.375 0.5140625 0.0203125 0.025
1 0.3390625 0.5125 0.0234375 0.01875
1 0.1953125 0.78125 0.0390625 0.040625
1 0.0484375 0.7625 0.0375 0.025
1 0.0421875 0.8171875 0.0234375 0.0140625
1 0.1 0.7265625 0.0546875 0.06875
1 0.1578125 0.7109375 0.0671875 0.0390625
1 0.2125 0.746875 0.025 0.021875
1 0.2 0.7609375 0.021875 0.015625
1 0.2265625 0.8453125 0.00625 0.025
1 0.1265625 0.96875 0.015625 0.034375
1 0.096875 0.878125 0.0265625 0.01875
1 0.0125 0.8265625 0.0140625 0.0234375
1 0.0296875 0.70625 0.04375 0.0375
1 0.2859375 0.9734375 0.0625 0.053125
1 0.55625 0.984375 0.053125 0.03125
1 0.4390625 0.8921875 0.053125 0.04375
1 0.421875 0.8046875 0.08125 0.1265625
1 0.5828125 0.8359375 0.0421875 0.0546875
1 0.94375 0.7734375 0.025 0.03125
1 0.9828125 0.8140625 0.015625 0.0171875
1 0.25625 0.75 0.021875 0.021875
1 0.43671875 0.690625 0.1078125 0.08125
1 0.759375 0.7703125 0.0140625 0.01875
0 0.753125 0.94921875 0.265625 0.1015625
0 0.8109375 0.8453125 0.378125 0.309375
1 0.565625 0.796875 0.0703125 0.0359375
0 0.6984375 0.728125 0.271875 0.15625