1 0.146875 0.4375 0.01875 0.015625
0 0.25625 0.534375 0.06875 0.025
1 0.2640625 0.3671875 0.16875 0.146875
0 0.221875 0.23125 0.0796875 0.1
0 0.225 0.128125 0.125 0.125
0 0.23125 0.0734375 0.1515625 0.1046875
1 0.29375 0.2234375 0.1171875 0.0953125
1 0.321875 0.44375 0.0140625 0.015625
1 0.434375 0.5171875 0.0078125 0.0125
1 0.8296875 0.478125 0.0078125 0.0078125
1 0.5359375 0.4703125 0.0140625 0.0078125
1 0.975 0.465625 0.015625 0.0171875
1 0.5953125 0.375 0.0078125 0.009375
1 0.7078125 0.2984375 0.015625 0.0109375
1 0.7390625 0.3 0.0203125 0.0359375
1 0.69375 0.2828125 0.0078125 0.015625
1 0.6125 0.2375 0.0109375 0.009375
1 0.8140625 0.1765625 0.0109375 0.00625
1 0.865625 0.1328125 0.0125 0.00625
1 0.4328125 0.125 0.0109375 0.0046875
1 0.3765625 0.1703125 0.0203125 0.040625
1 0.41875 0.2484375 0.0328125 0.01875
1 0.415625 0.3625 0.0234375 0.0171875
1 0.3921875 0.415625 0.0078125 0.0078125
1 0.4921875 0.409375 0.034375 0.0453125
1 0.5421875 0.4484375 0.009375 0.0125
1 0.596875 0.5390625 0.0234375 0.0234375
1 0.59375 0.55546875 0.009375 0.0078125
1 0.7703125 0.4421875 0.0296875 0.0390625
1 0.64375 0.2890625 0.0234375 0.0328125
1 0.71875 0.0765625 0.0078125 0.00625
0 0.7484375 0.09375 0.0203125 0.0546875
1 0.8640625 0.0765625 0.009375 0.003125
1 0.8390625 0.4015625 0.00625 0.0078125
1 0.865625 0.2703125 0.0078125 0.0078125
1 0.8546875 0.55625 0.025 0.00625
1 0.9828125 0.25 0.03125 0.034375
1 0.903125 0.521875 0.0078125 0.009375
0 0.6765625 0.4921875 0.21875 0.134375
0 0.6390625 0.3875 0.3921875 0.225
1 0.6015625 0.1671875 0.121875 0.10625
0 0.5859375 0.159375 0.3125 0.1875
1 0.028125 0.6671875 0.03125 0.0171875
1 0.25625 0.8765625 0.0453125 0.0453125
1 0.2125 0.84375 0.04375 0.0640625
1 0.1765625 0.859375 0.0328125 0.0484375
1 0.2265625 0.7453125 0.0359375 0.0328125
1 0.3109375 0.671875 0.0546875 0.025
1 0.3390625 0.884375 0.0203125 0.0234375
0 0.140625 0.946875 0.28125 0.10625
0 0.140625 0.7734375 0.1109375 0.2296875
1 0.38125 0.6703125 0.021875 0.0265625
1 0.459375 0.746875 0.0453125 0.021875
0 0.70234375 0.64375 0.1078125 0.16875
1 0.9484375 0.596875 0.05 0.0546875
0 0.95 0.68515625 0.1 0.1078125
1 0.8875 0.7109375 0.040625 0.0546875
1 0.88125 0.8859375 0.0546875 0.0453125
1 0.7765625 0.9296875 0.025 0.0375
1 0.7421875 0.865625 0.028125 0.021875
1 0.7296875 0.821875 0.0421875 0.0234375
1 0.6015625 0.8375 0.0234375 0.0265625