0 0.14375 0.24140625 0.2875 0.2921875
0 0.29453125 0.15546875 0.0921875 0.3109375
0 0.3796875 0.2046875 0.2421875 0.2109375
1 0.45 0.0640625 0.0484375 0.05625
1 0.4609375 0.1234375 0.0265625 0.0125
1 0.9859375 0.1859375 0.0078125 0.009375
1 0.9828125 0.3078125 0.0125 0.015625
1 0.93125 0.25625 0.0171875 0.015625
1 0.9109375 0.015625 0.0140625 0.0109375
1 0.8890625 0.365625 0.0109375 0.009375
1 0.859375 0.078125 0.0078125 0.0078125
1 0.8359375 0.0421875 0.009375 0.01875
1 0.8171875 0.03125 0.015625 0.0109375
1 0.796875 0.1546875 0.0265625 0.0234375
1 0.80625 0.29375 0.0140625 0.0125
1 0.7828125 0.1859375 0.0203125 0.015625
1 0.7640625 0.1546875 0.0140625 0.0203125
1 0.753125 0.065625 0.0078125 0.0140625
1 0.759375 0.275 0.0140625 0.0328125
0 0.97109375 0.3 0.0578125 0.328125
1 0.8265625 0.1890625 0.021875 0.01875
1 0.946875 0.31875 0.025 0.0234375
1 0.753125 0.36875 0.00625 0.059375
0 0.90234375 0.253125 0.1953125 0.31875
1 0.8046875 0.2671875 0.0421875 0.0640625
1 0.821875 0.2359375 0.05 0.0859375
1 0.828125 0.06875 0.034375 0.0546875
1 0.1890625 0.7609375 0.06875 0.053125
1 0.2984375 0.7390625 0.0515625 0.0328125
1 0.10625 0.7859375 0.0265625 0.0265625
0 0.0359375 0.67109375 0.071875 0.1734375
1 0.10625 0.70625 0.0125 0.0203125
1 0.065625 0.6125 0.0125 0.009375
0 0.1984375 0.6609375 0.2859375 0.109375
0 0.2984375 0.6625 0.1859375 0.175
1 0.7484375 0.94375 0.0359375 0.0328125
1 0.73125 0.5359375 0.015625 0.0203125
1 0.721875 0.69375 0.0328125 0.025
1 0.7109375 0.8125 0.021875 0.021875
1 0.665625 0.728125 0.021875 0.01875
1 0.6609375 0.815625 0.021875 0.0234375
1 0.6609375 0.7796875 0.01875 0.0125
1 0.609375 0.828125 0.01875 0.0171875
1 0.6046875 0.79375 0.0328125 0.0390625
1 0.5515625 0.946875 0.0171875 0.015625
1 0.803125 0.546875 0.00625 0.015625
1 0.65 0.5734375 0.0140625 0.028125
1 0.559375 0.5609375 0.01875 0.0171875
1 0.6609375 0.7046875 0.0171875 0.021875
1 0.734375 0.7984375 0.0203125 0.021875
1 0.7390625 0.8234375 0.025 0.0265625
1 0.6375 0.965625 0.0328125 0.034375
0 0.78203125 0.9109375 0.1578125 0.178125
0 0.709375 0.8671875 0.30625 0.265625
0 0.7515625 0.89375 0.2234375 0.0625
0 0.56796875 0.90078125 0.0984375 0.1984375