1 0.1734375 0.3109375 0.021875 0.021875
1 0.1640625 0.2078125 0.0125 0.025
0 0.2109375 0.5140625 0.1234375 0.078125
1 0.125 0.0546875 0.0546875 0.0640625
1 0.0921875 0.2625 0.0421875 0.034375
1 0.065625 0.54375 0.0390625 0.0453125
1 0.00625 0.21640625 0.0125 0.0140625
1 0.0609375 0.4828125 0.03125 0.03125
0 0.0328125 0.50859375 0.065625 0.1296875
1 0.2953125 0.534375 0.0640625 0.0453125
1 0.41171875 0.60625 0.0859375 0.065625
0 0.3796875 0.51875 0.1390625 0.1671875
0 0.434375 0.50625 0.0421875 0.15
1 0.1140625 0.3078125 0.025 0.0328125
0 0.40234375 0.04140625 0.1046875 0.0828125
0 0.28046875 0.03984375 0.0984375 0.0796875
0 0.20859375 0.015625 0.0984375 0.03125
0 0.09765625 0.028125 0.1328125 0.05625
1 0.925 0.475 0.021875 0.0140625
1 0.7671875 0.4015625 0.0328125 0.028125
1 0.753125 0.2484375 0.0140625 0.0234375
1 0.628125 0.00390625 0.03125 0.0078125
1 0.6140625 0.15625 0.04375 0.028125
1 0.59296875 0.190625 0.0265625 0.01875
1 0.6703125 0.4921875 0.040625 0.0484375
1 0.7140625 0.49375 0.0421875 0.053125
1 0.6046875 0.53359375 0.05 0.0390625
1 0.7734375 0.4828125 0.0421875 0.0359375
1 0.7546875 0.51875 0.0328125 0.028125
1 0.80625 0.40625 0.0171875 0.021875
1 0.884375 0.4203125 0.034375 0.0578125
1 0.9203125 0.425 0.0328125 0.028125
1 0.859375 0.43125 0.025 0.015625
1 0.5859375 0.12421875 0.0125 0.0171875
1 0.58203125 0.09609375 0.0046875 0.0328125
1 0.821875 0.0390625 0.0328125 0.0421875
1 0.9234375 0.1484375 0.0234375 0.0265625
1 0.9 0.1015625 0.028125 0.0421875
1 0.8703125 0.0359375 0.028125 0.0359375
1 0.903125 0.0375 0.0296875 0.028125
1 0.88203125 0.01328125 0.0390625 0.0265625
1 0.7984375 0.209375 0.028125 0.0234375
1 0.78125 0.1453125 0.025 0.0375
1 0.75 0.1125 0.0359375 0.034375
1 0.79375 0.265625 0.0171875 0.0203125
1 0.75625 0.2796875 0.0234375 0.025
1 0.68125 0.2140625 0.0359375 0.0234375
0 0.68125 0.3375 0.071875 0.1296875
0 0.7125 0.296875 0.1046875 0.153125
1 0.6515625 0.2609375 0.021875 0.015625
1 0.6390625 0.2359375 0.021875 0.0296875
1 0.6453125 0.36875 0.0234375 0.025
1 0.6453125 0.35 0.0171875 0.0234375
1 0.8421875 0.35625 0.0328125 0.0234375
0 0.871875 0.3140625 0.0828125 0.15625
1 0.9015625 0.25 0.040625 0.053125
1 0.7375 0.06875 0.0234375 0.03125
1 0.8140625 0.125 0.0328125 0.0421875
1 0.8125 0.090625 0.0359375 0.0390625
1 0.7125 0.0859375 0.0234375 0.03125
0 0.6125 0.27734375 0.065625 0.1296875
0 0.365625 0.803125 0.203125 0.1109375
0 0.278125 0.7953125 0.1453125 0.06875
0 0.2046875 0.8125 0.1125 0.13125
0 0.1203125 0.8265625 0.115625 0.1359375
1 0.1546875 0.7125 0.059375 0.078125
1 0.0953125 0.671875 0.065625 0.05625
1 0.2375 0.97421875 0.115625 0.0515625
1 0.51875 0.96171875 0.121875 0.0765625
1 0.496875 0.7609375 0.046875 0.0578125
1 0.1828125 0.953125 0.021875 0.0234375
1 0.134375 0.9578125 0.025 0.0421875
1 0.3203125 0.946875 0.021875 0.03125
1 0.3 0.965625 0.0265625 0.03125
1 0.32890625 0.9875 0.0265625 0.025
1 0.303125 0.9296875 0.028125 0.0234375
1 0.4 0.971875 0.025 0.03125
1 0.5515625 0.7921875 0.021875 0.0265625
1 0.56953125 0.82421875 0.0203125 0.0265625
1 0.575 0.78984375 0.009375 0.0265625
0 0.4546875 0.8390625 0.1609375 0.090625
1 0.36875 0.853125 0.0328125 0.0421875
1 0.34375 0.7375 0.0140625 0.0234375
1 0.35625 0.6609375 0.0265625 0.028125
1 0.2703125 0.6625 0.0078125 0.0171875
1 0.078125 0.740625 0.01875 0.021875
0 0.7515625 0.7796875 0.053125 0.1015625
1 0.99140625 0.83046875 0.0171875 0.0265625
0 0.98359375 0.775 0.0328125 0.096875
0 0.9375 0.7671875 0.08125 0.084375
1 0.975 0.70625 0.021875 0.0171875
1 0.915625 0.9359375 0.0234375 0.0203125