1 0.2765625 0.3328125 0.01875 0.0203125
1 0.2453125 0.1296875 0.0125 0.0109375
1 0.1578125 0.3625 0.0125 0.0109375
1 0.0609375 0.296875 0.015625 0.0203125
0 0.7390625 0.3359375 0.153125 0.0875
0 0.88828125 0.3265625 0.1078125 0.10625
1 0.9015625 0.2984375 0.0734375 0.1
0 0.96171875 0.32265625 0.0421875 0.1140625
1 0.70625 0.1078125 0.0515625 0.0859375
1 0.721875 0.21875 0.028125 0.0375
1 0.765625 0.2640625 0.0390625 0.0421875
1 0.84375 0.13125 0.0359375 0.03125
1 0.8453125 0.175 0.0234375 0.0421875
1 0.878125 0.0828125 0.071875 0.05
1 0.85703125 0.02421875 0.0421875 0.0484375
1 0.79375 0.11875 0.025 0.0328125
1 0.4734375 0.934375 0.0125 0.0390625
1 0.44375 0.5734375 0.0296875 0.0296875
1 0.425 0.9234375 0.01875 0.0359375
1 0.30625 0.584375 0.075 0.090625
1 0.084375 0.940625 0.015625 0.025
0 0.1046875 0.79921875 0.209375 0.3171875
0 0.3796875 0.79375 0.0984375 0.15625
0 0.4328125 0.7921875 0.0953125 0.2
0 0.465625 0.6734375 0.025 0.009375
1 0.99140625 0.984375 0.0171875 0.025
1 0.9921875 0.93359375 0.015625 0.0234375
1 0.9609375 0.94375 0.034375 0.05625
1 0.9078125 0.5296875 0.0484375 0.0375
1 0.925 0.5703125 0.0375 0.0359375
1 0.8734375 0.54375 0.046875 0.0546875
1 0.81875 0.5625 0.09375 0.053125
1 0.784375 0.5203125 0.065625 0.0671875
0 0.7625 0.453125 0.0484375 0.0953125
0 0.80625 0.43046875 0.13125 0.1015625
1 0.99140625 0.67109375 0.0171875 0.0484375
1 0.9734375 0.721875 0.053125 0.06875
1 0.96015625 0.83671875 0.0796875 0.0609375
1 0.9703125 0.8953125 0.04375 0.025
1 0.88125 0.771875 0.0640625 0.046875
1 0.840625 0.7390625 0.0328125 0.0453125
1 0.8203125 0.6875 0.0703125 0.109375
1 0.9546875 0.634375 0.0484375 0.028125
1 0.925 0.66875 0.059375 0.0515625
1 0.8828125 0.6234375 0.028125 0.0140625
1 0.8734375 0.6609375 0.0328125 0.05
1 0.7546875 0.8 0.03125 0.053125
0 0.909375 0.9171875 0.0875 0.165625
0 0.81875 0.940625 0.159375 0.11875
0 0.896875 0.4484375 0.103125 0.0703125
1 0.959375 0.5109375 0.08125 0.15625