1 0.2828125 0.35546875 0.028125 0.0265625
1 0.421875 0.328125 0.025 0.025
1 0.4515625 0.2734375 0.015625 0.0140625
1 0.43125 0.2953125 0.028125 0.0265625
1 0.409375 0.2703125 0.0140625 0.01875
1 0.365625 0.30625 0.0125 0.015625
1 0.303125 0.290625 0.0296875 0.025
1 0.30625 0.2734375 0.0203125 0.025
1 0.3203125 0.253125 0.0234375 0.025
1 0.290625 0.259375 0.025 0.0203125
1 0.2140625 0.2640625 0.0265625 0.034375
1 0.215625 0.159375 0.0234375 0.025
1 0.2328125 0.16875 0.0265625 0.0234375
1 0.2390625 0.1296875 0.03125 0.0265625
1 0.2484375 0.1484375 0.015625 0.015625
1 0.25625 0.165625 0.0140625 0.01875
1 0.228125 0.1484375 0.0171875 0.0140625
1 0.309375 0.1484375 0.01875 0.021875
1 0.33125 0.1609375 0.0375 0.0265625
1 0.30625 0.240625 0.015625 0.01875
1 0.3328125 0.134375 0.03125 0.0328125
1 0.353125 0.1171875 0.01875 0.01875
1 0.3703125 0.1203125 0.0203125 0.0234375
1 0.334375 0.065625 0.0265625 0.015625
1 0.3921875 0.109375 0.0125 0.015625
1 0.3921875 0.146875 0.028125 0.0296875
1 0.415625 0.153125 0.0203125 0.025
1 0.4296875 0.1328125 0.0375 0.0359375
1 0.409375 0.1421875 0.0171875 0.015625
1 0.44921875 0.14453125 0.0203125 0.0234375
1 0.45703125 0.16796875 0.0046875 0.0140625
1 0.309375 0.0421875 0.0171875 0.0140625
1 0.28125 0.0125 0.0109375 0.01875
0 0.225 0.321875 0.05 0.06875
0 0.3203125 0.30546875 0.184375 0.1265625
1 0.3796875 0.340625 0.015625 0.0234375
1 0.428125 0.353125 0.0203125 0.021875
1 0.434375 0.33125 0.0109375 0.009375
1 0.48125 0.3078125 0.0078125 0.009375
1 0.734375 0.1421875 0.009375 0.0109375
1 0.728125 0.1296875 0.0109375 0.0078125
1 0.5921875 0.2328125 0.0140625 0.0125
1 0.671875 0.28125 0.00625 0.0265625
1 0.4796875 0.0328125 0.0046875 0.0078125
1 0.4703125 0.00625 0.00625 0.00625
1 0.4265625 0.6765625 0.00625 0.0234375
1 0.378125 0.384375 0.01875 0.0140625
1 0.31875 0.865625 0.0125 0.0046875
1 0.096875 0.53125 0.00625 0.0078125
1 0.42421875 0.99375 0.0296875 0.0125
1 0.325 0.98984375 0.025 0.0203125
1 0.1875 0.996875 0.025 0.00625
1 0.434375 0.909375 0.0171875 0.021875
1 0.396875 0.915625 0.0125 0.0171875
1 0.4140625 0.8984375 0.0171875 0.025
1 0.3734375 0.8984375 0.028125 0.025
1 0.1953125 0.8828125 0.0171875 0.0234375
1 0.2203125 0.84375 0.01875 0.0140625
1 0.1 0.8375 0.0125 0.0234375
1 0.203125 0.684375 0.021875 0.0109375
0 0.1765625 0.74375 0.1640625 0.2609375
1 0.325 0.7734375 0.0140625 0.0140625
0 0.3046875 0.6984375 0.234375 0.259375
1 0.378125 0.8328125 0.021875 0.0234375
0 0.39375 0.715625 0.13125 0.409375
1 0.41875 0.5796875 0.0125 0.01875
1 0.440625 0.5671875 0.0203125 0.0265625
1 0.4390625 0.5546875 0.0296875 0.0296875
1 0.4265625 0.5453125 0.0234375 0.015625
1 0.2828125 0.534375 0.0296875 0.03125
1 0.2640625 0.546875 0.028125 0.0203125
1 0.2609375 0.5515625 0.0265625 0.03125
1 0.253125 0.571875 0.01875 0.0140625
1 0.225 0.55625 0.03125 0.0296875
1 0.2140625 0.578125 0.0234375 0.0234375
1 0.209375 0.5375 0.0203125 0.0265625
1 0.20625 0.55625 0.021875 0.015625
1 0.1734375 0.5953125 0.0140625 0.015625
1 0.1875 0.5734375 0.028125 0.03125
1 0.175 0.5421875 0.03125 0.015625
1 0.1828125 0.575 0.0140625 0.0234375
1 0.1765625 0.553125 0.0125 0.0234375
1 0.3328125 0.5390625 0.028125 0.0328125
1 0.353125 0.5359375 0.0125 0.0265625
1 0.34375 0.45 0.0203125 0.0140625
1 0.325 0.4328125 0.01875 0.015625
1 0.44609375 0.421875 0.0265625 0.025
1 0.45625 0.42734375 0.00625 0.0328125
1 0.3734375 0.428125 0.0296875 0.0296875
1 0.375 0.4078125 0.0265625 0.0140625
1 0.31328125 0.38984375 0.0390625 0.0421875
1 0.1859375 0.415625 0.01875 0.01875
1 0.175 0.4265625 0.0234375 0.034375
1 0.35546875 0.37265625 0.0265625 0.0078125
1 0.1078125 0.4046875 0.01875 0.015625
1 0.115625 0.4203125 0.0265625 0.0171875
1 0.13125 0.4171875 0.0171875 0.015625
1 0.8421875 0.746875 0.0078125 0.015625
1 0.85625 0.71875 0.046875 0.0765625
1 0.8484375 0.6015625 0.04375 0.05
1 0.7890625 0.5578125 0.0328125 0.0359375
1 0.778125 0.590625 0.015625 0.0265625
1 0.7484375 0.4921875 0.009375 0.0078125
1 0.7453125 0.4171875 0.025 0.0328125
1 0.7421875 0.559375 0.0234375 0.034375
1 0.7328125 0.4890625 0.009375 0.015625
1 0.7171875 0.6 0.0375 0.040625
1 0.696875 0.63125 0.040625 0.021875
1 0.6890625 0.5796875 0.0125 0.0125
1 0.6765625 0.6828125 0.046875 0.059375
1 0.6578125 0.4625 0.01875 0.0140625
1 0.665625 0.3859375 0.0375 0.0234375
1 0.6578125 0.5046875 0.0359375 0.0171875
1 0.6609375 0.5640625 0.0765625 0.078125
1 0.6125 0.721875 0.0109375 0.0203125
1 0.6125 0.9578125 0.0140625 0.009375
1 0.578125 0.75 0.0078125 0.015625
1 0.5546875 0.428125 0.015625 0.025
1 0.5375 0.615625 0.009375 0.0125
1 0.528125 0.6296875 0.01875 0.0171875
1 0.496875 0.5671875 0.0078125 0.00625
1 0.5 0.4765625 0.0296875 0.0359375
1 0.4828125 0.99296875 0.034375 0.0140625
1 0.47421875 0.540625 0.0296875 0.034375
1 0.46640625 0.48515625 0.0140625 0.0359375
1 0.5953125 0.9546875 0.0296875 0.03125
1 0.73125 0.9515625 0.0515625 0.0390625
1 0.74609375 0.99140625 0.0515625 0.0171875
1 0.690625 0.884375 0.0140625 0.01875
0 0.7203125 0.85 0.3125 0.3
1 0.721875 0.7109375 0.0125 0.0203125
0 0.8046875 0.834375 0.1859375 0.2171875
1 0.89375 0.7046875 0.034375 0.0234375
1 0.9171875 0.7953125 0.0328125 0.0375
0 0.91875 0.83515625 0.0875 0.3296875
1 0.79375 0.940625 0.01875 0.015625
1 0.815625 0.95 0.015625 0.021875
1 0.825 0.6078125 0.0140625 0.015625
1 0.571875 0.6515625 0.0296875 0.0234375
1 0.5796875 0.6296875 0.015625 0.03125
1 0.7015625 0.453125 0.028125 0.028125
1 0.7125 0.4328125 0.021875 0.04375
1 0.8453125 0.4078125 0.0140625 0.0171875
1 0.834375 0.4375 0.021875 0.0203125
1 0.4875 0.3984375 0.015625 0.0234375
1 0.4765625 0.37734375 0.034375 0.0171875
1 0.5234375 0.7265625 0.01875 0.0359375
0 0.490625 0.7890625 0.0625 0.2625
1 0.46328125 0.76875 0.0078125 0.015625