1 0.109375 0.3765625 0.046875 0.0421875
1 0.24375 0.35625 0.0078125 0.0140625
1 0.1140625 0.3390625 0.015625 0.0234375
1 0.1078125 0.3109375 0.0484375 0.0265625
1 0.0515625 0.3140625 0.021875 0.0359375
1 0.003125 0.24921875 0.00625 0.0234375
1 0.05 0.19375 0.009375 0.0078125
1 0.178125 0.1828125 0.0109375 0.0078125
1 0.078125 0.14375 0.015625 0.00625
1 0.209375 0.0640625 0.0234375 0.0484375
1 0.125 0.0359375 0.0125 0.0078125
1 0.0984375 0.0265625 0.0078125 0.0109375
0 0.36953125 0.109375 0.1609375 0.21875
0 0.3640625 0.2203125 0.171875 0.215625
1 0.034375 0.103125 0.046875 0.0203125
1 0.3875 0.2328125 0.0453125 0.0515625
1 0.34609375 0.0203125 0.0484375 0.040625
1 0.46875 0.46953125 0.0375 0.0390625
1 0.45234375 0.321875 0.0046875 0.025
1 0.65625 0.034375 0.0171875 0.0109375
0 0.646875 0.140625 0.2125 0.2046875
1 0.6125 0.240625 0.021875 0.0390625
0 0.7296875 0.3078125 0.246875 0.228125
1 0.6796875 0.2203125 0.03125 0.0203125
1 0.6625 0.2796875 0.0140625 0.015625
1 0.6671875 0.365625 0.0140625 0.015625
1 0.684375 0.3625 0.0875 0.0421875
1 0.696875 0.3703125 0.05625 0.0296875
0 0.709375 0.4765625 0.25625 0.1578125
1 0.9859375 0.04375 0.0109375 0.0203125
1 0.9515625 0.509375 0.0078125 0.01875
1 0.9328125 0.415625 0.025 0.0296875
1 0.9765625 0.4484375 0.03125 0.0296875
1 0.9203125 0.3890625 0.0359375 0.03125
1 0.94375 0.3921875 0.0296875 0.0375
1 0.896875 0.1515625 0.0125 0.009375
1 0.8859375 0.2703125 0.0234375 0.0234375
1 0.778125 0.2125 0.028125 0.015625
1 0.715625 0.2359375 0.046875 0.028125
1 0.01875 0.7984375 0.0078125 0.0109375
1 0.025 0.9296875 0.0203125 0.0234375
1 0.2734375 0.8046875 0.0171875 0.015625
1 0.2515625 0.875 0.0203125 0.0265625
1 0.25625 0.9125 0.028125 0.0234375
0 0.3671875 0.890625 0.0765625 0.196875
1 0.3546875 0.91875 0.0109375 0.0203125
1 0.4140625 0.8984375 0.034375 0.0375
1 0.4015625 0.89375 0.015625 0.0125
1 0.44609375 0.90703125 0.0078125 0.0328125
1 0.4078125 0.8265625 0.01875 0.0375
1 0.425 0.828125 0.021875 0.028125
1 0.4 0.9453125 0.0171875 0.021875
1 0.4015625 0.978125 0.03125 0.0203125
1 0.44140625 0.96875 0.0171875 0.015625
1 0.953125 0.8078125 0.009375 0.009375
1 0.99765625 0.74453125 0.0046875 0.0109375
1 0.6453125 0.7046875 0.0125 0.009375
1 0.6109375 0.6953125 0.021875 0.015625
1 0.728125 0.6953125 0.053125 0.0765625
1 0.7 0.6171875 0.0390625 0.03125
1 0.6640625 0.7375 0.034375 0.0375
1 0.7203125 0.8453125 0.0484375 0.0265625
1 0.6859375 0.771875 0.0390625 0.0203125