0 0.328125 0.1109375 0.0328125 0.05
1 0.2984375 0.2703125 0.0078125 0.009375
1 0.2546875 0.203125 0.009375 0.009375
1 0.2484375 0.03125 0.025 0.015625
1 0.253125 0.434375 0.0234375 0.0296875
1 0.19375 0.284375 0.0390625 0.034375
1 0.14375 0.178125 0.0265625 0.028125
0 0.153125 0.0828125 0.090625 0.125
0 0.13984375 0.5640625 0.0984375 0.03125
1 0.97578125 0.04765625 0.0484375 0.0265625
1 0.9421875 0.40625 0.0171875 0.0296875
1 0.7515625 0.2984375 0.0078125 0.0140625
0 0.7828125 0.1828125 0.2234375 0.2796875
0 0.91796875 0.2703125 0.1640625 0.384375
1 0.1875 0.9421875 0.021875 0.0203125
1 0.18125 0.840625 0.025 0.0203125
1 0.10625 0.9703125 0.0109375 0.0078125
1 0.0625 0.696875 0.0171875 0.0171875
1 0.05 0.8125 0.0265625 0.0328125
1 0.059375 0.84375 0.0359375 0.0390625
1 0.209375 0.9015625 0.03125 0.040625
0 0.06796875 0.6125 0.1359375 0.065625
0 0.16640625 0.640625 0.1171875 0.121875
1 0.003125 0.659375 0.00625 0.01875
1 0.1828125 0.671875 0.0140625 0.01875
1 0.1703125 0.6609375 0.015625 0.015625
1 0.9953125 0.925 0.0078125 0.00625
1 0.9875 0.896875 0.01875 0.0234375
1 0.9546875 0.6734375 0.05 0.034375
1 0.8890625 0.659375 0.0171875 0.0109375
1 0.8515625 0.875 0.0140625 0.0203125
0 0.8375 0.9 0.2734375 0.196875
1 0.6484375 0.95 0.0203125 0.0265625
1 0.6828125 0.6671875 0.021875 0.0203125
1 0.8890625 0.58515625 0.01875 0.0109375