1 0.4265625 0.00546875 0.028125 0.0109375
1 0.0046875 0.01953125 0.009375 0.0390625
1 0.46796875 0.01171875 0.0171875 0.0234375
1 0.359375 0.03125 0.021875 0.0171875
1 0.2953125 0.0265625 0.0171875 0.0375
1 0.00390625 0.0421875 0.0078125 0.0125
1 0.4234375 0.0453125 0.01875 0.01875
1 0.4921875 0.04375 0.0453125 0.0296875
1 0.1140625 0.0546875 0.0265625 0.0109375
1 0.4578125 0.0640625 0.015625 0.0390625
1 0.284375 0.090625 0.025 0.009375
1 0.5203125 0.1328125 0.0375 0.053125
1 0.2515625 0.1265625 0.0125 0.0265625
1 0.3359375 0.1359375 0.01875 0.0265625
1 0.00625 0.1671875 0.0125 0.025
1 0.35625 0.196875 0.028125 0.0265625
1 0.5140625 0.1875 0.025 0.0296875
1 0.490625 0.228125 0.0171875 0.0265625
1 0.2390625 0.2375 0.03125 0.0171875
1 0.2 0.2453125 0.0109375 0.0125
1 0.4671875 0.221875 0.04375 0.0671875
1 0.4765625 0.28125 0.065625 0.05
1 0.2203125 0.325 0.021875 0.028125
1 0.5359375 0.31875 0.00625 0.01875
1 0.415625 0.3421875 0.05625 0.015625
1 0.4828125 0.34375 0.01875 0.0125
1 0.2953125 0.0171875 0.046875 0.009375
1 0.278125 0.0296875 0.0234375 0.0234375
1 0.51484375 0.01953125 0.0390625 0.0390625
1 0.53125 0.0109375 0.015625 0.021875
1 0.4125 0.0890625 0.03125 0.03125
1 0.4578125 0.096875 0.109375 0.08125
1 0.528125 0.2703125 0.021875 0.0375
1 0.2453125 0.0140625 0.0171875 0.009375
1 0.275 0.1 0.00625 0.00625
1 0.2515625 0.121875 0.034375 0.0171875
1 0.2421875 0.0890625 0.0234375 0.0453125
1 0.228125 0.11875 0.0171875 0.0234375
1 0.271875 0.271875 0.0203125 0.0234375
1 0.31875 0.3390625 0.0203125 0.0203125
1 0.296875 0.3171875 0.04375 0.0640625
1 0.0328125 0.3296875 0.034375 0.0390625
1 0.2 0.140625 0.0515625 0.040625
1 0.1734375 0.134375 0.0125 0.0265625
1 0.1609375 0.1234375 0.0171875 0.034375
0 0.1546875 0.3046875 0.115625 0.090625
1 0.21875 0.3421875 0.009375 0.0140625
1 0.5078125 0.346875 0.015625 0.00625
1 0.4890625 0.178125 0.025 0.021875
1 0.4015625 0.2359375 0.0765625 0.04375
1 0.4453125 0.203125 0.05625 0.04375
1 0.4734375 0.1875 0.13125 0.121875
1 0.3796875 0.1390625 0.05 0.028125
1 0.3890625 0.121875 0.0546875 0.0328125
1 0.353125 0.2203125 0.0234375 0.0203125
1 0.346875 0.2375 0.025 0.021875
1 0.346875 0.1703125 0.0453125 0.04375
1 0.3140625 0.11875 0.025 0.0328125
1 0.3203125 0.146875 0.034375 0.0390625
1 0.259375 0.178125 0.0234375 0.025
1 0.265625 0.1578125 0.03125 0.034375
1 0.3125 0.2078125 0.059375 0.04375
1 0.259375 0.2109375 0.0625 0.0328125
0 0.1765625 0.2109375 0.1546875 0.1421875
1 0.134375 0.0421875 0.0171875 0.028125
0 0.1421875 0.103125 0.1484375 0.13125
1 0.0203125 0.1328125 0.040625 0.0375
1 0.02421875 0.09765625 0.0484375 0.0515625
1 0.0546875 0.1109375 0.015625 0.0390625
0 0.13984375 0.02421875 0.1328125 0.0484375
1 0.60625 0.0140625 0.021875 0.0234375
0 0.95859375 0.1875 0.0828125 0.134375
0 0.92578125 0.1265625 0.1484375 0.253125
1 0.85625 0.23125 0.0296875 0.046875
1 0.696875 0.153125 0.0203125 0.015625
0 0.02109375 0.70078125 0.0421875 0.0859375
0 0.096875 0.778125 0.1 0.1140625
0 0.1484375 0.9140625 0.10625 0.0953125
0 0.0765625 0.9609375 0.065625 0.078125
0 0.3234375 0.828125 0.1203125 0.121875
0 0.3734375 0.7359375 0.0890625 0.103125
1 0.4171875 0.66875 0.090625 0.0359375
1 0.4453125 0.809375 0.040625 0.0234375
1 0.4640625 0.775 0.0421875 0.0296875
1 0.375 0.8796875 0.0453125 0.0390625
1 0.45625 0.8625 0.0296875 0.015625
1 0.1234375 0.696875 0.075 0.0828125
1 0.2375 0.75 0.0265625 0.01875
1 0.0125 0.91171875 0.025 0.0484375
1 0.0328125 0.953125 0.0484375 0.0484375
1 0.0390625 0.909375 0.025 0.0265625
0 0.36875 0.98671875 0.16875 0.0265625
0 0.3484375 0.975 0.059375 0.05
1 0.17890625 0.9875 0.0390625 0.025
1 0.1421875 0.9921875 0.015625 0.015625
1 0.196875 0.771875 0.009375 0.015625
1 0.7234375 0.7046875 0.04375 0.0234375
1 0.771875 0.7078125 0.021875 0.028125
1 0.98828125 0.72265625 0.0234375 0.0421875
1 0.5515625 0.73125 0.021875 0.034375
1 0.7796875 0.815625 0.0234375 0.0234375
1 0.7203125 0.825 0.0296875 0.0265625
1 0.846875 0.8390625 0.0078125 0.0140625
1 0.9953125 0.83828125 0.009375 0.0390625
1 0.990625 0.8875 0.01875 0.009375
1 0.6703125 0.8953125 0.0296875 0.0390625
1 0.75 0.9078125 0.0265625 0.0328125
1 0.79453125 0.98984375 0.0171875 0.0203125
1 0.84140625 0.9640625 0.0640625 0.071875
1 0.75625 0.99140625 0.034375 0.0171875
1 0.9546875 0.7703125 0.034375 0.025
1 0.8671875 0.8234375 0.0234375 0.01875
1 0.8578125 0.80625 0.040625 0.046875
1 0.8421875 0.7390625 0.0421875 0.04375
1 0.8765625 0.7296875 0.03125 0.0296875
0 0.60546875 0.95546875 0.1328125 0.0890625
0 0.60234375 0.84296875 0.1265625 0.1390625
1 0.971875 0.9515625 0.0203125 0.0203125
1 0.9046875 0.978125 0.0140625 0.021875
1 0.8890625 0.9203125 0.021875 0.01875
1 0.915625 0.9203125 0.01875 0.0171875
1 0.725 0.9703125 0.01875 0.025
1 0.7203125 0.903125 0.025 0.0390625
1 0.6765625 0.828125 0.0296875 0.0203125
1 0.6 0.7015625 0.03125 0.015625