0 0.33984375 0.0484375 0.0953125 0.096875
0 0.3390625 0.1171875 0.096875 0.1171875
0 0.3640625 0.30625 0.1390625 0.1203125
0 0.35 0.215625 0.1078125 0.109375
1 0.278125 0.328125 0.10625 0.0671875
1 0.00859375 0.209375 0.0171875 0.034375
1 0.134375 0.015625 0.025 0.028125
1 0.059375 0.121875 0.0265625 0.025
1 0.578125 0.0796875 0.021875 0.034375
1 0.56875 0.0578125 0.03125 0.021875
1 0.5046875 0.0234375 0.0328125 0.028125
1 0.5484375 0.0203125 0.0203125 0.01875
1 0.5703125 0.0234375 0.0234375 0.021875
1 0.5109375 0.2125 0.025 0.0265625
1 0.57421875 0.30390625 0.0296875 0.0328125
1 0.8640625 0.55 0.01875 0.03125
1 0.7984375 0.5140625 0.040625 0.015625
1 0.61875 0.4171875 0.0078125 0.0046875
1 0.83125 0.409375 0.025 0.028125
1 0.59921875 0.14609375 0.0203125 0.0171875
1 0.8421875 0.1265625 0.028125 0.03125
1 0.603125 0.2828125 0.0234375 0.01875
1 0.8140625 0.4703125 0.04375 0.0171875
1 0.7859375 0.3640625 0.046875 0.0578125
1 0.659375 0.5078125 0.0328125 0.0265625
1 0.825 0.2609375 0.0265625 0.03125
1 0.8234375 0.2421875 0.0171875 0.015625
1 0.828125 0.2265625 0.015625 0.0125
1 0.9875 0.303125 0.025 0.025
1 0.9875 0.340625 0.0171875 0.015625
1 0.9921875 0.3609375 0.0140625 0.015625
1 0.95 0.40625 0.021875 0.01875
1 0.9484375 0.4203125 0.01875 0.0140625
0 0.9578125 0.46640625 0.084375 0.1984375
0 0.121875 0.846875 0.1578125 0.0953125
1 0.1140625 0.7609375 0.0703125 0.046875
1 0.1328125 0.721875 0.1234375 0.040625
1 0.1390625 0.90625 0.0609375 0.0890625
1 0.1 0.94375 0.0328125 0.03125
0 0.10703125 0.984375 0.1640625 0.03125
1 0.3421875 0.9296875 0.0359375 0.0296875
1 0.434375 0.975 0.0546875 0.046875
1 0.4609375 0.928125 0.0359375 0.0375
1 0.5265625 0.9078125 0.0265625 0.0296875
0 0.57265625 0.92578125 0.0328125 0.0671875
1 0.434375 0.7140625 0.0375 0.0390625
1 0.4734375 0.6875 0.0375 0.03125
1 0.5296875 0.665625 0.0296875 0.03125
1 0.1359375 0.640625 0.0421875 0.0234375
1 0.65 0.5953125 0.0375 0.053125
1 0.66875 0.6171875 0.0609375 0.0453125
1 0.7828125 0.58125 0.04375 0.025
1 0.7703125 0.6203125 0.059375 0.078125
1 0.85625 0.584375 0.08125 0.03125
1 0.915625 0.60625 0.025 0.05625
1 0.903125 0.5828125 0.028125 0.028125
1 0.8125 0.6578125 0.05625 0.046875
1 0.715625 0.79375 0.0734375 0.0625
1 0.78125 0.7140625 0.178125 0.08125
0 0.97734375 0.70546875 0.0453125 0.2140625
1 0.8953125 0.7609375 0.03125 0.0296875
1 0.953125 0.715625 0.0546875 0.05625