0 0.1984375 0.0953125 0.0890625 0.0984375
1 0.23125 0.04375 0.0453125 0.0203125
1 0.175 0.02109375 0.053125 0.0421875
1 0.125 0.040625 0.0234375 0.0234375
1 0.0984375 0.059375 0.028125 0.021875
1 0.125 0.01484375 0.053125 0.0296875
1 0.034375 0.0109375 0.06875 0.021875
1 0.040625 0.0359375 0.03125 0.025
0 0.171875 0.196875 0.134375 0.15
1 0.103125 0.2546875 0.04375 0.0375
1 0.08125 0.2765625 0.028125 0.0296875
1 0.05 0.2984375 0.025 0.0265625
1 0.1828125 0.309375 0.0921875 0.0390625
1 0.2828125 0.1625 0.025 0.0390625
1 0.3390625 0.1828125 0.0796875 0.0546875
1 0.3734375 0.146875 0.0765625 0.046875
1 0.328125 0.059375 0.053125 0.0359375
1 0.3796875 0.046875 0.0359375 0.0375
1 0.4109375 0.015625 0.0625 0.03125
1 0.44609375 0.02890625 0.0265625 0.0578125
0 0.4046875 0.090625 0.109375 0.13125
1 0.390625 0.2234375 0.109375 0.065625
1 0.3765625 0.284375 0.0859375 0.0734375
1 0.4140625 0.18125 0.040625 0.025
1 0.0625 0.321875 0.05 0.0140625
1 0.0359375 0.128125 0.021875 0.0234375
1 0.2921875 0.0140625 0.0234375 0.0234375
1 0.8390625 0.1421875 0.0546875 0.0578125
1 0.965625 0.0046875 0.01875 0.009375
1 0.9328125 0.01328125 0.028125 0.0265625
1 0.87734375 0.01328125 0.0359375 0.0265625
1 0.6671875 0.03125 0.021875 0.0234375
1 0.6125 0.0796875 0.0359375 0.0625
1 0.53125 0.0609375 0.021875 0.0203125
1 0.5484375 0.2953125 0.0375 0.03125
1 0.821875 0.315625 0.03125 0.04375
1 0.615625 0.1765625 0.0140625 0.025
1 0.659375 0.24375 0.0265625 0.03125
1 0.878125 0.203125 0.0234375 0.0234375
1 0.9359375 0.296875 0.0140625 0.015625
1 0.990625 0.24609375 0.01875 0.0234375
1 0.5046875 0.196875 0.0234375 0.0265625
1 0.703125 0.1390625 0.0234375 0.0234375
0 0.934375 0.225 0.075 0.1
0 0.9078125 0.090625 0.0890625 0.1234375
0 0.9265625 0.15625 0.1203125 0.109375
1 0.296875 0.4 0.01875 0.0171875
0 0.27109375 0.384375 0.1734375 0.05
1 0.390625 0.4296875 0.0125 0.03125
1 0.00390625 0.45859375 0.0078125 0.0359375
1 0.0421875 0.484375 0.03125 0.028125
1 0.084375 0.5375 0.015625 0.0125
1 0.1125 0.540625 0.021875 0.015625
1 0.11875 0.615625 0.0328125 0.0375
1 0.0671875 0.6375 0.03125 0.0375
1 0.20625 0.73125 0.025 0.0234375
1 0.0890625 0.746875 0.009375 0.0171875
1 0.021875 0.7671875 0.025 0.0203125
1 0.4140625 0.771875 0.0328125 0.0171875
1 0.06875 0.775 0.0265625 0.0203125
1 0.0125 0.8078125 0.009375 0.028125
1 0.0328125 0.803125 0.0296875 0.040625
1 0.3796875 0.825 0.0125 0.0078125
1 0.4421875 0.825 0.015625 0.009375
0 0.2984375 0.8078125 0.11875 0.0421875
0 0.2953125 0.7515625 0.1484375 0.1140625
1 0.21875 0.8015625 0.05625 0.0265625
1 0.371875 0.690625 0.015625 0.009375
1 0.2109375 0.5984375 0.025 0.028125
1 0.3421875 0.6875 0.0125 0.028125
1 0.3203125 0.68125 0.0328125 0.0265625
1 0.38125 0.603125 0.046875 0.04375
1 0.296875 0.4390625 0.0234375 0.0359375
1 0.2796875 0.44375 0.0109375 0.034375
1 0.196875 0.4390625 0.0296875 0.0265625
1 0.1828125 0.5171875 0.0375 0.040625
1 0.1953125 0.5375 0.03125 0.0109375
0 0.278125 0.63125 0.0828125 0.0625
1 0.2828125 0.603125 0.0125 0.0125
0 0.303125 0.4984375 0.2109375 0.1109375
1 0.359375 0.565625 0.0078125 0.0171875
0 0.2984375 0.5484375 0.140625 0.1171875
1 0.41875 0.4203125 0.0234375 0.009375
1 0.3625 0.3734375 0.01875 0.01875
1 0.36796875 0.36328125 0.0171875 0.0078125
1 0.0953125 0.4109375 0.0140625 0.021875
1 0.084375 0.375 0.0171875 0.0171875
1 0.0671875 0.4078125 0.025 0.03125
1 0.084375 0.409375 0.021875 0.04375
1 0.0296875 0.415625 0.0140625 0.0203125
1 0.0109375 0.41484375 0.021875 0.0328125
1 0.01875 0.3859375 0.0375 0.034375
1 0.0765625 0.465625 0.0125 0.0203125
1 0.0953125 0.484375 0.021875 0.0125
1 0.090625 0.503125 0.009375 0.015625
1 0.05 0.503125 0.00625 0.0203125
1 0.00859375 0.521875 0.0171875 0.021875
1 0.1 0.6328125 0.015625 0.025
1 0.078125 0.596875 0.03125 0.015625
1 0.021875 0.634375 0.04375 0.05625
1 0.00625 0.59296875 0.0125 0.0328125
1 0.0515625 0.66875 0.0140625 0.021875
1 0.984375 0.5 0.03125 0.04375
1 0.9015625 0.49375 0.065625 0.0453125
1 0.98046875 0.7234375 0.0390625 0.01875
1 0.99375 0.7515625 0.0125 0.04375
1 0.915625 0.896875 0.0125 0.0515625
0 0.740625 0.934375 0.1265625 0.0625
0 0.7578125 0.653125 0.103125 0.1484375
0 0.7296875 0.521875 0.08125 0.11875
0 0.7171875 0.4546875 0.115625 0.03125
1 0.66875 0.6328125 0.0296875 0.0453125
1 0.696875 0.7203125 0.0359375 0.021875
1 0.6234375 0.6890625 0.040625 0.046875
1 0.7171875 0.7875 0.0421875 0.0375
1 0.7140625 0.8640625 0.0171875 0.021875
1 0.7046875 0.84375 0.0234375 0.025
1 0.684375 0.85 0.015625 0.021875
1 0.628125 0.81875 0.0296875 0.0390625
1 0.534375 0.4609375 0.04375 0.040625
1 0.5234375 0.70625 0.0421875 0.0421875
1 0.4671875 0.7390625 0.015625 0.021875
1 0.60625 0.6453125 0.0171875 0.015625
1 0.596875 0.6703125 0.0234375 0.01875
1 0.5109375 0.790625 0.025 0.0296875
1 0.490625 0.8296875 0.0359375 0.0234375
1 0.6015625 0.9421875 0.0203125 0.0296875
1 0.6140625 0.953125 0.0296875 0.0234375
1 0.5484375 0.5640625 0.0078125 0.025
1 0.5765625 0.5734375 0.0171875 0.0203125
1 0.6 0.528125 0.0265625 0.01875
1 0.621875 0.50625 0.0203125 0.015625
1 0.5671875 0.81875 0.0328125 0.015625
1 0.725 0.8203125 0.0234375 0.0140625
1 0.93125 0.4515625 0.0171875 0.025
1 0.8921875 0.45 0.0203125 0.0203125
1 0.58125 0.653125 0.0421875 0.0265625
1 0.8203125 0.734375 0.01875 0.0171875