1 0.3828125 0.525 0.0328125 0.0453125
1 0.15 0.490625 0.0203125 0.021875
1 0.1921875 0.471875 0.0265625 0.01875
1 0.0734375 0.45 0.03125 0.0296875
1 0.71484375 0.41640625 0.0296875 0.0203125
1 0.23125 0.3921875 0.0125 0.0234375
1 0.71875 0.38125 0.0203125 0.0265625
1 0.6 0.371875 0.0203125 0.04375
1 0.2828125 0.359375 0.03125 0.01875
1 0.34375 0.346875 0.0296875 0.01875
1 0.01640625 0.3375 0.0328125 0.0375
1 0.6171875 0.303125 0.0328125 0.0203125
1 0.1515625 0.284375 0.03125 0.0328125
1 0.5265625 0.2546875 0.0359375 0.0390625
1 0.6 0.1859375 0.0265625 0.015625
1 0.5046875 0.1546875 0.03125 0.028125
1 0.053125 0.14375 0.0484375 0.0234375
1 0.3828125 0.121875 0.03125 0.025
1 0.2765625 0.10625 0.040625 0.0375
1 0.0078125 0.0984375 0.015625 0.025
1 0.234375 0.1 0.05625 0.034375
1 0.2140625 0.084375 0.028125 0.0140625
0 0.634375 0.0609375 0.0265625 0.0734375
1 0.5984375 0.0296875 0.021875 0.0125
0 0.5078125 0.0609375 0.15 0.075
0 0.4140625 0.05 0.0328125 0.0515625
1 0.0796875 0.1421875 0.0296875 0.021875
1 0.0953125 0.1234375 0.0296875 0.01875
1 0.21875 0.115625 0.0328125 0.0453125
1 0.0609375 0.0375 0.0296875 0.0265625
1 0.228125 0.0453125 0.03125 0.0203125
1 0.2453125 0.1734375 0.0421875 0.0390625
1 0.28125 0.165625 0.0421875 0.0375
1 0.365625 0.1 0.03125 0.03125
1 0.0703125 0.503125 0.0203125 0.025
1 0.05 0.540625 0.0265625 0.015625
1 0.0578125 0.5015625 0.0296875 0.0265625
1 0.0375 0.44375 0.025 0.025
1 0.2296875 0.5203125 0.0328125 0.040625
1 0.2859375 0.3921875 0.0234375 0.0234375
1 0.3828125 0.4453125 0.0375 0.028125
1 0.3796875 0.23125 0.046875 0.0375
1 0.375 0.2546875 0.0359375 0.0234375
1 0.3640625 0.290625 0.021875 0.025
1 0.3875 0.2828125 0.0359375 0.0234375
1 0.39375 0.2703125 0.025 0.025
1 0.60625 0.13125 0.0390625 0.021875
1 0.6203125 0.165625 0.028125 0.0203125
1 0.703125 0.0515625 0.034375 0.0328125
1 0.72265625 0.04765625 0.0140625 0.0484375
0 0.5546875 0.2515625 0.2828125 0.2859375
0 0.51875 0.446875 0.221875 0.20625
1 0.5265625 0.2953125 0.0296875 0.0328125
1 0.6171875 0.5328125 0.028125 0.03125
1 0.68125 0.5125 0.0453125 0.071875
1 0.6515625 0.5359375 0.0375 0.025
1 0.71953125 0.27578125 0.0203125 0.0453125
1 0.7125 0.25 0.034375 0.0390625
1 0.7125 0.1953125 0.021875 0.03125
1 0.72421875 0.18671875 0.0109375 0.0265625
0 0.81640625 0.46875 0.1734375 0.140625
0 0.5578125 0.92890625 0.3 0.1421875
0 0.60625 0.8359375 0.1421875 0.1125
0 0.375 0.790625 0.0921875 0.015625
1 0.1203125 0.846875 0.046875 0.025
1 0.0671875 0.8640625 0.03125 0.0265625
1 0.0328125 0.7953125 0.015625 0.0234375
1 0.0671875 0.9203125 0.0234375 0.0328125
1 0.0875 0.971875 0.0328125 0.0390625
1 0.00703125 0.95625 0.0140625 0.03125
1 0.396875 0.9484375 0.025 0.0328125
1 0.3609375 0.9609375 0.0203125 0.0296875
1 0.346875 0.8890625 0.0265625 0.0328125
1 0.4625 0.8953125 0.05 0.0515625
1 0.4046875 0.85625 0.0546875 0.040625
1 0.478125 0.84375 0.0546875 0.034375
1 0.5 0.8234375 0.025 0.0265625
1 0.5078125 0.7921875 0.0296875 0.0125
1 0.56640625 0.98359375 0.0640625 0.0328125
1 0.72265625 0.91796875 0.0140625 0.0578125
1 0.68125 0.8515625 0.03125 0.021875
1 0.6078125 0.909375 0.0265625 0.034375
1 0.5640625 0.9140625 0.0390625 0.025
1 0.6515625 0.7890625 0.0453125 0.015625
1 0.5046875 0.91875 0.0296875 0.015625
1 0.878125 0.9890625 0.025 0.021875
1 0.946875 0.95625 0.015625 0.015625
1 0.821875 0.9359375 0.0390625 0.0203125
1 0.7671875 0.95 0.0640625 0.075
1 0.9765625 0.89375 0.03125 0.03125
1 0.94375 0.859375 0.0203125 0.0375
1 0.98359375 0.85625 0.0328125 0.034375
0 0.784375 0.884375 0.090625 0.0671875
1 0.9453125 0.834375 0.015625 0.0125
1 0.8890625 0.81875 0.0328125 0.0078125
1 0.834375 0.803125 0.04375 0.01875
1 0.75625 0.8140625 0.04375 0.03125
1 0.896875 0.9625 0.0328125 0.040625
1 0.875 0.96875 0.0171875 0.015625
1 0.7734375 0.8046875 0.025 0.0234375
1 0.778125 0.8171875 0.0203125 0.021875
1 0.8640625 0.796875 0.0203125 0.009375
1 0.99765625 0.83984375 0.0046875 0.0296875