1 0.0765625 0.196875 0.046875 0.0359375
1 0.075 0.2171875 0.0140625 0.01875
1 0.059375 0.2609375 0.078125 0.084375
0 0.0140625 0.2796875 0.028125 0.1875
1 0.0328125 0.3875 0.025 0.0109375
1 0.01171875 0.4171875 0.0234375 0.015625
1 0.0125 0.47265625 0.025 0.0421875
1 0.021875 0.5234375 0.04375 0.065625
1 0.04765625 0.54765625 0.0640625 0.0421875
1 0.1640625 0.115625 0.0640625 0.0390625
1 0.16875 0.1546875 0.0234375 0.021875
1 0.203125 0.1421875 0.034375 0.0515625
1 0.1765625 0.190625 0.034375 0.0359375
1 0.134375 0.221875 0.04375 0.0546875
1 0.1171875 0.2796875 0.03125 0.0296875
1 0.1421875 0.26875 0.0421875 0.015625
1 0.115625 0.35625 0.0546875 0.05625
1 0.1828125 0.3171875 0.0296875 0.053125
1 0.321875 0.1359375 0.0984375 0.078125
1 0.3484375 0.2453125 0.028125 0.028125
1 0.38125 0.2921875 0.040625 0.046875
1 0.3078125 0.375 0.04375 0.0421875
1 0.284375 0.3359375 0.09375 0.0609375
1 0.2890625 0.296875 0.0625 0.0640625
1 0.39375 0.3359375 0.053125 0.04375
1 0.4125 0.2234375 0.053125 0.021875
1 0.13125 0.425 0.025 0.028125
1 0.1515625 0.44375 0.0421875 0.034375
1 0.2625 0.4921875 0.040625 0.0390625
1 0.39375 0.4109375 0.0375 0.0453125
1 0.334375 0.5421875 0.0390625 0.034375
1 0.23359375 0.5546875 0.0453125 0.028125
1 0.2953125 0.5296875 0.0375 0.078125
0 0.42890625 0.48125 0.0796875 0.171875
0 0.43515625 0.36015625 0.0671875 0.1140625
0 0.43203125 0.16875 0.0734375 0.0875
0 0.4515625 0.28125 0.034375 0.103125
1 0.55 0.3375 0.0328125 0.0125
1 0.503125 0.3328125 0.0109375 0.0109375
1 0.7015625 0.3375 0.025 0.0125
1 0.9390625 0.3296875 0.0140625 0.0078125
1 0.60625 0.315625 0.0171875 0.015625
1 0.875 0.315625 0.015625 0.021875
1 0.946875 0.3015625 0.015625 0.0078125
1 0.8546875 0.3 0.0234375 0.0234375
1 0.940625 0.2734375 0.0125 0.0078125
1 0.8546875 0.26875 0.015625 0.025
1 0.6671875 0.2453125 0.025 0.0109375
1 0.8328125 0.246875 0.021875 0.0171875
1 0.6375 0.2390625 0.0171875 0.0125
1 0.703125 0.2375 0.009375 0.0140625
1 0.99609375 0.17265625 0.0078125 0.0078125
1 0.5625 0.1765625 0.053125 0.0265625
1 0.853125 0.128125 0.028125 0.0171875
1 0.8796875 0.1265625 0.0140625 0.015625
1 0.80625 0.1328125 0.028125 0.0421875
1 0.959375 0.096875 0.0484375 0.03125
1 0.8765625 0.0828125 0.0453125 0.0703125
1 0.47421875 0.04140625 0.0109375 0.0421875
1 0.86484375 0.00390625 0.0109375 0.0078125
1 0.6171875 0.015625 0.040625 0.03125
1 0.64296875 0.00703125 0.0109375 0.0140625
1 0.853125 0.15625 0.0125 0.0171875
1 0.99375 0.33125 0.0125 0.025
0 0.759375 0.3203125 0.084375 0.0484375
0 0.7375 0.290625 0.1265625 0.065625
0 0.771875 0.2375 0.0828125 0.0796875
0 0.721875 0.1765625 0.14375 0.0828125
0 0.74296875 0.01640625 0.0828125 0.0328125
0 0.753125 0.115625 0.078125 0.0625
0 0.75546875 0.04296875 0.1671875 0.0859375
1 0.79375 0.0875 0.021875 0.025
1 0.065625 0.9546875 0.0265625 0.05
1 0.346875 0.8796875 0.0359375 0.0421875
1 0.171875 0.7953125 0.0390625 0.028125
1 0.36875 0.625 0.0125 0.015625
1 0.13125 0.6125 0.03125 0.0125
1 0.35 0.6125 0.0125 0.01875
1 0.0171875 0.60234375 0.034375 0.0328125
0 0.1515625 0.946875 0.13125 0.10625
1 0.2578125 0.97734375 0.0875 0.0453125
1 0.33359375 0.98984375 0.0765625 0.0203125
1 0.38125 0.965625 0.075 0.065625
1 0.3859375 0.975 0.0140625 0.0203125
0 0.1515625 0.8765625 0.1421875 0.121875
1 0.0953125 0.9046875 0.04375 0.034375
0 0.1421875 0.7453125 0.196875 0.08125
1 0.15625 0.7078125 0.015625 0.028125
1 0.2515625 0.8296875 0.0921875 0.090625
0 0.178125 0.628125 0.0984375 0.0828125
1 0.4328125 0.825 0.071875 0.065625
1 0.46640625 0.8640625 0.0046875 0.021875
1 0.3703125 0.846875 0.078125 0.0578125
1 0.3890625 0.828125 0.025 0.01875
1 0.36875 0.7984375 0.05625 0.0328125
1 0.2609375 0.6671875 0.1453125 0.14375
1 0.428125 0.6171875 0.05 0.0625
1 0.378125 0.7078125 0.1421875 0.1796875
1 0.2875 0.7515625 0.146875 0.090625
1 0.2546875 0.7703125 0.0359375 0.01875
0 0.615625 0.7109375 0.1515625 0.2375
1 0.7703125 0.5890625 0.028125 0.0203125