1 0.1421875 0.003125 0.0125 0.00625
1 0.37421875 0.01015625 0.0203125 0.0203125
1 0.1171875 0.1 0.040625 0.034375
1 0.3125 0.1 0.0609375 0.053125
1 0.3359375 0.2203125 0.034375 0.0125
1 0.1390625 0.225 0.009375 0.0140625
1 0.03125 0.25625 0.025 0.021875
1 0.290625 0.296875 0.0109375 0.0078125
1 0.4796875 0.2953125 0.0171875 0.03125
1 0.525 0.3234375 0.0109375 0.0171875
1 0.4296875 0.340625 0.0625 0.04375
1 0.52890625 0.0140625 0.0546875 0.028125
1 0.56875 0.028125 0.021875 0.01875
1 0.5453125 0.0578125 0.034375 0.0171875
0 0.2078125 0.2625 0.309375 0.125
0 0.19765625 0.109375 0.2203125 0.21875
1 0.16484375 0.00234375 0.0234375 0.0046875
0 0.17734375 0.01953125 0.2515625 0.0390625
1 0.9875 0.30625 0.009375 0.0078125
1 0.9359375 0.3703125 0.0078125 0.0046875
1 0.8765625 0.1140625 0.0078125 0.0078125
1 0.8453125 0.1390625 0.0140625 0.0140625
1 0.809375 0.128125 0.0109375 0.0078125
1 0.653125 0.178125 0.0546875 0.03125
1 0.628125 0.221875 0.0109375 0.0078125
1 0.6671875 0.2828125 0.021875 0.0359375
1 0.671875 0.240625 0.078125 0.0484375
1 0.6234375 0.2890625 0.0296875 0.04375
1 0.6109375 0.2671875 0.0109375 0.0109375
0 0.63828125 0.07734375 0.1171875 0.1546875
1 0.8453125 0.0453125 0.0140625 0.0109375
1 0.56171875 0.63203125 0.0359375 0.0484375
1 0.3890625 0.65 0.021875 0.0203125
1 0.46875 0.7296875 0.0390625 0.028125
1 0.2390625 0.7421875 0.0171875 0.025
0 0.090625 0.7109375 0.0984375 0.1546875
1 0.1578125 0.8609375 0.0375 0.0328125
0 0.0765625 0.8421875 0.146875 0.11875
1 0.253125 0.9296875 0.040625 0.0234375
1 0.3015625 0.95625 0.0171875 0.0140625
0 0.06796875 0.946875 0.0765625 0.10625
1 0.46171875 0.99375 0.0234375 0.0125
1 0.4484375 0.765625 0.0140625 0.0203125
1 0.48125 0.80625 0.0140625 0.015625
1 0.459375 0.840625 0.028125 0.021875
1 0.4734375 0.8046875 0.0296875 0.0265625
1 0.5515625 0.803125 0.0328125 0.04375
0 0.54375 0.93984375 0.071875 0.1203125
1 0.3265625 0.7953125 0.015625 0.01875
1 0.309375 0.796875 0.021875 0.015625
1 0.3375 0.78125 0.0234375 0.0171875
1 0.2875 0.759375 0.0296875 0.0328125
1 0.2796875 0.6828125 0.0140625 0.015625
1 0.284375 0.928125 0.015625 0.0234375
1 0.284375 0.8890625 0.0140625 0.0203125
1 0.4 0.9546875 0.0203125 0.0125
1 0.365625 0.9 0.0171875 0.0109375
1 0.309375 0.940625 0.015625 0.0140625
1 0.2421875 0.8515625 0.021875 0.0171875
1 0.2328125 0.871875 0.0171875 0.015625
1 0.1921875 0.8265625 0.0234375 0.015625
1 0.2359375 0.8109375 0.0171875 0.0140625
1 0.1328125 0.9953125 0.0125 0.009375
1 0.146875 0.9328125 0.0234375 0.015625
1 0.1421875 0.8234375 0.01875 0.0171875
1 0.0234375 0.865625 0.015625 0.021875
1 0.0078125 0.90625 0.015625 0.021875
1 0.0125 0.9 0.0140625 0.009375
1 0.171875 0.73125 0.015625 0.0203125
1 0.1265625 0.6703125 0.028125 0.028125
1 0.1375 0.8453125 0.0203125 0.0171875
1 0.040625 0.9984375 0.015625 0.003125
1 0.00234375 0.72109375 0.0046875 0.0234375
1 0.95 0.953125 0.015625 0.0125
1 0.940625 0.9484375 0.01875 0.0171875
1 0.865625 0.8046875 0.025 0.025
1 0.84375 0.8109375 0.03125 0.025
1 0.8359375 0.8 0.03125 0.028125
1 0.8609375 0.7921875 0.0109375 0.009375
1 0.8328125 0.7671875 0.0203125 0.0203125
1 0.7765625 0.7859375 0.015625 0.0203125
1 0.7640625 0.790625 0.021875 0.015625
1 0.7984375 0.734375 0.040625 0.05
1 0.778125 0.709375 0.0140625 0.015625
0 0.8015625 0.7109375 0.028125 0.025
1 0.8078125 0.68125 0.0296875 0.025
1 0.7828125 0.534375 0.0296875 0.0390625
0 0.803125 0.953125 0.0734375 0.0890625
0 0.8265625 0.890625 0.121875 0.1
0 0.8453125 0.6234375 0.1421875 0.084375
1 0.8609375 0.6515625 0.0234375 0.0171875
1 0.76875 0.6515625 0.01875 0.015625
0 0.8359375 0.534375 0.0796875 0.1109375
0 0.840625 0.4796875 0.0703125 0.015625
1 0.703125 0.646875 0.0140625 0.015625
1 0.671875 0.6140625 0.015625 0.0109375
1 0.659375 0.7796875 0.0140625 0.0234375
1 0.58359375 0.8609375 0.0078125 0.021875
1 0.5890625 0.8625 0.0140625 0.0125
1 0.6140625 0.825 0.0109375 0.0265625
1 0.625 0.83125 0.0140625 0.021875
1 0.5890625 0.784375 0.009375 0.0125
1 0.5921875 0.7671875 0.015625 0.0078125
1 0.58671875 0.6703125 0.0140625 0.021875
1 0.58515625 0.61171875 0.0109375 0.0203125
1 0.58203125 0.56484375 0.0046875 0.0171875