1 0.053125 0.00625 0.0125 0.0125
1 0.075 0.034375 0.0265625 0.0390625
1 0.0578125 0.03125 0.009375 0.0109375
1 0.065625 0.065625 0.0265625 0.015625
1 0.0078125 0.125 0.00625 0.00625
1 0.0046875 0.1046875 0.009375 0.0125
1 0.44609375 0.01015625 0.0265625 0.0203125
1 0.4046875 0.09375 0.015625 0.0171875
1 0.4015625 0.109375 0.0203125 0.0203125
1 0.396875 0.121875 0.0125 0.021875
1 0.4328125 0.1140625 0.0171875 0.0140625
1 0.446875 0.11875 0.015625 0.009375
1 0.45 0.13125 0.0234375 0.0203125
1 0.471875 0.1484375 0.009375 0.0171875
1 0.4421875 0.15 0.046875 0.040625
1 0.4296875 0.2078125 0.0296875 0.0265625
1 0.3875 0.2 0.015625 0.0234375
1 0.3796875 0.1765625 0.028125 0.028125
1 0.4 0.1609375 0.025 0.03125
1 0.4171875 0.1609375 0.0390625 0.0421875
1 0.1390625 0.2046875 0.0265625 0.03125
1 0.1453125 0.228125 0.0171875 0.015625
1 0.10625 0.23359375 0.028125 0.0109375
0 0.06796875 0.228125 0.0234375 0.021875
1 0.090625 0.1296875 0.0328125 0.03125
1 0.078125 0.0984375 0.015625 0.0296875
1 0.0984375 0.1890625 0.0125 0.0125
1 0.140625 0.1640625 0.0046875 0.009375
1 0.15 0.1484375 0.003125 0.0109375
1 0.5125 0.19609375 0.034375 0.0484375
1 0.5125 0.0390625 0.0234375 0.0265625
1 0.5265625 0.05390625 0.00625 0.0265625
1 0.39375 0.04375 0.0203125 0.0171875
1 0.403125 0.0390625 0.015625 0.0140625
1 0.3890625 0.00390625 0.034375 0.0078125
1 0.415625 0.015625 0.040625 0.025
1 0.40546875 0.01640625 0.0265625 0.0328125
1 0.3765625 0.0171875 0.03125 0.03125
1 0.509375 0.2203125 0.0375 0.034375
1 0.09921875 0.0078125 0.0171875 0.015625
1 0.33046875 0.0125 0.0453125 0.025
1 0.053125 0.140625 0.03125 0.0203125
1 0.053125 0.15625 0.0359375 0.025
1 0.05625 0.1875 0.009375 0.009375
1 0.0671875 0.1734375 0.0171875 0.0140625
1 0.0953125 0.1734375 0.0234375 0.0265625
1 0.08125 0.23515625 0.0125 0.0078125
1 0.06875 0.2109375 0.0125 0.0171875
1 0.1375 0.0375 0.0234375 0.0171875
1 0.1234375 0.0484375 0.015625 0.0171875
1 0.13125 0.0515625 0.0171875 0.01875
1 0.1828125 0.0484375 0.0125 0.015625
1 0.190625 0.0453125 0.0125 0.0125
1 0.2015625 0.046875 0.01875 0.015625
1 0.1734375 0.184375 0.015625 0.015625
1 0.184375 0.209375 0.0109375 0.0125
1 0.1875 0.1828125 0.015625 0.0234375
1 0.3 0.234375 0.0125 0.009375
1 0.28125 0.1359375 0.025 0.0296875
1 0.2921875 0.125 0.0203125 0.021875
1 0.303125 0.15625 0.0328125 0.046875
1 0.2921875 0.1671875 0.01875 0.0171875
1 0.3234375 0.2109375 0.01875 0.025
1 0.3265625 0.1328125 0.0515625 0.028125
1 0.3125 0.15 0.01875 0.01875
1 0.309375 0.18125 0.04375 0.0234375
1 0.08203125 0.003125 0.0265625 0.00625
0 0.24609375 0.11953125 0.4109375 0.2390625
0 0.203125 0.06484375 0.365625 0.1296875
0 0.27890625 0.21171875 0.2484375 0.0546875
1 0.325 0.1609375 0.0171875 0.0203125
1 0.41875 0.040625 0.0296875 0.0234375
1 0.9046875 0.0640625 0.0265625 0.0296875
1 0.8 0.0703125 0.0328125 0.0234375
1 0.921875 0.015625 0.0234375 0.0234375
0 0.6625 0.0453125 0.078125 0.06875
1 0.834375 0.01015625 0.034375 0.0203125
0 0.5828125 0.05625 0.10625 0.1125
0 0.475 0.52421875 0.109375 0.1859375
1 0.1 0.5890625 0.0171875 0.0203125
1 0.003125 0.7828125 0.00625 0.021875
0 0.46953125 0.6171875 0.1203125 0.2125
0 0.46484375 0.88125 0.1296875 0.153125
1 0.703125 0.375 0.0453125 0.0390625
1 0.75 0.4390625 0.03125 0.0484375
1 0.6921875 0.4265625 0.0234375 0.0265625
1 0.66875 0.603125 0.0578125 0.0515625
1 0.834375 0.5890625 0.0265625 0.03125
1 0.8546875 0.3984375 0.0328125 0.0484375
1 0.871875 0.3609375 0.0296875 0.0359375
1 0.9046875 0.396875 0.03125 0.021875
1 0.8765625 0.4609375 0.0484375 0.0640625
1 0.86875 0.534375 0.0265625 0.015625
1 0.8421875 0.75625 0.0453125 0.0546875
0 0.89375 0.815625 0.2125 0.103125
1 0.540625 0.42578125 0.021875 0.0328125
1 0.5515625 0.4015625 0.0359375 0.0265625
0 0.93046875 0.49453125 0.1390625 0.1734375
0 0.9328125 0.66953125 0.134375 0.3015625