1 0.0515625 0.415625 0.0125 0.021875
1 0.09375 0.4265625 0.009375 0.0078125
1 0.25 0.403125 0.0078125 0.0125
1 0.1140625 0.3671875 0.0625 0.0578125
1 0.1375 0.3640625 0.0109375 0.0140625
1 0.1328125 0.3515625 0.0078125 0.0078125
0 0.2421875 0.240625 0.1421875 0.2390625
1 0.1625 0.1296875 0.0171875 0.0125
1 0.178125 0.18125 0.025 0.0296875
1 0.14375 0.1640625 0.0234375 0.046875
1 0.18125 0.065625 0.03125 0.0390625
1 0.1828125 0.1578125 0.01875 0.028125
1 0.128125 0.0109375 0.0234375 0.021875
1 0.103125 0.0734375 0.0359375 0.0125
1 0.0109375 0.23046875 0.021875 0.0234375
1 0.0203125 0.2046875 0.015625 0.0140625
1 0.00390625 0.209375 0.0078125 0.015625
1 0.05 0.21875 0.015625 0.0265625
0 0.09921875 0.19140625 0.1984375 0.1671875
1 0.0390625 0.125 0.0515625 0.0140625
1 0.153125 0.253125 0.025 0.015625
1 0.8328125 0.2421875 0.0390625 0.065625
0 0.93984375 0.3109375 0.0390625 0.25625
0 0.8640625 0.3390625 0.184375 0.2
0 0.6328125 0.28046875 0.20625 0.3171875
1 0.5765625 0.3046875 0.046875 0.0390625
1 0.2875 0.834375 0.0265625 0.025
0 0.209375 0.809375 0.2484375 0.065625
0 0.071875 0.76875 0.14375 0.08125
1 0.00625 0.59296875 0.0125 0.0203125
0 0.646875 0.6859375 0.059375 0.0625
0 0.7203125 0.7296875 0.165625 0.0875
0 0.815625 0.7171875 0.0546875 0.0875
0 0.92890625 0.7484375 0.1421875 0.16875
1 0.8921875 0.55 0.0140625 0.0171875