0 0.234375 0.31953125 0.2375 0.0796875
0 0.2484375 0.2203125 0.275 0.0984375
1 0.403125 0.3046875 0.0734375 0.065625
1 0.8078125 0.0375 0.0203125 0.0234375
1 0.7171875 0.0578125 0.01875 0.021875
1 0.6703125 0.175 0.0078125 0.015625
1 0.7828125 0.1953125 0.00625 0.0140625
1 0.8234375 0.2046875 0.025 0.025
1 0.646875 0.2171875 0.01875 0.0109375
0 0.96484375 0.14140625 0.0703125 0.1640625
1 0.8828125 0.16875 0.04375 0.046875
1 0.98125 0.209375 0.0375 0.028125
1 0.653125 0.1390625 0.0171875 0.0203125
1 0.6453125 0.1234375 0.0109375 0.0125
1 0.6546875 0.0828125 0.028125 0.0140625
1 0.59453125 0.00390625 0.0109375 0.0078125
1 0.60234375 0.0515625 0.0265625 0.03125
1 0.5734375 0.571875 0.028125 0.034375
1 0.57109375 0.815625 0.0359375 0.021875
1 0.35 0.3984375 0.028125 0.03125
1 0.3328125 0.6140625 0.0484375 0.03125
1 0.3328125 0.4765625 0.03125 0.0203125
1 0.3390625 0.4921875 0.0328125 0.0265625
1 0.4796875 0.7828125 0.028125 0.028125
1 0.4515625 0.815625 0.025 0.0203125
1 0.365625 0.715625 0.015625 0.0328125
1 0.334375 0.6859375 0.021875 0.01875
1 0.178125 0.7984375 0.0421875 0.05625
1 0.2015625 0.696875 0.0390625 0.0328125
1 0.3015625 0.721875 0.025 0.01875
1 0.3171875 0.75625 0.0234375 0.01875
1 0.2015625 0.640625 0.0234375 0.0203125
1 0.2234375 0.6546875 0.01875 0.0203125
0 0.175 0.50390625 0.271875 0.2890625
0 0.2484375 0.40234375 0.09375 0.0859375
1 0.0984375 0.3765625 0.04375 0.0296875
1 0.153125 0.525 0.05 0.0390625
1 0.1078125 0.503125 0.059375 0.025
1 0.0828125 0.5734375 0.046875 0.0546875
1 0.01171875 0.53671875 0.0234375 0.0265625
1 0.06875 0.7 0.0390625 0.0375
1 0.0515625 0.71875 0.0359375 0.025
1 0.009375 0.69921875 0.01875 0.0328125
0 0.9484375 0.9171875 0.103125 0.103125
1 0.890625 0.8953125 0.0171875 0.0109375
1 0.9015625 0.853125 0.071875 0.021875
0 0.96875 0.765625 0.0625 0.140625
1 0.646875 0.9515625 0.0296875 0.03125
1 0.7421875 0.5953125 0.015625 0.0234375
0 0.9859375 0.49453125 0.028125 0.1078125
1 0.940625 0.48125 0.0359375 0.0515625
1 0.8953125 0.4578125 0.0671875 0.0296875
1 0.59296875 0.6359375 0.0078125 0.05
1 0.95625 0.684375 0.0140625 0.04375