0 0.07421875 0.01796875 0.1390625 0.0359375
1 0.1671875 0.0265625 0.028125 0.0234375
1 0.2046875 0.02265625 0.034375 0.0453125
1 0.0828125 0.04375 0.0515625 0.0625
1 0.0265625 0.0953125 0.046875 0.0515625
1 0.071875 0.2109375 0.0484375 0.040625
1 0.065625 0.1703125 0.0390625 0.034375
1 0.0140625 0.17734375 0.028125 0.0484375
0 0.01484375 0.51328125 0.0296875 0.1046875
1 0.2578125 0.43125 0.0484375 0.0375
1 0.240625 0.390625 0.0375 0.0359375
1 0.2921875 0.4171875 0.046875 0.0546875
1 0.346875 0.3984375 0.09375 0.053125
1 0.38125 0.440625 0.065625 0.0671875
0 0.403125 0.5078125 0.0484375 0.0953125
0 0.359375 0.5359375 0.13125 0.1140625
1 0.0953125 0.6203125 0.03125 0.0265625
1 0.1921875 0.625 0.046875 0.028125
1 0.290625 0.6109375 0.071875 0.05625
1 0.37578125 0.621875 0.0421875 0.034375
1 0.046875 0.41875 0.0421875 0.0328125
1 0.1140625 0.371875 0.0328125 0.046875
1 0.115625 0.3234375 0.046875 0.0390625
1 0.1515625 0.2890625 0.0625 0.0484375
1 0.171875 0.2390625 0.09375 0.06875
1 0.1953125 0.1234375 0.0984375 0.0609375
1 0.1953125 0.065625 0.04375 0.025
1 0.284375 0.1890625 0.0640625 0.046875
1 0.325 0.221875 0.0328125 0.0453125
1 0.3453125 0.2734375 0.0703125 0.109375
1 0.2109375 0.3265625 0.0484375 0.028125
1 0.240625 0.2921875 0.059375 0.0515625
1 0.2828125 0.3375 0.028125 0.0140625
1 0.2921875 0.3 0.0328125 0.05
1 0.4109375 0.1609375 0.03125 0.053125
1 0.021875 0.359375 0.028125 0.0234375
1 0.053125 0.26875 0.040625 0.0375
0 0.25625 0.0625 0.0875 0.125
0 0.346875 0.0390625 0.159375 0.078125
0 0.0984375 0.5375 0.153125 0.1109375
0 0.26875 0.5125 0.103125 0.0703125
1 0.190625 0.45 0.1125 0.15625
1 0.99296875 0.046875 0.0140625 0.0375
1 0.99453125 0.01484375 0.0109375 0.0296875
1 0.93125 0.103125 0.021875 0.0265625
1 0.6140625 0.1296875 0.025 0.034375
1 0.725 0.125 0.025 0.021875
1 0.7421875 0.1 0.0203125 0.0296875
0 0.9515625 0.3375 0.096875 0.284375
1 0.9609375 0.4875 0.0375 0.0359375
1 0.9265625 0.4640625 0.0359375 0.0296875
1 0.9265625 0.5046875 0.0203125 0.0171875
1 0.934375 0.2078125 0.034375 0.034375
0 0.78984375 0.35234375 0.4203125 0.5734375
0 0.6484375 0.2640625 0.134375 0.3921875
1 0.7203125 0.4140625 0.03125 0.0296875
1 0.6234375 0.4734375 0.0421875 0.0265625
1 0.590625 0.4875 0.0234375 0.0328125
1 0.6703125 0.58125 0.034375 0.0328125
1 0.70625 0.6078125 0.0546875 0.046875
1 0.8046875 0.3796875 0.028125 0.0296875
1 0.80625 0.459375 0.0328125 0.0296875
1 0.96875 0.5921875 0.0234375 0.04375
1 0.9671875 0.6359375 0.025 0.00625
0 0.440625 0.92578125 0.078125 0.1390625
0 0.38828125 0.92265625 0.1828125 0.1546875
0 0.1390625 0.91796875 0.153125 0.1640625
1 0.5296875 0.7328125 0.0390625 0.0234375
1 0.7875 0.6953125 0.09375 0.0375
1 0.68125 0.6546875 0.0203125 0.025
1 0.5765625 0.9625 0.053125 0.0671875
0 0.6796875 0.80625 0.309375 0.334375