1 0.0984375 0.6203125 0.05 0.028125
1 0.01796875 0.62890625 0.0359375 0.0515625
1 0.109375 0.578125 0.0171875 0.0234375
1 0.015625 0.54375 0.0078125 0.0140625
1 0.2171875 0.515625 0.0078125 0.0078125
1 0.10625 0.515625 0.0234375 0.028125
1 0.4015625 0.4984375 0.0140625 0.0171875
1 0.059375 0.465625 0.00625 0.0125
0 0.128125 0.4515625 0.15625 0.121875
1 0.06875 0.365625 0.0296875 0.0453125
1 0.225 0.3703125 0.0125 0.009375
1 0.15625 0.3703125 0.0328125 0.0203125
1 0.2296875 0.3296875 0.0109375 0.0046875
1 0.046875 0.2859375 0.015625 0.0390625
1 0.3515625 0.253125 0.0140625 0.015625
1 0.296875 0.171875 0.01875 0.009375
1 0.1578125 0.5328125 0.0328125 0.025
1 0.01875 0.2609375 0.0171875 0.0140625
1 0.2046875 0.2859375 0.053125 0.0703125
1 0.1453125 0.278125 0.046875 0.0390625
1 0.146875 0.3078125 0.025 0.0234375
0 0.09375 0.3234375 0.0828125 0.0609375
0 0.1296875 0.1765625 0.1296875 0.096875
0 0.1203125 0.21875 0.19375 0.1078125
1 0.40546875 0.21953125 0.0078125 0.0265625
1 0.3890625 0.4375 0.0171875 0.009375
1 0.25625 0.3984375 0.00625 0.009375
1 0.803125 0.5515625 0.0140625 0.015625
1 0.4953125 0.4578125 0.0140625 0.01875
1 0.8296875 0.3859375 0.028125 0.00625
1 0.98125 0.3484375 0.0234375 0.021875
1 0.8859375 0.303125 0.0078125 0.0109375
1 0.7984375 0.2515625 0.01875 0.01875
1 0.7640625 0.2453125 0.009375 0.015625
1 0.93125 0.1640625 0.015625 0.015625
1 0.99296875 0.15234375 0.0140625 0.0359375
1 0.8953125 0.1109375 0.0109375 0.0140625
0 0.60625 0.078125 0.0921875 0.084375
0 0.596875 0.1671875 0.1578125 0.1015625
1 0.51875 0.221875 0.0453125 0.0359375
0 0.61875 0.2703125 0.0859375 0.10625
0 0.5734375 0.3296875 0.1109375 0.171875
1 0.5234375 0.3703125 0.0625 0.05625
0 0.534375 0.453125 0.05625 0.0546875
0 0.5625 0.521875 0.11875 0.0703125
1 0.8609375 0.4734375 0.0234375 0.0265625
1 0.865625 0.4421875 0.0296875 0.021875
1 0.23046875 0.98828125 0.0359375 0.0234375
1 0.115625 0.9640625 0.0375 0.0515625
1 0.2046875 0.8984375 0.015625 0.021875
1 0.021875 0.8 0.01875 0.0453125
1 0.0921875 0.8375 0.0171875 0.0234375
1 0.1578125 0.828125 0.0296875 0.015625
1 0.1265625 0.8671875 0.01875 0.021875
1 0.13125 0.88125 0.0234375 0.025
1 0.1125 0.9015625 0.0234375 0.0125
1 0.184375 0.90625 0.0296875 0.040625
1 0.1515625 0.9046875 0.0296875 0.021875
1 0.1703125 0.9234375 0.0359375 0.0546875
0 0.334375 0.8046875 0.1046875 0.0796875
0 0.3171875 0.8890625 0.1171875 0.109375
0 0.328125 0.95 0.1015625 0.078125
1 0.4328125 0.7703125 0.03125 0.0203125
1 0.4921875 0.6921875 0.046875 0.00625
1 0.534375 0.7140625 0.021875 0.025
1 0.5625 0.75625 0.0359375 0.053125
1 0.559375 0.86875 0.04375 0.03125
1 0.6 0.8203125 0.0421875 0.0453125
1 0.43671875 0.98671875 0.0515625 0.0265625
1 0.50703125 0.99375 0.0359375 0.0125
1 0.55390625 0.98203125 0.0390625 0.0359375
1 0.6953125 0.98203125 0.06875 0.0359375
0 0.86015625 0.95546875 0.2015625 0.0890625
1 0.7515625 0.925 0.0171875 0.0640625
1 0.70625 0.88125 0.0546875 0.06875
1 0.8046875 0.9125 0.0703125 0.0625
0 0.8796875 0.9125 0.1015625 0.1359375
1 0.771875 0.853125 0.01875 0.028125
1 0.7875 0.853125 0.0203125 0.028125
1 0.6671875 0.7640625 0.065625 0.0625
0 0.88125 0.7796875 0.065625 0.1421875
1 0.8203125 0.8 0.04375 0.034375
1 0.8265625 0.696875 0.03125 0.015625
1 0.75234375 0.9921875 0.0296875 0.015625
1 0.9828125 0.978125 0.034375 0.03125
1 0.98359375 0.99375 0.0296875 0.0125
1 0.98515625 0.859375 0.0296875 0.025
1 0.75703125 0.99296875 0.0609375 0.0140625