1 0.30625 0.021875 0.0171875 0.0171875
1 0.3453125 0.0125 0.0359375 0.0203125
1 0.3359375 0.0453125 0.034375 0.0265625
1 0.40078125 0.0125 0.0203125 0.025
1 0.425 0.0359375 0.0265625 0.01875
1 0.346875 0.071875 0.028125 0.0234375
1 0.3453125 0.09375 0.01875 0.0234375
1 0.365625 0.1046875 0.025 0.0265625
1 0.2625 0.1078125 0.01875 0.0484375
1 0.1828125 0.103125 0.04375 0.0390625
1 0.234375 0.3 0.03125 0.0203125
1 0.3125 0.33125 0.025 0.0234375
1 0.3578125 0.2671875 0.0203125 0.0328125
1 0.4484375 0.2 0.021875 0.06875
1 0.43671875 0.25 0.0453125 0.05625
1 0.4296875 0.23125 0.015625 0.0234375
0 0.4390625 0.41484375 0.040625 0.0703125
0 0.39921875 0.39375 0.0984375 0.1125
1 0.3515625 0.4078125 0.028125 0.0375
0 0.2453125 0.41328125 0.153125 0.0734375
0 0.184375 0.42421875 0.05625 0.0515625
1 0.45234375 0.00859375 0.0140625 0.0171875
1 0.9390625 0.4078125 0.009375 0.0078125
1 0.9796875 0.3703125 0.01875 0.021875
1 0.5828125 0.16875 0.0296875 0.040625
0 0.6015625 0.228125 0.0703125 0.184375
0 0.775 0.284375 0.4078125 0.2265625
1 0.93125 0.2140625 0.021875 0.01875
1 0.703125 0.2578125 0.0234375 0.0109375
0 0.88359375 0.2625 0.2328125 0.265625
1 0.04375 0.6140625 0.0125 0.009375
1 0.1640625 0.8015625 0.009375 0.0046875
0 0.14375 0.9125 0.1140625 0.109375
1 0.2484375 0.671875 0.0140625 0.025
1 0.00546875 0.5984375 0.0109375 0.009375
1 0.06875 0.6578125 0.0328125 0.0625
1 0.1125 0.5515625 0.0125 0.0171875
1 0.0796875 0.5734375 0.034375 0.0296875
1 0.015625 0.471875 0.021875 0.03125
0 0.1296875 0.459375 0.103125 0.01875
1 0.1765625 0.4875 0.01875 0.0171875
1 0.203125 0.5234375 0.10625 0.0796875
1 0.2671875 0.5453125 0.01875 0.028125
1 0.275 0.5703125 0.0140625 0.0203125
1 0.1625 0.6125 0.0234375 0.028125
1 0.2796875 0.6625 0.0171875 0.028125
1 0.2703125 0.6359375 0.046875 0.0125
1 0.271875 0.646875 0.0234375 0.0421875
1 0.2609375 0.61875 0.034375 0.0296875
1 0.0796875 0.8015625 0.028125 0.0234375
1 0.0375 0.7640625 0.0171875 0.0296875
1 0.040625 0.76875 0.03125 0.009375
1 0.0890625 0.7671875 0.0078125 0.0171875
1 0.0703125 0.7828125 0.0296875 0.0140625
1 0.059375 0.94375 0.0375 0.0296875
1 0.0953125 0.93125 0.03125 0.0171875
1 0.0921875 0.9328125 0.0125 0.0265625
0 0.0265625 0.9234375 0.053125 0.09375
1 0.078125 0.9921875 0.0515625 0.003125
1 0.0515625 0.97578125 0.103125 0.0484375
1 0.18046875 0.9859375 0.0328125 0.028125
1 0.14921875 0.99296875 0.0453125 0.0140625
0 0.2703125 0.8484375 0.046875 0.053125
0 0.2453125 0.9046875 0.0546875 0.15
0 0.26640625 0.94609375 0.0515625 0.1078125
1 0.1296875 0.803125 0.0375 0.040625
1 0.14375 0.815625 0.0390625 0.0265625
1 0.1515625 0.85 0.0484375 0.0390625
1 0.478125 0.4765625 0.03125 0.053125
1 0.509375 0.496875 0.0578125 0.0359375
1 0.5265625 0.53125 0.053125 0.0625
1 0.6 0.475 0.0390625 0.0328125
1 0.659375 0.4859375 0.0421875 0.0359375
1 0.796875 0.59375 0.0453125 0.075
0 0.8140625 0.640625 0.0546875 0.0796875
0 0.6734375 0.6046875 0.115625 0.1109375
1 0.75625 0.65 0.040625 0.034375
1 0.7703125 0.678125 0.034375 0.0609375
1 0.8 0.6921875 0.0625 0.0375
1 0.7421875 0.7484375 0.0609375 0.0328125
1 0.74375 0.7859375 0.04375 0.034375
1 0.6984375 0.771875 0.0140625 0.0328125
1 0.7359375 0.834375 0.0453125 0.05
1 0.784375 0.9046875 0.075 0.0609375
1 0.7 0.95 0.0359375 0.0546875
1 0.6859375 0.828125 0.025 0.040625
1 0.55 0.6640625 0.0796875 0.1109375
0 0.51328125 0.62109375 0.1078125 0.1234375
1 0.6078125 0.721875 0.103125 0.065625
1 0.5953125 0.8171875 0.08125 0.0875
1 0.49296875 0.81015625 0.0671875 0.1390625
1 0.50625 0.859375 0.0609375 0.0765625
1 0.565625 0.9 0.0578125 0.06875
1 0.603125 0.8765625 0.0515625 0.03125
1 0.640625 0.9140625 0.0453125 0.0578125
1 0.48828125 0.98515625 0.0328125 0.0296875
1 0.6890625 0.8640625 0.0328125 0.046875