1 0.1640625 0.009375 0.01875 0.01875
0 0.1515625 0.2375 0.0625 0.025
0 0.0921875 0.2171875 0.115625 0.065625
1 0.5921875 0.06171875 0.15 0.1234375
1 0.0125 0.7421875 0.0109375 0.0078125
1 0.034375 0.3453125 0.0375 0.0234375
1 0.065625 0.75625 0.015625 0.0109375
1 0.0625 0.79375 0.0265625 0.028125
1 0.075 0.396875 0.0140625 0.0171875
1 0.11875 0.3484375 0.0109375 0.015625
1 0.1375 0.378125 0.0078125 0.0078125
1 0.13125 0.4078125 0.0359375 0.01875
1 0.1609375 0.440625 0.0453125 0.0453125
0 0.2953125 0.6453125 0.059375 0.1015625
0 0.178125 0.653125 0.20625 0.15
0 0.05625 0.62734375 0.1125 0.1734375
1 0.04140625 0.99453125 0.0234375 0.0109375
1 0.265625 0.896875 0.0078125 0.0046875
1 0.09375 0.7453125 0.0171875 0.0171875
1 0.3015625 0.946875 0.0421875 0.0546875
1 0.26171875 0.271875 0.0578125 0.04375
1 0.2578125 0.25234375 0.015625 0.0046875
1 0.2703125 0.4890625 0.028125 0.0328125
1 0.2265625 0.4765625 0.0609375 0.0734375
1 0.1859375 0.425 0.028125 0.0453125
1 0.203125 0.3765625 0.0515625 0.0671875
1 0.034375 0.540625 0.0203125 0.0265625
1 0.80234375 0.25390625 0.0171875 0.0078125
1 0.8390625 0.43125 0.021875 0.028125
1 0.7296875 0.784375 0.0375 0.034375
1 0.8328125 0.8171875 0.025 0.0171875
1 0.7390625 0.9140625 0.03125 0.03125
1 0.6796875 0.8703125 0.0375 0.040625
1 0.6265625 0.909375 0.0765625 0.0765625
1 0.66875 0.75625 0.028125 0.04375
1 0.9578125 0.7375 0.01875 0.0390625
1 0.8796875 0.8359375 0.015625 0.015625
1 0.94375 0.853125 0.03125 0.028125
1 0.978125 0.859375 0.0296875 0.021875
1 0.603125 0.8609375 0.0609375 0.0546875
1 0.5234375 0.846875 0.05 0.04375
1 0.68515625 0.98984375 0.0328125 0.0203125
1 0.5671875 0.990625 0.025 0.0140625
1 0.7171875 0.8796875 0.0140625 0.0203125
1 0.590625 0.98125 0.0171875 0.021875
1 0.94375 0.965625 0.0171875 0.021875
1 0.9125 0.8078125 0.01875 0.015625
0 0.85625 0.5375 0.2703125 0.3484375
0 0.665625 0.5296875 0.3609375 0.3875
0 0.5546875 0.571875 0.1734375 0.284375