1 0.2703125 0.0578125 0.025 0.0296875
1 0.0203125 0.009375 0.01875 0.01875
1 0.15625 0.0421875 0.025 0.025
1 0.1515625 0.065625 0.0203125 0.01875
1 0.1171875 0.178125 0.0375 0.0453125
1 0.14375 0.171875 0.021875 0.01875
1 0.0296875 0.28125 0.0515625 0.0390625
1 0.0765625 0.3 0.01875 0.015625
1 0.0984375 0.3125 0.03125 0.0453125
1 0.078125 0.2171875 0.028125 0.028125
1 0.0140625 0.184375 0.0234375 0.0140625
1 0.1265625 0.3421875 0.0328125 0.0265625
1 0.00859375 0.4734375 0.0171875 0.046875
1 0.01015625 0.5171875 0.0203125 0.040625
1 0.003125 0.41796875 0.00625 0.0265625
1 0.05 0.4421875 0.0328125 0.025
1 0.0703125 0.3984375 0.009375 0.034375
1 0.034375 0.378125 0.0359375 0.0203125
1 0.10625 0.4015625 0.0359375 0.034375
1 0.165625 0.40625 0.0328125 0.03125
1 0.0828125 0.453125 0.0125 0.021875
1 0.078125 0.5140625 0.0296875 0.0359375
1 0.15625 0.4828125 0.0234375 0.0296875
1 0.184375 0.4296875 0.046875 0.0578125
1 0.215625 0.3515625 0.034375 0.0328125
1 0.209375 0.396875 0.028125 0.0375
1 0.2125 0.3109375 0.015625 0.0234375
1 0.215625 0.2078125 0.0296875 0.01875
1 0.26875 0.3984375 0.053125 0.0265625
1 0.34375 0.328125 0.0296875 0.03125
1 0.353125 0.2703125 0.009375 0.0171875
1 0.3078125 0.5 0.0296875 0.0296875
1 0.321875 0.4671875 0.0328125 0.03125
1 0.3546875 0.48125 0.009375 0.028125
1 0.1421875 0.534375 0.01875 0.0078125
0 0.0859375 0.11875 0.109375 0.0875
1 0.04375 0.0921875 0.0171875 0.0359375
1 0.090625 0.075 0.04375 0.0125
0 0.334375 0.090625 0.0484375 0.1140625
1 0.0625 0.1828125 0.015625 0.015625
1 0.2015625 0.240625 0.0171875 0.025
1 0.296875 0.3109375 0.0765625 0.0671875
0 0.2109375 0.0953125 0.0765625 0.11875
0 0.2578125 0.1296875 0.134375 0.0671875
1 0.99765625 0.02421875 0.0046875 0.0453125
0 0.890625 0.0359375 0.096875 0.071875
1 0.73125 0.0734375 0.0203125 0.01875
1 0.7546875 0.0484375 0.0234375 0.03125
0 0.76328125 0.02578125 0.1390625 0.0515625
1 0.6484375 0.01015625 0.109375 0.0203125
0 0.57421875 0.0421875 0.1703125 0.084375
0 0.50859375 0.02265625 0.0390625 0.0453125
1 0.934375 0.16875 0.01875 0.03125
1 0.740625 0.140625 0.034375 0.0484375
1 0.6421875 0.196875 0.0140625 0.009375
1 0.64375 0.221875 0.015625 0.025
1 0.6328125 0.2921875 0.0171875 0.015625
1 0.52421875 0.18671875 0.0703125 0.0890625
1 0.553125 0.2171875 0.0390625 0.0578125
1 0.51875 0.196875 0.0296875 0.025
1 0.5203125 0.2546875 0.0234375 0.0140625
1 0.5078125 0.2859375 0.0109375 0.0140625
1 0.765625 0.2890625 0.0109375 0.0125
1 0.6953125 0.328125 0.0453125 0.034375
1 0.6921875 0.29375 0.034375 0.0328125
1 0.91875 0.4140625 0.059375 0.046875
1 0.99140625 0.43203125 0.0171875 0.0203125
0 0.97578125 0.4921875 0.0484375 0.09375
1 0.853125 0.403125 0.015625 0.0203125
1 0.8609375 0.4109375 0.015625 0.0234375
1 0.6875 0.51484375 0.090625 0.0484375
0 0.87890625 0.503125 0.0859375 0.071875
0 0.7765625 0.50703125 0.14375 0.0640625
1 0.8296875 0.5140625 0.015625 0.01875
1 0.78671875 0.534375 0.0140625 0.009375
0 0.55703125 0.4953125 0.1359375 0.0875
1 0.5859375 0.46875 0.0296875 0.015625
1 0.278125 0.5421875 0.015625 0.00625
1 0.2671875 0.603125 0.0171875 0.015625
1 0.18671875 0.54765625 0.0390625 0.0171875
1 0.1546875 0.565625 0.0234375 0.0140625
1 0.1421875 0.596875 0.0109375 0.0140625
1 0.4 0.6 0.0109375 0.0125
1 0.3296875 0.6390625 0.0453125 0.034375
1 0.3265625 0.6046875 0.034375 0.0328125
1 0.484375 0.71328125 0.009375 0.0203125
1 0.321875 0.85 0.090625 0.0953125
0 0.4796875 0.84453125 0.01875 0.1328125
0 0.4109375 0.85 0.14375 0.128125
1 0.4640625 0.825 0.015625 0.01875
1 0.421875 0.8484375 0.0140625 0.015625
1 0.18125 0.896875 0.075 0.0953125
1 0.14375 0.953125 0.01875 0.03125
0 0.190625 0.81875 0.1390625 0.1109375
1 0.2203125 0.7796875 0.0296875 0.015625
0 0.1390625 0.8953125 0.034375 0.046875
1 0.5 0.9765625 0.0140625 0.0140625
1 0.5578125 0.884375 0.0109375 0.0109375
1 0.571875 0.684375 0.0140625 0.0078125
1 0.59375 0.9734375 0.009375 0.0109375
1 0.596875 0.9234375 0.0265625 0.0140625
1 0.6828125 0.8 0.0046875 0.015625
1 0.6828125 0.8671875 0.05 0.0265625
1 0.70625 0.9265625 0.0203125 0.015625
0 0.7015625 0.590625 0.1109375 0.1
0 0.8046875 0.61015625 0.078125 0.1421875
0 0.8609375 0.6109375 0.0578125 0.0890625
1 0.840625 0.625 0.0171875 0.0390625
0 0.54921875 0.58671875 0.1171875 0.0953125
0 0.60625 0.58125 0.06875 0.0765625
1 0.5984375 0.6296875 0.0296875 0.0234375
1 0.521875 0.6234375 0.015625 0.0109375
1 0.6484375 0.6875 0.0265625 0.059375
1 0.8640625 0.8453125 0.0171875 0.028125
1 0.815625 0.840625 0.046875 0.04375
1 0.7234375 0.775 0.015625 0.0171875
1 0.7234375 0.840625 0.021875 0.021875
1 0.7859375 0.7859375 0.0125 0.021875
1 0.725 0.8875 0.021875 0.0140625
1 0.6671875 0.759375 0.028125 0.01875
1 0.659375 0.8109375 0.0234375 0.03125
1 0.5109375 0.7859375 0.0265625 0.028125
1 0.49296875 0.87109375 0.0078125 0.0359375
1 0.8375 0.97890625 0.071875 0.0421875
1 0.7890625 0.99453125 0.025 0.0109375