0 0.4421875 0.5359375 0.00625 0.0234375
1 0.434375 0.2265625 0.0234375 0.04375
1 0.43125 0.275 0.028125 0.021875
1 0.409375 0.590625 0.0203125 0.0078125
1 0.415625 0.4984375 0.0421875 0.0375
1 0.40234375 0.00390625 0.0203125 0.0078125
1 0.4078125 0.0546875 0.034375 0.021875
1 0.3484375 0.003125 0.0125 0.00625
1 0.3234375 0.2828125 0.0234375 0.0234375
1 0.3140625 0.2234375 0.0265625 0.0296875
1 0.3171875 0.5578125 0.025 0.0203125
1 0.3 0.35 0.0140625 0.0078125
1 0.3 0.5046875 0.0390625 0.021875
1 0.271875 0.0234375 0.0203125 0.0125
1 0.2515625 0.4953125 0.009375 0.021875
1 0.24375 0.1734375 0.0390625 0.0296875
1 0.23125 0.253125 0.0328125 0.0265625
1 0.146875 0.2984375 0.0234375 0.0171875
1 0.171875 0.3453125 0.0765625 0.0640625
1 0.140625 0.259375 0.0296875 0.034375
1 0.109375 0.3390625 0.0125 0.01875
1 0.1046875 0.3859375 0.0359375 0.0359375
0 0.11640625 0.57265625 0.1234375 0.0546875
1 0.03828125 0.01328125 0.0265625 0.0265625
1 0.0234375 0.096875 0.0234375 0.028125
1 0.01015625 0.40859375 0.0203125 0.0140625
1 0.00859375 0.49609375 0.0171875 0.0390625
0 0.03125 0.55234375 0.0625 0.0953125
1 0.0296875 0.490625 0.025 0.015625
1 0.234375 0.5671875 0.0484375 0.0453125
0 0.3125 0.58359375 0.165625 0.0328125
1 0.36875 0.4578125 0.025 0.034375
1 0.315625 0.3703125 0.01875 0.0234375
1 0.3328125 0.3609375 0.046875 0.040625
1 0.4 0.3453125 0.04375 0.0421875
1 0.409375 0.3796875 0.0296875 0.03125
1 0.0765625 0.353125 0.0375 0.0421875
1 0.01875 0.3515625 0.0359375 0.0203125
1 0.1078125 0.2765625 0.04375 0.0375
1 0.059375 0.3234375 0.0984375 0.08125
0 0.0859375 0.084375 0.0953125 0.0609375
0 0.175 0.0890625 0.10625 0.1734375
0 0.2953125 0.1015625 0.1390625 0.134375
1 0.0390625 0.134375 0.0265625 0.0328125
1 0.096875 0.5015625 0.0203125 0.028125
1 0.0671875 0.4953125 0.0125 0.0140625
1 0.1921875 0.58125 0.0140625 0.0234375
1 0.1875 0.475 0.0203125 0.0203125
1 0.1609375 0.4078125 0.021875 0.0140625
1 0.21875 0.3921875 0.01875 0.021875
1 0.21875 0.41875 0.0171875 0.01875
1 0.16875 0.228125 0.025 0.01875
1 0.2359375 0.2234375 0.0390625 0.025
1 0.3109375 0.1796875 0.0203125 0.0296875
1 0.4375 0.103125 0.015625 0.03125
1 0.1890625 0.00859375 0.0375 0.0171875
1 0.003125 0.21796875 0.00625 0.0234375
1 0.30625 0.028125 0.0203125 0.0234375
1 0.7234375 0.5421875 0.0234375 0.046875
1 0.696875 0.4921875 0.0265625 0.01875
0 0.77421875 0.24921875 0.2703125 0.3703125
0 0.83203125 0.22734375 0.1578125 0.4546875
1 0.8171875 0.578125 0.034375 0.0203125
1 0.3109375 0.746875 0.0125 0.0234375
1 0.3015625 0.796875 0.0125 0.0125
1 0.225 0.721875 0.0125 0.0078125
1 0.196875 0.7984375 0.015625 0.0078125
1 0.00625 0.7578125 0.0125 0.01875
0 0.15703125 0.978125 0.0734375 0.04375
0 0.31328125 0.98125 0.1359375 0.0375
1 0.4125 0.846875 0.028125 0.0296875
1 0.8890625 0.6703125 0.0109375 0.0078125
1 0.871875 0.9765625 0.015625 0.0125
1 0.8109375 0.9125 0.0109375 0.0078125
1 0.8671875 0.925 0.0171875 0.025
1 0.925 0.771875 0.0140625 0.0171875
1 0.9234375 0.8046875 0.0234375 0.015625
0 0.8390625 0.7015625 0.06875 0.1421875
0 0.9625 0.66875 0.075 0.134375