1 0.42734375 0.5109375 0.0171875 0.015625
1 0.0625 0.4046875 0.009375 0.0234375
1 0.5171875 0.1984375 0.0078125 0.009375
1 0.065625 0.1609375 0.0625 0.0578125
1 0.065625 0.4578125 0.0171875 0.03125
0 0.15859375 0.46015625 0.3015625 0.1171875
0 0.2265625 0.0921875 0.1171875 0.0546875
1 0.21875 0.1703125 0.040625 0.05625
0 0.2953125 0.2734375 0.3640625 0.26875
1 0.88125 0.5046875 0.0171875 0.0109375
1 0.80625 0.4703125 0.0140625 0.0203125
1 0.5703125 0.44375 0.0078125 0.0125
1 0.640625 0.44375 0.040625 0.015625
1 0.7875 0.4453125 0.021875 0.025
1 0.728125 0.4234375 0.015625 0.021875
1 0.971875 0.37890625 0.05625 0.0296875
1 0.934375 0.2875 0.03125 0.0234375
1 0.9 0.2828125 0.0328125 0.0234375
1 0.7890625 0.2421875 0.015625 0.0203125
1 0.953125 0.2140625 0.025 0.0296875
1 0.6953125 0.1578125 0.0109375 0.015625
1 0.909375 0.06875 0.0265625 0.021875
0 0.6328125 0.0921875 0.109375 0.1
0 0.6125 0.3515625 0.146875 0.109375
0 0.6234375 0.240625 0.15 0.134375
1 0.609375 0.1921875 0.025 0.028125
1 0.6328125 0.1609375 0.0453125 0.0328125
1 0.5671875 0.33203125 0.05625 0.0359375
0 0.6078125 0.50234375 0.08125 0.0328125
1 0.10625 0.60625 0.028125 0.021875
1 0.459375 0.715625 0.034375 0.0375
1 0.4921875 0.6125 0.0171875 0.025
1 0.53203125 0.765625 0.0140625 0.0375
1 0.43125 0.7765625 0.04375 0.028125
1 0.5109375 0.565625 0.015625 0.015625
1 0.5234375 0.84140625 0.03125 0.0609375
1 0.51953125 0.921875 0.0390625 0.05
1 0.4828125 0.5328125 0.015625 0.01875
0 0.21171875 0.62109375 0.3484375 0.2046875
0 0.2046875 0.7796875 0.3875 0.3609375
0 0.246875 0.890625 0.284375 0.1734375
1 0.99375 0.871875 0.0125 0.009375
1 0.69375 0.7921875 0.028125 0.0359375
1 0.94375 0.6796875 0.01875 0.0171875
1 0.94296875 0.74609375 0.1140625 0.1140625
0 0.93125 0.815625 0.125 0.1234375
1 0.97578125 0.825 0.0484375 0.05625
1 0.9546875 0.6390625 0.090625 0.1
0 0.94296875 0.56796875 0.1140625 0.0984375