1 0.2734375 0.30625 0.015625 0.0078125
1 0.2625 0.3078125 0.0078125 0.0078125
1 0.3046875 0.3 0.015625 0.015625
1 0.359375 0.334375 0.01875 0.0140625
1 0.3625 0.3515625 0.0171875 0.0140625
1 0.315625 0.3734375 0.0359375 0.0203125
1 0.3796875 0.3265625 0.015625 0.0140625
1 0.38125 0.4125 0.0109375 0.0125
1 0.3734375 0.3984375 0.01875 0.01875
1 0.39375 0.3875 0.0203125 0.0171875
1 0.4875 0.446875 0.0171875 0.0234375
1 0.46015625 0.44765625 0.0390625 0.0234375
1 0.4421875 0.45546875 0.034375 0.0078125
1 0.45 0.41875 0.0203125 0.0109375
1 0.446875 0.340625 0.028125 0.025
1 0.56171875 0.3140625 0.0140625 0.03125
1 0.5625 0.43828125 0.0125 0.0140625
1 0.5390625 0.2390625 0.0125 0.0125
1 0.2828125 0.21875 0.025 0.01875
1 0.2359375 0.25 0.0171875 0.021875
1 0.228125 0.378125 0.0390625 0.04375
1 0.2 0.346875 0.0171875 0.0140625
1 0.2203125 0.4 0.0109375 0.009375
1 0.2265625 0.409375 0.0125 0.015625
1 0.2140625 0.41875 0.01875 0.009375
1 0.2328125 0.4234375 0.0234375 0.021875
1 0.2859375 0.43125 0.009375 0.0078125
1 0.2703125 0.45 0.0171875 0.0171875
1 0.2671875 0.4421875 0.0140625 0.0140625
1 0.1890625 0.421875 0.0203125 0.0203125
1 0.165625 0.4421875 0.0171875 0.0109375
1 0.1609375 0.4328125 0.015625 0.0171875
1 0.1515625 0.434375 0.0109375 0.0109375
1 0.1828125 0.39375 0.0296875 0.0421875
1 0.165625 0.3671875 0.0078125 0.0015625
1 0.15625 0.35 0.0234375 0.0265625
1 0.1578125 0.2796875 0.028125 0.025
1 0.1609375 0.2453125 0.021875 0.0171875
1 0.15 0.253125 0.0203125 0.0078125
1 0.08046875 0.45078125 0.0171875 0.0171875
1 0.109375 0.428125 0.0265625 0.0203125
1 0.0484375 0.415625 0.0203125 0.0171875
1 0.0765625 0.3640625 0.034375 0.0390625
1 0.0953125 0.340625 0.0234375 0.0203125
1 0.1046875 0.275 0.0203125 0.0140625
1 0.0765625 0.2203125 0.03125 0.0234375
1 0.0984375 0.2421875 0.0078125 0.0125
1 0.0765625 0.3078125 0.0046875 0.0109375
1 0.00625 0.45234375 0.0125 0.0140625
1 0.0140625 0.3515625 0.0171875 0.01875
1 0.309375 0.409375 0.0140625 0.0125
0 0.3390625 0.415625 0.078125 0.0875
1 0.98515625 0.03671875 0.0296875 0.0546875
1 0.9609375 0.0234375 0.021875 0.040625
1 0.89375 0.0125 0.059375 0.025
0 0.9546875 0.09765625 0.090625 0.1390625
1 0.909375 0.096875 0.0296875 0.0265625
1 0.9078125 0.0421875 0.009375 0.0125
1 0.8890625 0.2171875 0.046875 0.0296875
1 0.85625 0.190625 0.0125 0.0203125
1 0.984375 0.21484375 0.03125 0.0359375
0 0.95390625 0.25 0.0921875 0.071875
1 0.934375 0.2265625 0.025 0.0234375
1 0.959375 0.1890625 0.025 0.046875
1 0.9109375 0.290625 0.0265625 0.01875
1 0.7921875 0.2484375 0.0625 0.0515625
1 0.8453125 0.1578125 0.0375 0.046875
1 0.825 0.109375 0.0671875 0.05
1 0.8046875 0.1609375 0.065625 0.0625
1 0.8015625 0.2203125 0.021875 0.01875
1 0.8140625 0.2859375 0.0609375 0.0265625
1 0.7953125 0.0203125 0.01875 0.028125
1 0.7640625 0.2859375 0.04375 0.028125
1 0.778125 0.134375 0.0203125 0.0234375
1 0.7796875 0.06875 0.0453125 0.053125
1 0.6203125 0.0078125 0.046875 0.015625
1 0.68203125 0.003125 0.0203125 0.00625
1 0.70703125 0.0078125 0.0484375 0.015625
1 0.759375 0.0078125 0.0109375 0.015625
1 0.6671875 0.0484375 0.1 0.05625
1 0.6 0.0765625 0.0234375 0.021875
1 0.60078125 0.11875 0.0640625 0.075
1 0.6484375 0.13125 0.0296875 0.01875
1 0.6125 0.1546875 0.0328125 0.059375
1 0.5828125 0.16875 0.028125 0.025
1 0.7046875 0.096875 0.0734375 0.0328125
1 0.6546875 0.0953125 0.046875 0.0375
1 0.7234375 0.1203125 0.0375 0.0359375
1 0.68125 0.1265625 0.0453125 0.028125
1 0.728125 0.184375 0.040625 0.05
1 0.6578125 0.184375 0.0515625 0.0625
1 0.6296875 0.2484375 0.0984375 0.0875
1 0.7453125 0.2328125 0.046875 0.0578125
1 0.709375 0.221875 0.0390625 0.05
1 0.6953125 0.2734375 0.0578125 0.0515625
1 0.59765625 0.290625 0.0578125 0.01875
0 0.0859375 0.4984375 0.090625 0.028125
0 0.2703125 0.571875 0.25625 0.1765625
1 0.1078125 0.6171875 0.025 0.03125
1 0.215625 0.684375 0.01875 0.040625
1 0.01875 0.68046875 0.0375 0.0640625
1 0.4109375 0.7609375 0.0171875 0.0203125
1 0.0078125 0.80546875 0.015625 0.0484375
1 0.1 0.815625 0.040625 0.0296875
1 0.0515625 0.8796875 0.0078125 0.0125
1 0.40625 0.9140625 0.046875 0.053125
0 0.2671875 0.86171875 0.215625 0.2765625
1 0.6609375 0.6265625 0.046875 0.034375
0 0.859375 0.6640625 0.165625 0.090625
1 0.734375 0.740625 0.015625 0.0078125
1 0.6703125 0.759375 0.021875 0.0203125
1 0.57421875 0.775 0.0109375 0.01875
1 0.9765625 0.8515625 0.0078125 0.0109375
1 0.8421875 0.7734375 0.028125 0.021875
1 0.859375 0.896875 0.028125 0.0265625
1 0.7875 0.825 0.0140625 0.0234375
1 0.8234375 0.8375 0.053125 0.0609375
0 0.8328125 0.9 0.103125 0.121875
0 0.84375 0.94765625 0.171875 0.1046875