1 0.16015625 0.32421875 0.0203125 0.0109375
1 0.1828125 0.31875 0.0078125 0.009375
0 0.1109375 0.29765625 0.115625 0.0640625
1 0.196875 0.125 0.0109375 0.0109375
1 0.3921875 0.1078125 0.015625 0.0140625
1 0.0375 0.2171875 0.015625 0.0140625
1 0.059375 0.265625 0.021875 0.0234375
1 0.025 0.20625 0.015625 0.021875
1 0.115625 0.2375 0.06875 0.0703125
1 0.065625 0.1875 0.0921875 0.0234375
1 0.115625 0.1734375 0.0140625 0.0109375
1 0.159375 0.14375 0.01875 0.0140625
1 0.171875 0.1515625 0.01875 0.015625
1 0.1671875 0.125 0.028125 0.0234375
1 0.2265625 0.11875 0.0234375 0.0234375
1 0.24375 0.1203125 0.0125 0.015625
1 0.2546875 0.125 0.0140625 0.0140625
1 0.271875 0.1625 0.0203125 0.0203125
1 0.2796875 0.140625 0.01875 0.0140625
1 0.30625 0.16875 0.0171875 0.028125
1 0.346875 0.1515625 0.0125 0.0171875
1 0.3375 0.1703125 0.0109375 0.0125
1 0.2859375 0.21875 0.009375 0.00625
1 0.35 0.2265625 0.0171875 0.0203125
1 0.3171875 0.1890625 0.0125 0.0109375
1 0.2640625 0.2703125 0.0171875 0.0125
1 0.3046875 0.2890625 0.03125 0.040625
1 0.2984375 0.325 0.01875 0.009375
1 0.4015625 0.290625 0.028125 0.046875
1 0.425 0.31875 0.0265625 0.0203125
1 0.4625 0.32734375 0.0125 0.0046875
1 0.5125 0.2203125 0.021875 0.0234375
1 0.521875 0.31171875 0.015625 0.0203125
1 0.51875 0.1875 0.015625 0.0171875
1 0.525 0.1671875 0.009375 0.01875
1 0.7609375 0.1140625 0.0171875 0.009375
1 0.75 0.096875 0.03125 0.028125
1 0.9859375 0.02109375 0.028125 0.0421875
1 0.53359375 0.01796875 0.0078125 0.0359375
1 0.546875 0.0359375 0.0109375 0.0265625
1 0.578125 0.0109375 0.0046875 0.0078125
1 0.6671875 0.00546875 0.021875 0.0109375
0 0.89453125 0.07109375 0.2109375 0.1421875
1 0.97421875 0.0859375 0.0515625 0.025
1 0.9921875 0.121875 0.015625 0.0375
1 0.9296875 0.065625 0.053125 0.0359375
1 0.2609375 0.8203125 0.0203125 0.0390625
1 0.1078125 0.7796875 0.003125 0.0078125
1 0.20625 0.6328125 0.015625 0.025
1 0.1625 0.6390625 0.0390625 0.0390625
1 0.15 0.56875 0.0171875 0.01875
1 0.51875 0.4859375 0.0125 0.0078125
1 0.41875 0.4859375 0.0125 0.009375
0 0.1765625 0.4875 0.0359375 0.0125
1 0.396875 0.859375 0.03125 0.0171875
1 0.3828125 0.9046875 0.0203125 0.0203125
1 0.4 0.8921875 0.0265625 0.0203125
0 0.1375 0.940625 0.275 0.11875
1 0.0390625 0.9421875 0.025 0.021875
0 0.125 0.91328125 0.25 0.1734375
1 0.059375 0.8671875 0.0328125 0.0359375
1 0.225 0.9203125 0.0265625 0.0328125
1 0.0640625 0.8046875 0.0265625 0.021875
1 0.059375 0.821875 0.0125 0.00625
1 0.1046875 0.8046875 0.0265625 0.0375
1 0.0859375 0.7671875 0.0296875 0.0296875
1 0.0890625 0.7828125 0.0140625 0.0140625
1 0.0546875 0.8390625 0.0140625 0.0171875
1 0.075 0.7484375 0.0515625 0.046875
1 0.025 0.7265625 0.0296875 0.0234375
1 0.0390625 0.725 0.009375 0.021875
1 0.08125 0.721875 0.03125 0.0234375
0 0.053125 0.790625 0.034375 0.0421875
0 0.06171875 0.67578125 0.1234375 0.0921875
1 0.1265625 0.6734375 0.021875 0.028125
1 0.0046875 0.6609375 0.009375 0.03125
1 0.0453125 0.621875 0.0375 0.0296875
1 0.0515625 0.58125 0.0578125 0.034375
0 0.0671875 0.57578125 0.134375 0.1890625
1 0.46875 0.75625 0.015625 0.0328125
1 0.478125 0.7796875 0.025 0.015625
1 0.5078125 0.7640625 0.021875 0.03125
1 0.4953125 0.80625 0.0140625 0.0109375
1 0.521875 0.99609375 0.015625 0.0078125
1 0.51953125 0.9890625 0.0078125 0.021875
1 0.1671875 0.8671875 0.028125 0.0234375
1 0.1796875 0.8828125 0.0484375 0.05
1 0.1734375 0.8359375 0.034375 0.0359375
1 0.2 0.8234375 0.04375 0.040625
1 0.2140625 0.815625 0.015625 0.0171875
1 0.246875 0.865625 0.01875 0.0171875
1 0.25 0.8765625 0.0171875 0.021875
1 0.45 0.98203125 0.015625 0.0359375
1 0.4671875 0.984375 0.021875 0.0140625
1 0.38125 0.971875 0.021875 0.034375
1 0.3734375 0.95625 0.0234375 0.0171875
1 0.3890625 0.965625 0.01875 0.0171875
1 0.37265625 0.990625 0.0359375 0.01875
1 0.41328125 0.9921875 0.0296875 0.015625
1 0.403125 0.9453125 0.03125 0.0296875
1 0.4328125 0.9390625 0.059375 0.0609375
1 0.465625 0.94375 0.0265625 0.0171875
1 0.46875 0.9203125 0.0203125 0.0203125
1 0.484375 0.9234375 0.0125 0.0125
1 0.496875 0.903125 0.03125 0.0234375
1 0.51875 0.89375 0.021875 0.025
1 0.5046875 0.9265625 0.025 0.0203125
1 0.5125 0.9375 0.0140625 0.0140625
1 0.3109375 0.975 0.025 0.021875
1 0.5109375 0.825 0.0375 0.021875
1 0.446875 0.8359375 0.0671875 0.0546875
1 0.45 0.8921875 0.021875 0.0140625
1 0.4625 0.8734375 0.0578125 0.04375
1 0.3765625 0.803125 0.034375 0.03125
1 0.396875 0.790625 0.025 0.0296875
1 0.415625 0.8 0.0078125 0.0265625
1 0.3734375 0.725 0.021875 0.021875
1 0.453125 0.65625 0.0375 0.03125
1 0.490625 0.64375 0.0171875 0.0140625
1 0.50859375 0.65625 0.0421875 0.04375
1 0.50625 0.690625 0.046875 0.040625
1 0.471875 0.6828125 0.01875 0.0140625
1 0.3953125 0.6546875 0.0171875 0.015625
1 0.4078125 0.65 0.0203125 0.028125
1 0.4171875 0.6234375 0.021875 0.03125
1 0.371875 0.68125 0.03125 0.03125
1 0.396875 0.6828125 0.03125 0.01875
1 0.29375 0.73125 0.021875 0.01875
1 0.325 0.6453125 0.0359375 0.03125
1 0.3109375 0.671875 0.028125 0.0390625
1 0.2625 0.6890625 0.0234375 0.01875
1 0.2859375 0.68125 0.0125 0.0203125
1 0.221875 0.5171875 0.0328125 0.021875
1 0.271875 0.5328125 0.021875 0.03125
1 0.296875 0.5671875 0.040625 0.0390625
1 0.2921875 0.6140625 0.04375 0.04375
1 0.1609375 0.75 0.009375 0.0140625
1 0.19375 0.7 0.0109375 0.0328125
1 0.2046875 0.6734375 0.028125 0.0234375
1 0.221875 0.66875 0.0359375 0.0296875
1 0.184375 0.609375 0.0328125 0.0328125
1 0.178125 0.5671875 0.0375 0.0296875
1 0.203125 0.5765625 0.0078125 0.03125
1 0.3734375 0.5859375 0.0171875 0.0203125
1 0.4453125 0.58125 0.0171875 0.0125
1 0.38125 0.55 0.046875 0.0421875
1 0.421875 0.5546875 0.0234375 0.025
1 0.375 0.6046875 0.0140625 0.003125
1 0.4625 0.596875 0.021875 0.0171875
1 0.4828125 0.484375 0.0046875 0.00625
1 0.4984375 0.509375 0.025 0.021875
1 0.521875 0.51875 0.015625 0.015625
1 0.4828125 0.5625 0.03125 0.025
1 0.515625 0.5515625 0.0265625 0.034375
1 0.515625 0.57734375 0.028125 0.0421875
1 0.50625 0.603125 0.0421875 0.021875
1 0.5046875 0.5859375 0.0078125 0.015625
0 0.7421875 0.815625 0.265625 0.1515625
0 0.790625 0.6453125 0.178125 0.2609375
0 0.7359375 0.471875 0.065625 0.159375
0 0.746875 0.3890625 0.0171875 0.046875
1 0.98984375 0.453125 0.0203125 0.059375
1 0.771875 0.475 0.04375 0.0328125
1 0.6765625 0.5109375 0.034375 0.03125
1 0.696875 0.7171875 0.025 0.0171875
1 0.6875 0.7015625 0.0203125 0.0140625
1 0.5359375 0.4421875 0.0125 0.025
1 0.64375 0.515625 0.0234375 0.03125
1 0.678125 0.4828125 0.028125 0.0125
1 0.815625 0.496875 0.01875 0.0375
1 0.940625 0.5640625 0.034375 0.0328125
1 0.9109375 0.4203125 0.0140625 0.0203125
1 0.9328125 0.525 0.03125 0.0234375
1 0.671875 0.40625 0.025 0.0328125