0 0.44453125 0.37890625 0.1296875 0.2015625
1 0.44375 0.140625 0.0328125 0.015625
1 0.4 0.1328125 0.01875 0.0328125
1 0.146875 0.0359375 0.0203125 0.0203125
1 0.15 0.1609375 0.0296875 0.0421875
1 0.1671875 0.115625 0.0375 0.034375
1 0.19375 0.10625 0.015625 0.0203125
1 0.228125 0.1484375 0.0265625 0.021875
1 0.2375 0.1265625 0.0234375 0.0265625
1 0.2796875 0.146875 0.0484375 0.0796875
1 0.315625 0.1625 0.0234375 0.0359375
1 0.3296875 0.13125 0.03125 0.0328125
1 0.396875 0.284375 0.0171875 0.0265625
1 0.446875 0.2796875 0.0171875 0.0265625
1 0.3078125 0.446875 0.015625 0.0203125
1 0.2171875 0.4734375 0.03125 0.0125
0 0.2015625 0.35078125 0.13125 0.2578125
1 0.471875 0.0390625 0.025 0.01875
1 0.459375 0.1046875 0.015625 0.0171875
1 0.253125 0.0421875 0.0171875 0.025
0 0.3546875 0.346875 0.1796875 0.1453125
1 0.265625 0.40625 0.1140625 0.078125
1 0.6875 0.0890625 0.0359375 0.0390625
1 0.66875 0.2890625 0.034375 0.0234375
1 0.79140625 0.4625 0.0609375 0.034375
1 0.53359375 0.390625 0.0484375 0.03125
1 0.7765625 0.0109375 0.04375 0.021875
0 0.96171875 0.24453125 0.0765625 0.0265625
0 0.92734375 0.33203125 0.1453125 0.2421875
0 0.7671875 0.3265625 0.334375 0.290625
0 0.6046875 0.26015625 0.190625 0.4078125
0 0.4328125 0.9046875 0.0125 0.0703125
1 0.203125 0.7484375 0.0109375 0.0078125
1 0.0171875 0.7046875 0.0203125 0.00625
0 0.3140625 0.6875 0.2140625 0.228125
0 0.359375 0.7171875 0.159375 0.221875
0 0.08984375 0.74921875 0.1796875 0.5015625
0 0.01796875 0.7546875 0.0359375 0.2
1 0.771875 0.959375 0.01875 0.021875
1 0.5796875 0.9671875 0.03125 0.01875
1 0.915625 0.609375 0.0390625 0.065625
0 0.92734375 0.725 0.1453125 0.2375
0 0.6921875 0.6578125 0.253125 0.3359375
1 0.659375 0.671875 0.046875 0.0390625