1 0.33125 0.2640625 0.0453125 0.0375
1 0.3375 0.290625 0.01875 0.021875
1 0.3125 0.071875 0.0359375 0.040625
1 0.28125 0.0234375 0.0515625 0.034375
1 0.26640625 0.0046875 0.0421875 0.009375
1 0.1515625 0.0421875 0.0390625 0.0390625
1 0.10078125 0.021875 0.0328125 0.04375
1 0.1140625 0.0578125 0.0234375 0.0234375
1 0.1453125 0.090625 0.0328125 0.028125
1 0.1796875 0.0890625 0.0265625 0.028125
1 0.2078125 0.103125 0.0296875 0.059375
1 0.246875 0.1234375 0.0265625 0.04375
1 0.228125 0.1765625 0.0390625 0.0515625
1 0.209375 0.2234375 0.015625 0.01875
1 0.196875 0.2453125 0.0453125 0.03125
1 0.2921875 0.225 0.028125 0.028125
1 0.325 0.1609375 0.0140625 0.0234375
1 0.1671875 0.2734375 0.0265625 0.0328125
1 0.140625 0.128125 0.0484375 0.0453125
1 0.1875 0.11875 0.0171875 0.034375
1 0.08125 0.0734375 0.05 0.0671875
1 0.0359375 0.14375 0.046875 0.040625
1 0.00625 0.1375 0.0125 0.059375
1 0.090625 0.140625 0.0265625 0.0265625
1 0.0671875 0.196875 0.025 0.0328125
1 0.1109375 0.2171875 0.034375 0.009375
1 0.13125 0.18125 0.0203125 0.0359375
1 0.1078125 0.253125 0.034375 0.0359375
1 0.103125 0.3125 0.03125 0.0328125
1 0.05625 0.2296875 0.021875 0.0125
1 0.00625 0.22421875 0.0125 0.0296875
1 0.0265625 0.303125 0.0296875 0.0234375
1 0.0796875 0.33125 0.0578125 0.046875
1 0.1578125 0.3625 0.0328125 0.034375
1 0.1125 0.35625 0.0375 0.028125
1 0.1984375 0.359375 0.0234375 0.015625
1 0.3015625 0.3625 0.01875 0.0296875
0 0.36640625 0.04921875 0.0265625 0.0984375
0 0.3578125 0.1171875 0.04375 0.078125
0 0.36328125 0.2328125 0.0328125 0.109375
1 0.3265625 0.209375 0.015625 0.015625
1 0.26875 0.3484375 0.025 0.0171875
1 0.196875 0.0671875 0.01875 0.0171875
1 0.88125 0.1625 0.034375 0.0234375
1 0.8875 0.103125 0.0390625 0.0265625
1 0.7875 0.0515625 0.0328125 0.0203125
1 0.5296875 0.14375 0.03125 0.0296875
0 0.7984375 0.0625 0.3125 0.125
0 0.7390625 0.134375 0.2375 0.171875
1 0.2671875 0.6921875 0.0359375 0.04375
1 0.103125 0.4953125 0.0671875 0.053125
1 0.1421875 0.828125 0.075 0.065625
0 0.94921875 0.65625 0.1015625 0.071875
1 0.9734375 0.7640625 0.0390625 0.0421875
1 0.953125 0.8578125 0.0578125 0.0390625
1 0.94375 0.928125 0.034375 0.0296875
1 0.890625 0.9015625 0.0359375 0.034375
1 0.9171875 0.9390625 0.025 0.03125
1 0.875 0.81875 0.05 0.05625
1 0.9703125 0.80625 0.053125 0.059375
0 0.9203125 0.7703125 0.0625 0.1578125
1 0.99140625 0.88359375 0.0171875 0.0203125
1 0.7015625 0.990625 0.0375 0.01875
1 0.7328125 0.9703125 0.03125 0.0359375
1 0.765625 0.934375 0.0203125 0.0171875
1 0.775 0.971875 0.01875 0.01875
1 0.8515625 0.915625 0.028125 0.021875
1 0.7796875 0.8765625 0.0234375 0.0328125
1 0.7125 0.9 0.0421875 0.0265625
1 0.75 0.86875 0.021875 0.03125
1 0.621875 0.940625 0.0296875 0.03125
1 0.5640625 0.9890625 0.021875 0.021875
1 0.5078125 0.99375 0.0375 0.0125
1 0.5328125 0.96875 0.03125 0.0328125
1 0.4953125 0.8875 0.0546875 0.059375
1 0.5328125 0.8546875 0.025 0.01875
1 0.6015625 0.8421875 0.0203125 0.0234375
1 0.6546875 0.7578125 0.04375 0.0484375
1 0.78125 0.7859375 0.034375 0.01875
1 0.796875 0.80625 0.0140625 0.0203125
1 0.7609375 0.696875 0.0265625 0.03125
1 0.71875 0.7140625 0.025 0.028125
1 0.703125 0.675 0.04375 0.046875
1 0.665625 0.7109375 0.03125 0.021875
1 0.48125 0.703125 0.0546875 0.0515625
1 0.4671875 0.746875 0.0375 0.028125
0 0.41171875 0.76171875 0.0640625 0.0921875
1 0.4359375 0.859375 0.040625 0.0390625
0 0.40546875 0.8953125 0.0515625 0.121875
1 0.46875 0.9140625 0.03125 0.046875
0 0.41328125 0.65859375 0.0671875 0.0796875
1 0.59375 0.734375 0.0171875 0.0296875
1 0.7265625 0.790625 0.0140625 0.01875
1 0.578125 0.9609375 0.025 0.0203125
0 0.41640625 0.95859375 0.0734375 0.0765625