0 0.14765625 0.23203125 0.2953125 0.2921875
0 0.01015625 0.32890625 0.0203125 0.3328125
1 0.471875 0.040625 0.0078125 0.0078125
1 0.6765625 0.5453125 0.0046875 0.0078125
1 0.734375 0.590625 0.0109375 0.00625
1 0.7875 0.240625 0.00625 0.0109375
1 0.803125 0.20625 0.01875 0.0234375
1 0.47578125 0.58671875 0.0328125 0.0265625
0 0.54453125 0.25078125 0.2703125 0.2328125
0 0.45234375 0.18828125 0.0859375 0.3203125
1 0.6515625 0.29375 0.0265625 0.0515625
1 0.784375 0.30625 0.0703125 0.034375
1 0.765625 0.2578125 0.05 0.021875
1 0.196875 0.7609375 0.0078125 0.0171875
0 0.2203125 0.63203125 0.2375 0.0640625
0 0.35625 0.6453125 0.10625 0.090625
1 0.1171875 0.678125 0.0109375 0.0140625
1 0.33125 0.8359375 0.034375 0.021875
1 0.05859375 0.98515625 0.0234375 0.0296875