1 0.240625 0.5296875 0.0125 0.015625
1 0.3265625 0.5234375 0.0234375 0.0265625
0 0.440625 0.5375 0.0984375 0.0890625
1 0.6359375 0.43515625 0.00625 0.0140625
1 0.2421875 0.41875 0.028125 0.028125
1 0.0296875 0.371875 0.0078125 0.009375
1 0.584375 0.35 0.0171875 0.015625
1 0.3828125 0.340625 0.021875 0.028125
1 0.18125 0.3328125 0.0203125 0.021875
1 0.565625 0.3171875 0.03125 0.0234375
1 0.115625 0.2609375 0.065625 0.05625
1 0.009375 0.21171875 0.01875 0.0296875
1 0.0875 0.203125 0.0265625 0.0234375
1 0.028125 0.190625 0.0234375 0.0171875
1 0.209375 0.184375 0.03125 0.01875
1 0.25625 0.1859375 0.0578125 0.0265625
1 0.5671875 0.1703125 0.0375 0.0328125
1 0.05625 0.146875 0.015625 0.0203125
1 0.06875 0.109375 0.0328125 0.053125
1 0.4796875 0.08125 0.0078125 0.015625
1 0.465625 0.0703125 0.0140625 0.0125
1 0.2125 0.0796875 0.0421875 0.03125
1 0.440625 0.0640625 0.015625 0.01875
1 0.228125 0.0609375 0.015625 0.0109375
1 0.0734375 0.371875 0.0171875 0.034375
1 0.178125 0.534375 0.0796875 0.0359375
1 0.0921875 0.5109375 0.0234375 0.0328125
1 0.11875 0.546875 0.0390625 0.0375
1 0.1328125 0.2328125 0.01875 0.021875
1 0.0890625 0.2796875 0.025 0.0109375
1 0.271875 0.15625 0.0296875 0.0203125
1 0.278125 0.1296875 0.0578125 0.034375
1 0.590625 0.3265625 0.025 0.0234375
0 0.45 0.45 0.175 0.1
0 0.4578125 0.375 0.1609375 0.128125
0 0.471875 0.3 0.153125 0.1
1 0.540625 0.2234375 0.0296875 0.0546875
0 0.465625 0.2296875 0.159375 0.0890625
0 0.465625 0.153125 0.159375 0.096875
0 0.8390625 0.628125 0.0234375 0.00625
1 0.784375 0.5953125 0.0078125 0.0203125
1 0.8765625 0.6015625 0.0375 0.0421875
1 0.73125 0.5796875 0.0125 0.015625
1 0.8171875 0.503125 0.0203125 0.025
1 0.8703125 0.4859375 0.021875 0.0390625
1 0.671875 0.45625 0.03125 0.025
1 0.8796875 0.4375 0.021875 0.009375
1 0.7015625 0.28125 0.0078125 0.009375
1 0.98515625 0.28984375 0.0296875 0.0359375
0 0.76875 0.303125 0.121875 0.1234375
1 0.965625 0.19375 0.0140625 0.025
1 0.878125 0.184375 0.0390625 0.0390625
1 0.6921875 0.15625 0.0078125 0.0125
1 0.9625 0.1453125 0.0171875 0.0203125
1 0.846875 0.1328125 0.01875 0.015625
1 0.8921875 0.1265625 0.0484375 0.04375
0 0.7734375 0.15 0.1203125 0.0890625
0 0.7921875 0.1953125 0.1546875 0.10625
1 0.884375 0.215625 0.015625 0.025
1 0.6890625 0.2328125 0.053125 0.040625
1 0.653125 0.1828125 0.028125 0.028125
1 0.66875 0.321875 0.046875 0.0515625
1 0.64140625 0.303125 0.0046875 0.028125
1 0.659375 0.271875 0.028125 0.034375
1 0.8078125 0.4203125 0.0453125 0.0484375
1 0.765625 0.5828125 0.025 0.03125
0 0.7671875 0.4984375 0.0796875 0.165625
1 0.7078125 0.4921875 0.084375 0.0703125
1 0.9171875 0.5546875 0.034375 0.025
1 0.7640625 0.609375 0.0109375 0.015625
0 0.74375 0.6171875 0.0625 0.0296875
1 0.7140625 0.61875 0.0140625 0.0078125
1 0.99609375 0.5015625 0.0078125 0.01875
1 0.98984375 0.59453125 0.0203125 0.0296875
1 0.8734375 0.2828125 0.028125 0.0203125
1 0.8796875 0.253125 0.0140625 0.0125
1 0.7640625 0.3859375 0.0171875 0.0125
1 0.79375 0.378125 0.0234375 0.0140625
1 0.9 0.3734375 0.0203125 0.0203125
1 0.9671875 0.346875 0.0140625 0.021875
1 0.9828125 0.4046875 0.021875 0.01875
1 0.95625 0.4046875 0.01875 0.0171875
1 0.0375 0.9578125 0.0578125 0.0390625
1 0.046875 0.8875 0.034375 0.0296875
1 0.1 0.9140625 0.0359375 0.034375
1 0.0734375 0.8765625 0.025 0.03125
1 0.0515625 0.7703125 0.103125 0.084375
1 0.090625 0.7421875 0.0421875 0.046875
1 0.115625 0.984375 0.05 0.03125
1 0.0234375 0.98984375 0.046875 0.0203125
0 0.0703125 0.9828125 0.0625 0.034375
1 0.00390625 0.93046875 0.0078125 0.0203125
1 0.1953125 0.75625 0.0171875 0.0203125
1 0.271875 0.7265625 0.028125 0.015625
1 0.2890625 0.75 0.0265625 0.021875
1 0.240625 0.7921875 0.0453125 0.040625
1 0.18125 0.7796875 0.0203125 0.0234375
1 0.2890625 0.821875 0.0375 0.0234375
1 0.2578125 0.8453125 0.03125 0.0359375
1 0.225 0.88125 0.0203125 0.0171875
1 0.215625 0.84375 0.01875 0.01875
1 0.1390625 0.9 0.028125 0.021875
1 0.2109375 0.9390625 0.0234375 0.0328125
1 0.278125 0.915625 0.0421875 0.0265625
1 0.240625 0.946875 0.021875 0.03125
1 0.36875 0.875 0.0296875 0.03125
1 0.4265625 0.825 0.021875 0.0234375
1 0.3578125 0.7734375 0.0234375 0.040625
1 0.384375 0.73203125 0.0375 0.0265625
1 0.4828125 0.8109375 0.0375 0.0328125
1 0.5125 0.790625 0.0234375 0.025
1 0.5328125 0.7625 0.021875 0.0171875
1 0.4578125 0.846875 0.03125 0.0328125
1 0.4953125 0.928125 0.0546875 0.059375
1 0.4578125 0.9609375 0.025 0.01875
1 0.3890625 0.9734375 0.0203125 0.0234375
1 0.5546875 0.95625 0.040625 0.0390625
0 0.5984375 0.9203125 0.08125 0.121875
1 0.521875 0.9015625 0.03125 0.046875
1 0.634375 0.76015625 0.009375 0.0203125
1 0.6296875 0.86953125 0.01875 0.0234375
1 0.440625 0.7375 0.01875 0.0203125
1 0.4125 0.8546875 0.025 0.0203125
0 0.56953125 0.790625 0.1390625 0.0875
0 0.58828125 0.85546875 0.1015625 0.0765625
0 0.5765625 0.7265625 0.0625 0.015625
1 0.75 0.99375 0.01875 0.0125
1 0.65078125 0.99375 0.0234375 0.0125
1 0.64296875 0.9625 0.0078125 0.0375
1 0.6515625 0.9640625 0.0109375 0.009375
1 0.6796875 0.9625 0.0765625 0.0375
1 0.7203125 0.9734375 0.0140625 0.0171875
1 0.64453125 0.8640625 0.0109375 0.046875
1 0.671875 0.9125 0.059375 0.0546875
1 0.6875 0.89375 0.034375 0.025
1 0.6703125 0.85078125 0.0625 0.0546875
1 0.7 0.8546875 0.025 0.0140625
1 0.7296875 0.8484375 0.0328125 0.053125
1 0.7484375 0.85625 0.0171875 0.0203125
1 0.784375 0.8453125 0.028125 0.021875
1 0.69375 0.815625 0.0640625 0.0359375
1 0.6921875 0.7859375 0.03125 0.028125
1 0.775 0.7984375 0.046875 0.075
1 0.76875 0.75 0.0421875 0.0125
0 0.84375 0.784375 0.11875 0.0796875
0 0.8453125 0.8578125 0.0828125 0.0875
0 0.825 0.915625 0.153125 0.109375
1 0.8953125 0.86875 0.046875 0.053125
1 0.9296875 0.8734375 0.0390625 0.05
1 0.9671875 0.878125 0.025 0.046875
1 0.890625 0.828125 0.01875 0.028125
1 0.928125 0.846875 0.0078125 0.01875
1 0.959375 0.83125 0.0265625 0.028125
1 0.93125 0.753125 0.028125 0.0171875
1 0.953125 0.7578125 0.0125 0.0265625
1 0.9828125 0.7609375 0.028125 0.0296875
1 0.903125 0.9453125 0.084375 0.0578125
1 0.9359375 0.9515625 0.0234375 0.0296875
1 0.9109375 0.984375 0.03125 0.03125
1 0.875 0.98515625 0.0625 0.0296875
1 0.8203125 0.98125 0.025 0.028125
1 0.96953125 0.9828125 0.0546875 0.034375
1 0.9859375 0.97265625 0.028125 0.0546875