1 0.49296875 0.58671875 0.0265625 0.0265625
1 0.38359375 0.58984375 0.0390625 0.0203125
1 0.425 0.571875 0.01875 0.01875
1 0.3703125 0.5046875 0.0328125 0.0390625
1 0.1734375 0.58046875 0.053125 0.0390625
0 0.5265625 0.4 0.084375 0.0828125
1 0.5390625 0.48125 0.021875 0.0265625
0 0.4640625 0.446875 0.1171875 0.0703125
0 0.3796875 0.39375 0.196875 0.06875
0 0.2796875 0.375 0.1359375 0.1109375
0 0.15625 0.378125 0.040625 0.0578125
1 0.1953125 0.3859375 0.0328125 0.0421875
1 0.49375 0.125 0.0203125 0.015625
1 0.4828125 0.1078125 0.025 0.021875
1 0.434375 0.215625 0.040625 0.0203125
1 0.3796875 0.0984375 0.0234375 0.03125
1 0.3453125 0.1125 0.0421875 0.0421875
1 0.29375 0.096875 0.0421875 0.05
1 0.9609375 0.5015625 0.0390625 0.04375
1 0.934375 0.4875 0.021875 0.015625
1 0.9015625 0.4921875 0.028125 0.0421875
1 0.8984375 0.5546875 0.034375 0.025
1 0.6921875 0.5578125 0.015625 0.0484375
1 0.64375 0.3890625 0.0421875 0.0265625
1 0.609375 0.1875 0.0125 0.0046875
1 0.6140625 0.240625 0.065625 0.053125
0 0.7140625 0.1140625 0.2671875 0.203125
0 0.5921875 0.0828125 0.025 0.0328125
0 0.80859375 0.14765625 0.2796875 0.2953125
1 0.828125 0.215625 0.046875 0.0484375
1 0.3171875 0.9484375 0.0109375 0.0078125
1 0.46875 0.99296875 0.015625 0.0140625
1 0.428125 0.9515625 0.015625 0.01875
1 0.56640625 0.89140625 0.0046875 0.0203125
1 0.55625 0.74765625 0.025 0.0234375
1 0.55859375 0.69453125 0.0203125 0.0203125
1 0.5359375 0.7234375 0.0078125 0.025
1 0.5234375 0.85625 0.03125 0.0296875
1 0.4984375 0.9078125 0.015625 0.01875
1 0.434375 0.859375 0.021875 0.03125
1 0.3921875 0.7984375 0.0234375 0.025
1 0.371875 0.8015625 0.0234375 0.0234375
1 0.43125 0.7375 0.03125 0.015625
1 0.428125 0.7203125 0.025 0.0125
1 0.428125 0.7015625 0.0203125 0.0203125
1 0.4 0.696875 0.021875 0.040625
1 0.4015625 0.6703125 0.028125 0.015625
1 0.41875 0.684375 0.0140625 0.0140625
1 0.3671875 0.684375 0.0140625 0.021875
1 0.3640625 0.640625 0.03125 0.0234375
1 0.325 0.775 0.0171875 0.0171875
1 0.284375 0.8609375 0.01875 0.025
1 0.2953125 0.9296875 0.0140625 0.01875
1 0.1890625 0.8515625 0.034375 0.025
1 0.1578125 0.9421875 0.0234375 0.0265625
1 0.128125 0.940625 0.0265625 0.034375
1 0.1203125 0.915625 0.0125 0.0125
1 0.1515625 0.7671875 0.01875 0.01875
1 0.2015625 0.71875 0.0171875 0.021875
1 0.178125 0.7 0.021875 0.0421875
1 0.128125 0.703125 0.0109375 0.01875
1 0.121875 0.6953125 0.0140625 0.0234375
0 0.24296875 0.65625 0.1203125 0.1125
1 0.18515625 0.60546875 0.0140625 0.0109375
1 0.196875 0.69375 0.009375 0.0203125
1 0.209375 0.6546875 0.015625 0.0171875
1 0.14765625 0.6296875 0.0671875 0.059375
1 0.4015625 0.621875 0.0203125 0.01875
1 0.453125 0.62890625 0.103125 0.0578125
0 0.509375 0.646875 0.103125 0.09375
1 0.80546875 0.98671875 0.0546875 0.0265625
1 0.8515625 0.9828125 0.0375 0.034375
1 0.8375 0.925 0.0515625 0.08125
1 0.8359375 0.871875 0.040625 0.0296875
1 0.7453125 0.8765625 0.090625 0.078125
0 0.75 0.7953125 0.1828125 0.1078125
1 0.7796875 0.728125 0.03125 0.0484375
1 0.8 0.6828125 0.03125 0.0390625
0 0.82734375 0.63515625 0.0796875 0.0703125
1 0.659375 0.9 0.034375 0.040625
1 0.60625 0.896875 0.0578125 0.0546875
1 0.646875 0.8640625 0.0390625 0.046875
1 0.6609375 0.8015625 0.046875 0.040625
0 0.578125 0.778125 0.01875 0.1125
0 0.61875 0.7796875 0.078125 0.134375
1 0.653125 0.975 0.028125 0.046875
1 0.71484375 0.99140625 0.0515625 0.0171875
1 0.58203125 0.6296875 0.0265625 0.03125
1 0.646875 0.6171875 0.0390625 0.0234375
1 0.7125 0.6625 0.0265625 0.0578125
1 0.7453125 0.659375 0.01875 0.0234375
1 0.5734375 0.86484375 0.009375 0.0484375
1 0.596875 0.8625 0.05 0.028125