0 0.01953125 0.56328125 0.0390625 0.0734375
0 0.121875 0.04921875 0.11875 0.0984375
1 0.02421875 0.05 0.0484375 0.0875
1 0.03125 0.4765625 0.0296875 0.075
1 0.0828125 0.4765625 0.0265625 0.0671875
1 0.1734375 0.2078125 0.040625 0.0375
1 0.1 0.3265625 0.021875 0.0296875
1 0.00390625 0.4359375 0.0078125 0.025
1 0.0359375 0.253125 0.01875 0.021875
1 0.1890625 0.46875 0.0234375 0.0296875
1 0.184375 0.35625 0.025 0.0234375
0 0.0859375 0.5484375 0.121875 0.103125
0 0.16875 0.546875 0.0890625 0.103125
1 0.9703125 0.13125 0.0234375 0.0296875
1 0.95625 0.109375 0.021875 0.0234375
1 0.9546875 0.128125 0.028125 0.025
1 0.88125 0.1265625 0.015625 0.0203125
1 0.8953125 0.109375 0.0234375 0.0421875
1 0.925 0.0796875 0.04375 0.040625
1 0.9109375 0.0546875 0.0375 0.0390625
1 0.8375 0.06875 0.01875 0.021875
1 0.7984375 0.1140625 0.021875 0.0203125
1 0.825 0.0796875 0.0234375 0.021875
1 0.85625 0.0921875 0.0375 0.0296875
1 0.85 0.0859375 0.0359375 0.034375
1 0.85 0.1203125 0.0234375 0.0296875
1 0.8375 0.1015625 0.0328125 0.0328125
1 0.690625 0.103125 0.0234375 0.0375
1 0.6796875 0.06875 0.015625 0.0234375
1 0.6859375 0.0859375 0.0140625 0.01875
1 0.6671875 0.078125 0.01875 0.0171875
1 0.65625 0.1140625 0.0515625 0.0640625
1 0.63125 0.1140625 0.0234375 0.015625
1 0.6515625 0.128125 0.0234375 0.0203125
1 0.6546875 0.1484375 0.0265625 0.0234375
1 0.6546875 0.084375 0.0296875 0.025
1 0.596875 0.090625 0.025 0.0234375
1 0.55 0.0765625 0.0296875 0.0296875
1 0.546875 0.1046875 0.015625 0.0234375
1 0.559375 0.0421875 0.0234375 0.01875
1 0.5796875 0.0265625 0.021875 0.0375
1 0.5546875 0.0109375 0.028125 0.021875
1 0.5671875 0.0234375 0.025 0.009375
1 0.496875 0.2484375 0.0484375 0.0453125
1 0.553125 0.2078125 0.021875 0.025
1 0.571875 0.2 0.0296875 0.0328125
1 0.6078125 0.2296875 0.009375 0.015625
1 0.59375 0.3109375 0.021875 0.03125
1 0.821875 0.2328125 0.03125 0.021875
1 0.909375 0.1171875 0.0203125 0.01875
1 0.934375 0.3265625 0.0234375 0.01875
1 0.9765625 0.35 0.0140625 0.01875
1 0.8625 0.33125 0.025 0.0265625
1 0.9015625 0.365625 0.028125 0.034375
1 0.7515625 0.3234375 0.0125 0.0203125
1 0.7625 0.396875 0.025 0.025
1 0.6484375 0.33125 0.0296875 0.03125
1 0.63125 0.340625 0.025 0.028125
1 0.615625 0.3484375 0.021875 0.0328125
1 0.60625 0.35 0.034375 0.0296875
1 0.54375 0.2984375 0.028125 0.021875
1 0.471875 0.3421875 0.028125 0.0421875
1 0.534375 0.3890625 0.025 0.0265625
1 0.65 0.3890625 0.01875 0.021875
1 0.7328125 0.4515625 0.015625 0.0140625
1 0.753125 0.4296875 0.028125 0.0265625
1 0.775 0.4546875 0.0140625 0.01875
1 0.81875 0.41875 0.0125 0.015625
1 0.88125 0.434375 0.0296875 0.025
1 0.878125 0.4515625 0.0203125 0.025
1 0.8640625 0.471875 0.0234375 0.025
1 0.89375 0.465625 0.025 0.0203125
1 0.9703125 0.4609375 0.0265625 0.034375
1 0.61875 0.4296875 0.03125 0.034375
1 0.6375 0.471875 0.021875 0.0203125
1 0.70625 0.43125 0.0171875 0.01875
1 0.96875 0.565625 0.0234375 0.025
1 0.9515625 0.55625 0.0265625 0.0234375
1 0.9453125 0.590625 0.03125 0.01875
1 0.9359375 0.5765625 0.015625 0.015625
1 0.928125 0.559375 0.0140625 0.01875
1 0.95625 0.5765625 0.0171875 0.0140625
1 0.875 0.5765625 0.01875 0.021875
1 0.853125 0.5640625 0.0375 0.0265625
1 0.878125 0.484375 0.015625 0.01875
1 0.8515625 0.58671875 0.03125 0.0265625
1 0.81328125 0.59609375 0.0203125 0.0078125
1 0.7921875 0.578125 0.028125 0.0296875
1 0.76875 0.571875 0.0203125 0.025
1 0.7546875 0.58671875 0.0375 0.0265625
1 0.775 0.5828125 0.0171875 0.015625
1 0.7328125 0.5796875 0.0234375 0.0234375
1 0.725 0.55625 0.009375 0.0140625
1 0.6984375 0.5453125 0.0203125 0.0203125
1 0.6578125 0.59765625 0.01875 0.0046875
1 0.67265625 0.59453125 0.0140625 0.0109375
1 0.678125 0.5859375 0.025 0.028125
1 0.62890625 0.58828125 0.0140625 0.0234375
1 0.61953125 0.58984375 0.0140625 0.0203125
1 0.5390625 0.54375 0.0078125 0.0078125
1 0.525 0.571875 0.015625 0.015625
1 0.5515625 0.578125 0.01875 0.028125
1 0.525 0.59453125 0.01875 0.0109375
1 0.4921875 0.578125 0.025 0.034375
1 0.5953125 0.46875 0.0234375 0.025
0 0.56875 0.3625 0.2234375 0.146875
1 0.4703125 0.4453125 0.025 0.03125
0 0.959375 0.403125 0.05 0.06875
0 0.8640625 0.378125 0.184375 0.2078125
1 0.8046875 0.384375 0.015625 0.0234375
0 0.640625 0.3296875 0.2578125 0.2234375
1 0.75625 0.371875 0.0203125 0.021875
1 0.75 0.39375 0.0109375 0.009375
1 0.51875 0.1890625 0.0140625 0.0125
1 0.30625 0.6609375 0.046875 0.04375
0 0.2609375 0.72109375 0.16875 0.2421875
1 0.2390625 0.6484375 0.01875 0.021875
1 0.209375 0.71875 0.0265625 0.059375
1 0.1625 0.6375 0.0140625 0.0109375
1 0.1765625 0.653125 0.0390625 0.0625
1 0.159375 0.6984375 0.03125 0.0296875
0 0.11328125 0.77890625 0.1796875 0.3578125
1 0.13125 0.684375 0.009375 0.0125
1 0.2703125 0.8625 0.0484375 0.0625
1 0.3953125 0.9828125 0.03125 0.0328125
0 0.40625 0.775 0.09375 0.171875
1 0.48046875 0.9875 0.0453125 0.025
1 0.50625 0.9046875 0.0234375 0.01875
1 0.525 0.978125 0.0359375 0.028125
1 0.6828125 0.9234375 0.0359375 0.025
1 0.79375 0.8875 0.0421875 0.03125
1 0.759375 0.628125 0.0109375 0.015625
1 0.7671875 0.8375 0.00625 0.0234375
1 0.7609375 0.853125 0.0234375 0.0234375
0 0.81875 0.79375 0.09375 0.065625
0 0.5171875 0.7640625 0.115625 0.153125
0 0.575 0.7796875 0.1 0.04375
0 0.7046875 0.7609375 0.1125 0.1828125
0 0.6203125 0.75 0.1 0.078125
1 0.825 0.9546875 0.0265625 0.0109375