0 0.41796875 0.05625 0.1828125 0.1125
0 0.32578125 0.04140625 0.1015625 0.0828125
1 0.24765625 0.01015625 0.0515625 0.0203125
1 0.2171875 0.0125 0.021875 0.021875
1 0.1359375 0.1234375 0.025 0.0140625
0 0.19453125 0.01796875 0.0765625 0.0359375
0 0.11796875 0.03359375 0.1546875 0.0671875
1 0.4671875 0.0734375 0.0265625 0.0265625
1 0.8015625 0.2484375 0.0375 0.040625
1 0.7625 0.2484375 0.01875 0.03125
1 0.7546875 0.2203125 0.009375 0.015625
1 0.7703125 0.1734375 0.0234375 0.0296875
1 0.753125 0.171875 0.0140625 0.00625
1 0.759375 0.14375 0.0484375 0.04375
1 0.7453125 0.13125 0.025 0.0296875
1 0.7734375 0.121875 0.015625 0.0265625
1 0.7078125 0.2109375 0.01875 0.021875
1 0.684375 0.171875 0.01875 0.0203125
1 0.6734375 0.1328125 0.0421875 0.0203125
1 0.6765625 0.24765625 0.034375 0.0421875
1 0.6625 0.2515625 0.0046875 0.003125
1 0.59765625 0.26015625 0.0234375 0.0171875
1 0.5421875 0.21484375 0.025 0.0484375
1 0.559375 0.1703125 0.009375 0.00625
1 0.5390625 0.146875 0.01875 0.01875
1 0.5984375 0.09375 0.015625 0.0203125
1 0.6890625 0.0203125 0.034375 0.01875
1 0.6625 0.0140625 0.015625 0.0140625
1 0.6546875 0.0359375 0.0421875 0.04375
0 0.221875 0.4171875 0.0984375 0.103125
0 0.4640625 0.421875 0.0484375 0.103125
1 0.28359375 0.86640625 0.2296875 0.2671875
1 0.4265625 0.99296875 0.025 0.0140625
1 0.4078125 0.9671875 0.0328125 0.0203125
1 0.43125 0.8515625 0.0390625 0.05
1 0.340625 0.778125 0.0453125 0.0359375
1 0.34375 0.7421875 0.0265625 0.0109375
1 0.3171875 0.8671875 0.0265625 0.03125
1 0.253125 0.80625 0.0390625 0.1
1 0.25 0.7109375 0.0453125 0.0359375
1 0.1765625 0.8046875 0.0140625 0.0671875
1 0.228125 0.6171875 0.078125 0.0671875
1 0.2 0.5453125 0.0390625 0.0359375
1 0.309375 0.5265625 0.0390625 0.0296875
1 0.3671875 0.5890625 0.046875 0.053125
1 0.3484375 0.6421875 0.046875 0.046875
1 0.378125 0.6859375 0.065625 0.0515625
1 0.4375 0.690625 0.0375 0.05
1 0.4921875 0.70625 0.046875 0.09375
1 0.5046875 0.66875 0.05 0.103125
1 0.5109375 0.7875 0.0296875 0.0484375
1 0.5140625 0.60234375 0.03125 0.0734375
1 0.4890625 0.5390625 0.0578125 0.0390625
1 0.45625 0.5046875 0.0375 0.0375
1 0.4296875 0.475 0.03125 0.034375
1 0.3671875 0.515625 0.028125 0.04375
1 0.35 0.3046875 0.0328125 0.0296875
1 0.315625 0.2875 0.040625 0.0375
1 0.2953125 0.3078125 0.0328125 0.034375
1 0.23515625 0.28515625 0.0390625 0.0328125
1 0.20625 0.31875 0.028125 0.0328125
1 0.1953125 0.34375 0.04375 0.04375
1 0.18046875 0.2765625 0.0203125 0.015625
0 0.5171875 0.4203125 0.025 0.071875
1 0.4875 0.415625 0.021875 0.028125
1 0.45 0.428125 0.03125 0.0265625
0 0.3125 0.425 0.096875 0.0875
0 0.359375 0.415625 0.0671875 0.109375
1 0.98984375 0.86328125 0.0203125 0.0328125
1 0.984375 0.9328125 0.021875 0.0234375
1 0.9765625 0.6140625 0.0359375 0.01875
1 0.959375 0.58125 0.0140625 0.0125
1 0.953125 0.653125 0.009375 0.015625
1 0.9453125 0.940625 0.0078125 0.0078125
1 0.940625 0.6890625 0.015625 0.009375
1 0.940625 0.571875 0.0203125 0.0234375
1 0.9578125 0.434375 0.0578125 0.0625
1 0.934375 0.2765625 0.0171875 0.0140625
1 0.915625 0.4984375 0.00625 0.0078125
1 0.9203125 0.5640625 0.0171875 0.015625
1 0.9171875 0.884375 0.0109375 0.0171875
1 0.9203125 0.6515625 0.01875 0.01875
1 0.909375 0.9453125 0.0078125 0.0203125
1 0.903125 0.5953125 0.0078125 0.0140625
1 0.903125 0.2953125 0.021875 0.009375
1 0.9 0.6546875 0.04375 0.059375
1 0.8671875 0.3296875 0.021875 0.0203125
1 0.8640625 0.846875 0.0234375 0.0234375
1 0.8609375 0.275 0.025 0.0125
1 0.8390625 0.2984375 0.0234375 0.021875
1 0.834375 0.35 0.0140625 0.0109375
1 0.8421875 0.871875 0.03125 0.0265625
1 0.8296875 0.7140625 0.021875 0.0125
1 0.81875 0.53125 0.0203125 0.0140625
1 0.84375 0.7796875 0.0765625 0.05
1 0.784375 0.99609375 0.04375 0.0078125
1 0.7609375 0.9171875 0.009375 0.009375
1 0.7546875 0.85625 0.0078125 0.0078125
1 0.75 0.5453125 0.0109375 0.00625
1 0.740625 0.3390625 0.015625 0.0203125
1 0.7140625 0.34375 0.0203125 0.025
1 0.76875 0.3296875 0.0171875 0.021875
1 0.9359375 0.3765625 0.046875 0.0359375
1 0.9546875 0.3640625 0.021875 0.01875
0 0.7359375 0.6328125 0.0640625 0.153125
0 0.815625 0.634375 0.1328125 0.1578125
1 0.7484375 0.5828125 0.0203125 0.03125
1 0.7359375 0.85 0.0390625 0.0359375
1 0.734375 0.9046875 0.0609375 0.0609375
1 0.7921875 0.8390625 0.0375 0.021875
1 0.80625 0.878125 0.028125 0.05625
1 0.965625 0.9703125 0.059375 0.04375
1 0.9390625 0.984375 0.01875 0.0140625