1 0.1578125 0.4546875 0.0125 0.009375
0 0.465625 0.4296875 0.15625 0.059375
1 0.0734375 0.3984375 0.0265625 0.0375
1 0.40625 0.375 0.0296875 0.0453125
1 0.5625 0.3796875 0.0125 0.009375
1 0.49375 0.3796875 0.0328125 0.0203125
1 0.5671875 0.3390625 0.0109375 0.0046875
0 0.01875 0.38125 0.0375 0.096875
1 0.278125 0.3125 0.0078125 0.0078125
1 0.384375 0.2953125 0.015625 0.0390625
1 0.16875 0.2421875 0.0140625 0.0109375
0 0.01953125 0.21875 0.0390625 0.09375
1 0.2734375 0.346875 0.0234375 0.034375
1 0.35625 0.2703125 0.0171875 0.0140625
1 0.5421875 0.2953125 0.053125 0.0703125
1 0.4828125 0.2875 0.046875 0.0390625
1 0.484375 0.3171875 0.025 0.0234375
0 0.43125 0.3328125 0.0828125 0.0609375
0 0.4671875 0.1859375 0.1296875 0.096875
0 0.4578125 0.228125 0.19375 0.1078125
1 0.2625 0.2296875 0.034375 0.034375
1 0.3078125 0.2265625 0.01875 0.0203125
1 0.146875 0.171875 0.03125 0.021875
1 0.0625 0.1890625 0.0265625 0.0234375
1 0.678125 0.165625 0.1390625 0.1703125
1 0.63125 0.225 0.0421875 0.04375
1 0.60078125 0.39453125 0.0234375 0.0453125
1 0.634375 0.35625 0.025 0.05
1 0.6875 0.3359375 0.08125 0.0890625
1 0.6578125 0.4109375 0.05625 0.0453125
1 0.709375 0.4046875 0.0359375 0.0359375
1 0.7390625 0.0234375 0.075 0.046875
1 0.7765625 0.1125 0.0609375 0.071875
1 0.775 0.25625 0.1203125 0.1015625
1 0.78984375 0.0078125 0.0578125 0.015625
1 0.971875 0.04453125 0.05625 0.0890625
0 0.9734375 0.134375 0.053125 0.140625
0 0.946875 0.21171875 0.10625 0.0953125
1 0.884375 0.23125 0.0359375 0.0484375
0 0.96484375 0.2875 0.0703125 0.1625
1 0.834375 0.4171875 0.0484375 0.0328125
1 0.95625 0.40625 0.0875 0.075
1 0.00859375 0.8125 0.0171875 0.0875
1 0.0484375 0.9 0.034375 0.028125
0 0.1859375 0.96875 0.146875 0.0625
0 0.2046875 0.8875 0.096875 0.1578125
0 0.1828125 0.8203125 0.1015625 0.146875
0 0.1921875 0.7109375 0.0984375 0.0921875
1 0.265625 0.74375 0.071875 0.0453125
1 0.2953125 0.8515625 0.03125 0.0578125
1 0.275 0.8328125 0.0453125 0.0546875
1 0.2953125 0.96875 0.06875 0.0625
1 0.3453125 0.9171875 0.0375 0.0625
1 0.384375 0.8296875 0.1171875 0.115625
1 0.446875 0.9703125 0.0546875 0.0390625
1 0.490625 0.971875 0.0734375 0.0484375
1 0.43125 0.753125 0.0234375 0.028125
1 0.540625 0.7484375 0.028125 0.0390625
1 0.58203125 0.71640625 0.0140625 0.0265625
1 0.58125 0.95546875 0.015625 0.0234375
1 0.58515625 0.8765625 0.0078125 0.025
0 0.98671875 0.5796875 0.0265625 0.203125
1 0.8046875 0.484375 0.159375 0.05
1 0.8203125 0.5953125 0.040625 0.059375
1 0.85625 0.7375 0.1046875 0.13125
1 0.6921875 0.5921875 0.0390625 0.034375
1 0.6171875 0.5625 0.046875 0.025
1 0.59453125 0.5703125 0.0109375 0.03125
1 0.725 0.4765625 0.021875 0.015625
1 0.6359375 0.6171875 0.0234375 0.03125
1 0.63125 0.6890625 0.0375 0.034375
1 0.8 0.6484375 0.021875 0.021875
1 0.60625 0.7890625 0.034375 0.01875
1 0.8859375 0.534375 0.03125 0.021875
1 0.8671875 0.5140625 0.03125 0.0265625
1 0.84375 0.54375 0.028125 0.0265625
1 0.903125 0.5171875 0.0234375 0.028125
1 0.8609375 0.6140625 0.03125 0.025
1 0.996875 0.784375 0.00625 0.021875
0 0.97421875 0.66796875 0.0515625 0.1609375
1 0.97890625 0.58203125 0.0421875 0.0328125