0 0.12265625 0.34765625 0.1421875 0.1640625
1 0.08828125 0.41171875 0.0140625 0.0359375
1 0.3765625 0.3203125 0.075 0.0734375
0 0.15 0.2875 0.18125 0.178125
1 0.2828125 0.228125 0.0234375 0.025
1 0.525 0.096875 0.028125 0.021875
1 0.878125 0.20625 0.034375 0.0375
1 0.9109375 0.103125 0.0171875 0.025
1 0.99609375 0.196875 0.0078125 0.03125
1 0.9640625 0.25625 0.040625 0.0375
1 0.98203125 0.30859375 0.0359375 0.0765625
1 0.85 0.2671875 0.04375 0.028125
1 0.9296875 0.05625 0.015625 0.015625
1 0.946875 0.00390625 0.028125 0.0078125
1 0.9546875 0.3328125 0.0546875 0.0609375
1 0.940625 0.40859375 0.04375 0.0421875
1 0.9734375 0.21875 0.0203125 0.0140625
1 0.9015625 0.0234375 0.015625 0.01875
0 0.63046875 0.10703125 0.3484375 0.2140625
0 0.6234375 0.259375 0.3875 0.340625
0 0.665625 0.36171875 0.284375 0.1359375
1 0.0109375 0.7265625 0.0109375 0.0171875
1 0.0515625 0.696875 0.0171875 0.015625
1 0.040625 0.43828125 0.0375 0.0171875
0 0.13828125 0.47734375 0.1953125 0.0953125
0 0.1359375 0.490625 0.0796875 0.0890625
1 0.05 0.51875 0.0203125 0.0171875
0 0.14375 0.571875 0.2078125 0.1
1 0.1625 0.6375 0.021875 0.0125
1 0.2140625 0.6984375 0.0203125 0.025
1 0.1171875 0.6453125 0.0234375 0.0078125
1 0.084375 0.6296875 0.05 0.0265625
0 0.1078125 0.71875 0.1078125 0.1578125
1 0.05 0.7546875 0.1 0.08125
1 0.05 0.8109375 0.0640625 0.0328125
0 0.1125 0.84375 0.1640625 0.1171875
0 0.11328125 0.83046875 0.2265625 0.1171875
1 0.2359375 0.871875 0.0046875 0.0109375
1 0.334375 0.7765625 0.0203125 0.0203125
1 0.390625 0.7828125 0.0234375 0.0234375
1 0.3859375 0.8109375 0.0296875 0.0296875
1 0.265625 0.8046875 0.0109375 0.0078125
1 0.2421875 0.840625 0.0234375 0.03125
1 0.334375 0.49375 0.034375 0.0390625
1 0.328125 0.5453125 0.0171875 0.0140625
1 0.3328125 0.5609375 0.0234375 0.0234375
1 0.4109375 0.57578125 0.0375 0.0640625
1 0.41484375 0.64765625 0.0296875 0.0296875
1 0.3765625 0.678125 0.0125 0.01875
1 0.73515625 0.9828125 0.0578125 0.034375
1 0.7859375 0.9328125 0.0265625 0.0328125
1 0.7375 0.74375 0.0671875 0.0421875
0 0.83671875 0.88828125 0.2796875 0.2234375
0 0.853125 0.775 0.2734375 0.2734375
0 0.88984375 0.58046875 0.2203125 0.1109375
1 0.7671875 0.6703125 0.015625 0.03125
1 0.9234375 0.675 0.028125 0.0453125
1 0.8359375 0.6921875 0.01875 0.0390625