0 0.95 0.278125 0.1 0.04375
1 0.9609375 0.209375 0.04375 0.015625
1 0.9453125 0.2375 0.0359375 0.0296875
1 0.9515625 0.1921875 0.0390625 0.01875
1 0.9671875 0.1671875 0.0078125 0.021875
1 0.8515625 0.2578125 0.0234375 0.0171875
1 0.8453125 0.2234375 0.0359375 0.0203125
1 0.8390625 0.246875 0.01875 0.0140625
1 0.928125 0.1640625 0.0078125 0.0078125
1 0.9703125 0.1390625 0.0109375 0.009375
1 0.7984375 0.1765625 0.075 0.046875
1 0.809375 0.2390625 0.0390625 0.0484375
1 0.7859375 0.2515625 0.0265625 0.015625
1 0.690625 0.275 0.021875 0.01875
1 0.7078125 0.2828125 0.015625 0.03125
1 0.7078125 0.2578125 0.0265625 0.025
1 0.675 0.16875 0.015625 0.021875
0 0.4140625 0.2 0.1421875 0.13125
1 0.4859375 0.215625 0.021875 0.03125
1 0.303125 0.1625 0.00625 0.046875
1 0.3375 0.159375 0.0140625 0.021875
0 0.37734375 0.275 0.1078125 0.05
1 0.5375 0.2484375 0.0125 0.009375
1 0.271875 0.8078125 0.01875 0.015625
1 0.1140625 0.3578125 0.0375 0.046875
1 0.078125 0.3921875 0.065625 0.0484375
1 0.015625 0.4125 0.0265625 0.01875
0 0.06640625 0.3703125 0.1328125 0.140625
0 0.071875 0.46484375 0.14375 0.3234375
0 0.13046875 0.6921875 0.2609375 0.25
0 0.9609375 0.3515625 0.071875 0.0828125
1 0.8859375 0.3203125 0.046875 0.0203125
0 0.93828125 0.4546875 0.1234375 0.15
0 0.9515625 0.5515625 0.096875 0.0875
0 0.96484375 0.6171875 0.0703125 0.06875
0 0.94609375 0.69140625 0.1078125 0.0734375
1 0.8828125 0.6375 0.0515625 0.0671875
0 0.93984375 0.75859375 0.1203125 0.0953125
1 0.9421875 0.7984375 0.115625 0.078125
1 0.85 0.5921875 0.0359375 0.0140625
1 0.840625 0.5 0.0828125 0.0546875
1 0.80625 0.79375 0.0390625 0.0265625
1 0.8 0.7328125 0.015625 0.028125
1 0.703125 0.7546875 0.0359375 0.028125
1 0.5578125 0.7953125 0.0265625 0.03125
1 0.59375 0.646875 0.0203125 0.0265625
1 0.521875 0.6078125 0.040625 0.0453125
1 0.4828125 0.5625 0.03125 0.0203125
1 0.4953125 0.53125 0.0359375 0.0484375
1 0.4671875 0.49375 0.0234375 0.03125
1 0.4859375 0.5015625 0.021875 0.021875
0 0.4109375 0.5390625 0.1125 0.084375
1 0.35 0.54375 0.0171875 0.03125
0 0.409375 0.6296875 0.0578125 0.128125
0 0.41875 0.7046875 0.1578125 0.084375
0 0.4015625 0.7859375 0.0984375 0.103125
1 0.6828125 0.83125 0.0234375 0.0125
1 0.6703125 0.8109375 0.03125 0.028125
1 0.71875 0.76875 0.015625 0.0171875
1 0.64375 0.6171875 0.0140625 0.0140625
1 0.7078125 0.3859375 0.0671875 0.0484375
1 0.5390625 0.35 0.0265625 0.028125
0 0.4390625 0.3390625 0.1296875 0.05625
0 0.434375 0.4109375 0.1015625 0.128125
1 0.403125 0.4046875 0.053125 0.0421875
1 0.34453125 0.44140625 0.0890625 0.0578125