1 0.209375 0.3 0.0515625 0.0328125
1 0.1015625 0.3171875 0.05625 0.0375
0 0.034375 0.35 0.06875 0.259375
0 0.13515625 0.175 0.2703125 0.225
1 0.9015625 0.00625 0.05 0.0125
1 0.9125 0.225 0.0390625 0.03125
1 0.79375 0.296875 0.040625 0.01875
1 0.8359375 0.23125 0.0234375 0.028125
1 0.7203125 0.3484375 0.0203125 0.025
1 0.66875 0.2703125 0.028125 0.0390625
1 0.73125 0.190625 0.0171875 0.01875
1 0.7140625 0.184375 0.03125 0.021875
1 0.7390625 0.1546875 0.01875 0.028125
1 0.6984375 0.1265625 0.025 0.0296875
1 0.6828125 0.0828125 0.0375 0.03125
0 0.628125 0.04765625 0.1125 0.0953125
0 0.6125 0.128125 0.1578125 0.059375
0 0.621875 0.184375 0.14375 0.0828125
0 0.5828125 0.2203125 0.0875 0.1171875
1 0.54375 0.1875 0.01875 0.0234375
1 0.5359375 0.21875 0.0125 0.025
1 0.6296875 0.096875 0.01875 0.0171875
1 0.5859375 0.290625 0.046875 0.0265625
1 0.575 0.3390625 0.01875 0.0140625
1 0.5765625 0.3109375 0.0140625 0.034375
1 0.534375 0.3140625 0.0390625 0.0265625
1 0.475 0.05625 0.0296875 0.0234375
1 0.484375 0.3328125 0.01875 0.01875
1 0.4609375 0.23359375 0.021875 0.0578125
1 0.4890625 0.1421875 0.0171875 0.0203125
1 0.45703125 0.19140625 0.0140625 0.0265625
1 0.3515625 0.9796875 0.0359375 0.025
1 0.4 0.7390625 0.0484375 0.0359375
1 0.3421875 0.75625 0.0296875 0.0453125
1 0.3078125 0.659375 0.021875 0.0203125
1 0.3875 0.80625 0.015625 0.015625
1 0.3734375 0.8078125 0.0109375 0.009375
1 0.3546875 0.8140625 0.0109375 0.0140625
1 0.20625 0.6234375 0.028125 0.046875
1 0.171875 0.659375 0.0328125 0.025
1 0.2234375 0.8015625 0.046875 0.05
1 0.1390625 0.9140625 0.021875 0.0234375
1 0.0921875 0.8578125 0.021875 0.0328125
1 0.05625 0.8515625 0.015625 0.0125
1 0.1484375 0.69375 0.0921875 0.0875
1 0.1390625 0.7375 0.00625 0.0203125
1 0.11875 0.734375 0.0390625 0.0109375
1 0.125 0.71875 0.028125 0.0421875
0 0.42265625 0.6953125 0.0546875 0.1
0 0.41875 0.6296875 0.0625 0.05625
0 0.3984375 0.6125 0.0359375 0.0234375
0 0.4234375 0.96875 0.053125 0.0625
0 0.42421875 0.8875 0.0515625 0.121875
0 0.4203125 0.7984375 0.059375 0.115625
1 0.228125 0.8828125 0.0109375 0.0078125
1 0.1484375 0.9875 0.0203125 0.021875
0 0.81484375 0.92734375 0.2171875 0.1453125
0 0.7671875 0.753125 0.2546875 0.3390625
0 0.7921875 0.6390625 0.2203125 0.196875
1 0.5046875 0.75 0.071875 0.1046875
1 0.478125 0.825 0.034375 0.0375
1 0.5703125 0.9328125 0.03125 0.0515625
1 0.47734375 0.99453125 0.0453125 0.0109375
1 0.9015625 0.9828125 0.025 0.034375
1 0.8984375 0.6875 0.01875 0.0234375
1 0.928125 0.7578125 0.0171875 0.028125
1 0.9078125 0.9421875 0.034375 0.025
1 0.903125 0.5625 0.040625 0.03125