1 0.390625 0.0921875 0.0328125 0.0390625
0 0.35625 0.1640625 0.134375 0.1125
1 0.34375 0.2859375 0.0453125 0.040625
0 0.20625 0.1390625 0.2015625 0.1828125
0 0.04921875 0.15078125 0.0984375 0.1453125
1 0.21875 0.334375 0.059375 0.0859375
1 0.240625 0.3703125 0.0484375 0.0359375
1 0.2421875 0.2515625 0.0328125 0.0296875
1 0.378125 0.365625 0.071875 0.04375
1 0.30078125 0.44609375 0.0234375 0.0078125
1 0.02578125 0.4390625 0.0515625 0.021875
1 0.290625 0.3421875 0.0234375 0.0265625
1 0.825 0.025 0.025 0.040625
1 0.97890625 0.0140625 0.0421875 0.028125
1 0.828125 0.278125 0.0546875 0.06875
1 0.9734375 0.44609375 0.04375 0.0078125
0 0.184375 0.865625 0.028125 0.090625
0 0.2578125 0.68125 0.1765625 0.25625
1 0.303125 0.84375 0.03125 0.025
1 0.3703125 0.7359375 0.040625 0.01875
1 0.3671875 0.9421875 0.0640625 0.0578125
1 0.446875 0.540625 0.0203125 0.0171875
1 0.4921875 0.959375 0.0484375 0.046875
1 0.5015625 0.8515625 0.0296875 0.040625
1 0.565625 0.9 0.0125 0.0078125
1 0.58125 0.5453125 0.015625 0.046875
0 0.49921875 0.684375 0.1796875 0.215625