1 0.509375 0.534375 0.0359375 0.01875
1 0.4203125 0.48125 0.0578125 0.0609375
1 0.434375 0.415625 0.028125 0.0265625
1 0.3921875 0.4078125 0.0296875 0.01875
1 0.53671875 0.32734375 0.0265625 0.0328125
1 0.2765625 0.240625 0.040625 0.01875
0 0.2125 0.275 0.025 0.0953125
0 0.15 0.26875 0.0796875 0.078125
1 0.00703125 0.28359375 0.0140625 0.0484375
0 0.23203125 0.56171875 0.3265625 0.1140625
1 0.9359375 0.5765625 0.0296875 0.0234375
1 0.91875 0.45 0.034375 0.025
1 0.88125 0.4921875 0.00625 0.003125
1 0.99140625 0.41796875 0.0171875 0.0234375
1 0.9453125 0.4015625 0.0328125 0.0234375
1 0.9484375 0.3828125 0.021875 0.0140625
1 0.865625 0.3421875 0.009375 0.0140625
1 0.8828125 0.21875 0.0328125 0.0359375
1 0.903125 0.171875 0.0125 0.0078125
1 0.8640625 0.1765625 0.078125 0.05
1 0.825 0.1984375 0.0140625 0.015625
1 0.85625 0.0703125 0.028125 0.0125
1 0.740625 0.0953125 0.028125 0.021875
1 0.7140625 0.15 0.015625 0.025
1 0.7625 0.1640625 0.021875 0.0125
1 0.7484375 0.165625 0.03125 0.0546875
1 0.7375 0.165625 0.0234375 0.015625
1 0.7046875 0.2375 0.0203125 0.0125
1 0.6921875 0.2234375 0.0390625 0.034375
1 0.69375 0.2828125 0.0546875 0.08125
1 0.6640625 0.334375 0.009375 0.0140625
1 0.7828125 0.3265625 0.01875 0.01875
1 0.7828125 0.359375 0.05 0.04375
1 0.8203125 0.4390625 0.059375 0.0375
1 0.7515625 0.515625 0.03125 0.015625
1 0.7328125 0.40625 0.071875 0.0625
1 0.6359375 0.51875 0.0109375 0.0203125
1 0.6578125 0.4875 0.046875 0.0328125
1 0.6734375 0.5171875 0.0234375 0.0484375
1 0.6265625 0.553125 0.0984375 0.071875
0 0.58984375 0.109375 0.0796875 0.08125
0 0.5609375 0.26015625 0.021875 0.1609375
1 0.56875 0.40625 0.0046875 0.009375
1 0.5796875 0.3765625 0.0359375 0.015625
1 0.565625 0.3140625 0.009375 0.0078125
0 0.58671875 0.45859375 0.0734375 0.1328125
0 0.565625 0.52421875 0.03125 0.1265625
0 0.45703125 0.68359375 0.1484375 0.1296875
1 0.4328125 0.7921875 0.0578125 0.0703125
1 0.53671875 0.6265625 0.0265625 0.015625
1 0.46796875 0.62890625 0.0234375 0.0203125
1 0.53125 0.7046875 0.0234375 0.015625
1 0.3234375 0.76875 0.05625 0.03125
1 0.3578125 0.70625 0.046875 0.0546875
1 0.3640625 0.7671875 0.046875 0.028125
1 0.3671875 0.8234375 0.025 0.0390625
1 0.15 0.74375 0.046875 0.0375
1 0.1546875 0.8375 0.05 0.05
1 0.0671875 0.7921875 0.0640625 0.0375
1 0.03046875 0.8265625 0.0609375 0.034375
1 0.190625 0.7703125 0.028125 0.025
1 0.240625 0.734375 0.03125 0.0328125
1 0.2734375 0.709375 0.015625 0.009375
1 0.825 0.6453125 0.0359375 0.0265625
1 0.5546875 0.65234375 0.009375 0.0203125
1 0.721875 0.6625 0.00625 0.0078125
1 0.790625 0.665625 0.0359375 0.03125
1 0.8328125 0.675 0.0390625 0.028125
1 0.5765625 0.703125 0.0171875 0.009375
1 0.8328125 0.7 0.01875 0.046875
0 0.6375 0.765625 0.0390625 0.0125
1 0.7953125 0.75625 0.0546875 0.0296875
1 0.890625 0.7640625 0.0609375 0.0140625
0 0.6234375 0.6578125 0.090625 0.078125
0 0.6296875 0.7203125 0.1375 0.0796875
1 0.9078125 0.6390625 0.0234375 0.0109375