1 0.2890625 0.1921875 0.0140625 0.0140625
1 0.29375 0.31640625 0.0125 0.0234375
1 0.2578125 0.3171875 0.053125 0.0515625
0 0.2 0.284375 0.115625 0.125
0 0.2125 0.109375 0.0671875 0.11875
1 0.259375 0.0625 0.0296875 0.034375
1 0.28359375 0.0328125 0.0328125 0.028125
1 0.2390625 0.0953125 0.0078125 0.0125
0 0.2359375 0.2078125 0.090625 0.1265625
1 0.2796875 0.228125 0.0125 0.0109375
1 0.2671875 0.203125 0.0140625 0.0203125
0 0.19609375 0.0390625 0.1046875 0.078125
1 0.253125 0.0296875 0.075 0.059375
1 0.2640625 0.025 0.0140625 0.0140625
1 0.075 0.3296875 0.03125 0.03125
1 0.0328125 0.3234375 0.0609375 0.046875
1 0.040625 0.2390625 0.03125 0.034375
1 0.00703125 0.25390625 0.0140625 0.0140625
1 0.084375 0.1546875 0.021875 0.01875
1 0.0640625 0.175 0.040625 0.0375
1 0.0171875 0.171875 0.034375 0.078125
1 0.046875 0.109375 0.0765625 0.0484375
1 0.11875 0.1265625 0.0171875 0.021875
1 0.071875 0.090625 0.0140625 0.0109375
1 0.04921875 0.02265625 0.0484375 0.0453125
0 0.6921875 0.1375 0.184375 0.190625
1 0.74375 0.2078125 0.084375 0.0734375
1 0.775 0.14375 0.103125 0.0859375
1 0.6796875 0.23125 0.046875 0.0265625
1 0.646875 0.21875 0.0421875 0.0421875
0 0.70234375 0.0359375 0.1546875 0.071875
1 0.78046875 0.01875 0.0921875 0.0375
1 0.75703125 0.0125 0.0328125 0.025
1 0.471875 0.0734375 0.028125 0.025
1 0.321875 0.1546875 0.04375 0.06875
1 0.29140625 0.9828125 0.0171875 0.034375
1 0.2125 0.9765625 0.0375 0.046875
1 0.240625 0.8203125 0.04375 0.0421875
1 0.29609375 0.75625 0.0078125 0.04375
1 0.2640625 0.7625 0.0375 0.034375
1 0.24375 0.7328125 0.04375 0.0359375
1 0.203125 0.70625 0.0625 0.053125
1 0.2921875 0.59921875 0.015625 0.0296875
1 0.2671875 0.6125 0.05625 0.0546875
1 0.2140625 0.6296875 0.03125 0.05625
1 0.1609375 0.6171875 0.040625 0.046875
1 0.29375 0.6703125 0.0125 0.0375
1 0.05625 0.61875 0.065625 0.0453125
1 0.021875 0.62109375 0.04375 0.0703125
1 0.003125 0.94296875 0.00625 0.0390625
1 0.05 0.9640625 0.0796875 0.0546875
1 0.084375 0.928125 0.0765625 0.046875
1 0.0390625 0.840625 0.053125 0.0359375
1 0.090625 0.828125 0.0359375 0.0375
1 0.121875 0.775 0.0625 0.0765625
1 0.171875 0.8109375 0.0546875 0.0578125
0 0.1515625 0.871875 0.1796875 0.13125
1 0.1015625 0.9859375 0.109375 0.028125
1 0.125 0.9625 0.040625 0.025
1 0.084375 0.728125 0.0265625 0.034375
1 0.08125 0.7609375 0.01875 0.0234375
1 0.00703125 0.79453125 0.0140625 0.0234375
1 0.0828125 0.7 0.03125 0.021875
1 0.5890625 0.4796875 0.04375 0.025
1 0.9734375 0.58125 0.0515625 0.0171875
1 0.5734375 0.628125 0.0328125 0.021875
1 0.521875 0.671875 0.0546875 0.0515625
1 0.971875 0.44453125 0.05625 0.0984375
1 0.9484375 0.5171875 0.0328125 0.05
1 0.9703125 0.5375 0.059375 0.121875
1 0.9484375 0.6296875 0.0265625 0.028125
1 0.9125 0.6234375 0.0359375 0.05
1 0.9109375 0.553125 0.0546875 0.028125
0 0.7703125 0.6 0.1140625 0.08125
0 0.796875 0.675 0.0796875 0.1453125
0 0.78125 0.7125 0.171875 0.1578125
1 0.3390625 0.5171875 0.0328125 0.0390625
1 0.5984375 0.553125 0.0203125 0.03125
1 0.30703125 0.728125 0.0140625 0.04375
1 0.44375 0.7765625 0.0109375 0.03125
1 0.4453125 0.5203125 0.015625 0.01875
1 0.8375 0.671875 0.028125 0.034375
0 0.7640625 0.43203125 0.059375 0.1046875