0 0.61484375 0.146875 0.0890625 0.265625
0 0.4765625 0.0984375 0.2609375 0.178125
0 0.303125 0.153125 0.159375 0.065625
0 0.2203125 0.1421875 0.046875 0.0171875
1 0.30625 0.1171875 0.0328125 0.04375
1 0.3421875 0.2125 0.03125 0.034375
1 0.5484375 0.1921875 0.0171875 0.025
1 0.5328125 0.2015625 0.0140625 0.0203125
1 0.2734375 0.365625 0.025 0.0390625
1 0.3734375 0.40625 0.0265625 0.0234375
1 0.346875 0.2453125 0.03125 0.0234375
1 0.3140625 0.2109375 0.0125 0.028125
1 0.328125 0.0734375 0.0375 0.01875
1 0.2375 0.2171875 0.0328125 0.025
1 0.709375 0.3546875 0.0234375 0.03125
1 0.7203125 0.31875 0.025 0.021875
1 0.759375 0.3703125 0.0234375 0.0203125
1 0.7640625 0.3546875 0.0421875 0.0328125
1 0.7875 0.40546875 0.034375 0.0265625
1 0.6921875 0.41328125 0.025 0.0109375
1 0.69375 0.3984375 0.025 0.0265625
1 0.75078125 0.41640625 0.0234375 0.0046875
0 0.84765625 0.23828125 0.1734375 0.3609375
1 0.8875 0.15625 0.09375 0.059375
1 0.91875 0.265625 0.028125 0.0359375
1 0.6859375 0.178125 0.0390625 0.0453125
0 0.78046875 0.21015625 0.2421875 0.2078125
1 0.675 0.3171875 0.0140625 0.0109375
1 0.8296875 0.2 0.0203125 0.0171875
1 0.709375 0.0734375 0.028125 0.01875
1 0.6765625 0.00625 0.03125 0.0125
1 0.8015625 0.0421875 0.03125 0.0109375
1 0.8109375 0.0140625 0.0140625 0.01875
1 0.15 0.9625 0.0140625 0.015625
1 0.1875 0.9375 0.0078125 0.0078125
1 0.315625 0.946875 0.0109375 0.015625
1 0.528125 0.9609375 0.01875 0.0421875
1 0.3828125 0.8359375 0.025 0.03125
1 0.3359375 0.85625 0.025 0.034375
1 0.43125 0.88125 0.06875 0.0609375
1 0.0421875 0.8546875 0.009375 0.0046875
1 0.0203125 0.9609375 0.01875 0.0203125
1 0.05625 0.703125 0.0234375 0.025
1 0.0171875 0.6546875 0.009375 0.00625
1 0.1125 0.6828125 0.0296875 0.034375
1 0.1375 0.659375 0.0625 0.053125
1 0.334375 0.6890625 0.009375 0.0046875
1 0.509375 0.65 0.0359375 0.0375
1 0.1328125 0.4671875 0.0125 0.009375
1 0.140625 0.44140625 0.065625 0.0453125
1 0.0875 0.590625 0.028125 0.025
1 0.40625 0.5859375 0.06875 0.0625
1 0.46875 0.4515625 0.0046875 0.0046875
0 0.053125 0.90234375 0.084375 0.1953125
0 0.11875 0.84609375 0.190625 0.3078125
0 0.2953125 0.8890625 0.31875 0.221875
0 0.4515625 0.8140625 0.16875 0.371875
0 0.51875 0.9234375 0.0390625 0.021875
1 0.99140625 0.60234375 0.0171875 0.0234375
1 0.9671875 0.4953125 0.0234375 0.03125
1 0.90625 0.93125 0.021875 0.021875
1 0.83125 0.73125 0.0515625 0.0609375
1 0.8109375 0.7125 0.015625 0.0171875
0 0.890625 0.7765625 0.1109375 0.146875
1 0.909375 0.7625 0.015625 0.0140625
1 0.9421875 0.7453125 0.0234375 0.0265625
1 0.9234375 0.6390625 0.021875 0.015625
1 0.93125 0.60625 0.0171875 0.015625
1 0.996875 0.4984375 0.00625 0.009375
1 0.99765625 0.4484375 0.0046875 0.015625
1 0.98984375 0.4421875 0.0203125 0.021875
1 0.975 0.434375 0.0234375 0.015625
1 0.8625 0.4859375 0.0171875 0.0140625
1 0.884375 0.4734375 0.009375 0.00625