1 0.5 0.1125 0.0078125 0.0078125
1 0.4625 0.1140625 0.0078125 0.009375
1 0.5671875 0.171875 0.0203125 0.028125
1 0.5328125 0.19375 0.0125 0.0078125
1 0.5546875 0.2515625 0.0171875 0.0203125
1 0.51875 0.2765625 0.03125 0.025
1 0.3375 0.296875 0.0203125 0.025
1 0.0671875 0.3046875 0.021875 0.0171875
1 0.4265625 0.325 0.046875 0.0265625
1 0.5109375 0.3515625 0.028125 0.0203125
1 0.075 0.409375 0.0125 0.021875
1 0.5828125 0.4375 0.025 0.0234375
1 0.09375 0.4296875 0.0265625 0.0171875
1 0.078125 0.45 0.0328125 0.0296875
1 0.33125 0.4515625 0.028125 0.025
1 0.5578125 0.4453125 0.0359375 0.04375
1 0.0109375 0.3671875 0.021875 0.034375
1 0.034375 0.375 0.03125 0.03125
0 0.4328125 0.128125 0.0890625 0.0390625
1 0.565625 0.1953125 0.0171875 0.0171875
1 0.584375 0.1703125 0.025 0.0375
1 0.171875 0.184375 0.0484375 0.0359375
0 0.3421875 0.1953125 0.271875 0.171875
1 0.3984375 0.234375 0.03125 0.03125
1 0.403125 0.2625 0.0171875 0.0140625
1 0.390625 0.2546875 0.015625 0.0203125
0 0.353125 0.3078125 0.275 0.34375
1 0.2390625 0.3671875 0.03125 0.0328125
1 0.28125 0.3890625 0.0234375 0.01875
1 0.290625 0.3796875 0.028125 0.009375
1 0.2890625 0.428125 0.046875 0.028125
1 0.3 0.415625 0.0265625 0.0171875
1 0.5828125 0.3734375 0.0234375 0.040625
1 0.58515625 0.34375 0.0296875 0.025
1 0.58984375 0.30234375 0.0203125 0.0234375
1 0.5609375 0.3296875 0.0265625 0.0328125
1 0.5484375 0.30625 0.0390625 0.0328125
1 0.5390625 0.3296875 0.015625 0.0203125
1 0.9828125 0.3015625 0.009375 0.0078125
1 0.971875 0.359375 0.028125 0.034375
1 0.6203125 0.1609375 0.0203125 0.0171875
1 0.7265625 0.4015625 0.0125 0.00625
1 0.796875 0.146875 0.0078125 0.0109375
1 0.6875 0.403125 0.0140625 0.009375
1 0.1296875 0.6296875 0.0171875 0.0234375
1 0.54375 0.690625 0.015625 0.028125
1 0.56484375 0.490625 0.0109375 0.021875
1 0.415625 0.6984375 0.0140625 0.015625
1 0.275 0.74375 0.025 0.021875
1 0.24375 0.70625 0.0328125 0.025
1 0.146875 0.58125 0.04375 0.0546875
1 0.121875 0.565625 0.0109375 0.025
0 0.14375 0.56328125 0.2875 0.1671875
1 0.0296875 0.55703125 0.059375 0.0421875
1 0.009375 0.63828125 0.01875 0.0296875
0 0.06875 0.6734375 0.1375 0.184375
1 0.2828125 0.659375 0.0171875 0.01875
1 0.996875 0.91328125 0.00625 0.0296875
1 0.93125 0.8796875 0.0296875 0.03125
1 0.9453125 0.8296875 0.03125 0.0234375
1 0.915625 0.7375 0.025 0.028125
1 0.9546875 0.5765625 0.034375 0.0359375
1 0.90625 0.59375 0.03125 0.03125
1 0.83125 0.615625 0.0390625 0.0421875
1 0.86875 0.5453125 0.021875 0.0328125
1 0.8921875 0.5546875 0.0234375 0.03125
1 0.8109375 0.86875 0.028125 0.0375
0 0.7203125 0.9265625 0.0984375 0.0265625
0 0.709375 0.8359375 0.0921875 0.1453125
0 0.715625 0.7046875 0.1265625 0.103125
1 0.7359375 0.89375 0.0375 0.028125
1 0.6546875 0.7734375 0.0328125 0.0296875
0 0.728125 0.5671875 0.20625 0.1515625
0 0.71328125 0.4921875 0.1390625 0.025
1 0.721875 0.49296875 0.040625 0.0265625
1 0.6375 0.646875 0.0234375 0.025
1 0.790625 0.86875 0.0234375 0.0203125
1 0.8078125 0.93125 0.0171875 0.0171875