1 0.2953125 0.3296875 0.0125 0.0125
1 0.2984375 0.525 0.01875 0.009375
0 0.1359375 0.1921875 0.1875 0.14375
0 0.1203125 0.2765625 0.1640625 0.2
0 0.14375 0.4203125 0.209375 0.21875
1 0.6796875 0.2078125 0.01875 0.0078125
1 0.9703125 0.2109375 0.0296875 0.0140625
1 0.70625 0.26875 0.0234375 0.025
1 0.625 0.2828125 0.025 0.015625
1 0.74375 0.2796875 0.0328125 0.03125
1 0.709375 0.3125 0.0140625 0.015625
1 0.6484375 0.3078125 0.040625 0.0375
1 0.4671875 0.3734375 0.009375 0.00625
1 0.6375 0.3703125 0.03125 0.015625
1 0.4484375 0.3734375 0.01875 0.03125
1 0.915625 0.4203125 0.0203125 0.021875
1 0.775 0.4375 0.015625 0.0078125
1 0.6640625 0.4234375 0.0578125 0.040625
1 0.7375 0.4609375 0.015625 0.0203125
1 0.5828125 0.4734375 0.0359375 0.028125
1 0.9890625 0.5078125 0.015625 0.015625
1 0.9421875 0.509375 0.01875 0.028125
1 0.86875 0.5109375 0.034375 0.03125
1 0.678125 0.515625 0.034375 0.028125
1 0.95625 0.4984375 0.015625 0.015625
1 0.93046875 0.5234375 0.0265625 0.0125
1 0.928125 0.490625 0.01875 0.021875
1 0.934375 0.446875 0.0203125 0.025
1 0.9828125 0.409375 0.01875 0.0203125
1 0.98125 0.31875 0.03125 0.0328125
1 0.8828125 0.2109375 0.03125 0.009375
0 0.8375 0.275 0.1421875 0.1203125
1 0.8296875 0.45 0.0234375 0.0390625
0 0.7953125 0.4109375 0.053125 0.1265625
1 0.8328125 0.365625 0.1046875 0.1125
1 0.8359375 0.503125 0.0203125 0.034375
1 0.8203125 0.496875 0.01875 0.01875
1 0.76171875 0.521875 0.0109375 0.015625
1 0.6234375 0.353125 0.021875 0.0203125
1 0.6453125 0.215625 0.009375 0.01875
1 0.5671875 0.2953125 0.025 0.0328125
1 0.5296875 0.3359375 0.0125 0.0125
1 0.5203125 0.428125 0.0328125 0.05625
1 0.528125 0.365625 0.1046875 0.10625
1 0.471875 0.2984375 0.065625 0.103125
1 0.4421875 0.30703125 0.00625 0.0234375
1 0.2453125 0.778125 0.0375 0.0390625
1 0.053125 0.834375 0.0171875 0.0171875
1 0.078125 0.846875 0.021875 0.05
1 0.034375 0.8890625 0.0125 0.0125
1 0.0359375 0.940625 0.0109375 0.009375
1 0.3125 0.99453125 0.05625 0.0109375
1 0.2921875 0.9625 0.028125 0.0421875
1 0.1828125 0.9 0.05 0.0625
1 0.3109375 0.85 0.0421875 0.046875
1 0.253125 0.8921875 0.0328125 0.03125
1 0.2375 0.846875 0.01875 0.0203125
1 0.1953125 0.7609375 0.025 0.0265625
1 0.1921875 0.79375 0.0203125 0.0265625
1 0.23125 0.675 0.0390625 0.009375
1 0.2265625 0.640625 0.028125 0.028125
1 0.2546875 0.609375 0.046875 0.028125
1 0.134375 0.8046875 0.0265625 0.040625
0 0.06328125 0.9671875 0.1265625 0.065625
1 0.1546875 0.9890625 0.0390625 0.0125
1 0.003125 0.72734375 0.00625 0.0234375
1 0.059375 0.6359375 0.0125 0.025
1 0.025 0.6484375 0.04375 0.0359375
0 0.040625 0.715625 0.0671875 0.11875
1 0.08125 0.6765625 0.0484375 0.046875
0 0.02421875 0.6078125 0.0484375 0.059375
1 0.040625 0.85 0.0359375 0.06875
1 0.9890625 0.90859375 0.021875 0.0234375
1 0.9515625 0.9359375 0.01875 0.0265625
0 0.70859375 0.86171875 0.3703125 0.2765625
0 0.68125 0.8 0.465625 0.1578125