1 0.36875 0.0078125 0.028125 0.015625
1 0.44375 0.0125 0.03125 0.025
0 0.271875 0.1234375 0.25 0.2015625
1 0.2296875 0.05625 0.01875 0.01875
1 0.1609375 0.121875 0.0109375 0.0203125
1 0.1859375 0.20625 0.034375 0.021875
1 0.16875 0.35625 0.034375 0.0640625
1 0.2140625 0.340625 0.03125 0.025
1 0.2515625 0.3359375 0.0171875 0.0234375
1 0.2265625 0.409375 0.0296875 0.025
1 0.134375 0.45 0.01875 0.015625
1 0.2015625 0.4703125 0.0140625 0.0171875
1 0.2609375 0.5109375 0.03125 0.0265625
1 0.2328125 0.4984375 0.03125 0.0328125
1 0.1859375 0.5328125 0.0390625 0.034375
1 0.1734375 0.4828125 0.0140625 0.0140625
1 0.2234375 0.5390625 0.0375 0.021875
1 0.3328125 0.3625 0.0328125 0.015625
1 0.3765625 0.3703125 0.01875 0.0328125
1 0.3625 0.5234375 0.0390625 0.03125
1 0.34140625 0.5390625 0.0390625 0.021875
1 0.39765625 0.54140625 0.0484375 0.0171875
1 0.45390625 0.33984375 0.0109375 0.0359375
1 0.4453125 0.37109375 0.028125 0.0328125
1 0.3796875 0.21875 0.0171875 0.0265625
1 0.3296875 0.2234375 0.0171875 0.0265625
1 0.3046875 0.0046875 0.015625 0.009375
1 0.3046875 0.4640625 0.025 0.01875
1 0.3171875 0.3984375 0.015625 0.0171875
0 0.3953125 0.15546875 0.128125 0.1453125
0 0.175 0.096875 0.11875 0.0875
1 0.1953125 0.10625 0.015625 0.015625
1 0.853125 0.0546875 0.0234375 0.0421875
1 0.5640625 0.21875 0.0328125 0.025
1 0.7015625 0.3046875 0.0046875 0.0109375
0 0.6453125 0.484375 0.3125 0.13125
0 0.5546875 0.4875 0.190625 0.11875
1 0.503125 0.4453125 0.0234375 0.0265625
1 0.0859375 0.6375 0.0234375 0.0234375
1 0.08125 0.6890625 0.03125 0.0421875
1 0.15 0.675 0.0359375 0.040625
0 0.221875 0.709375 0.140625 0.2921875
1 0.2828125 0.740625 0.0421875 0.040625
1 0.2796875 0.68125 0.0171875 0.0328125
0 0.3046875 0.6828125 0.01875 0.0921875
1 0.2828125 0.940625 0.04375 0.0453125
1 0.1796875 0.80625 0.0171875 0.028125
1 0.084375 0.828125 0.040625 0.034375
1 0.11875 0.925 0.0328125 0.021875
1 0.146875 0.7609375 0.0265625 0.021875
1 0.046875 0.84375 0.021875 0.046875
1 0.0984375 0.9828125 0.028125 0.021875
1 0.053125 0.7703125 0.0265625 0.0390625
0 0.296875 0.8296875 0.03125 0.046875
1 0.7796875 0.6015625 0.034375 0.0375
1 0.7515625 0.6234375 0.0203125 0.021875
1 0.8890625 0.909375 0.0234375 0.021875
1 0.8484375 0.94375 0.015625 0.01875
1 0.665625 0.6859375 0.01875 0.0140625
1 0.61875 0.615625 0.015625 0.021875
1 0.5859375 0.8265625 0.0140625 0.0140625
0 0.5109375 0.915625 0.103125 0.16875
0 0.6546875 0.93671875 0.196875 0.1265625
1 0.7484375 0.96875 0.053125 0.0546875
0 0.85625 0.95703125 0.215625 0.0859375