1 0.41953125 0.059375 0.0203125 0.015625
1 0.35625 0.034375 0.03125 0.025
1 0.3359375 0.0359375 0.021875 0.015625
1 0.2203125 0.0140625 0.015625 0.028125
1 0.2390625 0.1015625 0.0515625 0.053125
1 0.3328125 0.1203125 0.021875 0.028125
1 0.31875 0.1203125 0.0109375 0.015625
1 0.2921875 0.1109375 0.0578125 0.04375
1 0.271875 0.1484375 0.05625 0.0453125
1 0.2453125 0.1671875 0.028125 0.0265625
1 0.325 0.2203125 0.015625 0.0203125
1 0.3828125 0.1921875 0.0046875 0.00625
1 0.41875 0.175 0.021875 0.084375
1 0.2734375 0.375 0.0125 0.0125
1 0.25 0.365625 0.0171875 0.0125
1 0.2984375 0.44375 0.096875 0.05
1 0.278125 0.434375 0.0171875 0.0234375
0 0.24375 0.41875 0.0625 0.0890625
0 0.371875 0.409375 0.115625 0.11875
1 0.54375 0.275 0.009375 0.028125
1 0.5515625 0.0453125 0.0078125 0.028125
1 0.534375 0.234375 0.04375 0.0328125
1 0.6015625 0.0953125 0.021875 0.025
1 0.60625 0.04375 0.034375 0.028125
1 0.6453125 0.103125 0.0234375 0.025
1 0.6375 0.134375 0.040625 0.03125
1 0.65625 0.221875 0.0203125 0.0203125
1 0.6578125 0.3765625 0.028125 0.015625
1 0.7109375 0.0359375 0.021875 0.03125
1 0.7078125 0.1140625 0.028125 0.015625
1 0.7203125 0.23125 0.025 0.021875
1 0.734375 0.3171875 0.0109375 0.0125
1 0.7484375 0.2515625 0.0203125 0.028125
1 0.7890625 0.2296875 0.028125 0.0234375
1 0.8390625 0.1125 0.0171875 0.015625
1 0.934375 0.2984375 0.0046875 0.0265625
1 0.95625 0.3140625 0.0140625 0.025
1 0.975 0.05625 0.0140625 0.015625
1 0.9796875 0.3640625 0.015625 0.015625
1 0.984375 0.1109375 0.028125 0.0203125
1 0.725 0.003125 0.01875 0.00625
1 0.99296875 0.05 0.0140625 0.015625
1 0.85625 0.20625 0.0203125 0.0234375
1 0.7734375 0.3265625 0.0203125 0.01875
1 0.9203125 0.20625 0.0125 0.025
1 0.9265625 0.2203125 0.015625 0.0140625
1 0.8359375 0.309375 0.0171875 0.0234375
1 0.8359375 0.29375 0.021875 0.025
1 0.7890625 0.0921875 0.015625 0.025
1 0.85625 0.0375 0.0125 0.01875
1 0.921875 0.0671875 0.0078125 0.0203125
1 0.615625 0.1078125 0.015625 0.025
1 0.7140625 0.19375 0.021875 0.0203125
1 0.690625 0.2046875 0.021875 0.015625
1 0.65 0.3375 0.0140625 0.0203125
1 0.7203125 0.3609375 0.025 0.01875
0 0.534375 0.41796875 0.046875 0.1015625
1 0.575 0.4578125 0.01875 0.021875
0 0.603125 0.4359375 0.1140625 0.0640625
1 0.6578125 0.4171875 0.028125 0.021875
0 0.72265625 0.4109375 0.1015625 0.115625
1 0.7515625 0.3953125 0.0296875 0.04375
1 0.7734375 0.45625 0.05 0.025
0 0.8078125 0.4078125 0.14375 0.1
0 0.9171875 0.4109375 0.1125 0.0609375
0 0.99375 0.42578125 0.0125 0.0859375
0 0.96640625 0.40546875 0.0671875 0.0859375
0 0.36875 0.584375 0.121875 0.11875
0 0.240625 0.5640625 0.0703125 0.15
1 0.2765625 0.5296875 0.0484375 0.040625
1 0.24453125 0.4875 0.0515625 0.0375
1 0.3859375 0.6515625 0.0515625 0.0625
1 0.3296875 0.703125 0.046875 0.0515625
1 0.375 0.81875 0.0484375 0.040625
1 0.36875 0.778125 0.0390625 0.034375
1 0.3125 0.7859375 0.0390625 0.0484375
1 0.259375 0.79375 0.05625 0.03125
1 0.271875 0.878125 0.06875 0.0703125
1 0.284375 0.971875 0.034375 0.05625
1 0.41484375 0.978125 0.0296875 0.04375
1 0.4125 0.93046875 0.034375 0.0390625
1 0.325 0.9671875 0.028125 0.0234375
1 0.35625 0.8765625 0.040625 0.0375
1 0.72890625 0.48203125 0.0296875 0.0265625
1 0.65625 0.5546875 0.040625 0.028125
1 0.7 0.5609375 0.0359375 0.0578125
1 0.95625 0.4734375 0.03125 0.009375
1 0.5734375 0.565625 0.015625 0.0359375
1 0.9625 0.5359375 0.028125 0.0234375
1 0.990625 0.703125 0.01875 0.028125
1 0.921875 0.640625 0.01875 0.0171875
1 0.915625 0.6578125 0.021875 0.03125
1 0.8859375 0.6328125 0.028125 0.01875
1 0.8578125 0.6734375 0.0296875 0.025
1 0.8140625 0.6890625 0.03125 0.0375
0 0.7546875 0.74375 0.14375 0.1125
0 0.859375 0.759375 0.059375 0.1578125
0 0.915625 0.75 0.0828125 0.14375
0 0.94609375 0.7890625 0.1078125 0.0875
1 0.91875 0.828125 0.0234375 0.01875
1 0.95 0.8359375 0.025 0.0125
1 0.828125 0.7421875 0.0171875 0.01875
0 0.6328125 0.759375 0.1328125 0.109375
1 0.5953125 0.771875 0.015625 0.0140625
1 0.5734375 0.7609375 0.0171875 0.025
1 0.5796875 0.7859375 0.015625 0.0234375
1 0.5859375 0.9046875 0.0390625 0.0703125
1 0.7875 0.896875 0.0234375 0.0296875
1 0.965625 0.9328125 0.0578125 0.065625
1 0.9734375 0.9703125 0.0328125 0.03125
1 0.8734375 0.8828125 0.0203125 0.0171875
1 0.9234375 0.9234375 0.0265625 0.03125
1 0.89375 0.971875 0.0265625 0.03125
1 0.8546875 0.96875 0.021875 0.01875
1 0.6078125 0.95625 0.0234375 0.025
1 0.65625 0.99453125 0.028125 0.0109375
1 0.690625 0.9484375 0.0140625 0.0234375
1 0.6890625 0.965625 0.01875 0.028125
1 0.7546875 0.9671875 0.0109375 0.0203125
1 0.7734375 0.9421875 0.015625 0.0203125
1 0.68671875 0.99375 0.0296875 0.0125