1 0.2671875 0.5953125 0.01875 0.009375
1 0.2703125 0.5671875 0.021875 0.0171875
1 0.24375 0.56875 0.009375 0.0046875
1 0.3359375 0.575 0.0125 0.0109375
1 0.084375 0.5125 0.0171875 0.0328125
1 0.3796875 0.4546875 0.015625 0.0203125
1 0.15625 0.44375 0.0328125 0.0296875
1 0.0953125 0.3140625 0.028125 0.021875
1 0.1390625 0.3125 0.028125 0.025
1 0.1859375 0.296875 0.015625 0.01875
1 0.0375 0.275 0.028125 0.028125
1 0.209375 0.2890625 0.01875 0.0140625
1 0.1625 0.3328125 0.009375 0.00625
1 0.215625 0.3078125 0.009375 0.015625
1 0.209375 0.2703125 0.0125 0.0125
1 0.14375 0.1984375 0.0140625 0.040625
1 0.1578125 0.190625 0.0171875 0.01875
1 0.1328125 0.1546875 0.025 0.021875
1 0.103125 0.1890625 0.028125 0.0265625
1 0.078125 0.1921875 0.0203125 0.028125
1 0.2421875 0.1640625 0.021875 0.025
1 0.2375 0.2765625 0.0453125 0.05
1 0.3375 0.2984375 0.021875 0.009375
1 0.3890625 0.278125 0.0140625 0.0328125
1 0.3390625 0.0734375 0.028125 0.0265625
1 0.328125 0.05625 0.0140625 0.03125
1 0.3890625 0.0171875 0.0109375 0.0046875
1 0.275 0.1015625 0.025 0.0265625
1 0.26875 0.078125 0.009375 0.0125
1 0.2671875 0.0625 0.015625 0.0140625
1 0.2734375 0.03125 0.0515625 0.0625
1 0.2421875 0.125 0.01875 0.0140625
0 0.10703125 0.11640625 0.2140625 0.2328125
1 0.0234375 0.165625 0.0109375 0.0125
1 0.040625 0.0640625 0.015625 0.0109375
0 0.259375 0.12890625 0.28125 0.2578125
1 0.2046875 0.1828125 0.01875 0.0234375
0 0.315625 0.1015625 0.16875 0.203125
0 0.39375 0.078125 0.0125 0.0203125
0 0.3984375 0.053125 0.0046875 0.0375
0 0.39765625 0.0109375 0.0015625 0.021875
1 0.8390625 0.3546875 0.01875 0.0203125
1 0.875 0.34375 0.0234375 0.03125
1 0.8734375 0.3921875 0.034375 0.025
1 0.8984375 0.3984375 0.0203125 0.025
1 0.9703125 0.5078125 0.025 0.03125
1 0.95625 0.4421875 0.028125 0.021875
1 0.953125 0.428125 0.0234375 0.0203125
1 0.99453125 0.23203125 0.0109375 0.0265625
0 0.8828125 0.1609375 0.20625 0.165625
1 0.9703125 0.040625 0.028125 0.0328125
1 0.8171875 0.26875 0.025 0.0359375
1 0.775 0.2484375 0.03125 0.034375
0 0.75625 0.1328125 0.0703125 0.1265625
1 0.78359375 0.0078125 0.0234375 0.015625
1 0.8828125 0.009375 0.0234375 0.015625
1 0.996875 0.0984375 0.00625 0.015625
1 0.9953125 0.2078125 0.009375 0.028125
1 0.8640625 0.584375 0.0328125 0.025
1 0.5859375 0.7765625 0.0171875 0.0203125
1 0.3453125 0.8828125 0.00625 0.0125
1 0.2140625 0.775 0.0140625 0.015625
1 0.596875 0.95234375 0.00625 0.0078125
1 0.34375 0.84375 0.009375 0.0140625
0 0.26953125 0.696875 0.0765625 0.19375
1 0.23125 0.765625 0.034375 0.01875
1 0.2359375 0.746875 0.025 0.0109375
1 0.3109375 0.7421875 0.0171875 0.0203125
0 0.415625 0.6953125 0.165625 0.18125
0 0.54140625 0.70234375 0.1171875 0.1765625
1 0.6421875 0.8828125 0.0296875 0.0265625
0 0.68125 0.8421875 0.1203125 0.0875
0 0.7546875 0.8390625 0.059375 0.08125
0 0.8109375 0.8203125 0.11875 0.0984375
1 0.72734375 0.61328125 0.0203125 0.0265625
1 0.609375 0.7125 0.01875 0.028125