1 0.046875 0.034375 0.0203125 0.021875
1 0.00546875 0.05625 0.0109375 0.015625
1 0.028125 0.0734375 0.03125 0.0328125
1 0.1546875 0.203125 0.040625 0.0359375
1 0.18125 0.1640625 0.034375 0.0296875
1 0.2359375 0.2265625 0.034375 0.03125
1 0.234375 0.2890625 0.03125 0.0140625
1 0.228125 0.3359375 0.040625 0.028125
1 0.2171875 0.3765625 0.021875 0.0140625
1 0.23125 0.0859375 0.03125 0.0296875
1 0.3046875 0.203125 0.0203125 0.0265625
1 0.2375 0.025 0.03125 0.021875
1 0.17421875 0.003125 0.0171875 0.00625
1 0.1015625 0.0484375 0.04375 0.0203125
1 0.134375 0.121875 0.025 0.0234375
1 0.1390625 0.021875 0.0125 0.025
1 0.0625 0.3546875 0.0265625 0.021875
1 0.059375 0.38125 0.0203125 0.0125
1 0.1234375 0.2578125 0.015625 0.025
1 0.04375 0.2203125 0.0203125 0.021875
1 0.9484375 0.409375 0.0234375 0.0265625
1 0.94375 0.3453125 0.034375 0.034375
1 0.9546875 0.196875 0.03125 0.028125
1 0.9671875 0.1765625 0.021875 0.021875
1 0.9703125 0.140625 0.0234375 0.021875
1 0.9125 0.040625 0.04375 0.0328125
1 0.7890625 0.1421875 0.0234375 0.0265625
1 0.3328125 0.103125 0.00625 0.015625
1 0.3609375 0.134375 0.00625 0.00625
1 0.3375 0.2671875 0.009375 0.0046875
1 0.33359375 0.33984375 0.0078125 0.0171875
1 0.384375 0.1109375 0.00625 0.0078125
1 0.484375 0.065625 0.059375 0.03125
0 0.5578125 0.05625 0.2 0.0625
1 0.55 0.2296875 0.0265625 0.0171875
1 0.475 0.184375 0.0171875 0.015625
1 0.5078125 0.1734375 0.0234375 0.0359375
0 0.52890625 0.37109375 0.2140625 0.1578125
1 0.4484375 0.3765625 0.01875 0.01875
1 0.4140625 0.375 0.009375 0.00625
1 0.484375 0.3875 0.0046875 0.028125
0 0.50625 0.2046875 0.325 0.359375
1 0.7921875 0.44375 0.025 0.0125
1 0.265625 0.9375 0.028125 0.021875
1 0.246875 0.865625 0.03125 0.021875
1 0.1453125 0.834375 0.0375 0.0265625
1 0.1796875 0.94375 0.0390625 0.0140625
1 0.0671875 0.9328125 0.046875 0.028125
1 0.025 0.9265625 0.03125 0.0203125
1 0.0078125 0.93125 0.015625 0.0375
1 0.2625 0.740625 0.0375 0.028125
1 0.2703125 0.753125 0.028125 0.03125
1 0.25625 0.79375 0.0203125 0.0234375
1 0.0296875 0.8859375 0.01875 0.0203125
1 0.1015625 0.7671875 0.0359375 0.0265625
1 0.1421875 0.7328125 0.0234375 0.0234375
1 0.0171875 0.7296875 0.0328125 0.0203125
1 0.021875 0.7515625 0.021875 0.01875
1 0.0046875 0.8 0.009375 0.028125
1 0.16875 0.715625 0.0203125 0.0265625
1 0.2140625 0.70625 0.034375 0.025
1 0.265625 0.68125 0.01875 0.025
1 0.2515625 0.6546875 0.0171875 0.03125
1 0.246875 0.628125 0.0171875 0.015625
1 0.2234375 0.5859375 0.0421875 0.0296875
1 0.1796875 0.6546875 0.0234375 0.03125
1 0.1484375 0.6296875 0.03125 0.034375
1 0.1375 0.678125 0.0265625 0.03125
1 0.0875 0.646875 0.021875 0.015625
1 0.27734375 0.45625 0.0328125 0.0125
1 0.28125 0.48125 0.034375 0.028125
1 0.290625 0.496875 0.0203125 0.021875
1 0.209375 0.496875 0.0390625 0.021875
1 0.2265625 0.5109375 0.0375 0.025
1 0.0828125 0.4890625 0.0421875 0.0359375
1 0.1578125 0.534375 0.028125 0.021875
1 0.025 0.50390625 0.05 0.0390625
1 0.0375 0.553125 0.0375 0.0375
1 0.0234375 0.6296875 0.0328125 0.03125
1 0.034375 0.6609375 0.034375 0.0328125
1 0.94375 0.5203125 0.015625 0.0078125
1 0.921875 0.5171875 0.00625 0.0078125
1 0.95 0.5859375 0.0140625 0.0171875
1 0.971875 0.6796875 0.0328125 0.0265625
1 0.93125 0.7515625 0.0078125 0.0125
1 0.8578125 0.9078125 0.0140625 0.0078125
1 0.859375 0.709375 0.00625 0.0046875
1 0.865625 0.6578125 0.0109375 0.0125
1 0.759375 0.4515625 0.009375 0.003125
1 0.76875 0.61875 0.053125 0.084375
1 0.7921875 0.73125 0.046875 0.06875
1 0.7765625 0.86875 0.0140625 0.0125
1 0.809375 0.9453125 0.0078125 0.00625
1 0.73125 0.9546875 0.0375 0.03125
0 0.7203125 0.90625 0.1015625 0.084375
0 0.625 0.9375 0.0421875 0.065625
1 0.71875 0.9171875 0.05625 0.065625
0 0.70625 0.7078125 0.128125 0.2
1 0.7609375 0.7484375 0.0125 0.021875
0 0.6484375 0.565625 0.225 0.15625
1 0.35 0.4546875 0.015625 0.009375
1 0.4859375 0.49375 0.021875 0.025
1 0.4875 0.540625 0.0265625 0.0375
1 0.4828125 0.5328125 0.03125 0.0203125
1 0.4671875 0.565625 0.00625 0.00625
1 0.340625 0.5625 0.0203125 0.021875
1 0.346875 0.5828125 0.021875 0.0109375
1 0.3640625 0.634375 0.0203125 0.0234375
1 0.3828125 0.7046875 0.0125 0.0171875
1 0.359375 0.696875 0.0171875 0.0171875
1 0.371875 0.7359375 0.015625 0.0171875
1 0.475 0.8109375 0.015625 0.021875
1 0.35625 0.7734375 0.0171875 0.0203125
1 0.3875 0.8390625 0.015625 0.0046875
1 0.48125 0.9109375 0.0078125 0.00625
1 0.4875 0.959375 0.009375 0.00625
1 0.3921875 0.9421875 0.0140625 0.0078125
1 0.39375 0.8953125 0.0109375 0.009375
1 0.3578125 0.903125 0.0296875 0.0296875
0 0.6890625 0.928125 0.059375 0.065625
1 0.640625 0.8 0.009375 0.0125
1 0.3453125 0.5703125 0.015625 0.0234375