1 0.1453125 0.3375 0.0203125 0.0203125
1 0.20625 0.3328125 0.04375 0.0234375
1 0.134375 0.284375 0.040625 0.0484375
1 0.1703125 0.2421875 0.0171875 0.0375
1 0.1421875 0.2109375 0.021875 0.0234375
0 0.3265625 0.22265625 0.10625 0.1734375
1 0.2515625 0.1359375 0.06875 0.0515625
1 0.36875 0.1109375 0.021875 0.025
1 0.19375 0.1046875 0.0625 0.0328125
1 0.24375 0.075 0.0125 0.0125
1 0.36875 0.0375 0.021875 0.0375
1 0.153125 0.02109375 0.084375 0.0421875
1 0.02890625 0.2015625 0.0578125 0.065625
1 0.025 0.2109375 0.0140625 0.0203125
1 0.00859375 0.24296875 0.0171875 0.0203125
1 0.075 0.0609375 0.0765625 0.065625
1 0.109375 0.1 0.0109375 0.021875
1 0.1453125 0.13125 0.021875 0.015625
1 0.02421875 0.08203125 0.0484375 0.0578125
1 0.028125 0.0640625 0.025 0.01875
1 0.01796875 0.03359375 0.0359375 0.0328125
1 0.2453125 0.1765625 0.0296875 0.0546875
1 0.1984375 0.0265625 0.0484375 0.0171875
1 0.3578125 0.03125 0.03125 0.025
0 0.89296875 0.078125 0.1390625 0.15625
1 0.503125 0.128125 0.0171875 0.0203125
1 0.4015625 0.321875 0.015625 0.021875
0 0.9046875 0.15625 0.1828125 0.2125
0 0.9015625 0.4203125 0.196875 0.153125
1 0.3453125 0.8359375 0.0171875 0.028125
1 0.3703125 0.82734375 0.01875 0.0359375
1 0.1828125 0.603125 0.0125 0.0234375
0 0.23046875 0.69453125 0.2984375 0.1984375
0 0.203125 0.7859375 0.2015625 0.35625
0 0.22421875 0.58984375 0.1984375 0.0421875
0 0.49140625 0.97578125 0.1703125 0.0484375
0 0.50625 0.9171875 0.0609375 0.090625
0 0.5390625 0.834375 0.1 0.109375
0 0.496875 0.746875 0.090625 0.0796875
1 0.6640625 0.9640625 0.0140625 0.015625
1 0.6359375 0.8921875 0.0125 0.0234375
1 0.64375 0.89375 0.0109375 0.015625
1 0.6578125 0.896875 0.0125 0.01875
1 0.8359375 0.79375 0.025 0.021875
1 0.8296875 0.825 0.0234375 0.025
1 0.8421875 0.834375 0.015625 0.0234375
1 0.8015625 0.865625 0.0265625 0.03125
1 0.80625 0.896875 0.028125 0.015625
1 0.809375 0.9046875 0.0328125 0.0203125
1 0.825 0.9171875 0.034375 0.0234375
1 0.85 0.9046875 0.0203125 0.01875
1 0.8875 0.940625 0.01875 0.0109375
1 0.8359375 0.9703125 0.04375 0.04375
1 0.79375 0.9515625 0.0296875 0.0296875
1 0.9921875 0.8265625 0.015625 0.14375
0 0.984375 0.98046875 0.03125 0.0390625
1 0.99296875 0.75546875 0.0140625 0.0203125