1 0.196875 0.159375 0.015625 0.00625
1 0.1765625 0.1984375 0.0140625 0.0078125
1 0.0296875 0.3390625 0.0125 0.0125
1 0.30625 0.5140625 0.0140625 0.01875
1 0.196875 0.609375 0.0125 0.0125
1 0.0578125 0.6078125 0.0171875 0.015625
0 0.46640625 0.58203125 0.0765625 0.0953125
0 0.45 0.43828125 0.11875 0.1078125
0 0.4421875 0.33359375 0.134375 0.0921875
0 0.4609375 0.2703125 0.096875 0.078125
0 0.4453125 0.1734375 0.128125 0.05625
0 0.45859375 0.1296875 0.1015625 0.0375
1 0.3203125 0.2703125 0.0765625 0.090625
1 0.30625 0.2203125 0.01875 0.00625
1 0.1578125 0.1203125 0.015625 0.0171875
1 0.0703125 0.1390625 0.015625 0.0140625
1 0.0796875 0.13125 0.0109375 0.0125
1 0.1453125 0.4234375 0.0078125 0.009375
1 0.1828125 0.43125 0.015625 0.015625
1 0.1953125 0.4015625 0.0484375 0.046875
0 0.0234375 0.46640625 0.046875 0.0828125
0 0.028125 0.2890625 0.05625 0.078125
0 0.80546875 0.4375 0.3890625 0.203125
0 0.840625 0.5296875 0.0078125 0.01875
0 0.8453125 0.49375 0.078125 0.0890625
0 0.790625 0.521875 0.0203125 0.034375
0 0.7125 0.515625 0.15625 0.0453125
1 0.6859375 0.3828125 0.0203125 0.0140625
1 0.6125 0.528125 0.0265625 0.021875
1 0.53515625 0.11640625 0.0515625 0.2109375
1 0.65 0.2203125 0.0203125 0.0453125
0 0.7953125 0.2171875 0.3078125 0.25625
0 0.815625 0.0796875 0.278125 0.134375
0 0.94375 0.05625 0.1125 0.0875
0 0.8890625 0.025 0.03125 0.025
1 0.1546875 0.671875 0.16875 0.084375
0 0.196875 0.7765625 0.0796875 0.1
0 0.19375 0.8796875 0.125 0.125
0 0.1875 0.934375 0.1515625 0.1046875
1 0.125 0.784375 0.1171875 0.0953125
1 0.0484375 0.846875 0.015625 0.015625
1 0.0515625 0.79375 0.015625 0.0234375
1 0.98828125 0.96875 0.0234375 0.021875
1 0.9953125 0.9328125 0.009375 0.025
1 0.98359375 0.82578125 0.0328125 0.0328125
0 0.93125 0.90625 0.090625 0.175
0 0.9109375 0.8125 0.109375 0.1109375
0 0.8875 0.7359375 0.1421875 0.053125
1 0.984375 0.759375 0.03125 0.025
1 0.703125 0.8296875 0.065625 0.065625
1 0.7734375 0.7828125 0.04375 0.03125
1 0.7328125 0.940625 0.0328125 0.0375
1 0.821875 0.909375 0.040625 0.028125
1 0.70625 0.9734375 0.0265625 0.0265625
1 0.515625 0.8859375 0.0125 0.034375
1 0.565625 0.9046875 0.0265625 0.025