1 0.1453125 0.1515625 0.0671875 0.0484375
1 0.1078125 0.1765625 0.0265625 0.021875
1 0.0265625 0.15 0.03125 0.021875
1 0.1421875 0.0453125 0.0375 0.0359375
1 0.021875 0.471875 0.04375 0.065625
1 0.065625 0.259375 0.0375 0.05
1 0.0109375 0.20234375 0.021875 0.0265625
1 0.04375 0.2203125 0.0265625 0.0375
1 0.209375 0.234375 0.0453125 0.053125
1 0.2578125 0.2453125 0.05625 0.040625
1 0.3203125 0.2515625 0.0546875 0.0375
1 0.2359375 0.190625 0.034375 0.01875
1 0.3 0.178125 0.040625 0.0265625
1 0.2109375 0.328125 0.0359375 0.059375
1 0.196875 0.390625 0.053125 0.0328125
1 0.1875 0.4734375 0.03125 0.0359375
1 0.221875 0.484375 0.0234375 0.0328125
1 0.1125 0.4546875 0.0265625 0.021875
1 0.1015625 0.51875 0.025 0.034375
1 0.478125 0.425 0.0484375 0.0578125
1 0.5078125 0.140625 0.0265625 0.0328125
1 0.4765625 0.140625 0.01875 0.021875
1 0.490625 0.1625 0.0328125 0.021875
0 0.2984375 0.509375 0.296875 0.0890625
0 0.25 0.1125 0.184375 0.1703125
1 0.315625 0.1078125 0.0796875 0.075
0 0.9359375 0.20234375 0.128125 0.0546875
1 0.8734375 0.2578125 0.0359375 0.03125
1 0.8765625 0.2828125 0.034375 0.025
1 0.940625 0.28125 0.0484375 0.021875
1 0.8875 0.31875 0.0484375 0.034375
1 0.9859375 0.290625 0.025 0.021875
1 0.99609375 0.3046875 0.0078125 0.025
1 0.9890625 0.50546875 0.021875 0.0640625
1 0.78515625 0.596875 0.0328125 0.025
1 0.8390625 0.5765625 0.0359375 0.03125
1 0.8578125 0.55625 0.059375 0.0390625
1 0.875 0.521875 0.0390625 0.040625
1 0.83125 0.4546875 0.0359375 0.0296875
1 0.8671875 0.4609375 0.0375 0.034375
1 0.7765625 0.4296875 0.03125 0.0390625
1 0.675 0.3390625 0.034375 0.040625
1 0.725 0.3453125 0.046875 0.0453125
1 0.721875 0.315625 0.0203125 0.0125
1 0.6671875 0.2640625 0.034375 0.025
1 0.703125 0.2859375 0.03125 0.021875
1 0.6015625 0.2734375 0.05 0.0484375
1 0.6421875 0.19375 0.03125 0.0328125
1 0.665625 0.5875 0.040625 0.0328125
1 0.5921875 0.4015625 0.021875 0.0234375
1 0.6109375 0.5109375 0.03125 0.0234375
1 0.9015625 0.3515625 0.0390625 0.0375
1 0.8421875 0.3046875 0.0296875 0.034375
1 0.8453125 0.3484375 0.0359375 0.03125
1 0.871875 0.1875 0.028125 0.0234375
1 0.934375 0.33125 0.0234375 0.0140625
0 0.9421875 0.40703125 0.115625 0.1859375
0 0.94453125 0.53515625 0.1078125 0.1484375
1 0.6578125 0.3703125 0.040625 0.0421875
1 0.7609375 0.2015625 0.0265625 0.025
1 0.74375 0.19375 0.0203125 0.0265625
1 0.71875 0.2015625 0.0390625 0.0453125
1 0.68125 0.19375 0.015625 0.015625
1 0.775 0.290625 0.0203125 0.0203125
1 0.7734375 0.2703125 0.04375 0.034375
1 0.74375 0.38125 0.0375 0.021875
1 0.715625 0.390625 0.03125 0.040625
1 0.7109375 0.4609375 0.0125 0.021875
1 0.728125 0.4421875 0.0390625 0.0375
1 0.9078125 0.6078125 0.021875 0.003125
1 0.959375 0.2984375 0.01875 0.0109375
1 0.325 0.8390625 0.0171875 0.0078125
1 0.05625 0.63125 0.021875 0.028125
1 0.115625 0.8421875 0.01875 0.01875
0 0.1234375 0.815625 0.2109375 0.2375
1 0.025 0.884375 0.0109375 0.0109375
1 0.0328125 0.7609375 0.0140625 0.009375
0 0.15703125 0.67109375 0.1953125 0.1234375
1 0.2421875 0.91875 0.0140625 0.0109375
1 0.2625 0.61875 0.009375 0.003125
1 0.4 0.7046875 0.021875 0.034375
1 0.55 0.9765625 0.0296875 0.0234375
1 0.7546875 0.85625 0.0171875 0.015625
1 0.7328125 0.9265625 0.0203125 0.0265625
1 0.7375 0.9640625 0.028125 0.0234375
0 0.84765625 0.921875 0.0765625 0.15625
1 0.8359375 0.9703125 0.0109375 0.0203125
1 0.8953125 0.95 0.034375 0.0375
1 0.8828125 0.9453125 0.015625 0.0125
1 0.940625 0.959375 0.034375 0.0328125
1 0.8890625 0.878125 0.01875 0.0375
1 0.90625 0.8796875 0.021875 0.028125
1 0.88046875 0.99296875 0.0171875 0.0140625
0 0.9578125 0.903125 0.0609375 0.1171875
1 0.9734375 0.9796875 0.0421875 0.040625
1 0.98515625 0.99609375 0.0140625 0.0078125