1 0.459375 0.49296875 0.01875 0.0140625
1 0.2078125 0.446875 0.03125 0.0328125
1 0.3234375 0.38125 0.009375 0.015625
1 0.4375 0.3328125 0.0078125 0.0109375
1 0.0375 0.3296875 0.015625 0.015625
1 0.421875 0.325 0.01875 0.01875
1 0.25 0.3140625 0.009375 0.0109375
1 0.0328125 0.25 0.0140625 0.03125
1 0.4609375 0.221875 0.0171875 0.0171875
1 0.534375 0.2 0.009375 0.025
1 0.303125 0.2 0.0140625 0.028125
1 0.4140625 0.18125 0.0140625 0.015625
1 0.40625 0.084375 0.0109375 0.0125
1 0.040625 0.3828125 0.0203125 0.0203125
1 0.03125 0.1265625 0.034375 0.025
1 0.09375 0.0953125 0.05 0.0359375
1 0.2359375 0.0796875 0.021875 0.00625
1 0.225 0.1 0.015625 0.0125
1 0.3109375 0.1375 0.0453125 0.0328125
0 0.25625 0.1828125 0.075 0.15
0 0.290625 0.2703125 0.1046875 0.06875
1 0.3515625 0.3015625 0.0171875 0.00625
0 0.2625 0.4078125 0.134375 0.096875
1 0.2265625 0.4 0.0234375 0.025
0 0.278125 0.471875 0.15 0.05625
1 0.515625 0.14375 0.0109375 0.0125
1 0.3328125 0.30625 0.015625 0.0375
1 0.5015625 0.1078125 0.009375 0.0140625
0 0.65 0.190625 0.221875 0.30625
1 0.715625 0.115625 0.021875 0.046875
1 0.8578125 0.240625 0.046875 0.059375
1 0.99140625 0.328125 0.0171875 0.03125
0 0.5953125 0.2953125 0.1125 0.090625
1 0.003125 0.821875 0.00625 0.028125
1 0.246875 0.6515625 0.025 0.03125
1 0.340625 0.56875 0.0265625 0.015625
0 0.459375 0.61953125 0.159375 0.2390625
0 0.48046875 0.79296875 0.1171875 0.2015625
0 0.4875 0.8515625 0.103125 0.090625
1 0.7109375 0.97265625 0.0375 0.0546875
1 0.6578125 0.953125 0.015625 0.03125
1 0.7328125 0.9375 0.0265625 0.0421875
1 0.98359375 0.86015625 0.0328125 0.0234375
1 0.840625 0.84375 0.01875 0.0234375
1 0.621875 0.8421875 0.05625 0.03125
1 0.546875 0.83046875 0.015625 0.0484375
1 0.765625 0.7546875 0.0296875 0.01875
1 0.75625 0.728125 0.059375 0.0375
1 0.80625 0.68125 0.0140625 0.009375
1 0.6671875 0.684375 0.009375 0.0234375
1 0.55234375 0.665625 0.0265625 0.0125
1 0.55546875 0.61015625 0.0328125 0.0640625
1 0.5703125 0.64375 0.0625 0.03125
1 0.6125 0.6875 0.0859375 0.06875
1 0.596875 0.628125 0.0390625 0.0453125
1 0.6375 0.6296875 0.0421875 0.0546875
1 0.6265625 0.9296875 0.0390625 0.040625
1 0.590625 0.965625 0.103125 0.06875
1 0.5578125 0.9671875 0.0234375 0.0375
1 0.584375 0.746875 0.0421875 0.040625
1 0.6046875 0.7578125 0.0390625 0.0359375
1 0.628125 0.784375 0.01875 0.021875
1 0.6859375 0.6203125 0.0296875 0.01875
1 0.6953125 0.60625 0.0875 0.0546875
1 0.7421875 0.6125 0.015625 0.028125
1 0.7578125 0.5953125 0.03125 0.028125
1 0.753125 0.659375 0.0625 0.0578125
1 0.7890625 0.6984375 0.028125 0.0453125
1 0.8296875 0.6296875 0.04375 0.053125
1 0.8484375 0.590625 0.0515625 0.0234375
1 0.703125 0.6734375 0.0421875 0.0609375
1 0.775 0.8078125 0.0375 0.0265625
1 0.6828125 0.853125 0.0546875 0.034375
1 0.69375 0.86875 0.021875 0.0203125
1 0.69375 0.7203125 0.04375 0.0390625
1 0.70625 0.7453125 0.03125 0.03125
1 0.69375 0.7921875 0.1359375 0.1265625
1 0.7796875 0.9140625 0.021875 0.028125
1 0.78125 0.8859375 0.053125 0.034375
1 0.821875 0.9125 0.0703125 0.0390625
1 0.8359375 0.94375 0.0265625 0.0234375
1 0.85625 0.94375 0.0171875 0.025
0 0.9171875 0.9796875 0.0625 0.040625
1 0.8765625 0.98125 0.0375 0.0375
1 0.978125 0.9796875 0.0375 0.0390625
0 0.9359375 0.9171875 0.128125 0.084375
1 0.98984375 0.934375 0.0203125 0.03125
0 0.925 0.8453125 0.0859375 0.090625
1 0.9734375 0.825 0.009375 0.021875
1 0.9578125 0.7953125 0.04375 0.028125
1 0.9125 0.8 0.03125 0.0515625
1 0.9359375 0.775 0.009375 0.009375
1 0.8421875 0.790625 0.0328125 0.05625
1 0.99453125 0.7890625 0.0109375 0.059375
1 0.984375 0.75625 0.03125 0.065625
1 0.8453125 0.671875 0.0671875 0.053125
1 0.840625 0.725 0.0984375 0.075
1 0.8671875 0.784375 0.04375 0.0453125
1 0.8875 0.75 0.0609375 0.0375
0 0.940625 0.684375 0.11875 0.109375
1 0.8875 0.6234375 0.04375 0.03125
1 0.9328125 0.60625 0.0890625 0.05
1 0.915625 0.640625 0.0515625 0.034375
1 0.9828125 0.603125 0.034375 0.04375
1 0.984375 0.6421875 0.028125 0.025
1 0.8953125 0.5953125 0.040625 0.0328125
0 0.95625 0.584375 0.05625 0.0125