0 0.146875 0.50625 0.134375 0.065625
1 0.159375 0.4078125 0.0453125 0.040625
0 0.29609375 0.50078125 0.2015625 0.0765625
0 0.47734375 0.50390625 0.1453125 0.0703125
1 0.284375 0.359375 0.059375 0.0859375
1 0.2625 0.3234375 0.0484375 0.0359375
1 0.2609375 0.4421875 0.0328125 0.0296875
1 0.125 0.328125 0.071875 0.04375
1 0.2015625 0.2375 0.0234375 0.028125
1 0.278125 0.215625 0.028125 0.0359375
1 0.3140625 0.215625 0.028125 0.04375
1 0.4796875 0.240625 0.0578125 0.0484375
1 0.540625 0.31484375 0.01875 0.0546875
0 0.21484375 0.0421875 0.0953125 0.084375
0 0.4421875 0.0375 0.125 0.075
1 0.51484375 0.0390625 0.0703125 0.078125
1 0.3859375 0.01484375 0.04375 0.0296875
1 0.2125 0.3515625 0.0234375 0.0265625
1 0.8953125 0.4265625 0.1015625 0.1015625
1 0.959375 0.484375 0.071875 0.0578125
1 0.56953125 0.26640625 0.0390625 0.0390625
1 0.628125 0.1390625 0.021875 0.0171875
1 0.6546875 0.1890625 0.025 0.0296875
1 0.7125 0.2453125 0.034375 0.0390625
1 0.69375 0.13125 0.0484375 0.05625
1 0.7765625 0.0328125 0.021875 0.0390625
1 0.8015625 0.046875 0.01875 0.0296875
1 0.97890625 0.00546875 0.0296875 0.0109375
1 0.734375 0.0515625 0.0140625 0.0140625
1 0.9546875 0.3625 0.0203125 0.0296875
1 0.99140625 0.42109375 0.0171875 0.0359375
0 0.76875 0.4234375 0.2 0.1953125
0 0.69375 0.396875 0.128125 0.109375
1 0.5109375 0.6390625 0.015625 0.0140625
1 0.5078125 0.7234375 0.0171875 0.0125
1 0.471875 0.8203125 0.009375 0.00625
1 0.44375 0.85625 0.0140625 0.0265625
1 0.4375 0.5828125 0.0109375 0.0078125
1 0.43125 0.6 0.0078125 0.0125
1 0.43125 0.7546875 0.009375 0.009375
1 0.43828125 0.54609375 0.0296875 0.0140625
1 0.4265625 0.7 0.0296875 0.03125
1 0.3921875 0.8046875 0.021875 0.01875
1 0.3390625 0.609375 0.0234375 0.0203125
1 0.27421875 0.9953125 0.0078125 0.009375
1 0.26875 0.5828125 0.0125 0.01875
1 0.2140625 0.878125 0.0109375 0.015625
1 0.096875 0.9484375 0.015625 0.015625
1 0.4015625 0.8328125 0.0171875 0.015625
1 0.8203125 0.99375 0.034375 0.0125
1 0.98515625 0.92578125 0.0296875 0.0390625
1 0.9546875 0.7734375 0.0140625 0.0234375
1 0.9265625 0.9625 0.025 0.015625
1 0.803125 0.8578125 0.034375 0.015625
1 0.89375 0.828125 0.01875 0.0265625
1 0.9453125 0.74375 0.0234375 0.0140625
1 0.7609375 0.815625 0.0125 0.0140625
1 0.725 0.9 0.0046875 0.009375
1 0.7421875 0.971875 0.025 0.01875
1 0.6609375 0.928125 0.03125 0.0203125
1 0.6984375 0.8625 0.0421875 0.0453125
1 0.6578125 0.8515625 0.0296875 0.0421875
1 0.6625 0.8828125 0.0390625 0.0453125
1 0.6828125 0.7734375 0.0890625 0.0984375
1 0.8421875 0.7234375 0.021875 0.025
1 0.7125 0.6859375 0.0203125 0.01875
1 0.7484375 0.6421875 0.0140625 0.0109375
0 0.6953125 0.57421875 0.115625 0.0703125
1 0.75 0.61875 0.0078125 0.0046875
1 0.753125 0.6078125 0.0078125 0.0078125
1 0.7921875 0.5625 0.0296875 0.025
1 0.853125 0.565625 0.021875 0.0234375
1 0.853125 0.55 0.0109375 0.0109375
1 0.8390625 0.684375 0.025 0.01875
1 0.8546875 0.6171875 0.0296875 0.0296875
1 0.8484375 0.6296875 0.021875 0.0328125
1 0.8453125 0.6515625 0.0171875 0.015625
0 0.7984375 0.571875 0.0875 0.065625
1 0.8109375 0.5890625 0.021875 0.0265625
0 0.9578125 0.575 0.084375 0.071875