0 0.225 0.2046875 0.0609375 0.0953125
1 0.2453125 0.18125 0.028125 0.0203125
0 0.26953125 0.2234375 0.0609375 0.078125
1 0.284375 0.26484375 0.03125 0.0265625
1 0.1046875 0.35 0.03125 0.040625
0 0.11875 0.2046875 0.0828125 0.1375
0 0.04609375 0.18515625 0.0921875 0.2046875
1 0.2359375 0.3640625 0.01875 0.0234375
0 0.946875 0.04296875 0.10625 0.0859375
0 0.86484375 0.0671875 0.2703125 0.134375
1 0.953125 0.1671875 0.0203125 0.025
1 0.825 0.284375 0.0234375 0.025
0 0.7265625 0.11796875 0.253125 0.2359375
0 0.55625 0.0859375 0.109375 0.171875
1 0.928125 0.2984375 0.0359375 0.03125
1 0.871875 0.2921875 0.0328125 0.01875
1 0.578125 0.2890625 0.0296875 0.034375
1 0.6109375 0.290625 0.0296875 0.01875
1 0.6203125 0.2640625 0.0296875 0.021875
1 0.15 0.5546875 0.0359375 0.0328125
1 0.1671875 0.9625 0.015625 0.0203125
1 0.1765625 0.8046875 0.0328125 0.025
1 0.1875 0.6859375 0.021875 0.021875
1 0.2328125 0.7703125 0.021875 0.01875
1 0.2265625 0.99609375 0.0375 0.0078125
1 0.2375 0.6828125 0.021875 0.0234375
1 0.2375 0.71875 0.01875 0.0125
1 0.2890625 0.6703125 0.01875 0.0171875
1 0.28828125 0.70390625 0.0234375 0.0390625
1 0.0953125 0.9515625 0.00625 0.015625
1 0.2484375 0.925 0.0140625 0.028125
1 0.271875 0.996875 0.009375 0.00625
1 0.2375 0.79375 0.0171875 0.021875
1 0.1640625 0.7 0.0203125 0.021875
1 0.159375 0.675 0.025 0.0265625
1 0.1859375 0.4515625 0.04375 0.0421875
1 0.2609375 0.5328125 0.0328125 0.034375
1 0.1265625 0.44375 0.015625 0.015625
1 0.10234375 0.44140625 0.0453125 0.0453125
0 0.11484375 0.54765625 0.1578125 0.2578125
0 0.16796875 0.59765625 0.2640625 0.3296875
0 0.146875 0.6046875 0.2234375 0.0625
1 0.9703125 0.5734375 0.0578125 0.0625
1 0.675 0.696875 0.0203125 0.0171875
1 0.665625 0.709375 0.0125 0.0140625
1 0.63125 0.5078125 0.0484375 0.03125
1 0.56796875 0.43359375 0.0390625 0.0296875
1 0.809375 0.5109375 0.021875 0.0203125
1 0.7984375 0.859375 0.0625 0.090625
1 0.72265625 0.99375 0.0109375 0.0125
1 0.7921875 0.9578125 0.015625 0.025
1 0.7921875 0.91875 0.0203125 0.028125
1 0.928125 0.7765625 0.00625 0.0078125
1 0.71875 0.840625 0.0078125 0.00625
1 0.890625 0.7359375 0.00625 0.0078125
0 0.91171875 0.82578125 0.1765625 0.2171875
1 0.921875 0.9140625 0.0234375 0.0125
0 0.5671875 0.875 0.1390625 0.10625
1 0.59375 0.8796875 0.0125 0.0203125
0 0.7 0.8703125 0.1921875 0.2203125