0 0.50625 0.56640625 0.475 0.1046875
1 0.34375 0.5609375 0.0203125 0.0140625
1 0.071875 0.2671875 0.0359375 0.0453125
1 0.1375 0.2953125 0.1640625 0.2109375
1 0.1265625 0.2546875 0.0328125 0.040625
1 0.3078125 0.3984375 0.0203125 0.0453125
0 0.453125 0.3953125 0.3078125 0.25625
0 0.4734375 0.2578125 0.278125 0.134375
0 0.6171875 0.234375 0.14375 0.0875
0 0.546875 0.203125 0.03125 0.025
1 0.759375 0.371875 0.01875 0.01875
1 0.5546875 0.6234375 0.040625 0.009375
1 0.490625 0.6359375 0.0125 0.0265625
1 0.5359375 0.6484375 0.0265625 0.0328125
1 0.73203125 0.6609375 0.0359375 0.028125
1 0.55625 0.6703125 0.040625 0.0453125
1 0.5890625 0.7453125 0.015625 0.01875
1 0.5625 0.734375 0.0328125 0.034375
1 0.0265625 0.76875 0.05 0.03125
1 0.3765625 0.790625 0.009375 0.015625
1 0.234375 0.815625 0.03125 0.0515625
1 0.5546875 0.8390625 0.0625 0.046875
1 0.0765625 0.8390625 0.0421875 0.06875
1 0.125 0.8875 0.046875 0.06875
1 0.19375 0.9640625 0.0328125 0.034375
1 0.21484375 0.98515625 0.0421875 0.0296875
1 0.65546875 0.9859375 0.0390625 0.028125
1 0.6 0.9203125 0.025 0.034375
1 0.5921875 0.978125 0.040625 0.04375
1 0.5390625 0.9453125 0.0421875 0.0625
1 0.5390625 0.78125 0.053125 0.05625
1 0.5109375 0.765625 0.0359375 0.0375
1 0.4359375 0.640625 0.078125 0.04375
1 0.4015625 0.640625 0.0234375 0.0171875
0 0.36171875 0.68046875 0.1640625 0.1234375
1 0.26875 0.728125 0.046875 0.0515625
1 0.278125 0.6921875 0.0234375 0.0578125
1 0.2328125 0.62734375 0.04375 0.0171875
1 0.4453125 0.7890625 0.0484375 0.0734375
1 0.39375 0.821875 0.025 0.0328125
0 0.4140625 0.853125 0.1140625 0.1109375
0 0.3515625 0.8703125 0.084375 0.1375
0 0.34453125 0.94375 0.1828125 0.1125
1 0.075 0.7953125 0.05625 0.021875
1 0.03125 0.8984375 0.0390625 0.046875
1 0.05390625 0.98671875 0.0671875 0.0265625
1 0.0109375 0.97421875 0.021875 0.0515625
1 0.04296875 0.94375 0.0859375 0.071875
1 0.1 0.746875 0.0484375 0.0640625
1 0.10859375 0.63046875 0.0234375 0.0234375
1 0.0515625 0.69375 0.0703125 0.0609375
1 0.0671875 0.63984375 0.090625 0.0421875
1 0.8890625 0.6359375 0.0328125 0.021875
1 0.8375 0.6796875 0.0546875 0.0515625
1 0.759375 0.784375 0.0109375 0.03125