1 0.075 0.4828125 0.03125 0.0296875
1 0.1125 0.4875 0.03125 0.0421875
1 0.159375 0.459375 0.053125 0.06875
1 0.0734375 0.4109375 0.0328125 0.04375
1 0.1375 0.3828125 0.028125 0.0296875
1 0.234375 0.4484375 0.0984375 0.1109375
1 0.171875 0.425 0.028125 0.0375
1 0.221875 0.515625 0.025 0.0328125
1 0.2640625 0.534375 0.0453125 0.0296875
1 0.2890625 0.5046875 0.0296875 0.01875
1 0.321875 0.48125 0.05 0.0390625
1 0.340625 0.428125 0.0296875 0.0390625
1 0.29375 0.4140625 0.0375 0.046875
1 0.265625 0.415625 0.021875 0.028125
1 0.321875 0.375 0.0234375 0.0203125
1 0.2609375 0.3140625 0.090625 0.096875
1 0.2078125 0.2953125 0.0265625 0.0328125
1 0.1734375 0.2546875 0.04375 0.05
1 0.35625 0.31875 0.04375 0.0390625
1 0.3984375 0.40625 0.0484375 0.0375
1 0.3890625 0.359375 0.0296875 0.0546875
1 0.3390625 0.278125 0.0296875 0.03125
1 0.3890625 0.25 0.034375 0.034375
1 0.4359375 0.22734375 0.028125 0.0453125
1 0.43828125 0.15859375 0.0234375 0.0484375
0 0.3578125 0.153125 0.1265625 0.184375
1 0.4015625 0.06875 0.0953125 0.08125
1 0.4078125 0.0046875 0.0625 0.009375
1 0.2984375 0.040625 0.059375 0.08125
1 0.259375 0.0546875 0.0234375 0.034375
1 0.125 0.00859375 0.028125 0.0171875
1 0.16875 0.0578125 0.059375 0.0453125
0 0.1578125 0.1484375 0.2015625 0.1421875
1 0.078125 0.2203125 0.04375 0.0390625
1 0.128125 0.325 0.025 0.0234375
1 0.3515625 0.54296875 0.028125 0.0328125
1 0.384375 0.5390625 0.04375 0.040625
1 0.4109375 0.525 0.0703125 0.059375
1 0.428125 0.478125 0.04375 0.05625
1 0.3609375 0.484375 0.0265625 0.0390625
1 0.2265625 0.2734375 0.025 0.03125
1 0.20234375 0.01171875 0.0234375 0.0234375
1 0.2390625 0.0203125 0.053125 0.040625
1 0.1875 0.0875 0.0390625 0.034375
1 0.18125 0.11875 0.0390625 0.040625
1 0.7109375 0.521875 0.021875 0.0265625
1 0.6484375 0.4859375 0.0265625 0.0359375
1 0.6140625 0.471875 0.034375 0.03125
1 0.5234375 0.290625 0.0296875 0.0390625
1 0.70625 0.2703125 0.0203125 0.0109375
1 0.6953125 0.2890625 0.0140625 0.028125
1 0.63125 0.1859375 0.025 0.015625
1 0.7203125 0.0484375 0.0359375 0.0234375
0 0.759375 0.159375 0.021875 0.125
1 0.7390625 0.1859375 0.0203125 0.03125
1 0.75625 0.1453125 0.0078125 0.0171875
0 0.5609375 0.1453125 0.109375 0.115625
0 0.48984375 0.13671875 0.0796875 0.1046875
1 0.4828125 0.078125 0.0296875 0.0203125
0 0.46796875 0.11953125 0.0359375 0.1015625
1 0.40703125 0.9984375 0.0109375 0.003125
1 0.41640625 0.99296875 0.0234375 0.0140625
1 0.40625 0.9671875 0.0234375 0.0296875
1 0.409375 0.8953125 0.0171875 0.0078125
1 0.4265625 0.9671875 0.0265625 0.0234375
1 0.4328125 0.92578125 0.034375 0.0484375
1 0.328125 0.875 0.015625 0.0078125
1 0.3359375 0.8203125 0.0125 0.0109375
1 0.359375 0.9546875 0.028125 0.0140625
1 0.3296875 0.971875 0.0078125 0.0078125
1 0.2703125 0.8234375 0.05625 0.0265625
1 0.4046875 0.759375 0.01875 0.0546875
1 0.409375 0.7234375 0.04375 0.0265625
1 0.2734375 0.65625 0.040625 0.071875
1 0.3140625 0.659375 0.03125 0.03125
1 0.43125 0.6109375 0.03125 0.015625
1 0.3640625 0.6171875 0.0203125 0.0359375
1 0.3359375 0.5875 0.0234375 0.01875
1 0.3921875 0.5640625 0.0625 0.009375
0 0.440625 0.6203125 0.01875 0.046875
1 0.403125 0.603125 0.09375 0.0875
0 0.275 0.6 0.03125 0.0234375
1 0.271875 0.61875 0.0140625 0.0328125
0 0.23828125 0.590625 0.0515625 0.0625
1 0.2765625 0.6171875 0.053125 0.0203125
1 0.9515625 0.9125 0.0421875 0.0390625
1 0.8578125 0.8921875 0.0390625 0.0578125
1 0.7875 0.8828125 0.0296875 0.034375
1 0.8140625 0.8296875 0.034375 0.0359375
1 0.7765625 0.85625 0.03125 0.025
1 0.70625 0.975 0.065625 0.05
1 0.74765625 0.97890625 0.0390625 0.0421875
1 0.60078125 0.98203125 0.0328125 0.0359375
1 0.65546875 0.99296875 0.0203125 0.0140625
1 0.6703125 0.884375 0.084375 0.115625
1 0.6421875 0.8390625 0.046875 0.0421875
1 0.6140625 0.86875 0.0171875 0.0296875
0 0.5921875 0.871875 0.0421875 0.0703125
1 0.896875 0.8140625 0.05625 0.05
1 0.909375 0.909375 0.059375 0.053125
0 0.9328125 0.859375 0.134375 0.0625
1 0.83125 0.9328125 0.0203125 0.021875
1 0.65625 0.734375 0.0203125 0.0171875
1 0.625 0.6578125 0.01875 0.028125
1 0.65 0.640625 0.021875 0.0265625
1 0.6921875 0.6890625 0.040625 0.0453125
1 0.6796875 0.7484375 0.0234375 0.0203125
1 0.721875 0.640625 0.0234375 0.0375
1 0.7453125 0.671875 0.0359375 0.03125
1 0.78125 0.7046875 0.0171875 0.0203125
1 0.74375 0.7140625 0.01875 0.01875
1 0.8 0.790625 0.021875 0.028125
1 0.8390625 0.71875 0.0328125 0.0234375
1 0.815625 0.6515625 0.0265625 0.0421875
1 0.846875 0.6890625 0.03125 0.021875
1 0.775 0.5671875 0.03125 0.015625
1 0.6734375 0.571875 0.040625 0.0234375
1 0.9578125 0.59375 0.0484375 0.04375
1 0.9296875 0.7203125 0.01875 0.034375
1 0.909375 0.7359375 0.0203125 0.0140625
1 0.99375 0.6578125 0.0125 0.025
1 0.996875 0.6046875 0.00625 0.03125
1 0.5828125 0.740625 0.0234375 0.0265625
1 0.925 0.665625 0.01875 0.0140625