1 0.00234375 0.2875 0.0046875 0.0125
1 0.1359375 0.2 0.0265625 0.015625
1 0.1359375 0.096875 0.0515625 0.0296875
1 0.1625 0.434375 0.015625 0.0234375
1 0.1703125 0.1265625 0.0109375 0.0125
1 0.196875 0.1921875 0.015625 0.01875
1 0.1953125 0.34375 0.0359375 0.0234375
1 0.2078125 0.0421875 0.0234375 0.015625
1 0.1859375 0.2265625 0.071875 0.0546875
1 0.2171875 0.06875 0.0078125 0.0140625
1 0.2671875 0.3953125 0.0296875 0.0140625
1 0.3171875 0.25625 0.021875 0.0140625
1 0.371875 0.034375 0.0296875 0.015625
1 0.4 0.19375 0.0171875 0.028125
1 0.146875 0.2234375 0.021875 0.0234375
1 0.096875 0.2109375 0.03125 0.028125
1 0.096875 0.16875 0.0140625 0.009375
1 0.0421875 0.134375 0.040625 0.071875
1 0.065625 0.0765625 0.0546875 0.0921875
1 0.1 0.0953125 0.01875 0.015625
1 0.2890625 0.0125 0.034375 0.025
1 0.26171875 0.00859375 0.0265625 0.0171875
0 0.396875 0.01015625 0.025 0.0203125
1 0.31875 0.1546875 0.021875 0.015625
1 0.321875 0.1671875 0.053125 0.015625
1 0.325 0.1796875 0.046875 0.0203125
1 0.25 0.2375 0.040625 0.025
1 0.234375 0.284375 0.0640625 0.0546875
1 0.1921875 0.2625 0.0265625 0.015625
1 0.275 0.278125 0.0390625 0.0546875
1 0.3875 0.265625 0.01875 0.01875
1 0.36875 0.2765625 0.0125 0.0203125
1 0.3953125 0.3015625 0.0265625 0.0578125
1 0.11875 0.30625 0.015625 0.021875
1 0.00546875 0.33203125 0.0109375 0.0109375
0 0.325 0.459375 0.103125 0.1
1 0.365625 0.45625 0.046875 0.04375
1 0.26328125 0.50390625 0.0234375 0.0109375
1 0.2140625 0.48125 0.01875 0.0515625
1 0.25625 0.478125 0.0375 0.0390625
1 0.225 0.4734375 0.0203125 0.0484375
0 0.115625 0.46640625 0.128125 0.0859375
0 0.0375 0.459375 0.075 0.075
1 0.0484375 0.484375 0.025 0.0140625
1 0.5390625 0.16875 0.0546875 0.0375
1 0.546875 0.1984375 0.0109375 0.0203125
1 0.5796875 0.1828125 0.03125 0.01875
1 0.5390625 0.1140625 0.0671875 0.03125
1 0.571875 0.08125 0.046875 0.0296875
1 0.625 0.0046875 0.05 0.009375
1 0.6203125 0.0671875 0.0375 0.0265625
1 0.61875 0.084375 0.009375 0.0109375
1 0.6203125 0.1125 0.0375 0.0765625
1 0.609375 0.153125 0.0171875 0.0140625
1 0.8234375 0.00625 0.03125 0.0125
1 0.71875 0.0640625 0.046875 0.0390625
1 0.6703125 0.1046875 0.0546875 0.059375
1 0.6890625 0.1203125 0.025 0.034375
1 0.73125 0.1 0.0546875 0.0703125
1 0.728125 0.1328125 0.0140625 0.025
1 0.734375 0.1625 0.053125 0.0328125
1 0.7265625 0.18125 0.0203125 0.0171875
1 0.7375 0.2171875 0.021875 0.028125
1 0.7671875 0.1265625 0.0359375 0.0640625
1 0.796875 0.125 0.028125 0.03125
1 0.784375 0.2078125 0.075 0.046875
1 0.8328125 0.2015625 0.0125 0.0421875
0 0.7984375 0.2765625 0.0796875 0.11875
0 0.725 0.278125 0.0875 0.0828125
0 0.6671875 0.2578125 0.109375 0.153125
1 0.7140625 0.328125 0.053125 0.046875
1 0.709375 0.3625 0.05 0.0390625
1 0.7046875 0.4 0.046875 0.025
1 0.7546875 0.3234375 0.028125 0.01875
1 0.7359375 0.3609375 0.01875 0.0078125
1 0.7515625 0.3921875 0.028125 0.0265625
1 0.8296875 0.3640625 0.0171875 0.028125
1 0.825 0.3859375 0.0265625 0.0125
1 0.821875 0.415625 0.0296875 0.028125
1 0.6375 0.3359375 0.0578125 0.084375
1 0.63125 0.36875 0.0296875 0.0234375
1 0.6875 0.4453125 0.028125 0.0203125
1 0.5921875 0.34375 0.04375 0.03125
1 0.5796875 0.3078125 0.0640625 0.0625
1 0.6015625 0.253125 0.028125 0.025
1 0.5515625 0.3609375 0.0390625 0.0265625
1 0.55 0.3765625 0.0234375 0.009375
1 0.584375 0.403125 0.065625 0.0546875
1 0.521875 0.25078125 0.04375 0.0359375
1 0.5390625 0.3 0.053125 0.0765625
1 0.54375 0.2453125 0.04375 0.0203125
1 0.5203125 0.4625 0.040625 0.084375
1 0.51796875 0.50390625 0.0359375 0.0109375
1 0.53125 0.465625 0.0421875 0.034375
1 0.5875 0.484375 0.040625 0.04375
1 0.5578125 0.50546875 0.028125 0.0078125
1 0.6046875 0.4453125 0.065625 0.0796875
1 0.6671875 0.475 0.03125 0.034375
1 0.71875 0.4703125 0.0265625 0.025
1 0.7671875 0.46875 0.0625 0.08125
1 0.72890625 0.4984375 0.0671875 0.021875
1 0.8140625 0.484375 0.0484375 0.0390625
1 0.321875 0.525 0.0140625 0.0140625
1 0.303125 0.559375 0.0078125 0.0140625
1 0.44453125 0.51875 0.0234375 0.01875
1 0.425 0.5421875 0.0203125 0.0203125
1 0.4015625 0.51640625 0.021875 0.0140625
1 0.3921875 0.5453125 0.0078125 0.0109375
1 0.2484375 0.5296875 0.0140625 0.015625
1 0.24375 0.55 0.0078125 0.0078125
1 0.275 0.7265625 0.0203125 0.0265625
1 0.315625 0.6953125 0.0140625 0.015625
1 0.4078125 0.725 0.0171875 0.0171875
1 0.4359375 0.79375 0.025 0.0265625
1 0.428125 0.84375 0.040625 0.0390625
1 0.440625 0.8578125 0.03125 0.034375
1 0.4546875 0.90625 0.003125 0.0109375
0 0.3671875 0.8234375 0.078125 0.0890625
0 0.2703125 0.8203125 0.1 0.0734375
1 0.15 0.725 0.0203125 0.0171875
1 0.128125 0.7109375 0.021875 0.0203125
1 0.05625 0.7515625 0.01875 0.015625
0 0.19375 0.825 0.109375 0.1125
1 0.146875 0.8703125 0.0078125 0.0125
1 0.115625 0.8265625 0.0171875 0.0140625
1 0.2125 0.6546875 0.01875 0.009375
1 0.45625 0.9515625 0.00625 0.0140625
1 0.321875 0.9796875 0.01875 0.0328125
1 0.303125 0.975 0.0234375 0.015625
1 0.284375 0.884375 0.0203125 0.021875
1 0.2640625 0.8796875 0.015625 0.0203125
1 0.1984375 0.9578125 0.0140625 0.0203125
1 0.153125 0.9078125 0.03125 0.0328125
1 0.134375 0.94375 0.0265625 0.0328125
1 0.128125 0.9515625 0.0265625 0.0171875
1 0.140625 0.975 0.0125 0.021875
1 0.13125 0.9828125 0.0296875 0.0265625
1 0.075 0.9796875 0.0140625 0.0125
1 0.065625 0.909375 0.0265625 0.0296875
1 0.015625 0.7796875 0.025 0.0265625
0 0.065625 0.846875 0.0765625 0.1265625
1 0.0109375 0.91171875 0.021875 0.0609375
0 0.015625 0.840625 0.03125 0.15
1 0.6015625 0.7640625 0.0203125 0.0203125
0 0.5984375 0.5703125 0.1375 0.121875
1 0.6734375 0.834375 0.0125 0.009375
0 0.7078125 0.55078125 0.08125 0.0828125
0 0.8140625 0.98515625 0.01875 0.0296875
0 0.80625 0.5703125 0.034375 0.0953125
1 0.6734375 0.971875 0.03125 0.0421875
0 0.75078125 0.9875 0.1140625 0.025