1 0.44296875 0.3171875 0.0140625 0.04375
1 0.403125 0.56328125 0.021875 0.0109375
1 0.3890625 0.5546875 0.028125 0.0265625
0 0.41796875 0.4375 0.0640625 0.171875
0 0.225 0.4796875 0.0390625 0.046875
0 0.2390625 0.4015625 0.06875 0.065625
0 0.30625 0.4171875 0.153125 0.0921875
0 0.3546875 0.459375 0.096875 0.096875
1 0.3953125 0.446875 0.075 0.0859375
1 0.3046875 0.34375 0.034375 0.0203125
1 0.2953125 0.2796875 0.0328125 0.0515625
1 0.30625 0.25 0.0203125 0.0265625
1 0.3625 0.2546875 0.0171875 0.0140625
1 0.440625 0.17890625 0.01875 0.0234375
1 0.434375 0.1171875 0.028125 0.0234375
1 0.4375 0.05 0.025 0.1
1 0.209375 0.1734375 0.009375 0.0359375
1 0.2109375 0.090625 0.0125 0.034375
1 0.2421875 0.1390625 0.034375 0.0546875
1 0.2390625 0.1046875 0.05 0.0625
1 0.290625 0.18125 0.0359375 0.040625
1 0.3734375 0.1078125 0.0546875 0.0484375
1 0.35390625 0.053125 0.1234375 0.10625
1 0.284375 0.1015625 0.0265625 0.0234375
1 0.284375 0.1390625 0.0203125 0.01875
1 0.3078125 0.134375 0.0265625 0.0328125
1 0.3 0.121875 0.015625 0.0375
1 0.303125 0.05 0.065625 0.0375
1 0.4359375 0.0171875 0.028125 0.034375
1 0.3203125 0.2578125 0.0125 0.0265625
0 0.53671875 0.16953125 0.1734375 0.2015625
0 0.7515625 0.13125 0.171875 0.1046875
1 0.4671875 0.2390625 0.034375 0.028125
1 0.48828125 0.2953125 0.0765625 0.09375
1 0.5359375 0.325 0.028125 0.0484375
1 0.5078125 0.3359375 0.0265625 0.040625
1 0.515625 0.4203125 0.025 0.0359375
1 0.49453125 0.56015625 0.0359375 0.0171875
1 0.646875 0.5140625 0.0609375 0.040625
1 0.5921875 0.4703125 0.03125 0.028125
1 0.56875 0.5234375 0.0375 0.0390625
1 0.54375 0.5515625 0.025 0.0296875
1 0.740625 0.534375 0.053125 0.05
1 0.83515625 0.55859375 0.0328125 0.0203125
1 0.853125 0.496875 0.0265625 0.0484375
1 0.765625 0.4 0.134375 0.065625
1 0.621875 0.3546875 0.0953125 0.1140625
1 0.6390625 0.2796875 0.0453125 0.028125
1 0.721875 0.2703125 0.0453125 0.028125
1 0.7171875 0.3234375 0.03125 0.025
1 0.6265625 0.30625 0.034375 0.0125
1 0.746875 0.353125 0.0359375 0.0234375
1 0.8 0.2171875 0.084375 0.0640625
1 0.8046875 0.271875 0.05625 0.0609375
1 0.828125 0.3046875 0.05625 0.0421875
1 0.8 0.321875 0.0296875 0.03125
1 0.8328125 0.3421875 0.0203125 0.0234375
1 0.846875 0.1796875 0.0375 0.0890625
1 0.7703125 0.0484375 0.0640625 0.028125
1 0.653125 0.209375 0.1125 0.0984375
1 0.653125 0.1015625 0.046875 0.0375
1 0.7578125 0.021875 0.05625 0.04375
1 0.815625 0.015625 0.103125 0.03125
1 0.5296875 0.06875 0.059375 0.0515625
1 0.46171875 0.0984375 0.0234375 0.046875
1 0.5484375 0.0046875 0.034375 0.009375
1 0.3875 0.8859375 0.0109375 0.015625
1 0.3890625 0.8546875 0.0359375 0.0203125
1 0.371875 0.9 0.015625 0.0078125
1 0.3265625 0.98125 0.009375 0.0109375
1 0.265625 0.7796875 0.00625 0.0109375
1 0.221875 0.728125 0.00625 0.0125
1 0.378125 0.95 0.0328125 0.0234375
1 0.165625 0.875 0.00625 0.0078125
0 0.1828125 0.8453125 0.0546875 0.0203125
1 0.165625 0.7296875 0.003125 0.009375
1 0.359375 0.728125 0.0078125 0.0078125
1 0.3390625 0.6109375 0.034375 0.03125
0 0.40703125 0.87890625 0.0859375 0.2421875
1 0.25625 0.965625 0.10625 0.06875
0 0.2484375 0.92578125 0.1875 0.1484375
0 0.66796875 0.63515625 0.0796875 0.1328125
0 0.75625 0.6390625 0.096875 0.140625
0 0.93359375 0.6109375 0.0484375 0.084375
0 0.9078125 0.784375 0.0859375 0.0984375
0 0.83125 0.8875 0.1140625 0.1
0 0.6953125 0.9390625 0.0953125 0.10625
0 0.6265625 0.8671875 0.1203125 0.065625
1 0.9125 0.9140625 0.0828125 0.075
1 0.696875 0.7875 0.0484375 0.05625
1 0.7328125 0.7109375 0.0390625 0.034375
1 0.65625 0.8234375 0.0484375 0.0484375
1 0.7 0.8296875 0.0265625 0.025
1 0.828125 0.690625 0.0359375 0.034375
0 0.51171875 0.62734375 0.0734375 0.1171875
1 0.603125 0.9703125 0.0609375 0.0390625
1 0.609375 0.9328125 0.0296875 0.015625
1 0.5609375 0.9171875 0.0203125 0.03125
1 0.5234375 0.9015625 0.0359375 0.028125
1 0.515625 0.9484375 0.0640625 0.0421875
1 0.47578125 0.96015625 0.0515625 0.0265625
1 0.5171875 0.7765625 0.034375 0.046875
1 0.5859375 0.7625 0.021875 0.0265625
1 0.6296875 0.7625 0.015625 0.0265625
1 0.475 0.77265625 0.05 0.0765625
1 0.471875 0.58125 0.03125 0.025
1 0.45625 0.6671875 0.0125 0.06875
1 0.4953125 0.884375 0.0171875 0.0171875
1 0.8375 0.9875 0.015625 0.009375