1 0.17734375 0.01640625 0.1046875 0.0328125
1 0.1640625 0.0359375 0.0171875 0.0203125
1 0.2109375 0.0921875 0.021875 0.0234375
1 0.221875 0.14609375 0.015625 0.0328125
1 0.153125 0.075 0.01875 0.0046875
1 0.1359375 0.0921875 0.034375 0.025
1 0.1359375 0.1421875 0.025 0.0265625
1 0.134375 0.1734375 0.015625 0.025
1 0.1078125 0.18125 0.0125 0.0203125
1 0.071875 0.18125 0.00625 0.0171875
1 0.0625 0.19375 0.01875 0.028125
1 0.0921875 0.21875 0.01875 0.0125
1 0.0375 0.1375 0.0125 0.0140625
1 0.03125 0.1609375 0.0234375 0.021875
1 0.0046875 0.14609375 0.009375 0.0203125
1 0.0296875 0.2046875 0.0328125 0.0484375
1 0.00859375 0.19140625 0.0171875 0.0234375
1 0.1515625 0.2 0.053125 0.0671875
1 0.18125 0.2015625 0.0140625 0.0140625
1 0.175 0.253125 0.01875 0.0171875
1 0.2171875 0.228125 0.0125 0.0234375
1 0.21484375 0.24921875 0.0296875 0.0359375
1 0.203125 0.2484375 0.0078125 0.015625
1 0.125 0.2453125 0.015625 0.021875
1 0.1203125 0.2765625 0.0140625 0.0140625
1 0.1078125 0.2703125 0.0140625 0.0234375
1 0.065625 0.25625 0.040625 0.028125
1 0.075 0.26875 0.015625 0.009375
1 0.0578125 0.2734375 0.0375 0.025
1 0.01171875 0.2640625 0.0234375 0.028125
1 0.0421875 0.3328125 0.0375 0.021875
1 0.028125 0.33125 0.015625 0.028125
1 0.20546875 0.303125 0.0484375 0.03125
1 0.1890625 0.3609375 0.021875 0.0296875
1 0.1875 0.3515625 0.0265625 0.015625
1 0.171875 0.3609375 0.0140625 0.0296875
1 0.134375 0.3640625 0.040625 0.0375
1 0.134375 0.34375 0.0296875 0.0359375
1 0.1109375 0.3640625 0.021875 0.021875
1 0.209375 0.44609375 0.040625 0.0390625
1 0.21171875 0.53515625 0.0140625 0.0078125
1 0.22265625 0.53515625 0.0140625 0.0078125
0 0.1546875 0.40625 0.0390625 0.0375
1 0.1578125 0.428125 0.015625 0.0125
1 0.13125 0.40625 0.0140625 0.0203125
1 0.1453125 0.3921875 0.0109375 0.003125
1 0.109375 0.40625 0.0296875 0.0390625
1 0.0984375 0.4625 0.0421875 0.0453125
1 0.0625 0.3921875 0.01875 0.0140625
1 0.05625 0.4109375 0.0296875 0.028125
1 0.0703125 0.4265625 0.0203125 0.0171875
0 0.034375 0.43046875 0.06875 0.0828125
1 0.0171875 0.4265625 0.0140625 0.0109375
1 0.125 0.4609375 0.0375 0.028125
1 0.0828125 0.4546875 0.0296875 0.0375
1 0.096875 0.434375 0.015625 0.0234375
1 0.096875 0.4203125 0.0265625 0.021875
1 0.0875 0.4296875 0.015625 0.015625
1 0.1234375 0.4375 0.0421875 0.05625
1 0.4703125 0.334375 0.0234375 0.0203125
1 0.575 0.4875 0.0171875 0.01875
1 0.6125 0.5296875 0.0140625 0.0140625
1 0.628125 0.0671875 0.0234375 0.01875
1 0.6484375 0.065625 0.009375 0.0078125
1 0.665625 0.0359375 0.034375 0.0234375
1 0.6890625 0.475 0.0171875 0.0296875
1 0.7390625 0.4390625 0.0078125 0.01875
1 0.740625 0.484375 0.0375 0.028125
1 0.7984375 0.5203125 0.0140625 0.0140625
1 0.84375 0.3453125 0.0265625 0.025
1 0.50625 0.103125 0.009375 0.0078125
1 0.5 0.09375 0.015625 0.015625
1 0.5109375 0.1734375 0.090625 0.0734375
0 0.4609375 0.2875 0.1484375 0.15625
1 0.459375 0.225 0.075 0.0515625
1 0.6171875 0.3390625 0.0265625 0.0234375
1 0.546875 0.284375 0.015625 0.025
0 0.5765625 0.2640625 0.0875 0.1265625
1 0.6046875 0.2234375 0.053125 0.0984375
1 0.6640625 0.2078125 0.090625 0.0453125
1 0.659375 0.2484375 0.028125 0.021875
1 0.721875 0.209375 0.0515625 0.05
0 0.6265625 0.3 0.01875 0.04375
0 0.734375 0.246875 0.1828125 0.175
1 0.8828125 0.18125 0.04375 0.0796875
0 0.85625 0.2671875 0.0953125 0.1890625
1 0.0578125 0.8859375 0.0171875 0.0125
1 0.1546875 0.571875 0.0140625 0.0078125
1 0.1953125 0.784375 0.0171875 0.0109375
1 0.2171875 0.98125 0.01875 0.015625
1 0.22109375 0.85625 0.0171875 0.034375
1 0.159375 0.8 0.0234375 0.0203125
1 0.1734375 0.80625 0.01875 0.0125
1 0.1375 0.5984375 0.025 0.028125
1 0.1625 0.590625 0.025 0.03125
1 0.0546875 0.5546875 0.0078125 0.0125
1 0.0546875 0.596875 0.0109375 0.0109375
0 0.19765625 0.69609375 0.0640625 0.1734375
0 0.1078125 0.696875 0.1171875 0.2046875
1 0.08125 0.7265625 0.028125 0.01875
1 0.0578125 0.8671875 0.0171875 0.0171875
1 0.075 0.8390625 0.015625 0.0171875
1 0.0515625 0.975 0.003125 0.0125
1 0.1734375 0.865625 0.0453125 0.05
1 0.15625 0.8609375 0.01875 0.0390625
1 0.115625 0.93125 0.0328125 0.0265625
1 0.153125 0.9390625 0.015625 0.0140625
1 0.159375 0.9546875 0.0609375 0.0484375
1 0.1328125 0.8890625 0.01875 0.01875
1 0.528125 0.575 0.046875 0.05
1 0.571875 0.5703125 0.0375 0.0265625
1 0.665625 0.565625 0.0546875 0.0265625
1 0.421875 0.65625 0.05 0.0640625
1 0.509375 0.7015625 0.0265625 0.0375
1 0.546875 0.725 0.075 0.0390625
1 0.5609375 0.615625 0.0359375 0.0609375
0 0.6046875 0.63125 0.0765625 0.1734375
0 0.696875 0.6484375 0.0953125 0.0625
0 0.81875 0.640625 0.09375 0.1515625
1 0.578125 0.5890625 0.05 0.0515625
1 0.6390625 0.715625 0.046875 0.0515625
1 0.85625 0.9515625 0.01875 0.0265625
1 0.809375 0.871875 0.0390625 0.0234375
1 0.7203125 0.9125 0.0234375 0.021875
1 0.7171875 0.98125 0.0328125 0.0265625
1 0.6640625 0.734375 0.028125 0.025
1 0.54375 0.79375 0.0171875 0.0375
1 0.5609375 0.9078125 0.0359375 0.0328125
1 0.5953125 0.865625 0.0296875 0.021875
1 0.4578125 0.9015625 0.021875 0.0265625
1 0.4046875 0.9234375 0.0421875 0.04375
1 0.37265625 0.9921875 0.0328125 0.015625
1 0.4375 0.8015625 0.0234375 0.015625
1 0.84375 0.90625 0.0234375 0.03125
1 0.48125 0.840625 0.009375 0.028125
1 0.7546875 0.728125 0.01875 0.0203125
1 0.6484375 0.859375 0.01875 0.0234375