1 0.3265625 0.64375 0.0171875 0.03125
1 0.25 0.603125 0.0140625 0.025
1 0.33125 0.45546875 0.015625 0.0171875
1 0.2890625 0.3578125 0.0140625 0.015625
1 0.009375 0.34765625 0.01875 0.0078125
1 0.065625 0.321875 0.0234375 0.01875
1 0.0484375 0.2359375 0.0171875 0.021875
0 0.1296875 0.240625 0.1265625 0.0453125
1 0.1359375 0.23125 0.015625 0.0203125
0 0.128125 0.2984375 0.15625 0.1265625
1 0.175 0.2734375 0.0484375 0.034375
1 0.1890625 0.371875 0.015625 0.0296875
1 0.24375 0.3265625 0.0171875 0.034375
1 0.2171875 0.35625 0.021875 0.0203125
1 0.0765625 0.434375 0.0203125 0.0234375
1 0.0828125 0.453125 0.015625 0.015625
1 0.109375 0.4375 0.021875 0.01875
1 0.090625 0.4375 0.01875 0.015625
0 0.121875 0.3953125 0.1796875 0.096875
1 0.1078125 0.503125 0.0203125 0.021875
1 0.2109375 0.5265625 0.03125 0.025
1 0.2515625 0.43125 0.028125 0.034375
0 0.25625 0.2265625 0.0203125 0.01875
0 0.1578125 0.559375 0.06875 0.1046875
0 0.1203125 0.6046875 0.090625 0.109375
1 0.0671875 0.575 0.015625 0.0125
1 0.2125 0.6484375 0.025 0.021875
1 0.30625 0.3140625 0.059375 0.0796875
1 0.32265625 0.28046875 0.0328125 0.0390625
1 0.3109375 0.4234375 0.0203125 0.0265625
1 0.30625 0.44375 0.01875 0.0234375
1 0.3359375 0.475 0.00625 0.01875
0 0.6296875 0.33125 0.3390625 0.1234375
0 0.6015625 0.5515625 0.21875 0.215625
1 0.4203125 0.59375 0.03125 0.0171875
1 0.5375 0.446875 0.034375 0.03125
1 0.625 0.2078125 0.034375 0.025
1 0.7609375 0.2109375 0.0296875 0.0296875
1 0.9421875 0.3359375 0.021875 0.0234375
1 0.9 0.375 0.0234375 0.0125
1 0.590625 0.4234375 0.046875 0.015625
1 0.5921875 0.459375 0.0609375 0.0265625
1 0.00234375 0.92265625 0.0046875 0.0078125
1 0.009375 0.85625 0.01875 0.04375
1 0.0171875 0.878125 0.0109375 0.0109375
1 0.0546875 0.8875 0.015625 0.01875
1 0.3296875 0.73359375 0.01875 0.0234375
1 0.3359375 0.9484375 0.00625 0.01875
0 0.8484375 0.9734375 0.303125 0.053125
1 0.6359375 0.93125 0.0125 0.028125
1 0.3671875 0.9140625 0.0125 0.00625
1 0.584375 0.909375 0.00625 0.009375
1 0.6078125 0.871875 0.0140625 0.0171875
1 0.6046875 0.85 0.0140625 0.0140625
1 0.565625 0.8625 0.0546875 0.0515625
1 0.5546875 0.8171875 0.0265625 0.0125
1 0.946875 0.7453125 0.0140625 0.015625
1 0.98359375 0.709375 0.0328125 0.065625
1 0.3625 0.73125 0.0265625 0.021875
1 0.378125 0.7578125 0.0109375 0.009375
1 0.378125 0.79375 0.021875 0.015625
1 0.5828125 0.784375 0.04375 0.053125
1 0.8359375 0.9453125 0.034375 0.0328125
1 0.8125 0.9375 0.01875 0.0296875
1 0.75 0.871875 0.0265625 0.040625
0 0.8109375 0.76015625 0.246875 0.2015625
0 0.8046875 0.82421875 0.390625 0.2421875