0 0.36015625 0.21796875 0.0578125 0.2171875
0 0.22421875 0.24453125 0.3296875 0.2109375
0 0.115625 0.240625 0.196875 0.21875
1 0.15078125 0.00703125 0.0515625 0.0140625
1 0.1640625 0.1359375 0.0234375 0.01875
1 0.234375 0.10625 0.028125 0.0171875
1 0.0390625 0.13125 0.03125 0.040625
1 0.6140625 0.1765625 0.0171875 0.03125
1 0.671875 0.1578125 0.0234375 0.01875
1 0.7125 0.134375 0.015625 0.0078125
0 0.45390625 0.02265625 0.0296875 0.0453125
1 0.634375 0.0171875 0.0171875 0.015625
1 0.6421875 0.0609375 0.028125 0.028125
1 0.59609375 0.015625 0.0390625 0.03125
1 0.7953125 0.0046875 0.021875 0.0046875
0 0.89296875 0.03046875 0.1453125 0.0609375
1 0.484375 0.153125 0.0375 0.0296875
1 0.50625 0.1640625 0.03125 0.0234375
1 0.90625 0.0890625 0.01875 0.0140625
1 0.7453125 0.1703125 0.0296875 0.0296875
1 0.5453125 0.253125 0.0234375 0.0328125
1 0.91875 0.2875 0.0125 0.0140625
1 0.8703125 0.315625 0.03125 0.01875
1 0.6390625 0.30625 0.0375 0.0234375
1 0.7375 0.2796875 0.025 0.015625
1 0.3078125 0.3578125 0.028125 0.015625
1 0.0109375 0.4734375 0.021875 0.028125
1 0.0171875 0.4984375 0.0171875 0.01875
1 0.0203125 0.43125 0.021875 0.0234375
1 0.15625 0.453125 0.05 0.0390625
1 0.2390625 0.434375 0.01875 0.0296875
1 0.24375 0.4625 0.0203125 0.021875
1 0.2578125 0.4796875 0.0390625 0.0453125
1 0.290625 0.4890625 0.034375 0.03125
1 0.2890625 0.4453125 0.028125 0.025
1 0.340625 0.559375 0.0140625 0.0296875
1 0.26875 0.571875 0.0234375 0.0296875
1 0.2484375 0.59375 0.0359375 0.025
1 0.203125 0.5921875 0.03125 0.034375
1 0.134375 0.646875 0.0265625 0.0375
1 0.11875 0.56875 0.025 0.021875
1 0.140625 0.5828125 0.025 0.0265625
1 0.38125 0.746875 0.015625 0.0625
1 0.3234375 0.7203125 0.021875 0.021875
1 0.1703125 0.7765625 0.046875 0.028125
1 0.14375 0.803125 0.046875 0.0328125
1 0.165625 0.8625 0.0203125 0.025
1 0.171875 0.884375 0.0265625 0.021875
1 0.15625 0.93125 0.034375 0.0203125
1 0.1375 0.921875 0.034375 0.046875
1 0.115625 0.9484375 0.03125 0.0234375
1 0.08671875 0.99375 0.0296875 0.0125
1 0.2609375 0.9203125 0.0296875 0.0296875
1 0.4734375 0.965625 0.0296875 0.03125
1 0.4421875 0.9828125 0.0265625 0.021875
1 0.6359375 0.46875 0.03125 0.0296875
1 0.7765625 0.7296875 0.0265625 0.0234375
0 0.7484375 0.5671875 0.15 0.1859375
0 0.64375 0.54375 0.2921875 0.290625
0 0.46796875 0.5578125 0.1578125 0.275
0 0.41171875 0.565625 0.0453125 0.209375