1 0.134375 0.2578125 0.0125 0.0078125
1 0.20234375 0.39375 0.0140625 0.0125
0 0.35703125 0.02578125 0.2203125 0.0515625
0 0.3203125 0.1109375 0.35625 0.1953125
1 0.3984375 0.184375 0.0203125 0.021875
0 0.2890625 0.3046875 0.246875 0.140625
0 0.30390625 0.37265625 0.1390625 0.0546875
1 0.346875 0.2609375 0.0265625 0.028125
0 0.93046875 0.1015625 0.1390625 0.203125
1 0.865625 0.33125 0.028125 0.0703125
1 0.9609375 0.1390625 0.028125 0.0359375
1 0.73671875 0.39453125 0.0203125 0.0109375
1 0.821875 0.171875 0.0390625 0.0484375
1 0.70625 0.115625 0.0265625 0.028125
1 0.6515625 0.1109375 0.025 0.0296875
1 0.6609375 0.1515625 0.021875 0.0265625
1 0.64375 0.25625 0.03125 0.0265625
1 0.6203125 0.39140625 0.028125 0.0171875
1 0.825 0.0734375 0.0265625 0.028125
1 0.8453125 0.2875 0.034375 0.0265625
1 0.840625 0.3609375 0.0203125 0.0359375
0 0.93046875 0.271875 0.1390625 0.196875
0 0.9109375 0.371875 0.178125 0.05625
1 0.0234375 0.528125 0.0265625 0.025
1 0.115625 0.634375 0.0453125 0.0375
1 0.175 0.5046875 0.0296875 0.0390625
1 0.1390625 0.5546875 0.028125 0.0359375
1 0.1625 0.56875 0.0234375 0.0296875
1 0.1484375 0.61875 0.03125 0.03125
1 0.1390625 0.6546875 0.0296875 0.0234375
1 0.1328125 0.675 0.034375 0.0265625
1 0.2125 0.578125 0.0546875 0.065625
1 0.2265625 0.43125 0.0234375 0.03125
1 0.521875 0.5671875 0.015625 0.059375
1 0.4453125 0.4875 0.025 0.0265625
0 0.1796875 0.734375 0.2421875 0.1734375
0 0.246875 0.8109375 0.4109375 0.11875
1 0.5390625 0.80703125 0.01875 0.0734375
1 0.55625 0.7578125 0.0140625 0.0171875
1 0.5484375 0.7328125 0.0296875 0.0375
1 0.5828125 0.68125 0.0328125 0.040625
1 0.565625 0.7125 0.028125 0.0171875
1 0.54375 0.684375 0.028125 0.015625
1 0.5984375 0.640625 0.05625 0.046875
1 0.609375 0.6171875 0.040625 0.03125
1 0.640625 0.6671875 0.03125 0.0671875
0 0.759375 0.6734375 0.2234375 0.2890625
0 0.746875 0.8140625 0.26875 0.2109375
1 0.590625 0.784375 0.015625 0.03125
1 0.60625 0.7375 0.0390625 0.015625
1 0.6546875 0.7296875 0.0296875 0.0171875
1 0.646875 0.765625 0.025 0.0484375
1 0.6703125 0.765625 0.0296875 0.0265625
1 0.796875 0.8984375 0.0359375 0.034375
1 0.80625 0.8765625 0.0421875 0.034375
1 0.784375 0.821875 0.0140625 0.015625
1 0.884375 0.8875 0.0203125 0.0265625
1 0.86875 0.88125 0.021875 0.034375
1 0.9453125 0.89375 0.0390625 0.034375
1 0.959375 0.878125 0.028125 0.01875
1 0.884375 0.75 0.034375 0.053125
1 0.934375 0.7640625 0.059375 0.0625
1 0.884375 0.678125 0.0390625 0.021875
1 0.9109375 0.703125 0.0296875 0.028125
1 0.9109375 0.6828125 0.0296875 0.025
1 0.896875 0.7171875 0.0078125 0.0265625
1 0.97734375 0.69609375 0.0453125 0.0296875
1 0.940625 0.7078125 0.0171875 0.0171875
1 0.9421875 0.6578125 0.05 0.034375
1 0.978125 0.6109375 0.0421875 0.0375
1 0.94375 0.6859375 0.0234375 0.0171875
1 0.9671875 0.4609375 0.065625 0.053125
1 0.94375 0.4234375 0.0203125 0.0234375
1 0.9765625 0.41875 0.028125 0.0203125
1 0.934375 0.4578125 0.0234375 0.03125
1 0.6046875 0.5078125 0.0296875 0.0140625
1 0.6109375 0.496875 0.0296875 0.009375
0 0.72421875 0.49765625 0.2953125 0.1953125
1 0.5921875 0.415625 0.0234375 0.0265625
1 0.7203125 0.4390625 0.015625 0.0328125
1 0.74765625 0.41484375 0.0359375 0.0296875
1 0.8078125 0.4390625 0.0171875 0.0140625
1 0.8578125 0.41953125 0.0375 0.0390625
1 0.825 0.4859375 0.0625 0.0578125
1 0.834375 0.5265625 0.04375 0.065625
1 0.8453125 0.55625 0.0390625 0.0328125
1 0.746875 0.5921875 0.0203125 0.021875