1 0.3515625 0.35703125 0.01875 0.0234375
1 0.321875 0.2734375 0.046875 0.05625
1 0.21953125 0.36484375 0.0390625 0.0078125
1 0.0453125 0.259375 0.021875 0.034375
1 0.00625 0.2421875 0.0125 0.021875
1 0.3390625 0.0828125 0.0375 0.0421875
1 0.1234375 0.0109375 0.0234375 0.021875
1 0.99296875 0.071875 0.0140625 0.009375
1 0.9890625 0.3640625 0.009375 0.009375
1 0.9375 0.0390625 0.021875 0.0140625
0 0.9484375 0.0875 0.0546875 0.0421875
0 0.8546875 0.1125 0.05625 0.1796875
0 0.7953125 0.0921875 0.05 0.096875
1 0.984375 0.32265625 0.03125 0.0296875
1 0.9921875 0.34453125 0.015625 0.0234375
1 0.8859375 0.3 0.034375 0.028125
1 0.9125 0.3484375 0.0171875 0.01875
0 0.784375 0.31875 0.028125 0.075
1 0.95 0.053125 0.021875 0.01875
0 0.8359375 0.2578125 0.0421875 0.0625
0 0.80625 0.20625 0.071875 0.0890625
1 0.990625 0.2 0.015625 0.01875
1 0.6375 0.4875 0.003125 0.0125
1 0.6109375 0.5390625 0.0109375 0.0171875
1 0.5765625 0.6140625 0.0203125 0.0140625
1 0.55 0.85 0.0125 0.0078125
1 0.55 0.7796875 0.015625 0.040625
1 0.5515625 0.6328125 0.025 0.021875
1 0.5296875 0.6921875 0.021875 0.015625
1 0.4859375 0.4453125 0.0296875 0.0609375
1 0.39375 0.4859375 0.0234375 0.03125
1 0.3875 0.9046875 0.015625 0.0234375
1 0.3890625 0.5203125 0.0234375 0.0328125
1 0.4125 0.9640625 0.1125 0.071875
1 0.3484375 0.63125 0.0203125 0.015625
1 0.3203125 0.4671875 0.0296875 0.025
1 0.2640625 0.725 0.015625 0.0109375
1 0.175 0.5109375 0.021875 0.0265625
0 0.1984375 0.7875 0.1 0.109375
1 0.25625 0.9953125 0.015625 0.009375
1 0.6 0.98671875 0.05 0.0265625
1 0.24375 0.9453125 0.046875 0.0734375
1 0.240625 0.90625 0.034375 0.021875
0 0.4578125 0.8234375 0.109375 0.178125
0 0.346875 0.796875 0.134375 0.15
1 0.2984375 0.8109375 0.028125 0.025
1 0.2671875 0.7875 0.0328125 0.0453125
1 0.4390625 0.8578125 0.0359375 0.065625
0 0.615625 0.8125 0.046875 0.08125
0 0.62734375 0.80078125 0.0234375 0.0515625
0 0.853125 0.7109375 0.1328125 0.128125
0 0.7484375 0.7046875 0.125 0.1484375
0 0.9375 0.696875 0.10625 0.0546875
1 0.725 0.4359375 0.0671875 0.053125
1 0.74375 0.38671875 0.071875 0.0359375
1 0.7984375 0.3953125 0.0375 0.053125
1 0.8828125 0.4546875 0.0578125 0.065625
1 0.6609375 0.503125 0.04375 0.071875
1 0.9265625 0.4390625 0.0625 0.06875
1 0.859375 0.828125 0.0671875 0.06875
1 0.7390625 0.7921875 0.0609375 0.0546875
1 0.8125 0.878125 0.0421875 0.03125
1 0.9 0.7765625 0.0265625 0.0265625
1 0.94375 0.84375 0.025 0.025
1 0.9078125 0.8953125 0.0234375 0.0171875
1 0.99609375 0.7953125 0.0078125 0.046875
1 0.959375 0.734375 0.0390625 0.04375
1 0.6765625 0.9765625 0.0265625 0.0390625
1 0.9375 0.965625 0.0234375 0.0390625
1 0.9328125 0.88125 0.0234375 0.0125
1 0.703125 0.8515625 0.0203125 0.028125
1 0.953125 0.5859375 0.03125 0.040625
1 0.98828125 0.43828125 0.0234375 0.0546875
1 0.778125 0.509375 0.04375 0.046875
1 0.7703125 0.5828125 0.021875 0.0265625
1 0.778125 0.63125 0.0296875 0.028125
1 0.7203125 0.565625 0.0296875 0.0234375
1 0.70625 0.525 0.0453125 0.0265625
1 0.71875 0.5515625 0.0328125 0.0140625
1 0.8515625 0.50625 0.025 0.025
1 0.85 0.59375 0.0234375 0.021875
1 0.8296875 0.5671875 0.021875 0.0171875
1 0.91875 0.5109375 0.028125 0.021875
1 0.8328125 0.4703125 0.021875 0.034375
1 0.671875 0.4421875 0.0234375 0.03125
1 0.64921875 0.3875 0.0203125 0.015625
1 0.890625 0.5078125 0.025 0.0171875
1 0.665625 0.678125 0.0484375 0.0203125
0 0.675 0.69921875 0.071875 0.0796875