0 0.175 0.3953125 0.334375 0.2453125
0 0.275 0.3890625 0.134375 0.1140625
0 0.0859375 0.36953125 0.171875 0.2234375
0 0.0296875 0.3390625 0.059375 0.190625
1 0.61875 0.5171875 0.0203125 0.0203125
1 0.5984375 0.51875 0.0109375 0.0140625
1 0.65 0.53359375 0.028125 0.0328125
1 0.675 0.5125 0.034375 0.021875
1 0.96640625 0.52109375 0.0671875 0.0421875
1 0.7375 0.1546875 0.0375 0.03125
1 0.69375 0.06875 0.0234375 0.0234375
1 0.7859375 0.1359375 0.009375 0.00625
1 0.90625 0.1953125 0.0375 0.0328125
1 0.99375 0.13203125 0.0125 0.0296875
1 0.5640625 0.1390625 0.0078125 0.0109375
0 0.92890625 0.3703125 0.1421875 0.359375
0 0.86328125 0.35078125 0.2734375 0.2984375
0 0.5671875 0.28125 0.0703125 0.0953125
0 0.71875 0.4125 0.35625 0.275
1 0.32265625 0.99140625 0.0203125 0.0171875
1 0.190625 0.99375 0.021875 0.0125
1 0.11796875 0.9875 0.0359375 0.025
1 0.2640625 0.9671875 0.0296875 0.0234375
1 0.2265625 0.8984375 0.0125 0.00625
1 0.009375 0.84375 0.015625 0.015625
0 0.071875 0.7390625 0.14375 0.309375
1 0.109375 0.7796875 0.0140625 0.028125
1 0.1015625 0.76875 0.01875 0.0171875
1 0.1171875 0.7484375 0.01875 0.0046875
1 0.1046875 0.709375 0.00625 0.0125
1 0.26875 0.7703125 0.0671875 0.0796875
0 0.2296875 0.7046875 0.253125 0.1828125
1 0.1 0.55625 0.015625 0.0125
1 0.1921875 0.85625 0.009375 0.0046875
1 0.9828125 0.684375 0.025 0.03125
1 0.95 0.5875 0.0296875 0.0265625
1 0.95 0.6875 0.028125 0.0203125
1 0.953125 0.765625 0.05625 0.0453125
1 0.89375 0.57734375 0.03125 0.0546875
1 0.871875 0.959375 0.0234375 0.0078125
1 0.878125 0.628125 0.0578125 0.0546875
1 0.82890625 0.99140625 0.0171875 0.0171875
1 0.8203125 0.69375 0.0328125 0.0359375
1 0.8203125 0.6328125 0.0484375 0.04375
1 0.7359375 0.88125 0.0625 0.046875
1 0.7125 0.903125 0.0140625 0.009375
1 0.9796875 0.9078125 0.0171875 0.040625
0 0.94765625 0.87578125 0.1046875 0.2421875
1 0.828125 0.759375 0.04375 0.040625
1 0.8078125 0.740625 0.025 0.021875
1 0.7359375 0.6265625 0.0140625 0.015625
1 0.8921875 0.93125 0.01875 0.0265625
1 0.8859375 0.9109375 0.0171875 0.0171875
1 0.8984375 0.884375 0.015625 0.0265625
1 0.8421875 0.8921875 0.034375 0.0375
1 0.765625 0.9109375 0.0125 0.025
1 0.778125 0.896875 0.0296875 0.009375