0 0.040625 0.31171875 0.08125 0.1546875
0 0.1296875 0.3109375 0.153125 0.0734375
0 0.1984375 0.334375 0.09375 0.1375
0 0.2828125 0.315625 0.0796875 0.1671875
1 0.0953125 0.390625 0.134375 0.0921875
1 0.0625 0.3671875 0.04375 0.0328125
1 0.1328125 0.3578125 0.0609375 0.0484375
0 0.3296875 0.278125 0.0359375 0.0859375
1 0.3109375 0.3875 0.0734375 0.0890625
1 0.23125 0.3734375 0.0671875 0.090625
1 0.0859375 0.1484375 0.0140625 0.015625
1 0.1859375 0.1171875 0.0359375 0.0375
1 0.225 0.128125 0.0203125 0.0203125
1 0.74453125 0.51875 0.0421875 0.040625
0 0.58359375 0.31640625 0.1078125 0.0546875
0 0.7015625 0.328125 0.0921875 0.1328125
0 0.8390625 0.31875 0.0578125 0.1796875
1 0.5609375 0.425 0.040625 0.04375
1 0.7046875 0.171875 0.0421875 0.04375
1 0.29375 0.8390625 0.0109375 0.0140625
1 0.1859375 0.64375 0.0140625 0.0078125
1 0.4203125 0.9515625 0.040625 0.0234375
1 0.421875 0.921875 0.015625 0.028125
1 0.3328125 0.903125 0.0234375 0.028125
1 0.215625 0.909375 0.0328125 0.0140625
1 0.1984375 0.93125 0.0140625 0.0328125
1 0.153125 0.890625 0.0203125 0.0265625
1 0.2640625 0.834375 0.028125 0.0296875
0 0.50859375 0.61875 0.0421875 0.103125
0 0.47265625 0.63046875 0.1140625 0.1609375
1 0.4859375 0.7140625 0.03125 0.0296875
1 0.4078125 0.728125 0.0296875 0.0203125
1 0.375 0.621875 0.0296875 0.0234375
1 0.3703125 0.6765625 0.0265625 0.0234375
1 0.359375 0.7203125 0.03125 0.028125
1 0.203125 0.66875 0.01875 0.03125
1 0.1890625 0.7046875 0.0171875 0.0234375
1 0.1625 0.828125 0.03125 0.0234375
1 0.16796875 0.99609375 0.0203125 0.0078125
1 0.6140625 0.83125 0.0125 0.0125
1 0.78203125 0.98046875 0.0390625 0.0390625
1 0.86875 0.840625 0.0203125 0.0125
0 0.8890625 0.76953125 0.165625 0.4609375
0 0.7921875 0.696875 0.3546875 0.2015625
0 0.61875 0.6625 0.178125 0.1375
1 0.5453125 0.846875 0.0203125 0.0171875
1 0.859375 0.578125 0.04375 0.0484375