1 0.4046875 0.50625 0.0265625 0.0140625
1 0.0234375 0.496875 0.0109375 0.021875
1 0.2984375 0.4578125 0.0234375 0.01875
1 0.140625 0.3703125 0.01875 0.0171875
1 0.290625 0.5921875 0.0421875 0.053125
1 0.24375 0.59375 0.0328125 0.0453125
1 0.315625 0.5796875 0.015625 0.0171875
1 0.1890625 0.61015625 0.075 0.0171875
1 0.0890625 0.559375 0.0359375 0.0703125
1 0.140625 0.56875 0.046875 0.0640625
1 0.02109375 0.37578125 0.0421875 0.0390625
1 0.2171875 0.1859375 0.03125 0.0265625
1 0.18125 0.196875 0.04375 0.0390625
1 0.2125 0.2109375 0.0296875 0.01875
1 0.221875 0.2171875 0.0125 0.0265625
1 0.175 0.228125 0.0171875 0.0265625
1 0.2171875 0.271875 0.0640625 0.0609375
1 0.2390625 0.415625 0.025 0.0265625
1 0.228125 0.509375 0.0375 0.0546875
1 0.0953125 0.4453125 0.028125 0.0203125
1 0.1296875 0.44375 0.0171875 0.0265625
1 0.1421875 0.465625 0.059375 0.0234375
1 0.1265625 0.2765625 0.03125 0.015625
1 0.1640625 0.284375 0.0203125 0.015625
1 0.1125 0.2390625 0.034375 0.0296875
1 0.034375 0.1765625 0.040625 0.0203125
1 0.00625 0.215625 0.0125 0.03125
1 0.459375 0.59921875 0.0375 0.0390625
1 0.47421875 0.6140625 0.0328125 0.009375
1 0.4765625 0.5296875 0.03125 0.046875
1 0.5046875 0.50625 0.015625 0.03125
1 0.5171875 0.53125 0.0203125 0.01875
1 0.534375 0.5609375 0.025 0.0421875
1 0.6125 0.61328125 0.034375 0.0109375
1 0.3671875 0.596875 0.0203125 0.01875
1 0.3078125 0.5 0.0546875 0.05625
1 0.3859375 0.5328125 0.0125 0.0234375
1 0.375 0.55 0.0109375 0.0078125
0 0.353125 0.5 0.053125 0.1125
0 0.346875 0.43125 0.115625 0.075
1 0.3875 0.4625 0.015625 0.021875
1 0.4609375 0.46875 0.0140625 0.0203125
1 0.4203125 0.41875 0.0859375 0.125
1 0.4796875 0.3765625 0.0328125 0.03125
1 0.4765625 0.4078125 0.0390625 0.0359375
1 0.5296875 0.440625 0.0296875 0.009375
1 0.546875 0.45625 0.0703125 0.08125
1 0.559375 0.3796875 0.0671875 0.05625
1 0.653125 0.4140625 0.01875 0.0203125
1 0.6625 0.36875 0.025 0.0296875
1 0.684375 0.3453125 0.009375 0.034375
1 0.63125 0.2703125 0.0375 0.04375
1 0.4484375 0.296875 0.053125 0.0328125
1 0.546875 0.31875 0.040625 0.0390625
1 0.5578125 0.309375 0.025 0.046875
1 0.5265625 0.2640625 0.03125 0.03125
1 0.5015625 0.1921875 0.071875 0.0515625
1 0.453125 0.1984375 0.01875 0.0234375
1 0.546875 0.1703125 0.0109375 0.0078125
1 0.559375 0.2 0.065625 0.04375
1 0.6046875 0.2078125 0.03125 0.0359375
1 0.634375 0.2125 0.034375 0.0453125
1 0.603125 0.2390625 0.046875 0.0359375
0 0.340625 0.309375 0.1375 0.075
1 0.3734375 0.26875 0.05 0.034375
1 0.4078125 0.2734375 0.028125 0.0234375
1 0.3296875 0.2578125 0.04375 0.0421875
1 0.3046875 0.1859375 0.0265625 0.0390625
1 0.3421875 0.20625 0.0359375 0.0578125
1 0.35625 0.1890625 0.021875 0.0203125
1 0.35625 0.16875 0.0140625 0.00625
0 0.7765625 0.01640625 0.090625 0.0328125
0 0.7953125 0.065625 0.134375 0.1
1 0.8515625 0.0390625 0.025 0.0203125
1 0.784375 0.1546875 0.0328125 0.0296875
1 0.7296875 0.2296875 0.0375 0.0375
1 0.79375 0.19375 0.0171875 0.0203125
1 0.7921875 0.2140625 0.0171875 0.0234375
0 0.7859375 0.3046875 0.1828125 0.1453125
0 0.784375 0.3765625 0.109375 0.0984375
1 0.8625 0.3015625 0.0296875 0.0296875
1 0.871875 0.3203125 0.0171875 0.0234375
1 0.85 0.325 0.0203125 0.01875
1 0.90625 0.2921875 0.0234375 0.0171875
1 0.7265625 0.19375 0.0234375 0.025
1 0.9390625 0.165625 0.04375 0.0234375
1 0.990625 0.3515625 0.0140625 0.0234375
1 0.99453125 0.02734375 0.0109375 0.0265625
1 0.1515625 0.9625 0.0328125 0.0203125
1 0.409375 0.946875 0.0265625 0.021875
1 0.053125 0.865625 0.0203125 0.03125
1 0.1265625 0.84375 0.015625 0.015625
1 0.36875 0.8359375 0.009375 0.015625
1 0.1640625 0.8265625 0.0328125 0.028125
1 0.128125 0.8109375 0.0125 0.0328125
1 0.0890625 0.8265625 0.0390625 0.0421875
1 0.5890625 0.79375 0.0171875 0.0125
1 0.2015625 0.7703125 0.04375 0.0265625
1 0.153125 0.75625 0.0203125 0.025
1 0.3140625 0.7515625 0.034375 0.025
0 0.0234375 0.8234375 0.046875 0.16875
1 0.13125 0.8734375 0.0203125 0.03125
1 0.4921875 0.9078125 0.11875 0.1
0 0.4953125 0.86953125 0.209375 0.2609375
1 0.896875 0.996875 0.028125 0.00625
1 0.92265625 0.996875 0.0140625 0.00625
1 0.85 0.99296875 0.028125 0.0140625
1 0.9890625 0.971875 0.021875 0.03125
1 0.9203125 0.9578125 0.0453125 0.0703125
1 0.909375 0.875 0.0109375 0.0171875
1 0.94375 0.809375 0.009375 0.0140625
1 0.9828125 0.80625 0.021875 0.0125
1 0.98828125 0.7953125 0.0234375 0.01875
1 0.896875 0.7890625 0.0234375 0.0125
1 0.959375 0.7828125 0.053125 0.0359375
0 0.7578125 0.709375 0.0453125 0.0328125
1 0.690625 0.87890625 0.003125 0.0203125
0 0.840625 0.725 0.0703125 0.0640625
0 0.828125 0.7921875 0.10625 0.1453125
1 0.790625 0.7234375 0.0109375 0.0125
0 0.76875 0.8234375 0.078125 0.059375
0 0.7875 0.8796875 0.0828125 0.05625
0 0.796875 0.9796875 0.078125 0.040625
0 0.8 0.915625 0.1671875 0.0921875
1 0.8375 0.9625 0.021875 0.025