1 0.0171875 0.21953125 0.034375 0.0453125
1 0.1453125 0.3890625 0.0125 0.0109375
1 0.2296875 0.315625 0.0203125 0.0078125
1 0.34375 0.3984375 0.0265625 0.0359375
0 0.359375 0.49296875 0.075 0.1515625
1 0.0640625 0.2 0.0390625 0.0609375
1 0.253125 0.55 0.08125 0.0375
0 0.05625 0.43046875 0.1125 0.2765625
1 0.97109375 0.00546875 0.0359375 0.0109375
1 0.96875 0.06875 0.025 0.03125
1 0.9921875 0.0859375 0.015625 0.034375
1 0.76875 0.00390625 0.028125 0.0078125
1 0.8390625 0.1203125 0.0265625 0.0453125
0 0.8015625 0.31875 0.109375 0.08125
1 0.73125 0.3453125 0.0265625 0.025
0 0.6671875 0.3828125 0.1625 0.3328125
1 0.78125 0.4671875 0.021875 0.01875
1 0.7125 0.5265625 0.0203125 0.0203125
1 0.6453125 0.1453125 0.0234375 0.021875
1 0.9203125 0.30625 0.015625 0.01875
1 0.9390625 0.346875 0.025 0.025
0 0.934375 0.4203125 0.13125 0.296875
1 0.9828125 0.55 0.0171875 0.0203125
1 0.98671875 0.48984375 0.0265625 0.0234375
1 0.3078125 0.58359375 0.028125 0.0296875
1 0.2875 0.575 0.021875 0.0125
1 0.2515625 0.5734375 0.021875 0.009375
1 0.1515625 0.625 0.0328125 0.04375
1 0.253125 0.7484375 0.0265625 0.0234375
0 0.1671875 0.93984375 0.0625 0.1203125
1 0.33984375 0.98671875 0.0171875 0.0265625
0 0.2828125 0.934375 0.29375 0.13125
1 0.5609375 0.88125 0.0375 0.034375
1 0.6953125 0.93125 0.0203125 0.021875
1 0.7609375 0.8859375 0.0109375 0.0234375
1 0.4921875 0.9359375 0.0359375 0.0234375
1 0.5625 0.7609375 0.0234375 0.021875
1 0.6734375 0.9921875 0.0359375 0.00625
1 0.73125 0.959375 0.021875 0.015625