1 0.2140625 0.0421875 0.040625 0.0390625
1 0.1953125 0.1890625 0.025 0.0375
1 0.25 0.1953125 0.0140625 0.0234375
1 0.159375 0.1375 0.06875 0.0546875
1 0.14375 0.0796875 0.0390625 0.0671875
1 0.1796875 0.025 0.021875 0.025
1 0.19375 0.0375 0.015625 0.021875
1 0.278125 0.00703125 0.025 0.0140625
1 0.396875 0.1109375 0.025 0.015625
1 0.3109375 0.140625 0.01875 0.0265625
1 0.259375 0.225 0.0234375 0.0140625
1 0.065625 0.078125 0.0203125 0.0203125
1 0.1390625 0.2078125 0.0375 0.04375
1 0.1765625 0.271875 0.00625 0.0078125
1 0.3625 0.2453125 0.021875 0.025
1 0.403125 0.40625 0.0125 0.025
1 0.3515625 0.403125 0.021875 0.0234375
1 0.3515625 0.41875 0.0109375 0.0109375
1 0.365625 0.284375 0.025 0.01875
1 0.35 0.3515625 0.0296875 0.0296875
1 0.35625 0.3390625 0.021875 0.0328125
1 0.359375 0.3171875 0.0171875 0.015625
0 0.3859375 0.40703125 0.046875 0.0859375
1 0.39375 0.3796875 0.021875 0.0265625
0 0.22265625 0.40390625 0.1296875 0.0921875
1 0.2203125 0.4484375 0.015625 0.003125
1 0.1578125 0.2953125 0.0390625 0.01875
1 0.1453125 0.2875 0.01875 0.015625
1 0.1484375 0.33125 0.0359375 0.0578125
0 0.11953125 0.3984375 0.1390625 0.103125
1 0.0703125 0.2328125 0.0140625 0.0078125
1 0.57890625 0.44453125 0.0203125 0.0109375
1 0.6140625 0.4203125 0.0171875 0.0140625
1 0.6953125 0.3265625 0.0109375 0.0125
1 0.7640625 0.203125 0.0140625 0.028125
0 0.8375 0.234375 0.1375 0.25625
0 0.946875 0.253125 0.08125 0.1421875
1 0.6296875 0.3140625 0.0171875 0.021875
1 0.64375 0.3421875 0.046875 0.028125
0 0.546875 0.2484375 0.01875 0.11875
0 0.5921875 0.240625 0.0953125 0.175
1 0.6578125 0.1796875 0.0625 0.1
0 0.709375 0.2234375 0.1015625 0.2140625
1 0.68515625 0.44765625 0.0140625 0.0046875
0 0.24375 0.6765625 0.0671875 0.140625
0 0.0984375 0.66875 0.175 0.1359375
1 0.1125 0.640625 0.0171875 0.015625
1 0.8046875 0.5015625 0.046875 0.05
1 0.8484375 0.496875 0.0375 0.0265625
1 0.9421875 0.4921875 0.0546875 0.0265625
1 0.6984375 0.5828125 0.05 0.0640625
1 0.7859375 0.628125 0.0265625 0.0375
1 0.8234375 0.6515625 0.075 0.0390625
1 0.8375 0.5421875 0.0359375 0.0609375
0 0.88125 0.5578125 0.0765625 0.1734375
0 0.9625 0.575 0.075 0.0625
1 0.8546875 0.515625 0.05 0.0515625
1 0.915625 0.6421875 0.046875 0.0515625
1 0.9921875 0.8390625 0.015625 0.021875
1 0.98828125 0.90703125 0.0234375 0.0265625
1 0.940625 0.6609375 0.028125 0.025
1 0.8203125 0.7203125 0.0171875 0.0375
1 0.8375 0.834375 0.0359375 0.0328125
1 0.871875 0.7921875 0.0296875 0.021875
1 0.734375 0.828125 0.021875 0.0265625
1 0.68125 0.85 0.0421875 0.04375
1 0.67265625 0.971875 0.0421875 0.05625
1 0.65 0.9375 0.0328125 0.0515625
1 0.7140625 0.728125 0.0234375 0.015625
1 0.7296875 0.940625 0.01875 0.021875
1 0.7578125 0.7671875 0.009375 0.028125
1 0.925 0.7859375 0.01875 0.0234375
1 0.98984375 0.4578125 0.0203125 0.015625