0 0.14296875 0.0421875 0.1515625 0.084375
0 0.159375 0.1234375 0.121875 0.1609375
1 0.228125 0.159375 0.0265625 0.0265625
1 0.2828125 0.1234375 0.0140625 0.0140625
1 0.05 0.096875 0.0921875 0.11875
0 0.1078125 0.190625 0.1125 0.1453125
1 0.084375 0.290625 0.0625 0.05
0 0.1546875 0.30625 0.0609375 0.04375
1 0.4484375 0.21328125 0.003125 0.0109375
1 0.490625 0.225 0.025 0.021875
1 0.515625 0.3140625 0.015625 0.03125
0 0.6265625 0.2484375 0.1015625 0.078125
1 0.6484375 0.265625 0.0203125 0.0390625
0 0.65625 0.165625 0.140625 0.1234375
0 0.628125 0.0703125 0.19375 0.1234375
1 0.62109375 0.0171875 0.0171875 0.034375
1 0.8296875 0.2515625 0.0296875 0.03125
1 0.8 0.159375 0.0703125 0.0671875
1 0.86875 0.0859375 0.0453125 0.028125
1 0.9078125 0.090625 0.0265625 0.0359375
1 0.953125 0.1 0.0453125 0.028125
1 0.01796875 0.996875 0.0296875 0.00625
1 0.0203125 0.9890625 0.00625 0.0140625
1 0.0484375 0.98515625 0.04375 0.0296875
1 0.0609375 0.98125 0.0296875 0.025
1 0.0203125 0.9203125 0.0203125 0.01875
1 0.059375 0.909375 0.0203125 0.0421875
1 0.0078125 0.7265625 0.0078125 0.0171875
1 0.021875 0.7953125 0.00625 0.009375
1 0.0453125 0.775 0.01875 0.0203125
1 0.028125 0.6453125 0.0078125 0.015625
1 0.0828125 0.653125 0.0109375 0.0125
1 0.0796875 0.5875 0.0265625 0.05625
1 0.0984375 0.834375 0.0203125 0.015625
1 0.171875 0.925 0.01875 0.034375
1 0.178125 0.8984375 0.0140625 0.015625
1 0.15625 0.890625 0.04375 0.0421875
1 0.14375 0.721875 0.0546875 0.01875
1 0.1796875 0.7265625 0.0265625 0.04375
1 0.246875 0.590625 0.071875 0.040625
1 0.24375 0.63125 0.03125 0.03125
1 0.2125 0.8546875 0.046875 0.05625
1 0.2453125 0.8921875 0.04375 0.046875
1 0.2921875 0.7484375 0.015625 0.03125
1 0.2859375 0.68125 0.0359375 0.0203125
1 0.315625 0.653125 0.01875 0.0234375
1 0.359375 0.665625 0.01875 0.053125
1 0.3453125 0.709375 0.021875 0.0625
0 0.2828125 0.7671875 0.046875 0.0375
1 0.303125 0.734375 0.0953125 0.121875
1 0.44609375 0.55625 0.0078125 0.0375
1 0.43984375 0.63046875 0.0203125 0.0265625
1 0.41875 0.6359375 0.0390625 0.04375
1 0.4421875 0.6375 0.009375 0.0328125
1 0.44453125 0.7640625 0.0109375 0.028125
1 0.4359375 0.8953125 0.021875 0.0375
1 0.3484375 0.903125 0.0265625 0.028125
1 0.3546875 0.8796875 0.0171875 0.0140625
1 0.3796875 0.85 0.0234375 0.0109375
1 0.4140625 0.8328125 0.0375 0.025
1 0.375 0.96640625 0.0625 0.0671875
1 0.43046875 0.99765625 0.0296875 0.0046875
1 0.4265625 0.975 0.0296875 0.0109375
0 0.303125 0.5921875 0.0234375 0.03125
1 0.284375 0.5890625 0.0328125 0.0140625
0 0.3125 0.55625 0.0640625 0.0515625
1 0.2859375 0.59375 0.0203125 0.053125
0 0.25546875 0.93359375 0.1203125 0.1328125
0 0.284375 0.965625 0.14375 0.06875
1 0.625 0.8890625 0.03125 0.01875
1 0.678125 0.7765625 0.021875 0.03125
1 0.4625 0.7375 0.0171875 0.021875
1 0.6453125 0.728125 0.0234375 0.0375
1 0.696875 0.6875 0.0171875 0.0140625
1 0.540625 0.6703125 0.028125 0.0328125
1 0.6484375 0.64375 0.015625 0.0109375
1 0.678125 0.625 0.0078125 0.0078125
1 0.7078125 0.63125 0.01875 0.0359375
1 0.740625 0.6015625 0.0453125 0.0453125
1 0.540625 0.5875 0.0296875 0.0265625
0 0.9453125 0.4671875 0.1015625 0.059375
0 0.9390625 0.584375 0.121875 0.20625
0 0.9203125 0.72421875 0.159375 0.1515625
0 0.9078125 0.8 0.075 0.090625
0 0.46015625 0.8125 0.0203125 0.0375
1 0.51015625 0.8296875 0.1203125 0.090625
1 0.7203125 0.9421875 0.0265625 0.034375
1 0.99765625 0.83984375 0.0046875 0.0484375
1 0.4953125 0.5 0.0234375 0.03125
1 0.5328125 0.5453125 0.0390625 0.025
1 0.5125 0.659375 0.015625 0.015625
1 0.5296875 0.7359375 0.0234375 0.01875
1 0.54375 0.7796875 0.0328125 0.01875
1 0.9375 0.934375 0.04375 0.03125
0 0.8765625 0.95 0.0640625 0.0296875
1 0.84375 0.9234375 0.0359375 0.0390625
1 0.7953125 0.88125 0.1 0.0859375
1 0.5640625 0.5 0.0609375 0.0578125
1 0.5453125 0.5046875 0.01875 0.015625
1 0.7890625 0.4921875 0.0328125 0.028125
1 0.7765625 0.5359375 0.0734375 0.0609375
1 0.725 0.5765625 0.0453125 0.028125
1 0.6765625 0.559375 0.0671875 0.0515625
1 0.840625 0.728125 0.0265625 0.0203125