1 0.45859375 0.01171875 0.0203125 0.0109375
0 0.3546875 0.03046875 0.078125 0.0609375
0 0.40078125 0.084375 0.1359375 0.08125
1 0.321875 0.1265625 0.028125 0.0390625
1 0.25 0.1765625 0.04375 0.0671875
1 0.2953125 0.0140625 0.0203125 0.0203125
1 0.384375 0.146875 0.0625 0.0640625
0 0.3703125 0.2125 0.171875 0.0953125
0 0.4125 0.421875 0.046875 0.0390625
0 0.334375 0.4078125 0.065625 0.06875
0 0.35 0.340625 0.0921875 0.153125
0 0.3921875 0.2921875 0.096875 0.096875
1 0.3796875 0.2515625 0.0859375 0.075
1 0.2765625 0.3421875 0.0203125 0.034375
1 0.2125 0.3515625 0.0515625 0.0328125
1 0.1828125 0.340625 0.0265625 0.0203125
1 0.1875 0.284375 0.0140625 0.0171875
1 0.1125 0.2 0.0234375 0.03125
1 0.05 0.2125 0.0234375 0.028125
1 0.165625 0.1625 0.05 0.028125
1 0.196875 0.10625 0.015625 0.015625
1 0.2640625 0.13125 0.046875 0.015625
1 0.0359375 0.0609375 0.034375 0.0375
1 0.1 0.13125 0.03125 0.03125
1 0.0328125 0.109375 0.025 0.025
1 0.103125 0.0296875 0.04375 0.0390625
1 0.0890625 0.021875 0.021875 0.0203125
1 0.01640625 0.1796875 0.0328125 0.084375
1 0.10625 0.4375 0.0359375 0.009375
1 0.0234375 0.4359375 0.034375 0.0125
1 0.071875 0.4046875 0.0546875 0.034375
1 0.0375 0.4078125 0.0625 0.05
1 0.1140625 0.35625 0.040625 0.0359375
1 0.040625 0.2734375 0.0484375 0.0546875
1 0.01953125 0.29140625 0.0390625 0.1234375
1 0.034375 0.3625 0.0234375 0.0265625
1 0.071875 0.3625 0.01875 0.0203125
1 0.0671875 0.3390625 0.0328125 0.0265625
1 0.0546875 0.346875 0.0375 0.015625
1 0.328125 0.171875 0.0140625 0.025
1 0.190625 0.3265625 0.0265625 0.0125
1 0.9375 0.4328125 0.0140625 0.0296875
1 0.9578125 0.4484375 0.0140625 0.0078125
1 0.8859375 0.465625 0.05 0.0359375
1 0.8828125 0.43125 0.0359375 0.034375
1 0.8453125 0.484375 0.040625 0.0171875
1 0.7859375 0.4578125 0.0296875 0.028125
1 0.9015625 0.2921875 0.0421875 0.05
1 0.790625 0.315625 0.025 0.025
1 0.7984375 0.25 0.0328125 0.053125
1 0.8296875 0.23125 0.0265625 0.0171875
1 0.8359375 0.115625 0.05 0.0390625
1 0.8578125 0.0484375 0.0515625 0.0375
1 0.9296875 0.00859375 0.065625 0.0171875
1 0.759375 0.134375 0.040625 0.071875
1 0.76875 0.00546875 0.053125 0.0109375
1 0.775 0.390625 0.04375 0.0328125
1 0.7578125 0.409375 0.0203125 0.0078125
1 0.753125 0.4890625 0.0171875 0.009375
1 0.65625 0.2578125 0.0171875 0.0109375
1 0.6828125 0.221875 0.0296875 0.0265625
1 0.7046875 0.3015625 0.0578125 0.034375
1 0.7125 0.3828125 0.009375 0.0125
1 0.725 0.3453125 0.0625 0.0640625
1 0.6734375 0.046875 0.021875 0.0171875
1 0.5796875 0.090625 0.0078125 0.0234375
1 0.58125 0.06875 0.021875 0.015625
0 0.61640625 0.00703125 0.0453125 0.0140625
1 0.540625 0.04375 0.0140625 0.021875
1 0.521875 0.0578125 0.0078125 0.015625
1 0.6046875 0.21875 0.03125 0.0328125
1 0.5265625 0.2140625 0.04375 0.0421875
1 0.5375 0.15625 0.0234375 0.025
0 0.590625 0.15625 0.09375 0.0703125
1 0.5515625 0.284375 0.021875 0.0265625
0 0.5828125 0.2484375 0.090625 0.109375
0 0.5796875 0.3 0.0375 0.0625
1 0.61875 0.275 0.03125 0.0578125
0 0.5796875 0.378125 0.06875 0.1328125
0 0.5859375 0.48125 0.0578125 0.025
1 0.6171875 0.4640625 0.0421875 0.0578125
1 0.54375 0.353125 0.0203125 0.0203125
1 0.5390625 0.371875 0.0140625 0.015625
1 0.5078125 0.359375 0.0203125 0.0171875
1 0.4765625 0.31796875 0.015625 0.0265625
1 0.778125 0.2078125 0.0234375 0.0125
1 0.415625 0.5921875 0.0078125 0.009375
1 0.096875 0.596875 0.0078125 0.0078125
1 0.334375 0.6078125 0.0078125 0.0125
1 0.346875 0.69375 0.03125 0.046875
1 0.15625 0.7046875 0.009375 0.0125
1 0.1140625 0.75625 0.0078125 0.0109375
1 0.16875 0.7703125 0.021875 0.0234375
1 0.0734375 0.8125 0.028125 0.01875
1 0.2609375 0.828125 0.009375 0.009375
1 0.021875 0.8265625 0.0171875 0.0390625
1 0.315625 0.846875 0.0109375 0.0140625
1 0.3265625 0.8859375 0.0125 0.0078125
1 0.253125 0.8890625 0.015625 0.0078125
1 0.465625 0.89375 0.00625 0.015625
1 0.3421875 0.934375 0.0546875 0.0625
0 0.07421875 0.6484375 0.1484375 0.121875
1 0.896875 0.54375 0.021875 0.009375
1 0.7140625 0.5578125 0.03125 0.0234375
1 0.7125 0.7046875 0.0375 0.0328125
1 0.54375 0.7171875 0.0109375 0.0109375
1 0.8 0.79375 0.0078125 0.015625
1 0.8140625 0.8046875 0.0140625 0.0125
1 0.8390625 0.8109375 0.015625 0.01875
1 0.99609375 0.71796875 0.0078125 0.0203125
1 0.9859375 0.7453125 0.028125 0.034375
1 0.6890625 0.54921875 0.025 0.0203125
0 0.8078125 0.58203125 0.153125 0.0859375
1 0.7390625 0.6515625 0.0296875 0.0546875
0 0.8140625 0.6453125 0.159375 0.0890625
0 0.8140625 0.721875 0.159375 0.096875