1 0.35625 0.3421875 0.05625 0.0125
1 0.2046875 0.3265625 0.0078125 0.009375
1 0.1875 0.284375 0.0203125 0.01875
1 0.0625 0.2515625 0.0265625 0.015625
1 0.0140625 0.25 0.00625 0.0109375
1 0.0359375 0.2046875 0.0078125 0.00625
1 0.06875 0.1953125 0.0203125 0.021875
1 0.2984375 0.1875 0.03125 0.021875
1 0.28125 0.159375 0.0234375 0.0109375
1 0.278125 0.1203125 0.0359375 0.028125
1 0.009375 0.0953125 0.0109375 0.0265625
1 0.478125 0.0421875 0.0171875 0.01875
1 0.03359375 0.0078125 0.0265625 0.015625
1 0.08125 0.2515625 0.0203125 0.01875
1 0.08125 0.234375 0.0203125 0.0234375
1 0.0890625 0.2140625 0.015625 0.021875
1 0.0765625 0.2203125 0.0125 0.0046875
1 0.059375 0.34375 0.0046875 0.009375
1 0.3375 0.0453125 0.0296875 0.0265625
1 0.3390625 0.0734375 0.028125 0.025
1 0.334375 0.0828125 0.0125 0.028125
1 0.309375 0.09375 0.0234375 0.021875
1 0.4390625 0.3375 0.025 0.0171875
1 0.409375 0.340625 0.0234375 0.015625
0 0.39453125 0.10546875 0.1890625 0.2109375
0 0.37890625 0.221875 0.2203125 0.253125
0 0.42265625 0.18046875 0.1328125 0.2171875
1 0.940625 0.2953125 0.00625 0.0109375
1 0.7359375 0.1765625 0.0046875 0.0078125
1 0.778125 0.109375 0.0109375 0.0078125
0 0.61015625 0.0265625 0.2421875 0.053125
1 0.8734375 0.0375 0.03125 0.0375
1 0.9 0.015625 0.0515625 0.03125
1 0.8640625 0.0140625 0.015625 0.0125
1 0.6359375 0.221875 0.0109375 0.0125
1 0.5921875 0.2484375 0.0546875 0.034375
1 0.5953125 0.275 0.0171875 0.0359375
0 0.63125 0.2875 0.178125 0.2140625
1 0.6703125 0.2234375 0.0765625 0.0390625
1 0.9265625 0.3125 0.0390625 0.0234375
1 0.9578125 0.265625 0.015625 0.0125
0 0.33046875 0.6140625 0.3171875 0.06875
0 0.3140625 0.8171875 0.21875 0.234375
1 0.1328125 0.85 0.03125 0.0171875
1 0.25 0.703125 0.034375 0.03125
1 0.003125 0.828125 0.00625 0.034375
1 0.303125 0.6796875 0.046875 0.015625
1 0.3046875 0.715625 0.0609375 0.0265625
1 0.6734375 0.871875 0.0078125 0.0125
1 0.50625 0.8171875 0.0125 0.0234375
1 0.734375 0.7953125 0.0234375 0.028125
1 0.746875 0.753125 0.0171875 0.01875
0 0.8609375 0.79375 0.190625 0.1140625
0 0.84296875 0.89453125 0.3140625 0.2109375