0 0.5046875 0.165625 0.06875 0.2
0 0.359375 0.1671875 0.25 0.3015625
1 0.26328125 0.43046875 0.0484375 0.0390625
1 0.99296875 0.2703125 0.0140625 0.053125
1 0.9203125 0.2875 0.1265625 0.08125
1 0.9515625 0.1265625 0.0546875 0.0421875
1 0.865625 0.44609375 0.021875 0.0078125
1 0.8 0.271875 0.09375 0.1078125
1 0.9125 0.14375 0.0359375 0.0703125
0 0.83671875 0.0734375 0.1703125 0.146875
1 0.21796875 0.9953125 0.0203125 0.009375
1 0.2765625 0.4734375 0.0125 0.0125
1 0.353125 0.975 0.0234375 0.021875
1 0.4859375 0.4703125 0.0359375 0.01875
0 0.1390625 0.6328125 0.14375 0.1875
0 0.2234375 0.6484375 0.2 0.1640625
0 0.49921875 0.61484375 0.0796875 0.0953125
0 0.3984375 0.625 0.28125 0.209375
1 0.4921875 0.884375 0.015625 0.0203125
1 0.7390625 0.7 0.053125 0.0796875
1 0.8 0.6875 0.021875 0.03125
1 0.878125 0.659375 0.03125 0.046875
1 0.690625 0.640625 0.046875 0.05625
1 0.63125 0.628125 0.01875 0.0125
1 0.603125 0.7859375 0.028125 0.0296875
1 0.8203125 0.45625 0.040625 0.0125
1 0.8328125 0.5265625 0.025 0.0265625
0 0.853125 0.49453125 0.08125 0.0890625
0 0.7375 0.4984375 0.06875 0.096875
0 0.68828125 0.4609375 0.0640625 0.021875
0 0.6125 0.48125 0.09375 0.0546875
1 0.5859375 0.534375 0.0390625 0.046875
1 0.5578125 0.803125 0.0375 0.034375
0 0.65078125 0.975 0.0953125 0.05
0 0.75078125 0.9609375 0.1421875 0.078125
0 0.8390625 0.97578125 0.06875 0.0484375
1 0.8796875 0.896875 0.021875 0.0421875