0 0.0890625 0.06640625 0.178125 0.1328125
1 0.015625 0.14375 0.03125 0.103125
1 0.14375 0.353125 0.084375 0.0796875
1 0.1640625 0.4171875 0.0421875 0.04375
1 0.075 0.359375 0.0265625 0.0203125
1 0.128125 0.428125 0.0375 0.021875
1 0.528125 0.0703125 0.025 0.0140625
1 0.8453125 0.0875 0.015625 0.021875
1 0.7640625 0.103125 0.0203125 0.0234375
1 0.7296875 0.1 0.0171875 0.0125
1 0.8078125 0.10625 0.0171875 0.0171875
1 0.7375 0.3234375 0.040625 0.0265625
1 0.55 0.409375 0.0296875 0.0171875
0 0.96796875 0.14140625 0.0640625 0.1640625
0 0.940625 0.2828125 0.11875 0.134375
0 0.9640625 0.41953125 0.071875 0.2015625
0 0.971875 0.5171875 0.05625 0.05625
1 0.8359375 0.353125 0.0171875 0.0171875
1 0.8265625 0.3671875 0.034375 0.0359375
1 0.8078125 0.3578125 0.0375 0.0328125
1 0.7828125 0.3890625 0.0359375 0.034375
1 0.8875 0.478125 0.0125 0.0234375
1 0.7515625 0.5140625 0.01875 0.0171875
1 0.6734375 0.4890625 0.0125 0.01875
1 0.6171875 0.475 0.01875 0.015625
1 0.6328125 0.4671875 0.025 0.0265625
1 0.6734375 0.465625 0.0265625 0.0234375
1 0.65625 0.446875 0.021875 0.028125
1 0.659375 0.43125 0.0171875 0.01875
1 0.7 0.415625 0.0234375 0.034375
1 0.6765625 0.415625 0.0234375 0.021875
1 0.71875 0.4046875 0.0109375 0.0203125
1 0.7 0.35 0.0140625 0.0234375
1 0.8296875 0.253125 0.021875 0.025
1 0.6515625 0.3421875 0.028125 0.034375
1 0.6671875 0.3578125 0.01875 0.021875
1 0.675 0.3390625 0.0296875 0.015625
1 0.6453125 0.309375 0.021875 0.0203125
1 0.659375 0.3 0.01875 0.0234375
1 0.6703125 0.296875 0.01875 0.028125
1 0.6859375 0.2765625 0.0484375 0.040625
1 0.665625 0.2453125 0.0296875 0.028125
1 0.7640625 0.225 0.015625 0.0125
1 0.7421875 0.1984375 0.01875 0.028125
1 0.603125 0.1828125 0.021875 0.0171875
1 0.8359375 0.11875 0.015625 0.0265625
1 0.665625 0.14375 0.0296875 0.0359375
1 0.6671875 0.18125 0.015625 0.0109375
1 0.671875 0.0796875 0.0328125 0.040625
1 0.690625 0.115625 0.028125 0.0203125
1 0.734375 0.1234375 0.0140625 0.0125
1 0.7296875 0.0703125 0.03125 0.025
0 0.5015625 0.43046875 0.084375 0.0921875
0 0.48671875 0.50703125 0.0546875 0.0734375
1 0.5484375 0.228125 0.0171875 0.0234375
1 0.575 0.0890625 0.021875 0.0296875
0 0.50390625 0.1515625 0.0890625 0.134375
1 0.46171875 0.1953125 0.0046875 0.034375
0 0.50078125 0.0609375 0.0828125 0.08125
0 0.50859375 0.25078125 0.0984375 0.1765625
0 0.33828125 0.9015625 0.2421875 0.196875
0 0.41328125 0.8953125 0.0921875 0.184375
1 0.59453125 0.653125 0.0234375 0.00625
1 0.6578125 0.659375 0.034375 0.01875
1 0.85 0.70078125 0.1625 0.1015625
1 0.5140625 0.74375 0.028125 0.04375
1 0.5015625 0.8046875 0.0359375 0.0296875
1 0.5171875 0.9515625 0.0171875 0.0390625
1 0.790625 0.9734375 0.021875 0.0375
1 0.6796875 0.975 0.028125 0.0375
1 0.5203125 0.909375 0.025 0.0234375
0 0.8234375 0.9140625 0.1421875 0.1546875
1 0.8921875 0.8421875 0.1390625 0.053125
0 0.8046875 0.79375 0.084375 0.046875
1 0.46640625 0.71875 0.0140625 0.04375
1 0.56875 0.9328125 0.0421875 0.0234375