1 0.3296875 0.45625 0.0140625 0.0078125
1 0.2890625 0.059375 0.0125 0.0171875
1 0.2921875 0.2671875 0.0203125 0.009375
1 0.28125 0.1484375 0.00625 0.015625
1 0.2765625 0.4015625 0.0328125 0.021875
1 0.25625 0.296875 0.0109375 0.0109375
1 0.2203125 0.4953125 0.021875 0.028125
1 0.16796875 0.50546875 0.0296875 0.0078125
1 0.15 0.2265625 0.0078125 0.015625
1 0.1265625 0.1984375 0.0078125 0.021875
1 0.0984375 0.2109375 0.0109375 0.03125
1 0.0796875 0.29375 0.0125 0.0109375
1 0.4734375 0.0578125 0.021875 0.009375
1 0.475 0.1015625 0.0203125 0.0140625
1 0.509375 0.1203125 0.05 0.03125
1 0.703125 0.0265625 0.0390625 0.021875
1 0.78125 0.025 0.009375 0.0125
1 0.8546875 0.0390625 0.021875 0.0265625
1 0.5125 0.00625 0.009375 0.00625
1 0.7 0.1984375 0.0296875 0.04375
1 0.7046875 0.1640625 0.05 0.0640625
1 0.7015625 0.1171875 0.009375 0.0078125
1 0.4609375 0.24375 0.0046875 0.00625
1 0.525 0.3234375 0.0078125 0.0109375
1 0.54375 0.3390625 0.0203125 0.034375
1 0.5203125 0.375 0.0234375 0.0234375
1 0.5390625 0.371875 0.0171875 0.0125
1 0.5703125 0.4109375 0.0296875 0.0375
1 0.625 0.3671875 0.0171875 0.0171875
1 0.659375 0.39375 0.0109375 0.0203125
1 0.5140625 0.3921875 0.0125 0.015625
0 0.55625 0.36875 0.1109375 0.109375
1 0.734375 0.346875 0.01875 0.0234375
1 0.740625 0.35625 0.01875 0.015625
1 0.7609375 0.353125 0.015625 0.0171875
0 0.7296875 0.4046875 0.0453125 0.0875
1 0.928125 0.3453125 0.0234375 0.015625
1 0.946875 0.321875 0.009375 0.0078125
1 0.940625 0.359375 0.0171875 0.01875
1 0.978125 0.421875 0.0125 0.0203125
0 0.959375 0.3875 0.0515625 0.11875
0 0.89375 0.38125 0.121875 0.1328125
0 0.8140625 0.39375 0.1265625 0.14375
1 0.80625 0.4015625 0.015625 0.0078125
1 0.8 0.29375 0.01875 0.015625
1 0.90390625 0.50625 0.0265625 0.00625
1 0.640625 0.4453125 0.0109375 0.0203125
1 0.5375 0.4859375 0.0265625 0.0140625
1 0.54375 0.4828125 0.0203125 0.0265625
1 0.51484375 0.50546875 0.0203125 0.0078125
0 0.22578125 0.603125 0.2078125 0.1875
1 0.8796875 0.55 0.0046875 0.0078125
1 0.8734375 0.6796875 0.0171875 0.0171875
1 0.871875 0.6328125 0.0203125 0.0328125
1 0.853125 0.95625 0.025 0.015625
1 0.8453125 0.5734375 0.01875 0.028125
1 0.7953125 0.6265625 0.059375 0.0359375
1 0.7484375 0.6515625 0.0078125 0.009375
1 0.7359375 0.75 0.021875 0.0140625
1 0.728125 0.665625 0.025 0.025
1 0.70078125 0.51484375 0.0171875 0.0109375
1 0.6953125 0.5484375 0.0296875 0.0171875
1 0.690625 0.696875 0.0296875 0.0296875
1 0.6609375 0.571875 0.0296875 0.0453125
1 0.640625 0.5375 0.0390625 0.015625
1 0.625 0.690625 0.015625 0.01875
1 0.6203125 0.6765625 0.028125 0.021875
1 0.6046875 0.9453125 0.040625 0.040625
1 0.596875 0.6953125 0.0359375 0.021875
1 0.571875 0.6 0.053125 0.0375
1 0.5828125 0.871875 0.028125 0.0578125
1 0.571875 0.709375 0.01875 0.0234375
1 0.55390625 0.98203125 0.0484375 0.0359375
1 0.5171875 0.59375 0.0296875 0.025
1 0.4765625 0.5703125 0.0265625 0.0171875
1 0.4828125 0.678125 0.0578125 0.0484375
1 0.4828125 0.546875 0.0671875 0.04375
1 0.4234375 0.55625 0.05 0.065625
1 0.3953125 0.7921875 0.0125 0.025
1 0.3859375 0.6265625 0.01875 0.0265625
1 0.3625 0.51640625 0.015625 0.0140625
1 0.3609375 0.5625 0.0125 0.01875
1 0.75 0.98671875 0.053125 0.0265625
1 0.4640625 0.9 0.0265625 0.0609375
1 0.478125 0.8671875 0.0234375 0.0515625
1 0.5 0.8875 0.0734375 0.0703125
1 0.5375 0.815625 0.071875 0.078125
1 0.51875 0.8390625 0.0171875 0.0296875
1 0.496875 0.815625 0.0296875 0.0296875
0 0.3703125 0.7984375 0.0296875 0.071875
1 0.40625 0.753125 0.0234375 0.0578125
1 0.4140625 0.7125 0.11875 0.1265625
0 0.4765625 0.7828125 0.2125 0.0984375
1 0.7671875 0.8640625 0.06875 0.0421875
1 0.709375 0.90625 0.0765625 0.0734375
1 0.7234375 0.9515625 0.05 0.0359375
0 0.8359375 0.765625 0.090625 0.1390625
0 0.790625 0.7953125 0.178125 0.11875
1 0.7140625 0.7921875 0.0234375 0.0328125
1 0.675 0.8421875 0.03125 0.0421875
0 0.640625 0.7921875 0.0796875 0.1953125
1 0.6796875 0.7796875 0.0203125 0.009375
1 0.6078125 0.871875 0.0234375 0.0140625
1 0.5390625 0.6828125 0.0484375 0.059375
1 0.7703125 0.5453125 0.0765625 0.0640625
1 0.8109375 0.5625 0.0375 0.0328125
1 0.6953125 0.5953125 0.0609375 0.0390625
1 0.6984375 0.6171875 0.03125 0.028125
1 0.7125 0.584375 0.0203125 0.0171875
1 0.6078125 0.55078125 0.08125 0.0828125
1 0.4125 0.6359375 0.0328125 0.03125
1 0.434375 0.61875 0.0375 0.0421875
1 0.3984375 0.6484375 0.028125 0.021875
1 0.3578125 0.5875 0.00625 0.015625
1 0.5265625 0.56875 0.021875 0.025
1 0.5015625 0.53125 0.04375 0.04375
1 0.5171875 0.565625 0.121875 0.1125