1 0.3265625 0.01015625 0.071875 0.0203125
1 0.190625 0.0421875 0.08125 0.065625
1 0.2046875 0.078125 0.0390625 0.0375
1 0.103125 0.0609375 0.075 0.065625
1 0.0703125 0.0765625 0.034375 0.0484375
1 0.184375 0.134375 0.0375 0.065625
0 0.1421875 0.203125 0.1453125 0.103125
0 0.3421875 0.21875 0.0953125 0.0734375
1 0.35625 0.3140625 0.084375 0.075
1 0.2984375 0.31875 0.0484375 0.05625
1 0.2796875 0.3765625 0.059375 0.025
1 0.2125 0.16875 0.0390625 0.0515625
1 0.1953125 0.334375 0.0546875 0.071875
1 0.22734375 0.37109375 0.0328125 0.0359375
1 0.1828125 0.38359375 0.028125 0.0109375
1 0.1046875 0.3453125 0.1046875 0.08125
1 0.0921875 0.2921875 0.0546875 0.046875
1 0.5921875 0.33125 0.0203125 0.0203125
1 0.59609375 0.3796875 0.0234375 0.01875
1 0.6125 0.1515625 0.0625 0.0671875
0 0.61875 0.0296875 0.075 0.059375
1 0.6453125 0.3203125 0.0484375 0.040625
1 0.6875 0.35625 0.0375 0.0171875
1 0.71875 0.328125 0.0234375 0.021875
1 0.82421875 0.36875 0.0328125 0.040625
1 0.8140625 0.171875 0.0421875 0.0359375
1 0.8984375 0.0078125 0.028125 0.015625
1 0.9359375 0.3390625 0.096875 0.084375
0 0.7265625 0.02109375 0.146875 0.0421875
1 0.678125 0.0828125 0.1203125 0.0875
1 0.6859375 0.159375 0.0546875 0.0765625
1 0.728125 0.20625 0.065625 0.075
1 0.71875 0.2109375 0.0203125 0.0140625
1 0.6859375 0.190625 0.0203125 0.0265625
0 0.8171875 0.0234375 0.121875 0.046875
0 0.9484375 0.0328125 0.08125 0.065625
1 0.8640625 0.0765625 0.090625 0.0921875
1 0.86875 0.2609375 0.065625 0.0765625
1 0.8296875 0.2953125 0.021875 0.0109375
1 0.7984375 0.33125 0.015625 0.021875
1 0.846875 0.1953125 0.0578125 0.078125
1 0.865625 0.2140625 0.01875 0.025
1 0.8953125 0.19375 0.0328125 0.05625
1 0.97734375 0.08515625 0.0453125 0.1453125
1 0.90234375 0.37421875 0.0171875 0.0296875
1 0.94765625 0.20234375 0.1046875 0.1421875
1 0.9421875 0.1125 0.090625 0.146875
1 0.9234375 0.0796875 0.01875 0.0359375
0 0.25 0.6484375 0.19375 0.25625
0 0.16015625 0.678125 0.3203125 0.434375
1 0.15625 0.7609375 0.046875 0.0703125
1 0.1109375 0.85625 0.0453125 0.034375
1 0.1078125 0.9 0.0390625 0.0359375
0 0.028125 0.6921875 0.05625 0.14375
1 0.0234375 0.7 0.0234375 0.0234375
1 0.3328125 0.790625 0.025 0.0453125
1 0.14921875 0.4 0.0234375 0.021875
1 0.3078125 0.5875 0.025 0.025
1 0.871875 0.68125 0.0328125 0.040625
1 0.903125 0.665625 0.025 0.0265625
1 0.9375 0.68125 0.0140625 0.0171875
1 0.94375 0.753125 0.0234375 0.025
1 0.9859375 0.7609375 0.021875 0.0171875
1 0.9890625 0.7875 0.0125 0.01875
1 0.990625 0.7046875 0.01875 0.01875
1 0.8453125 0.8 0.0359375 0.0421875
1 0.8359375 0.8390625 0.021875 0.0265625
1 0.834375 0.8625 0.0234375 0.0140625
1 0.859375 0.91875 0.0359375 0.028125
1 0.76875 0.8671875 0.0421875 0.0359375
1 0.79375 0.8265625 0.021875 0.0203125
1 0.759375 0.953125 0.028125 0.0390625
1 0.6609375 0.8765625 0.0203125 0.0203125
1 0.7140625 0.796875 0.0375 0.01875
1 0.740625 0.73125 0.028125 0.0359375
1 0.6890625 0.709375 0.05625 0.0640625
1 0.6421875 0.7 0.0296875 0.034375
1 0.6265625 0.7921875 0.0421875 0.03125
1 0.64375 0.753125 0.0265625 0.0265625
1 0.7875 0.6625 0.0171875 0.025
1 0.8078125 0.73125 0.0203125 0.034375
1 0.89375 0.7609375 0.01875 0.0140625
1 0.8984375 0.8109375 0.0171875 0.021875
1 0.86875 0.8515625 0.0125 0.025
1 0.8828125 0.865625 0.015625 0.0109375
1 0.89375 0.85 0.025 0.0328125
1 0.9234375 0.8703125 0.028125 0.0390625
1 0.95 0.8796875 0.0234375 0.034375
1 0.971875 0.8296875 0.0375 0.021875
1 0.996875 0.8265625 0.00625 0.01875
1 0.975 0.921875 0.0203125 0.0359375
1 0.7140625 0.940625 0.0421875 0.0328125
1 0.6921875 0.9390625 0.021875 0.0171875
1 0.6421875 0.946875 0.0234375 0.04375
1 0.6171875 0.94375 0.028125 0.040625
1 0.615625 0.98828125 0.0125 0.0234375
1 0.9234375 0.39453125 0.034375 0.0109375
1 0.9609375 0.42109375 0.078125 0.0640625
1 0.65703125 0.39296875 0.0171875 0.0078125
0 0.76484375 0.98671875 0.1109375 0.0265625
0 0.946875 0.4765625 0.10625 0.125
0 0.86875 0.478125 0.0765625 0.1640625
0 0.7921875 0.484375 0.096875 0.1359375
1 0.7015625 0.434375 0.09375 0.046875
0 0.709375 0.4921875 0.140625 0.0765625
1 0.628125 0.415625 0.05 0.028125
0 0.6296875 0.4625 0.0546875 0.1203125
1 0.65 0.521875 0.05625 0.0796875