1 0.109375 0.0515625 0.0453125 0.05
1 0.0609375 0.0640625 0.059375 0.05625
1 0.01875 0.1 0.03125 0.0328125
1 0.20625 0.1328125 0.01875 0.0390625
1 0.30625 0.1390625 0.0421875 0.053125
1 0.2734375 0.165625 0.025 0.0296875
1 0.05625 0.146875 0.0515625 0.0515625
1 0.071875 0.2296875 0.04375 0.0703125
1 0.0640625 0.284375 0.0265625 0.0265625
1 0.209375 0.3203125 0.0421875 0.0578125
1 0.14375 0.246875 0.0546875 0.0484375
1 0.128125 0.1953125 0.028125 0.0359375
1 0.159375 0.1953125 0.040625 0.0359375
1 0.190625 0.178125 0.0546875 0.04375
1 0.2203125 0.1859375 0.0265625 0.021875
1 0.19375 0.25 0.0390625 0.0234375
1 0.18125 0.21875 0.040625 0.03125
1 0.2375 0.234375 0.0765625 0.1
1 0.29375 0.24375 0.0546875 0.0875
1 0.3 0.3265625 0.0546875 0.1140625
1 0.2 0.475 0.0578125 0.06875
0 0.29375 0.425 0.071875 0.1390625
1 0.24375 0.4109375 0.021875 0.040625
0 0.1796875 0.4046875 0.1265625 0.10625
1 0.165625 0.3484375 0.0421875 0.0421875
1 0.31484375 0.50390625 0.0265625 0.0296875
0 0.0265625 0.41484375 0.053125 0.1890625
1 0.03203125 0.35390625 0.0640625 0.0921875
1 0.03203125 0.2625 0.0640625 0.128125
1 0.2640625 0.3296875 0.0171875 0.028125
0 0.078125 0.3984375 0.1140625 0.1515625
0 0.053125 0.48203125 0.10625 0.0734375
1 0.48046875 0.2453125 0.0234375 0.0375
1 0.50625 0.16875 0.0140625 0.009375
1 0.53125 0.3765625 0.0109375 0.0125
1 0.625 0.28125 0.0234375 0.0296875
1 0.6546875 0.390625 0.0078125 0.0171875
1 0.6515625 0.2703125 0.015625 0.0140625
0 0.85390625 0.48046875 0.1015625 0.0765625
1 0.9 0.06875 0.034375 0.046875
0 0.87421875 0.03203125 0.1328125 0.0640625
0 0.73984375 0.01953125 0.0859375 0.0390625
0 0.61171875 0.028125 0.1765625 0.05625
0 0.5234375 0.0234375 0.109375 0.046875
0 0.546875 0.46953125 0.15625 0.0984375
0 0.69609375 0.4859375 0.1890625 0.065625
1 0.4359375 0.5703125 0.0171875 0.0203125
1 0.4515625 0.70078125 0.034375 0.0546875
1 0.45625 0.725 0.009375 0.015625
1 0.44375 0.7390625 0.0234375 0.0265625
1 0.396875 0.765625 0.01875 0.0234375
1 0.4625 0.8203125 0.0109375 0.0046875
1 0.4484375 0.7859375 0.0265625 0.0421875
1 0.075 0.6734375 0.015625 0.0125
1 0.0625 0.6671875 0.0125 0.0125
1 0.1703125 0.621875 0.0375 0.0359375
1 0.1609375 0.634375 0.0140625 0.0140625
1 0.15625 0.6375 0.0125 0.00625
1 0.165625 0.9421875 0.0234375 0.0234375
1 0.1765625 0.953125 0.0140625 0.01875
1 0.1875 0.9578125 0.0265625 0.0265625
1 0.1859375 0.9703125 0.0125 0.009375
1 0.221875 0.9375 0.0234375 0.015625
1 0.290625 0.9234375 0.0140625 0.0078125
1 0.2828125 0.8671875 0.003125 0.0078125
1 0.34375 0.9296875 0.028125 0.01875
1 0.3671875 0.928125 0.0328125 0.025
1 0.40625 0.9359375 0.021875 0.015625
1 0.390625 0.9359375 0.0125 0.0140625
1 0.0890625 0.5328125 0.065625 0.0109375
1 0.215625 0.6625 0.0140625 0.0109375
1 0.2671875 0.815625 0.01875 0.021875
0 0.15625 0.7421875 0.1375 0.0640625
0 0.1890625 0.6921875 0.1640625 0.0625
1 0.2734375 0.6890625 0.01875 0.0203125
1 0.2734375 0.659375 0.0109375 0.0125
0 0.2859375 0.7328125 0.146875 0.1640625
0 0.3609375 0.7484375 0.14375 0.1140625
1 0.3328125 0.75 0.0125 0.01875
0 0.45234375 0.7421875 0.0328125 0.1375
1 0.5375 0.52578125 0.025 0.0140625
1 0.625 0.534375 0.0125 0.0203125
1 0.6109375 0.546875 0.034375 0.0390625
1 0.6703125 0.5453125 0.08125 0.053125
1 0.721875 0.575 0.0140625 0.009375
1 0.79375 0.53046875 0.0625 0.0234375
1 0.90625 0.603125 0.0203125 0.0109375
1 0.875 0.58125 0.0328125 0.046875
1 0.9046875 0.565625 0.0484375 0.0234375
1 0.940625 0.6125 0.071875 0.0984375
1 0.47578125 0.72890625 0.0140625 0.0109375
0 0.503125 0.6921875 0.06875 0.165625
1 0.65 0.7328125 0.015625 0.021875
1 0.609375 0.7921875 0.0234375 0.0234375
1 0.625 0.725 0.015625 0.0125
1 0.6453125 0.715625 0.0125 0.01875
1 0.60625 0.725 0.0109375 0.015625
1 0.71875 0.721875 0.021875 0.028125
1 0.7359375 0.78125 0.03125 0.03125
0 0.6484375 0.7125 0.1609375 0.0921875
1 0.79375 0.6703125 0.009375 0.0046875
1 0.7640625 0.659375 0.015625 0.0359375
1 0.7015625 0.6734375 0.0078125 0.009375
1 0.7671875 0.7203125 0.0078125 0.015625
1 0.8828125 0.696875 0.0171875 0.01875
0 0.846875 0.6828125 0.1328125 0.1359375
0 0.746875 0.728125 0.0765625 0.125
1 0.7234375 0.81875 0.015625 0.0078125
1 0.975 0.78125 0.003125 0.009375
0 0.9125 0.7109375 0.1265625 0.10625
1 0.971875 0.740625 0.0078125 0.021875
1 0.5 0.871875 0.0046875 0.0109375
1 0.51875 0.8953125 0.040625 0.0546875
1 0.64375 0.878125 0.00625 0.0078125
1 0.7359375 0.9171875 0.0078125 0.009375
1 0.8453125 0.8515625 0.04375 0.0390625
1 0.9734375 0.88125 0.00625 0.00625
1 0.8921875 0.940625 0.034375 0.05625
1 0.7375 0.9703125 0.0046875 0.0109375