1 0.00546875 0.0078125 0.0109375 0.015625
1 0.021875 0.0296875 0.015625 0.00625
1 0.00703125 0.29765625 0.0140625 0.0171875
1 0.03046875 0.27890625 0.0609375 0.0640625
1 0.00546875 0.0671875 0.0109375 0.046875
1 0.003125 0.03515625 0.00625 0.0171875
1 0.07578125 0.003125 0.0109375 0.00625
1 0.1140625 0.0765625 0.059375 0.028125
1 0.0859375 0.0453125 0.04375 0.0546875
1 0.11875 0.03125 0.0453125 0.021875
1 0.1765625 0.1296875 0.040625 0.0453125
1 0.221875 0.1765625 0.0421875 0.0359375
1 0.2515625 0.1421875 0.0234375 0.0203125
1 0.26875 0.08125 0.0546875 0.04375
1 0.2375 0.2375 0.059375 0.053125
1 0.0296875 0.1265625 0.021875 0.021875
1 0.0859375 0.1734375 0.0109375 0.0109375
1 0.0796875 0.2703125 0.01875 0.0140625
1 0.0890625 0.259375 0.021875 0.0171875
1 0.115625 0.2359375 0.0703125 0.053125
1 0.15 0.284375 0.015625 0.0171875
1 0.084375 0.35625 0.0390625 0.0296875
1 0.83203125 0.00546875 0.0109375 0.0109375
1 0.5078125 0.0109375 0.0625 0.021875
1 0.5078125 0.0390625 0.0234375 0.0265625
1 0.553125 0.040625 0.05625 0.0359375
1 0.490625 0.065625 0.021875 0.021875
1 0.6484375 0.0515625 0.0296875 0.0453125
1 0.471875 0.0921875 0.040625 0.0578125
0 0.396875 0.06171875 0.115625 0.1234375
1 0.73125 0.1203125 0.009375 0.0140625
1 0.4890625 0.1640625 0.0125 0.0140625
1 0.65625 0.1765625 0.046875 0.0296875
1 0.7875 0.228125 0.0171875 0.01875
1 0.7265625 0.2453125 0.0234375 0.01875
0 0.890625 0.190625 0.1640625 0.13125
1 0.625 0.2640625 0.0265625 0.03125
1 0.55625 0.2875 0.015625 0.025
1 0.7984375 0.29375 0.028125 0.0421875
0 0.6859375 0.3546875 0.140625 0.115625
0 0.890625 0.3453125 0.190625 0.1328125
1 0.7359375 0.315625 0.040625 0.0171875
1 0.6765625 0.1890625 0.0234375 0.028125
1 0.565625 0.3640625 0.028125 0.021875
1 0.5140625 0.3046875 0.0328125 0.0328125
1 0.571875 0.3953125 0.0234375 0.015625
1 0.496875 0.2421875 0.03125 0.03125
1 0.5296875 0.225 0.028125 0.05625
1 0.4421875 0.325 0.0578125 0.0359375
1 0.5828125 0.1859375 0.03125 0.028125
1 0.85625 0.0765625 0.109375 0.0296875
1 0.821875 0.0828125 0.0296875 0.028125
1 0.67890625 0.02421875 0.0515625 0.0484375
1 0.43125 0.171875 0.040625 0.046875
0 0.396875 0.21640625 0.115625 0.1296875
1 0.3953125 0.29375 0.065625 0.0609375
1 0.3515625 0.2984375 0.025 0.040625
0 0.2015625 0.78359375 0.275 0.2015625
0 0.26484375 0.5765625 0.1484375 0.29375
1 0.1734375 0.734375 0.0078125 0.028125
0 0.22734375 0.47265625 0.2234375 0.0859375
1 0.896875 0.7140625 0.059375 0.0578125
1 0.853125 0.678125 0.03125 0.0390625
1 0.9171875 0.659375 0.021875 0.021875
1 0.775 0.6609375 0.0546875 0.065625
1 0.753125 0.625 0.0421875 0.034375
1 0.83125 0.8109375 0.053125 0.0296875
1 0.7625 0.76875 0.0671875 0.096875
1 0.725 0.765625 0.04375 0.0359375
1 0.6890625 0.678125 0.0890625 0.0515625
1 0.640625 0.7546875 0.0421875 0.040625
1 0.640625 0.7109375 0.04375 0.034375
0 0.59375 0.7890625 0.165625 0.0765625
0 0.553125 0.7171875 0.0984375 0.165625
0 0.5640625 0.559375 0.1453125 0.2453125
1 0.4796875 0.5890625 0.03125 0.04375
1 0.6671875 0.471875 0.040625 0.0515625
1 0.71875 0.5375 0.03125 0.0296875
1 0.6234375 0.4609375 0.0546875 0.0453125
1 0.57890625 0.44921875 0.0578125 0.0390625
1 0.4640625 0.434375 0.065625 0.009375
1 0.39453125 0.43515625 0.0453125 0.0109375
1 0.3515625 0.5125 0.025 0.0375
1 0.86875 0.51875 0.0453125 0.0453125
1 0.8875 0.553125 0.0203125 0.021875
1 0.99296875 0.5359375 0.0140625 0.01875
1 0.903125 0.4546875 0.0375 0.0390625
1 0.76875 0.45703125 0.059375 0.0546875
1 0.975 0.471875 0.021875 0.03125
1 0.453125 0.809375 0.071875 0.0375
1 0.446875 0.75 0.034375 0.0453125
1 0.4375 0.703125 0.03125 0.03125
1 0.40625 0.7078125 0.0296875 0.0375
1 0.3765625 0.5796875 0.028125 0.0359375
1 0.35078125 0.5765625 0.0234375 0.034375
1 0.3875 0.459375 0.021875 0.0265625
1 0.4125 0.6359375 0.0234375 0.03125