1 0.1109375 0.40546875 0.025 0.0078125
1 0.1078125 0.384375 0.0203125 0.0171875
1 0.55 0.359375 0.01875 0.015625
1 0.290625 0.353125 0.009375 0.0125
1 0.053125 0.3546875 0.0421875 0.040625
1 0.090625 0.315625 0.021875 0.01875
1 0.2796875 0.2953125 0.0421875 0.0421875
1 0.3125 0.2765625 0.0359375 0.0390625
1 0.3796875 0.234375 0.028125 0.0125
1 0.3125 0.2359375 0.021875 0.015625
1 0.53125 0.2328125 0.0265625 0.0140625
1 0.3 0.196875 0.0328125 0.0484375
1 0.2015625 0.178125 0.04375 0.021875
1 0.0515625 0.15625 0.0203125 0.0296875
1 0.3515625 0.06875 0.0515625 0.0203125
1 0.2125 0.05 0.0453125 0.0359375
1 0.18125 0.3890625 0.0203125 0.015625
1 0.3390625 0.403125 0.034375 0.0125
1 0.3578125 0.3875 0.03125 0.0125
1 0.1890625 0.2921875 0.028125 0.0171875
1 0.203125 0.3171875 0.0265625 0.0140625
1 0.240625 0.3046875 0.0390625 0.03125
0 0.43359375 0.38984375 0.0640625 0.0390625
1 0.4484375 0.3609375 0.015625 0.03125
1 0.4 0.3671875 0.075 0.021875
1 0.3765625 0.30625 0.0390625 0.025
0 0.4390625 0.33125 0.115625 0.075
1 0.53515625 0.39765625 0.0203125 0.0234375
1 0.3875 0.184375 0.015625 0.015625
1 0.415625 0.265625 0.1640625 0.0515625
1 0.43125 0.26875 0.028125 0.0140625
1 0.4765625 0.2796875 0.015625 0.0171875
0 0.4140625 0.190625 0.0984375 0.1625
1 0.303125 0.090625 0.0140625 0.0171875
1 0.3484375 0.0984375 0.05 0.03125
1 0.375 0.084375 0.009375 0.0125
1 0.38125 0.0828125 0.0125 0.01875
1 0.3734375 0.03125 0.0203125 0.0109375
0 0.4421875 0.134375 0.140625 0.08125
0 0.4609375 0.065625 0.0984375 0.08125
1 0.546875 0.321875 0.0140625 0.015625
1 0.5828125 0.3484375 0.01875 0.015625
1 0.58125 0.371875 0.0125 0.015625
1 0.5734375 0.303125 0.053125 0.025
0 0.6625 0.0421875 0.125 0.084375
1 0.75234375 0.00625 0.0390625 0.0125
1 0.790625 0.0078125 0.025 0.015625
1 0.7265625 0.059375 0.084375 0.0578125
1 0.759375 0.065625 0.0234375 0.0296875
1 0.83515625 0.01171875 0.0203125 0.0234375
1 0.734375 0.1046875 0.03125 0.04375
1 0.6984375 0.1171875 0.0625 0.0640625
1 0.64375 0.0953125 0.025 0.028125
1 0.7515625 0.1453125 0.0265625 0.0390625
1 0.7671875 0.146875 0.009375 0.0234375
1 0.79375 0.1125 0.0546875 0.065625
1 0.6421875 0.1859375 0.0359375 0.065625
1 0.6140625 0.2109375 0.0203125 0.021875
1 0.690625 0.1578125 0.0765625 0.053125
1 0.6359375 0.153125 0.0203125 0.04375
1 0.7171875 0.234375 0.0671875 0.084375
1 0.7328125 0.2546875 0.0171875 0.0265625
1 0.6484375 0.2171875 0.040625 0.0375
1 0.6296875 0.2578125 0.0234375 0.0359375
0 0.6546875 0.2734375 0.065625 0.10625
1 0.7046875 0.3078125 0.0390625 0.0546875
1 0.7234375 0.3171875 0.01875 0.0125
1 0.61015625 0.28203125 0.0203125 0.0296875
0 0.66171875 0.34921875 0.1234375 0.0671875
1 0.60859375 0.3734375 0.0171875 0.021875
1 0.803125 0.3265625 0.15625 0.1140625
1 0.8875 0.3640625 0.03125 0.040625
1 0.91875 0.3625 0.059375 0.0390625
1 0.8203125 0.25625 0.0265625 0.0609375
1 0.8359375 0.2671875 0.0125 0.025
1 0.9625 0.3453125 0.0546875 0.0625
1 0.9859375 0.309375 0.028125 0.065625
1 0.91875 0.2828125 0.0375 0.0421875
1 0.9546875 0.2671875 0.0453125 0.053125
1 0.9609375 0.24375 0.0234375 0.0125
1 0.9109375 0.228125 0.0578125 0.05625
1 0.934375 0.2109375 0.01875 0.01875
1 0.9296875 0.178125 0.0625 0.0515625
1 0.9703125 0.1703125 0.0484375 0.0296875
1 0.97890625 0.15546875 0.0421875 0.0296875
1 0.8609375 0.2390625 0.0171875 0.0171875
1 0.853125 0.1984375 0.084375 0.0859375
1 0.9015625 0.18125 0.0234375 0.0421875
1 0.85625 0.165625 0.034375 0.0421875
1 0.875 0.109375 0.04375 0.040625
1 0.9109375 0.1390625 0.0375 0.028125
1 0.8359375 0.0921875 0.0796875 0.065625
1 0.99296875 0.11484375 0.0140625 0.0171875
1 0.984375 0.128125 0.0125 0.025
1 0.946875 0.075 0.0671875 0.0453125
1 0.9734375 0.1 0.0109375 0.015625
1 0.990625 0.0765625 0.01875 0.040625
1 0.865625 0.0296875 0.034375 0.03125
1 0.9421875 0.0375 0.0234375 0.0234375
1 0.928125 0.0171875 0.025 0.0171875
1 0.99609375 0.03125 0.0078125 0.0125
1 0.946875 0.0265625 0.0109375 0.021875
0 0.5046875 0.8828125 0.128125 0.1328125
0 0.5109375 0.778125 0.1484375 0.125
0 0.51796875 0.95703125 0.0546875 0.0859375
1 0.0953125 0.78125 0.05625 0.040625
1 0.3875 0.8890625 0.06875 0.0671875
1 0.4234375 0.76875 0.0546875 0.0609375
1 0.3375 0.8421875 0.03125 0.0421875
1 0.0734375 0.86484375 0.146875 0.1015625
1 0.4390625 0.9296875 0.0265625 0.0265625
1 0.371875 0.9734375 0.025 0.025
1 0.3203125 0.9375 0.0171875 0.0234375
1 0.48125 0.984375 0.04375 0.03125
1 0.1390625 0.99453125 0.034375 0.0109375
1 0.175 0.9796875 0.0296875 0.021875
1 0.11875 0.978125 0.03125 0.0234375
1 0.0765625 0.971875 0.0234375 0.0234375
1 0.0859375 0.99609375 0.028125 0.0078125
1 0.0171875 0.95625 0.0234375 0.0296875
1 0.0109375 0.88203125 0.021875 0.0265625
1 0.0875 0.934375 0.021875 0.01875
1 0.0484375 0.7109375 0.015625 0.021875
1 0.1984375 0.7171875 0.034375 0.03125
1 0.2390625 0.70625 0.0390625 0.0265625
1 0.134375 0.65 0.0171875 0.01875
1 0.25 0.9671875 0.0390625 0.0234375
1 0.334375 0.9625 0.0125 0.0234375
1 0.3640625 0.7328125 0.028125 0.0203125
1 0.584375 0.8078125 0.028125 0.0296875
1 0.590625 0.6484375 0.01875 0.040625
1 0.1203125 0.7109375 0.021875 0.0234375
1 0.5375 0.6953125 0.0203125 0.0484375
1 0.559375 0.65625 0.015625 0.0296875
0 0.515625 0.684375 0.0796875 0.1140625
1 0.60703125 0.6578125 0.0140625 0.021875
1 0.6046875 0.90234375 0.009375 0.0390625