1 0.00625 0.0734375 0.0125 0.04375
1 0.065625 0.1765625 0.0390625 0.046875
1 0.096875 0.265625 0.0421875 0.053125
1 0.1078125 0.3296875 0.0296875 0.0515625
1 0.046875 0.3171875 0.0375 0.025
1 0.0140625 0.3 0.028125 0.03125
1 0.025 0.1609375 0.0296875 0.0421875
1 0.1109375 0.1046875 0.046875 0.0390625
1 0.2515625 0.075 0.0328125 0.0296875
1 0.2921875 0.0375 0.0328125 0.03125
1 0.403125 0.1515625 0.040625 0.0640625
1 0.403125 0.0328125 0.040625 0.040625
1 0.4578125 0.078125 0.028125 0.0390625
1 0.3578125 0.0390625 0.046875 0.028125
1 0.34765625 0.003125 0.0234375 0.00625
1 0.1625 0.209375 0.025 0.0171875
1 0.3390625 0.2765625 0.0375 0.0390625
1 0.1328125 0.3515625 0.0234375 0.0328125
1 0.215625 0.29375 0.01875 0.0359375
1 0.5953125 0.175 0.0234375 0.025
1 0.6390625 0.3140625 0.0453125 0.0375
1 0.775 0.321875 0.0140625 0.0171875
1 0.8234375 0.2234375 0.025 0.0109375
0 0.825 0.0703125 0.115625 0.140625
1 0.7875 0.10625 0.0296875 0.034375
1 0.6890625 0.0640625 0.028125 0.034375
1 0.8765625 0.35 0.0109375 0.0296875
1 0.7296875 0.303125 0.021875 0.015625
1 0.0078125 0.90625 0.015625 0.0125
1 0.0265625 0.4625 0.0234375 0.025
1 0.01953125 0.49375 0.0390625 0.03125
1 0.0375 0.58125 0.0203125 0.0203125
1 0.0390625 0.7359375 0.028125 0.015625
1 0.0921875 0.3953125 0.021875 0.03125
1 0.0890625 0.4734375 0.028125 0.015625
1 0.1015625 0.590625 0.025 0.021875
1 0.115625 0.6765625 0.0109375 0.0125
1 0.1296875 0.6109375 0.0203125 0.028125
1 0.1234375 0.9390625 0.034375 0.040625
1 0.1703125 0.5890625 0.028125 0.0234375
1 0.1578125 0.975 0.0234375 0.015625
1 0.178125 0.946875 0.0140625 0.0125
1 0.2203125 0.471875 0.0171875 0.015625
1 0.315625 0.6578125 0.0046875 0.0265625
1 0.3359375 0.840625 0.0203125 0.0234375
1 0.3375 0.6734375 0.0140625 0.025
1 0.35625 0.415625 0.0140625 0.015625
1 0.3609375 0.7234375 0.015625 0.015625
1 0.365625 0.4703125 0.028125 0.0203125
1 0.4 0.840625 0.0171875 0.0125
1 0.4046875 0.396875 0.0203125 0.015625
1 0.4078125 0.9515625 0.021875 0.034375
1 0.375 0.409375 0.015625 0.015625
1 0.2375 0.565625 0.0203125 0.0234375
1 0.1546875 0.6859375 0.0203125 0.01875
1 0.3015625 0.565625 0.0125 0.025
1 0.3078125 0.5796875 0.015625 0.0140625
1 0.2171875 0.66875 0.0171875 0.0234375
1 0.2171875 0.653125 0.021875 0.025
1 0.1703125 0.4515625 0.015625 0.025
1 0.2375 0.396875 0.0125 0.01875
1 0.303125 0.4265625 0.0078125 0.0203125
1 0.00234375 0.4671875 0.0046875 0.025
1 0.0953125 0.553125 0.021875 0.0203125
1 0.071875 0.5640625 0.021875 0.015625
1 0.03125 0.696875 0.0140625 0.0203125
1 0.1015625 0.7203125 0.025 0.01875
0 0.0203125 0.79453125 0.040625 0.0640625
1 0.0390625 0.7765625 0.028125 0.021875
0 0.1046875 0.7828125 0.1015625 0.140625
1 0.1328125 0.7546875 0.0296875 0.04375
1 0.1546875 0.83125 0.05 0.0546875
0 0.1890625 0.7671875 0.14375 0.1
0 0.2984375 0.7703125 0.1125 0.0609375
0 0.39375 0.7921875 0.05 0.1
0 0.3546875 0.765625 0.0796875 0.0859375
1 0.390625 0.9296875 0.0234375 0.0171875
1 0.36875 0.99609375 0.015625 0.0078125
1 0.328125 0.878125 0.0203125 0.0125
1 0.2078125 0.9125 0.0171875 0.015625
1 0.059375 0.890625 0.0203125 0.015625
1 0.009375 0.928125 0.01875 0.0125
1 0.0625 0.9859375 0.03125 0.0234375
1 0.0296875 0.9546875 0.04375 0.0359375
1 0.0578125 0.9640625 0.015625 0.015625
1 0.05 0.978125 0.01875 0.0078125
1 0.0328125 0.94375 0.03125 0.0203125
1 0.2578125 0.978125 0.015625 0.0171875
1 0.57421875 0.84140625 0.0109375 0.0078125
1 0.58046875 0.6875 0.0234375 0.021875
1 0.603125 0.4890625 0.025 0.03125
1 0.621875 0.696875 0.009375 0.021875
1 0.6296875 0.44375 0.021875 0.0375
1 0.6421875 0.9390625 0.0328125 0.0265625
1 0.7265625 0.89375 0.0234375 0.0171875
1 0.7015625 0.846875 0.0765625 0.0640625
1 0.7328125 0.9328125 0.0296875 0.034375
1 0.7640625 0.853125 0.0125 0.01875
1 0.778125 0.51875 0.009375 0.0078125
1 0.7734375 0.4390625 0.021875 0.0234375
1 0.76875 0.80625 0.0359375 0.0359375
0 0.75625 0.5859375 0.1234375 0.121875
1 0.865625 0.7828125 0.025 0.0140625
1 0.875 0.6953125 0.0390625 0.0390625
1 0.903125 0.509375 0.0125 0.0078125
1 0.9140625 0.7796875 0.0203125 0.0171875
1 0.9265625 0.6640625 0.015625 0.01875
1 0.928125 0.9765625 0.0328125 0.0359375
1 0.94375 0.8390625 0.0203125 0.0171875
1 0.9328125 0.709375 0.04375 0.0484375
0 0.909375 0.590625 0.0890625 0.1203125
0 0.8640625 0.609375 0.10625 0.1546875
1 0.84375 0.7015625 0.025 0.015625
1 0.8265625 0.50625 0.040625 0.053125
1 0.8765625 0.4609375 0.028125 0.0484375
1 0.7375 0.4859375 0.0515625 0.046875
1 0.75625 0.45625 0.028125 0.0109375
1 0.7875 0.4765625 0.034375 0.028125
1 0.6390625 0.625 0.0484375 0.0453125
0 0.60625 0.58359375 0.075 0.0796875
1 0.58515625 0.525 0.0328125 0.084375
1 0.796875 0.8390625 0.0375 0.0421875
1 0.8546875 0.840625 0.0359375 0.0203125
1 0.765625 0.915625 0.04375 0.0375
1 0.8140625 0.86875 0.0984375 0.08125
1 0.7765625 0.690625 0.0203125 0.028125
1 0.80625 0.696875 0.0125 0.0140625
1 0.6734375 0.58125 0.0125 0.0171875
1 0.68125 0.6109375 0.0140625 0.0234375
1 0.6859375 0.7171875 0.0203125 0.0203125
1 0.7125 0.784375 0.021875 0.0140625
1 0.6546875 0.8 0.01875 0.021875
1 0.6546875 0.7734375 0.0171875 0.01875
1 0.7046875 0.9640625 0.025 0.01875
1 0.6375 0.96875 0.0390625 0.025
1 0.8859375 0.98359375 0.040625 0.0328125
1 0.88125 0.9734375 0.028125 0.0234375
1 0.9453125 0.99375 0.015625 0.0125
1 0.9453125 0.9828125 0.01875 0.0140625