1 0.159375 0.0671875 0.0140625 0.015625
0 0.1078125 0.05 0.096875 0.0921875
0 0.071875 0.16875 0.1234375 0.16875
1 0.1609375 0.2546875 0.0203125 0.0171875
1 0.1515625 0.26875 0.0171875 0.0234375
1 0.221875 0.2765625 0.025 0.028125
0 0.075 0.2703125 0.146875 0.1546875
1 0.1578125 0.3078125 0.0390625 0.0203125
1 0.275 0.021875 0.0109375 0.00625
1 0.30625 0.05 0.0171875 0.0109375
1 0.3484375 0.04375 0.021875 0.0296875
1 0.3359375 0.046875 0.0203125 0.015625
1 0.3515625 0.071875 0.0171875 0.0171875
1 0.2609375 0.1515625 0.03125 0.0296875
1 0.3046875 0.1328125 0.0234375 0.025
1 0.3 0.15625 0.021875 0.025
1 0.378125 0.134375 0.015625 0.0203125
1 0.278125 0.3203125 0.0375 0.05
1 0.384375 0.2921875 0.03125 0.03125
1 0.36875 0.2765625 0.025 0.025
1 0.390625 0.2546875 0.0171875 0.021875
1 0.4015625 0.2625 0.0296875 0.0234375
1 0.3390625 0.1140625 0.03125 0.0234375
1 0.3484375 0.115625 0.0109375 0.0328125
1 0.390625 0.1046875 0.0125 0.0265625
1 0.403125 0.10625 0.0234375 0.0328125
1 0.38125 0.053125 0.0265625 0.0203125
1 0.409375 0.034375 0.0203125 0.0203125
1 0.3875 0.0375 0.021875 0.0234375
1 0.390625 0.0140625 0.021875 0.0140625
1 0.446875 0.00703125 0.03125 0.0140625
1 0.41640625 0.0046875 0.0109375 0.009375
1 0.3625 0.03125 0.021875 0.015625
1 0.4171875 0.19375 0.0203125 0.0125
1 0.4015625 0.178125 0.0171875 0.0140625
1 0.4171875 0.2046875 0.0125 0.0171875
1 0.50625 0.215625 0.01875 0.0234375
1 0.5109375 0.1921875 0.0171875 0.0125
1 0.490625 0.175 0.0125 0.01875
1 0.4796875 0.125 0.0078125 0.0203125
1 0.4890625 0.303125 0.01875 0.0203125
1 0.65078125 0.21171875 0.0171875 0.0359375
1 0.5421875 0.0171875 0.009375 0.009375
1 0.534375 0.0078125 0.0109375 0.0125
1 0.55859375 0.01484375 0.0359375 0.0296875
0 0.61484375 0.29140625 0.0890625 0.0828125
0 0.5921875 0.22265625 0.134375 0.1109375
1 0.5484375 0.1015625 0.0109375 0.0078125
1 0.5703125 0.0390625 0.015625 0.0171875
0 0.5859375 0.1453125 0.08125 0.0796875
0 0.60546875 0.09140625 0.1078125 0.1609375
0 0.5875 0.009375 0.11875 0.01875
1 0.66171875 0.33359375 0.0046875 0.0109375
0 0.95625 0.28046875 0.0875 0.2890625
0 0.61171875 0.7015625 0.0953125 0.0875
1 0.5578125 0.5390625 0.0109375 0.0109375
0 0.6078125 0.57734375 0.103125 0.1265625
1 0.409375 0.653125 0.025 0.0203125
1 0.4125 0.628125 0.0359375 0.021875
1 0.421875 0.690625 0.025 0.0203125
1 0.503125 0.75625 0.0203125 0.028125
1 0.559375 0.65625 0.0234375 0.028125
1 0.353125 0.7515625 0.0265625 0.025
1 0.4203125 0.6015625 0.015625 0.01875
1 0.4484375 0.5671875 0.025 0.0265625
1 0.36875 0.6859375 0.025 0.0125
1 0.228125 0.58125 0.025 0.025
1 0.3640625 0.9203125 0.0296875 0.0390625
1 0.425 0.90625 0.0296875 0.01875
1 0.44375 0.9296875 0.0234375 0.025
0 0.6140625 0.85234375 0.090625 0.0890625
0 0.60703125 0.940625 0.1046875 0.10625
1 0.63359375 0.990625 0.0234375 0.01875
0 0.09453125 0.95859375 0.1234375 0.0828125
0 0.1078125 0.8765625 0.0953125 0.159375
1 0.096875 0.7765625 0.0234375 0.034375
0 0.115625 0.6546875 0.2 0.240625
1 0.984375 0.8171875 0.009375 0.009375
1 0.6828125 0.6359375 0.04375 0.0453125
1 0.75625 0.6046875 0.0390625 0.0234375
1 0.8234375 0.503125 0.0125 0.0078125
1 0.7953125 0.5 0.03125 0.040625
1 0.7375 0.83125 0.0296875 0.0390625
1 0.8 0.646875 0.0484375 0.0625
1 0.7734375 0.721875 0.0890625 0.0984375
0 0.86875 0.8984375 0.2625 0.121875
0 0.8703125 0.796875 0.2046875 0.2953125
0 0.88046875 0.61015625 0.2390625 0.2609375
1 0.9875 0.5234375 0.021875 0.028125
0 0.85 0.5046875 0.3 0.05