1 0.559375 0.0265625 0.0234375 0.034375
1 0.3625 0.15 0.0796875 0.0609375
1 0.3265625 0.121875 0.0546875 0.0421875
1 0.3015625 0.08125 0.040625 0.03125
0 0.603125 0.3234375 0.0265625 0.084375
0 0.515625 0.2890625 0.2421875 0.153125
0 0.521875 0.14609375 0.290625 0.2921875
0 0.55625 0.02890625 0.346875 0.0578125
1 0.8734375 0.153125 0.0328125 0.04375
1 0.775 0.11875 0.021875 0.0328125
1 0.9578125 0.1078125 0.05625 0.046875
1 0.99453125 0.1625 0.0109375 0.025
1 0.9953125 0.10625 0.009375 0.009375
1 0.790625 0.334375 0.0796875 0.0734375
1 0.8265625 0.275 0.0265625 0.0484375
1 0.9328125 0.0109375 0.025 0.021875
1 0.8328125 0.1390625 0.021875 0.028125
1 0.953125 0.2609375 0.0171875 0.021875
1 0.9609375 0.359375 0.0234375 0.01875
1 0.5 0.6421875 0.0390625 0.059375
1 0.45 0.7015625 0.09375 0.090625
1 0.4015625 0.6265625 0.0390625 0.0484375
1 0.165625 0.6984375 0.05625 0.06875
1 0.2234375 0.740625 0.040625 0.0484375
1 0.615625 0.665625 0.034375 0.03125
1 0.59921875 0.61484375 0.0765625 0.0515625
1 0.5359375 0.60234375 0.03125 0.0265625
1 0.0421875 0.8046875 0.034375 0.034375
1 0.0875 0.8421875 0.0359375 0.028125
1 0.5234375 0.7171875 0.0359375 0.0359375
1 0.721875 0.76015625 0.015625 0.0265625
0 0.4453125 0.8 0.071875 0.115625
0 0.2890625 0.8109375 0.1828125 0.096875
0 0.2296875 0.67734375 0.23125 0.1765625
0 0.33828125 0.61953125 0.3359375 0.0609375
0 0.77109375 0.81171875 0.0828125 0.0515625
1 0.8453125 0.7921875 0.025 0.0125
1 0.790625 0.896875 0.01875 0.0203125
1 0.8921875 0.9875 0.0109375 0.00625
1 0.965625 0.996875 0.021875 0.00625
1 0.9796875 0.99453125 0.021875 0.0109375