1 0.3765625 0.078125 0.0890625 0.084375
1 0.4796875 0.096875 0.0453125 0.053125
1 0.1578125 0.11875 0.0484375 0.0453125
1 0.0640625 0.115625 0.0375 0.078125
1 0.43125 0.1203125 0.040625 0.034375
1 0.48125 0.1609375 0.0265625 0.0421875
1 0.4546875 0.3421875 0.0390625 0.046875
0 0.44609375 0.396875 0.1046875 0.10625
1 0.296875 0.340625 0.06875 0.059375
1 0.1703125 0.346875 0.0375 0.0578125
0 0.065625 0.40703125 0.13125 0.0859375
1 0.21640625 0.42890625 0.0203125 0.0421875
1 0.7078125 0.0484375 0.028125 0.040625
1 0.79609375 0.00625 0.0203125 0.0125
1 0.8578125 0.059375 0.0359375 0.025
1 0.9046875 0.0359375 0.015625 0.0234375
1 0.8890625 0.103125 0.0125 0.0140625
1 0.83125 0.225 0.01875 0.01875
1 0.803125 0.2265625 0.0296875 0.040625
1 0.7640625 0.1875 0.025 0.0203125
1 0.9390625 0.15625 0.021875 0.034375
0 0.9265625 0.271875 0.075 0.23125
1 0.9671875 0.3 0.0125 0.01875
0 0.8640625 0.275 0.071875 0.0625
1 0.7765625 0.4359375 0.03125 0.021875
1 0.921875 0.4046875 0.015625 0.015625
1 0.896875 0.4265625 0.0234375 0.015625
1 0.8109375 0.365625 0.028125 0.025
1 0.846875 0.4203125 0.01875 0.0140625
1 0.865625 0.3890625 0.015625 0.0171875
0 0.7484375 0.2890625 0.11875 0.178125
1 0.0109375 0.48359375 0.021875 0.0296875
1 0.0359375 0.4796875 0.03125 0.0375
1 0.10625 0.503125 0.0390625 0.0359375
1 0.0640625 0.5140625 0.0359375 0.03125
1 0.0546875 0.5671875 0.03125 0.0375
1 0.0328125 0.615625 0.065625 0.05
1 0.0125 0.70234375 0.025 0.0578125
1 0.059375 0.8296875 0.090625 0.078125
0 0.07265625 0.91015625 0.1453125 0.1078125
1 0.025 0.9765625 0.03125 0.046875
1 0.1453125 0.80625 0.034375 0.040625
1 0.1984375 0.809375 0.0578125 0.0546875
1 0.1578125 0.8421875 0.0390625 0.046875
1 0.14375 0.9046875 0.046875 0.040625
1 0.2921875 0.8625 0.0390625 0.04375
0 0.2640625 0.928125 0.09375 0.1125
0 0.1859375 0.9265625 0.078125 0.134375
1 0.3390625 0.9265625 0.04375 0.046875
1 0.3515625 0.815625 0.0453125 0.0375
1 0.4203125 0.8140625 0.034375 0.0390625
1 0.45 0.7953125 0.0203125 0.0296875
1 0.44375 0.7609375 0.0328125 0.01875
1 0.4375 0.71875 0.046875 0.0515625
1 0.38125 0.715625 0.0421875 0.05
1 0.275 0.7453125 0.0515625 0.034375
1 0.2875 0.7921875 0.0203125 0.01875
1 0.1515625 0.73125 0.028125 0.046875
1 0.18125 0.6921875 0.03125 0.028125
1 0.1609375 0.6265625 0.046875 0.034375
1 0.1640625 0.56875 0.0546875 0.059375
1 0.171875 0.6 0.0203125 0.01875
1 0.0890625 0.690625 0.0515625 0.0640625
1 0.4015625 0.575 0.0453125 0.04375
1 0.403125 0.625 0.0625 0.05
1 0.43125 0.6546875 0.0265625 0.034375
1 0.440625 0.5609375 0.0359375 0.0265625
1 0.44375 0.60625 0.0328125 0.059375
1 0.446875 0.5015625 0.025 0.0296875
1 0.3953125 0.46875 0.0265625 0.03125
1 0.3390625 0.4671875 0.0296875 0.03125
0 0.2640625 0.50546875 0.103125 0.1109375
1 0.215625 0.60625 0.0265625 0.034375
0 0.4015625 0.91875 0.11875 0.1515625
1 0.4109375 0.98828125 0.021875 0.0234375
1 0.3515625 0.5765625 0.0515625 0.05625
1 0.3265625 0.5546875 0.0234375 0.015625
1 0.33125 0.53125 0.03125 0.021875
1 0.3234375 0.6125 0.040625 0.05625
1 0.2953125 0.590625 0.0484375 0.0484375
1 0.240625 0.840625 0.028125 0.0484375
1 0.2078125 0.84375 0.05 0.028125
1 0.3171875 0.959375 0.0203125 0.0328125
1 0.8671875 0.9203125 0.0109375 0.01875
1 0.940625 0.790625 0.0609375 0.090625
1 0.965625 0.471875 0.0203125 0.0140625
1 0.978125 0.8703125 0.0140625 0.0125
0 0.9265625 0.5171875 0.128125 0.134375
1 0.9953125 0.51015625 0.009375 0.0171875
1 0.9765625 0.5578125 0.0265625 0.028125
1 0.9953125 0.55703125 0.009375 0.0515625
1 0.8828125 0.6484375 0.01875 0.021875
1 0.8765625 0.6703125 0.025 0.015625
1 0.9234375 0.6671875 0.009375 0.0109375
1 0.959375 0.91875 0.0515625 0.059375
1 0.9484375 0.9421875 0.0328125 0.034375
1 0.984375 0.915625 0.0125 0.0109375