0 0.26875 0.0390625 0.25625 0.078125
0 0.2953125 0.12265625 0.428125 0.2453125
1 0.38125 0.075 0.0703125 0.046875
1 0.4765625 0.1203125 0.034375 0.0453125
1 0.50546875 0.12265625 0.0078125 0.0390625
0 0.3125 0.26640625 0.14375 0.1859375
1 0.3203125 0.2078125 0.0234375 0.0234375
1 0.015625 0.08046875 0.03125 0.0234375
1 0.609375 0.3140625 0.028125 0.021875
1 0.8203125 0.2609375 0.028125 0.0359375
0 0.540625 0.28671875 0.0625 0.1171875
1 0.559375 0.1921875 0.0171875 0.0125
1 0.5953125 0.1703125 0.0109375 0.0125
1 0.5484375 0.1640625 0.015625 0.0078125
0 0.53828125 0.18828125 0.0578125 0.1296875
0 0.58046875 0.0796875 0.1421875 0.159375
1 0.6 0.265625 0.028125 0.028125
1 0.4484375 0.778125 0.0078125 0.015625
1 0.315625 0.75 0.01875 0.0171875
1 0.4640625 0.621875 0.00625 0.0078125
1 0.075 0.6234375 0.03125 0.0265625
1 0.3375 0.5640625 0.01875 0.0125
1 0.2984375 0.553125 0.034375 0.034375
1 0.0625 0.546875 0.03125 0.0234375
1 0.321875 0.4734375 0.0203125 0.021875
1 0.025 0.384375 0.0171875 0.0203125
1 0.196875 0.7984375 0.0265625 0.03125
1 0.26875 0.6 0.028125 0.025
1 0.346875 0.6640625 0.0359375 0.0515625
1 0.034375 0.8125 0.0625 0.0265625
0 0.01875 0.83046875 0.0375 0.0328125
0 0.040625 0.77265625 0.08125 0.1046875
0 0.06875 0.69921875 0.1375 0.1109375
1 0.02578125 0.59140625 0.0515625 0.0453125
1 0.00390625 0.5296875 0.0078125 0.021875
0 0.04375 0.459375 0.0875 0.146875
1 0.1265625 0.440625 0.021875 0.021875
1 0.1765625 0.396875 0.025 0.0375
1 0.2078125 0.5046875 0.0421875 0.04375
1 0.3640625 0.396875 0.015625 0.0203125
1 0.425 0.45625 0.01875 0.0140625
1 0.2828125 0.40625 0.0203125 0.009375
1 0.27734375 0.365625 0.0078125 0.0125
1 0.49765625 0.834375 0.0234375 0.025
1 0.8609375 0.9859375 0.0078125 0.015625
1 0.728125 0.9578125 0.01875 0.0171875
1 0.8765625 0.8296875 0.00625 0.0078125
1 0.75 0.771875 0.01875 0.0125
1 0.7109375 0.7609375 0.034375 0.034375
1 0.734375 0.68125 0.0203125 0.021875
1 0.996875 0.55859375 0.00625 0.0171875
1 0.60859375 0.9953125 0.0265625 0.009375
1 0.68125 0.8078125 0.028125 0.025
1 0.759375 0.871875 0.0359375 0.0515625
0 0.5296875 0.90703125 0.040625 0.1109375
1 0.5390625 0.6484375 0.021875 0.021875
1 0.525 0.559375 0.015625 0.0140625
1 0.5890625 0.6046875 0.025 0.0375
1 0.6203125 0.7125 0.0421875 0.04375
1 0.7765625 0.6046875 0.015625 0.0203125
1 0.8375 0.6640625 0.01875 0.0140625
1 0.6953125 0.6140625 0.0203125 0.009375
1 0.690625 0.5703125 0.0078125 0.01875
1 0.9828125 0.5484375 0.0203125 0.0328125
0 0.98046875 0.653125 0.0390625 0.1375
0 0.946875 0.9609375 0.10625 0.078125
0 0.95703125 0.84296875 0.0859375 0.1359375
1 0.96875 0.7984375 0.0625 0.059375