1 0.0296875 0.25078125 0.059375 0.0796875
1 0.01953125 0.50859375 0.0390625 0.0828125
0 0.11484375 0.56171875 0.2296875 0.0546875
0 0.11796875 0.446875 0.2234375 0.271875
0 0.11484375 0.2546875 0.2296875 0.25625
1 0.86328125 0.584375 0.0296875 0.009375
1 0.6484375 0.55 0.046875 0.0359375
1 0.65 0.5296875 0.0140625 0.01875
1 0.665625 0.4859375 0.078125 0.084375
0 0.7609375 0.4671875 0.128125 0.1875
1 0.846875 0.4140625 0.0546875 0.0625
1 0.8796875 0.41875 0.0296875 0.025
0 0.7625 0.35625 0.1 0.075
1 0.6921875 0.359375 0.025 0.0109375
1 0.71875 0.3296875 0.0359375 0.015625
1 0.85 0.234375 0.0421875 0.0484375
1 0.75 0.290625 0.04375 0.0234375
1 0.71875 0.2734375 0.0390625 0.0421875
0 0.7640625 0.1984375 0.1578125 0.096875
1 0.70625 0.2234375 0.05 0.065625
1 0.6765625 0.1859375 0.0640625 0.0671875
1 0.65625 0.1390625 0.0234375 0.021875
1 0.55546875 0.58515625 0.0234375 0.0078125
1 0.521875 0.58359375 0.034375 0.0109375
1 0.5484375 0.55625 0.034375 0.0359375
1 0.590625 0.525 0.04375 0.0546875
1 0.6078125 0.4671875 0.03125 0.0296875
1 0.5828125 0.478125 0.0421875 0.015625
1 0.609375 0.390625 0.0546875 0.05625
1 0.5421875 0.4296875 0.0296875 0.053125
1 0.40234375 0.58046875 0.0984375 0.0171875
1 0.3765625 0.5015625 0.028125 0.028125
1 0.34375 0.4546875 0.040625 0.046875
1 0.4171875 0.371875 0.04375 0.0421875
1 0.440625 0.4109375 0.09375 0.0609375
1 0.4359375 0.45 0.0625 0.0640625
1 0.33125 0.4109375 0.053125 0.04375
1 0.3125 0.5234375 0.053125 0.021875
1 0.59375 0.321875 0.025 0.028125
1 0.5734375 0.303125 0.0421875 0.034375
1 0.4625 0.2546875 0.040625 0.0390625
1 0.33125 0.3359375 0.0375 0.0453125
1 0.390625 0.2046875 0.0390625 0.034375
1 0.4640625 0.15625 0.075 0.0578125
1 0.490625 0.1875 0.0453125 0.0375
1 0.4296875 0.215625 0.0375 0.0796875
0 0.25703125 0.16328125 0.0546875 0.0796875
0 0.2828125 0.265625 0.10625 0.171875
0 0.27578125 0.38515625 0.0921875 0.1140625
0 0.27890625 0.56171875 0.0984375 0.0546875
1 0.24296875 0.52265625 0.0265625 0.0328125
0 0.26015625 0.465625 0.0609375 0.103125
1 0.1515625 0.9515625 0.021875 0.0265625
1 0.1265625 0.9484375 0.021875 0.0234375
1 0.1 0.878125 0.01875 0.015625
1 0.01875 0.875 0.015625 0.0125
1 0.025 0.865625 0.0140625 0.0109375
1 0.00859375 0.85390625 0.0171875 0.0265625
1 0.015625 0.640625 0.015625 0.0078125
1 0.0046875 0.6421875 0.0078125 0.0078125
1 0.046875 0.634375 0.015625 0.015625
1 0.1015625 0.66875 0.01875 0.0140625
1 0.1046875 0.6859375 0.0171875 0.0140625
1 0.0578125 0.7078125 0.0359375 0.0203125
1 0.121875 0.6609375 0.015625 0.0140625
1 0.1234375 0.746875 0.0109375 0.0125
1 0.115625 0.7328125 0.01875 0.01875
1 0.1359375 0.721875 0.0203125 0.0171875
1 0.225 0.78046875 0.009375 0.0234375
1 0.203125 0.79375 0.0390625 0.046875
1 0.2015625 0.8 0.0125 0.0140625
1 0.184375 0.7984375 0.034375 0.0234375
1 0.1921875 0.753125 0.0203125 0.0109375
1 0.1890625 0.675 0.028125 0.025
1 0.028125 0.765625 0.009375 0.0078125
1 0.0125 0.784375 0.0171875 0.0171875
1 0.009375 0.7765625 0.0140625 0.0140625
1 0.00546875 0.9359375 0.0109375 0.015625
1 0.0515625 0.74375 0.0140625 0.0125
0 0.07265625 0.959375 0.1453125 0.08125
1 0.0421875 0.890625 0.028125 0.015625
0 0.08125 0.7625 0.078125 0.1109375
1 0.109375 0.803125 0.015625 0.0234375
0 0.065625 0.8875 0.0640625 0.1046875
0 0.0703125 0.825 0.1234375 0.08125
0 0.696875 0.7796875 0.134375 0.0484375
0 0.7171875 0.7046875 0.1359375 0.1109375
0 0.7125 0.6265625 0.1125 0.0703125