1 0.2296875 0.4609375 0.0171875 0.0140625
1 0.27109375 0.55546875 0.0359375 0.0265625
1 0.378125 0.5078125 0.128125 0.121875
1 0.49140625 0.553125 0.0515625 0.03125
1 0.125 0.0515625 0.0453125 0.05625
1 0.2796875 0.02421875 0.028125 0.0484375
0 0.171875 0.1421875 0.140625 0.253125
0 0.3328125 0.178125 0.1390625 0.2140625
1 0.434375 0.134375 0.01875 0.0234375
1 0.4671875 0.084375 0.0609375 0.05
0 0.49609375 0.1875 0.1265625 0.28125
0 0.515625 0.17734375 0.0875 0.1828125
1 0.5484375 0.27109375 0.021875 0.0296875
1 0.7109375 0.55625 0.025 0.015625
0 0.721875 0.2765625 0.221875 0.3015625
1 0.8265625 0.0859375 0.0078125 0.01875
1 0.809375 0.175 0.015625 0.0171875
1 0.696875 0.15 0.05 0.078125
1 0.703125 0.0609375 0.05625 0.0828125
1 0.684375 0.0359375 0.009375 0.0125
1 0.6140625 0.0265625 0.0375 0.0328125
0 0.6203125 0.25703125 0.121875 0.2609375
1 0.209375 0.9796875 0.025 0.0234375
1 0.4828125 0.94375 0.015625 0.0171875
1 0.4171875 0.9625 0.028125 0.03125
1 0.3890625 0.921875 0.0296875 0.0328125
0 0.03203125 0.61796875 0.0640625 0.0984375
0 0.13125 0.6203125 0.1046875 0.078125
0 0.215625 0.6359375 0.0671875 0.13125
1 0.2296875 0.7265625 0.0234375 0.015625
1 0.4453125 0.7078125 0.071875 0.0859375
0 0.384375 0.63125 0.125 0.125
0 0.446875 0.6078125 0.059375 0.078125
0 0.490625 0.61328125 0.025 0.0890625
0 0.17421875 0.584375 0.0671875 0.03125
1 0.86875 0.8765625 0.0421875 0.0390625
1 0.95625 0.9359375 0.021875 0.03125
1 0.946875 0.8921875 0.034375 0.0328125
1 0.9484375 0.8671875 0.025 0.01875
1 0.984375 0.8671875 0.021875 0.04375
1 0.9703125 0.8421875 0.028125 0.0265625
1 0.9671875 0.8609375 0.0234375 0.0109375
0 0.98359375 0.725 0.0328125 0.171875
0 0.80625 0.7671875 0.0390625 0.046875
0 0.8203125 0.6890625 0.06875 0.065625
0 0.8875 0.7046875 0.153125 0.0921875
0 0.9359375 0.746875 0.096875 0.096875
1 0.96953125 0.73359375 0.0609375 0.0859375
1 0.8859375 0.63125 0.034375 0.0203125
1 0.87578125 0.58046875 0.0328125 0.0234375