1 0.64375 0.2953125 0.01875 0.015625
1 0.603125 0.35 0.021875 0.021875
1 0.60625 0.4578125 0.0171875 0.0109375
1 0.640625 0.4609375 0.0265625 0.021875
1 0.55 0.353125 0.009375 0.0125
1 0.5171875 0.2375 0.01875 0.015625
1 0.5140625 0.246875 0.01875 0.0125
1 0.5296875 0.275 0.00625 0.0109375
1 0.4703125 0.3234375 0.0203125 0.0328125
1 0.478125 0.38125 0.015625 0.0203125
1 0.4890625 0.3859375 0.003125 0.00625
1 0.490625 0.4625 0.0078125 0.009375
1 0.46484375 0.47578125 0.0171875 0.0078125
1 0.3984375 0.4734375 0.0078125 0.0078125
1 0.3765625 0.46875 0.0125 0.0171875
1 0.3296875 0.46875 0.015625 0.015625
1 0.403125 0.3859375 0.0109375 0.009375
1 0.3953125 0.378125 0.04375 0.0296875
1 0.3703125 0.3734375 0.015625 0.0140625
1 0.4375 0.321875 0.01875 0.01875
1 0.428125 0.3046875 0.028125 0.0140625
1 0.4109375 0.3328125 0.021875 0.040625
1 0.40625 0.3421875 0.0484375 0.0125
1 0.40625 0.3546875 0.01875 0.0234375
1 0.27109375 0.475 0.0171875 0.009375
0 0.2796875 0.4421875 0.1 0.075
1 0.4015625 0.2734375 0.00625 0.0140625
1 0.4 0.2640625 0.0234375 0.025
1 0.4015625 0.253125 0.0109375 0.0140625
1 0.440625 0.2359375 0.0171875 0.01875
1 0.3890625 0.1859375 0.0375 0.034375
1 0.3796875 0.1765625 0.0296875 0.0140625
1 0.2171875 0.4515625 0.0078125 0.0078125
1 0.2109375 0.4421875 0.0171875 0.015625
1 0.128125 0.4453125 0.021875 0.01875
1 0.1375 0.4234375 0.009375 0.0078125
1 0.1671875 0.353125 0.1109375 0.0875
1 0.221875 0.3578125 0.0390625 0.0375
1 0.259375 0.328125 0.034375 0.0328125
1 0.278125 0.35 0.0265625 0.0234375
1 0.2609375 0.2875 0.015625 0.03125
1 0.21875 0.2609375 0.028125 0.03125
1 0.221875 0.2359375 0.03125 0.0390625
1 0.2109375 0.2125 0.0375 0.0296875
1 0.2015625 0.3015625 0.03125 0.028125
0 0.3203125 0.3515625 0.078125 0.11875
0 0.284375 0.39375 0.121875 0.1359375
1 0.01875 0.46875 0.028125 0.021875
1 0.0640625 0.184375 0.028125 0.03125
1 0.0171875 0.36015625 0.034375 0.0796875
1 0.0390625 0.39375 0.034375 0.028125
1 0.01015625 0.39296875 0.0203125 0.0328125
1 0.009375 0.44140625 0.01875 0.0359375
1 0.046875 0.459375 0.0234375 0.03125
1 0.034375 0.471875 0.015625 0.0140625
1 0.0859375 0.35 0.0234375 0.0203125
1 0.1078125 0.4265625 0.0359375 0.0328125
1 0.09375 0.4265625 0.0125 0.0140625
1 0.1046875 0.4296875 0.0109375 0.009375
1 0.3109375 0.2328125 0.0203125 0.0109375
0 0.2984375 0.2671875 0.14375 0.0984375
0 0.2953125 0.2 0.046875 0.059375
1 0.8328125 0.0375 0.0640625 0.05
1 0.9046875 0.1421875 0.059375 0.0390625
1 0.821875 0.1734375 0.01875 0.04375
1 0.9484375 0.2390625 0.01875 0.0265625
1 0.940625 0.2734375 0.0171875 0.0203125
1 0.8265625 0.3515625 0.0125 0.015625
1 0.8046875 0.44375 0.0453125 0.0546875
1 0.928125 0.2 0.046875 0.0765625
1 0.9609375 0.0953125 0.0515625 0.015625
1 0.9296875 0.10625 0.04375 0.0328125
1 0.7890625 0.18046875 0.01875 0.0828125
1 0.0203125 0.99453125 0.03125 0.0109375
1 0.0984375 0.8234375 0.04375 0.0296875
1 0.0640625 0.81875 0.0640625 0.05
1 0.0171875 0.821875 0.0078125 0.009375
1 0.22265625 0.996875 0.0109375 0.00625
1 0.2390625 0.9796875 0.034375 0.0203125
1 0.27421875 0.9953125 0.0234375 0.009375
1 0.271875 0.984375 0.0125 0.0171875
1 0.3109375 0.953125 0.0375 0.0296875
1 0.2671875 0.8984375 0.0171875 0.0171875
1 0.29375 0.8640625 0.0203125 0.0109375
0 0.26875 0.95546875 0.109375 0.0890625
1 0.246875 0.7890625 0.0234375 0.01875
1 0.25625 0.7828125 0.015625 0.01875
1 0.253125 0.7625 0.0171875 0.015625
0 0.3046875 0.79375 0.0875 0.0453125
1 0.2453125 0.5953125 0.015625 0.0234375
1 0.221875 0.5765625 0.0078125 0.009375
1 0.259375 0.5828125 0.01875 0.0171875
1 0.321875 0.5453125 0.0203125 0.0125
0 0.2875 0.5640625 0.11875 0.0515625
0 0.28125 0.6296875 0.1328125 0.121875
0 0.29375 0.709375 0.14375 0.1265625
1 0.3015625 0.7171875 0.0078125 0.015625
1 0.19375 0.7234375 0.015625 0.01875
1 0.4625 0.5734375 0.0078125 0.0046875
1 0.4734375 0.5796875 0.0203125 0.015625
1 0.4171875 0.61875 0.028125 0.0265625
1 0.4765625 0.6671875 0.0125 0.009375
1 0.4578125 0.7953125 0.01875 0.0140625
1 0.425 0.7703125 0.025 0.03125
1 0.3453125 0.8828125 0.0203125 0.0109375
1 0.3859375 0.9859375 0.0140625 0.0265625
1 0.3828125 0.9796875 0.0265625 0.0203125
1 0.59453125 0.990625 0.1421875 0.01875
1 0.5 0.9515625 0.00625 0.0078125
1 0.5671875 0.9375 0.0203125 0.0171875
1 0.5109375 0.8671875 0.0078125 0.0265625
1 0.4953125 0.8078125 0.05 0.0515625
1 0.51875 0.7765625 0.021875 0.021875
1 0.496875 0.7703125 0.021875 0.01875
1 0.534375 0.7546875 0.00625 0.009375
1 0.53125 0.7171875 0.034375 0.059375
1 0.5515625 0.7703125 0.0234375 0.03125
1 0.55625 0.765625 0.028125 0.021875
1 0.575 0.8 0.0140625 0.009375
1 0.56875 0.734375 0.0359375 0.05625
1 0.6328125 0.6515625 0.0078125 0.0125
1 0.6 0.6953125 0.015625 0.009375
1 0.6875 0.8125 0.0234375 0.01875
1 0.6671875 0.81875 0.0109375 0.0046875
1 0.628125 0.8359375 0.05625 0.0390625
1 0.609375 0.8234375 0.0234375 0.0328125
1 0.6546875 0.9015625 0.034375 0.0546875
1 0.7328125 0.553125 0.0125 0.0125
1 0.721875 0.6859375 0.009375 0.0109375
1 0.6875 0.934375 0.015625 0.0078125
1 0.7359375 0.9421875 0.0171875 0.015625
1 0.778125 0.95859375 0.003125 0.0109375
1 0.74765625 0.9828125 0.0640625 0.034375
0 0.753125 0.8515625 0.053125 0.0875
1 0.76328125 0.75390625 0.0328125 0.0546875
0 0.7609375 0.61328125 0.0375 0.1515625
1 0.946875 0.725 0.0265625 0.021875
1 0.921875 0.7578125 0.0203125 0.0125
1 0.9234375 0.8359375 0.0203125 0.0234375
0 0.98515625 0.74609375 0.0296875 0.1203125