0 0.0984375 0.225 0.08125 0.346875
1 0.1328125 0.3546875 0.015625 0.0140625
1 0.190625 0.240625 0.0390625 0.040625
1 0.2015625 0.503125 0.0171875 0.0109375
1 0.2140625 0.3609375 0.01875 0.0171875
1 0.2578125 0.4203125 0.009375 0.0125
1 0.2703125 0.209375 0.025 0.0171875
1 0.396875 0.4515625 0.0078125 0.009375
1 0.4359375 0.40625 0.0109375 0.0125
1 0.453125 0.4875 0.015625 0.0125
1 0.4859375 0.1828125 0.015625 0.0125
1 0.540625 0.44375 0.0328125 0.01875
1 0.571875 0.2890625 0.0234375 0.0234375
1 0.2953125 0.234375 0.0359375 0.040625
0 0.465625 0.2765625 0.2359375 0.1671875
0 0.3515625 0.2484375 0.134375 0.3203125
1 0.303125 0.0125 0.034375 0.025
1 0.2375 0.1109375 0.025 0.0359375
1 0.5671875 0.109375 0.0140625 0.0171875
1 0.6859375 0.3578125 0.0078125 0.0046875
1 0.703125 0.4515625 0.0125 0.0109375
1 0.59375 0.425 0.009375 0.046875
0 0.7625 0.2171875 0.0859375 0.053125
0 0.803125 0.2359375 0.0046875 0.0125
1 0.796875 0.0390625 0.01875 0.025
0 0.7765625 0.08125 0.059375 0.1625
1 0.6703125 0.1578125 0.0140625 0.0359375
0 0.696875 0.11953125 0.215625 0.2390625
1 0.459375 0.5875 0.0109375 0.0171875
1 0.459375 0.6109375 0.0109375 0.0078125
1 0.31796875 0.53828125 0.0234375 0.0171875
1 0.328125 0.6171875 0.0234375 0.0203125
1 0.2734375 0.5703125 0.0328125 0.0328125
1 0.1359375 0.5546875 0.0171875 0.0203125
1 0.178125 0.6 0.0390625 0.0140625
1 0.453125 0.865625 0.015625 0.0171875
1 0.3828125 0.84375 0.0265625 0.0203125
1 0.3453125 0.8484375 0.0234375 0.028125
1 0.240625 0.8125 0.0265625 0.03125
1 0.21875 0.828125 0.0109375 0.015625
1 0.184375 0.8078125 0.025 0.021875
1 0.1640625 0.8859375 0.0234375 0.03125
1 0.153125 0.921875 0.025 0.021875
1 0.1140625 0.8703125 0.0234375 0.0203125
1 0.109375 0.8859375 0.0421875 0.0328125
1 0.0859375 0.8328125 0.034375 0.03125
1 0.18125 0.8234375 0.025 0.01875
1 0.1796875 0.8421875 0.025 0.0265625
1 0.121875 0.8203125 0.0234375 0.0109375
1 0.1375 0.703125 0.028125 0.01875
1 0.128125 0.6578125 0.0109375 0.0328125
1 0.1265625 0.6359375 0.025 0.01875
0 0.05546875 0.90078125 0.1109375 0.1984375
0 0.3671875 0.959375 0.196875 0.0765625
1 0.3390625 0.946875 0.0203125 0.0109375
1 0.359375 0.99453125 0.0375 0.0109375
1 0.3640625 0.99296875 0.0125 0.0140625
1 0.43125 0.9953125 0.0375 0.009375
1 0.3125 0.99140625 0.021875 0.0171875
1 0.27890625 0.9890625 0.0203125 0.021875
0 0.15625 0.9625 0.3125 0.075
1 0.1984375 0.9234375 0.0140625 0.0109375
0 0.65078125 0.55859375 0.1234375 0.0578125
0 0.7203125 0.55859375 0.065625 0.0578125
1 0.88125 0.7671875 0.0234375 0.01875
0 0.815625 0.5453125 0.196875 0.03125
1 0.915625 0.98984375 0.025 0.0203125
1 0.928125 0.5921875 0.021875 0.021875
1 0.99609375 0.61796875 0.0078125 0.0203125
1 0.8515625 0.7765625 0.028125 0.0234375
1 0.7875 0.890625 0.0421875 0.04375
1 0.98125 0.8546875 0.03125 0.025
1 0.965625 0.8953125 0.0203125 0.0375
1 0.9484375 0.9578125 0.015625 0.015625
1 0.92890625 0.996875 0.0234375 0.00625
0 0.81484375 0.975 0.0921875 0.05