1 0.234375 0.353125 0.0546875 0.034375
1 0.1875 0.3125 0.0328125 0.05
1 0.3796875 0.228125 0.015625 0.0265625
1 0.065625 0.2125 0.021875 0.015625
1 0.1765625 0.1234375 0.0125 0.0484375
0 0.084375 0.340625 0.134375 0.21875
1 0.5203125 0.2984375 0.0296875 0.0484375
1 0.528125 0.3578125 0.046875 0.0453125
1 0.7109375 0.2609375 0.0703125 0.0625
0 0.7453125 0.3640625 0.1390625 0.0828125
0 0.73828125 0.41796875 0.0546875 0.0640625
1 0.63125 0.4234375 0.04375 0.040625
1 0.98203125 0.33984375 0.0359375 0.0265625
1 0.575 0.2984375 0.021875 0.0359375
1 0.8984375 0.2515625 0.03125 0.0859375
1 0.0140625 0.871875 0.01875 0.0203125
1 0.01875 0.89375 0.0328125 0.025
1 0.003125 0.815625 0.00625 0.0125
1 0.00546875 0.48203125 0.0109375 0.0265625
1 0.046875 0.671875 0.01875 0.0171875
0 0.0078125 0.621875 0.015625 0.034375
1 0.0875 0.590625 0.009375 0.0078125
1 0.2 0.7703125 0.0125 0.0078125
1 0.209375 0.753125 0.009375 0.00625
1 0.1609375 0.79375 0.04375 0.028125
1 0.1375 0.84375 0.01875 0.021875
1 0.146875 0.8671875 0.0453125 0.059375
1 0.2671875 0.5390625 0.0140625 0.01875
1 0.2515625 0.625 0.0125 0.0109375
1 0.240625 0.7734375 0.0109375 0.028125
1 0.2640625 0.759375 0.0203125 0.0171875
1 0.2625 0.7640625 0.0234375 0.025
1 0.3 0.840625 0.028125 0.0140625
1 0.340625 0.9015625 0.015625 0.0125
1 0.3734375 0.6421875 0.021875 0.0140625
1 0.403125 0.4609375 0.0140625 0.015625
1 0.4078125 0.8640625 0.03125 0.05
1 0.47734375 0.81484375 0.0046875 0.0203125
1 0.69296875 0.4546875 0.0203125 0.009375
0 0.7859375 0.49765625 0.115625 0.0953125
0 0.796875 0.6 0.3234375 0.2546875
1 0.690625 0.6765625 0.0625 0.046875
1 0.6578125 0.7140625 0.0359375 0.05625
0 0.771875 0.8390625 0.45625 0.1625
0 0.7328125 0.7671875 0.30625 0.259375
1 0.98671875 0.67421875 0.0265625 0.0328125
1 0.99375 0.79375 0.0125 0.040625
1 0.903125 0.8140625 0.03125 0.0234375