1 0.3421875 0.2828125 0.0171875 0.021875
1 0.4125 0.0875 0.03125 0.0265625
1 0.3625 0.078125 0.03125 0.0234375
1 0.46875 0.08125 0.053125 0.0359375
1 0.0578125 0.2484375 0.0296875 0.0265625
1 0.1109375 0.1671875 0.0203125 0.0328125
1 0.071875 0.10625 0.0265625 0.034375
1 0.1015625 0.1 0.021875 0.0203125
1 0.19375 0.1515625 0.028125 0.0265625
1 0.2546875 0.071875 0.0234375 0.0203125
1 0.315625 0.0796875 0.0109375 0.0109375
1 0.0625 0.0171875 0.059375 0.034375
1 0.1796875 0.075 0.021875 0.025
1 0.1625 0.0625 0.0234375 0.0421875
1 0.1640625 0.053125 0.0515625 0.0265625
0 0.01796875 0.009375 0.0078125 0.01875
0 0.16796875 0.021875 0.0921875 0.04375
1 0.2140625 0.009375 0.021875 0.0171875
1 0.1625 0.0375 0.028125 0.0203125
1 0.3640625 0.0328125 0.0203125 0.01875
1 0.4921875 0.0078125 0.01875 0.0140625
1 0.965625 0.2140625 0.025 0.03125
1 0.9375 0.025 0.0265625 0.0234375
1 0.89375 0.2234375 0.015625 0.0171875
1 0.8765625 0.2421875 0.0203125 0.0078125
1 0.87265625 0.01328125 0.0203125 0.0265625
1 0.8421875 0.1515625 0.034375 0.0421875
1 0.7484375 0.1984375 0.00625 0.0171875
1 0.74375 0.1859375 0.015625 0.0140625
1 0.74375 0.11875 0.0265625 0.01875
1 0.7015625 0.096875 0.0546875 0.0546875
1 0.675 0.0140625 0.0375 0.028125
1 0.5890625 0.06875 0.015625 0.0171875
1 0.5890625 0.09375 0.021875 0.0234375
1 0.5890625 0.1265625 0.04375 0.0359375
1 0.571875 0.228125 0.0140625 0.009375
1 0.7078125 0.2578125 0.040625 0.034375
1 0.6015625 0.2375 0.01875 0.0140625
1 0.5890625 0.184375 0.0234375 0.025
1 0.575 0.178125 0.0171875 0.0109375
1 0.5390625 0.140625 0.015625 0.015625
1 0.56015625 0.2921875 0.0078125 0.015625
1 0.5546875 0.215625 0.009375 0.0359375
1 0.8078125 0.1734375 0.0296875 0.0359375
1 0.53359375 0.00859375 0.0078125 0.0171875
1 0.7484375 0.0515625 0.03125 0.03125
1 0.73125 0.0546875 0.015625 0.009375
1 0.81875 0.021875 0.0140625 0.0359375
1 0.815625 0.0421875 0.0140625 0.0234375
1 0.8078125 0.09375 0.0328125 0.03125
1 0.8359375 0.05 0.0546875 0.0671875
1 0.16875 0.9421875 0.0546875 0.0734375
0 0.1921875 0.809375 0.090625 0.13125
0 0.446875 0.7921875 0.1375 0.15625
0 0.34375 0.7859375 0.0703125 0.196875
1 0.2703125 0.6671875 0.1734375 0.1421875
1 0.3 0.725 0.05 0.0296875
1 0.2875 0.7734375 0.03125 0.0296875
0 0.1328125 0.7671875 0.04375 0.0359375
1 0.16875 0.65625 0.046875 0.0453125
1 0.14375 0.6890625 0.0296875 0.0359375
1 0.3140625 0.571875 0.0265625 0.0328125
1 0.1671875 0.55625 0.0515625 0.0640625
1 0.19375 0.4859375 0.0671875 0.0359375
1 0.21875 0.5296875 0.040625 0.046875
1 0.246875 0.4390625 0.0765625 0.059375
1 0.153125 0.4640625 0.0765625 0.0265625
1 0.45 0.5546875 0.103125 0.0625
1 0.4546875 0.503125 0.0421875 0.025
1 0.4390625 0.4734375 0.05625 0.0375
0 0.12578125 0.30625 0.0296875 0.0125
1 0.340625 0.325 0.065625 0.05
1 0.5 0.459375 0.05625 0.0359375
1 0.3984375 0.359375 0.0390625 0.0375
1 0.51484375 0.315625 0.0296875 0.03125
1 0.4796875 0.3234375 0.025 0.0328125
1 0.1375 0.34375 0.0421875 0.0390625
1 0.39375 0.5375 0.0265625 0.0359375
1 0.259375 0.5265625 0.0359375 0.0234375
1 0.2734375 0.4921875 0.0375 0.0234375
1 0.325 0.4578125 0.021875 0.0328125
1 0.196875 0.5796875 0.028125 0.021875
1 0.21875 0.5828125 0.028125 0.01875
1 0.1296875 0.39375 0.0375 0.0359375
1 0.4796875 0.5890625 0.03125 0.025
1 0.409375 0.7203125 0.0640625 0.028125
1 0.8140625 0.90625 0.0328125 0.0703125
1 0.8203125 0.8421875 0.0546875 0.059375
1 0.903125 0.8375 0.0359375 0.0703125
1 0.909375 0.7875 0.0375 0.046875
1 0.9234375 0.7390625 0.0671875 0.065625
1 0.771875 0.815625 0.0359375 0.034375
1 0.78125 0.775 0.040625 0.0296875
1 0.7828125 0.721875 0.053125 0.075
1 0.74375 0.7453125 0.03125 0.0359375
1 0.7234375 0.7453125 0.0234375 0.05
1 0.684375 0.7390625 0.0375 0.0546875
1 0.85 0.6984375 0.046875 0.05
0 0.690625 0.621875 0.1015625 0.1609375
0 0.8078125 0.6140625 0.121875 0.1125
0 0.9171875 0.628125 0.14375 0.121875
1 0.659375 0.5671875 0.0390625 0.0734375
1 0.7125 0.5171875 0.0921875 0.08125
1 0.8484375 0.5296875 0.053125 0.078125
1 0.7734375 0.446875 0.040625 0.0453125
1 0.7125 0.43125 0.0453125 0.0578125
1 0.6703125 0.453125 0.04375 0.071875
1 0.6546875 0.4890625 0.0296875 0.05625
1 0.825 0.4703125 0.0453125 0.0578125
1 0.8859375 0.5140625 0.0375 0.0515625
1 0.8265625 0.64375 0.0296875 0.0359375
1 0.7328125 0.3625 0.0515625 0.0421875
1 0.690625 0.334375 0.0453125 0.0546875
1 0.69375 0.38125 0.0625 0.0296875
1 0.815625 0.3703125 0.028125 0.0328125
1 0.8125 0.3171875 0.0421875 0.028125
1 0.88125 0.571875 0.0625 0.040625
1 0.9703125 0.45078125 0.059375 0.0953125
1 0.85546875 0.3109375 0.0140625 0.021875
1 0.87890625 0.30625 0.0546875 0.0125
1 0.9515625 0.3546875 0.084375 0.0703125
1 0.96328125 0.30703125 0.0546875 0.0140625
1 0.97421875 0.6125 0.0515625 0.08125