1 0.0296875 0.403125 0.009375 0.0171875
1 0.0296875 0.2265625 0.0109375 0.01875
1 0.103125 0.096875 0.0609375 0.090625
1 0.140625 0.1765625 0.0140625 0.0125
1 0.165625 0.459375 0.0171875 0.0140625
1 0.1640625 0.409375 0.021875 0.0140625
1 0.1921875 0.471875 0.0203125 0.015625
1 0.278125 0.0890625 0.0265625 0.015625
1 0.29375 0.46875 0.03125 0.0375
1 0.3046875 0.3234375 0.015625 0.0234375
1 0.3125 0.015625 0.0109375 0.0125
1 0.3203125 0.48515625 0.00625 0.0078125
1 0.3390625 0.08125 0.015625 0.01875
1 0.3375 0.2328125 0.0359375 0.0234375
1 0.328125 0.115625 0.071875 0.0546875
1 0.3625 0.4078125 0.03125 0.028125
1 0.409375 0.284375 0.0296875 0.0140625
1 0.4265625 0.440625 0.00625 0.0109375
1 0.44375 0.4296875 0.025 0.0203125
1 0.459375 0.1453125 0.021875 0.0140625
1 0.5390625 0.409375 0.021875 0.025
1 0.54140625 0.0828125 0.0171875 0.028125
1 0.2890625 0.1125 0.021875 0.0234375
1 0.2390625 0.1 0.03125 0.028125
1 0.2390625 0.0578125 0.0140625 0.009375
1 0.184375 0.0296875 0.040625 0.059375
1 0.4609375 0.04375 0.021875 0.015625
1 0.4640625 0.05625 0.053125 0.015625
1 0.4671875 0.06875 0.046875 0.0203125
1 0.3921875 0.1265625 0.040625 0.025
1 0.3765625 0.1734375 0.0640625 0.0546875
1 0.334375 0.1515625 0.0265625 0.015625
1 0.4171875 0.1671875 0.0390625 0.0546875
1 0.5296875 0.1546875 0.01875 0.01875
1 0.5109375 0.165625 0.0125 0.0203125
1 0.53671875 0.18984375 0.0265625 0.0578125
1 0.2609375 0.1953125 0.015625 0.021875
1 0.121875 0.225 0.0515625 0.059375
1 0.1109375 0.2484375 0.0328125 0.034375
1 0.146875 0.221875 0.0125 0.0109375
1 0.5171875 0.47578125 0.065625 0.0265625
1 0.46875 0.4640625 0.03125 0.0171875
0 0.4671875 0.36875 0.103125 0.140625
1 0.5078125 0.3453125 0.046875 0.04375
1 0.40625 0.4046875 0.0234375 0.0328125
1 0.35625 0.3703125 0.01875 0.0515625
1 0.3984375 0.3671875 0.0375 0.0390625
1 0.3671875 0.3625 0.0203125 0.0484375
0 0.0859375 0.35625 0.11875 0.1296875
0 0.2578125 0.384375 0.128125 0.1421875
0 0.1765625 0.3484375 0.08125 0.075
1 0.190625 0.3734375 0.025 0.0140625
1 0.8578125 0.0453125 0.05625 0.0453125
1 0.759375 0.125 0.0375 0.0375
1 0.9828125 0.1625 0.034375 0.025
1 0.6984375 0.1796875 0.0296875 0.0390625
1 0.8140625 0.246875 0.0453125 0.0234375
0 0.96328125 0.40546875 0.0734375 0.1640625
0 0.85234375 0.43828125 0.1390625 0.1015625
0 0.75 0.428125 0.0890625 0.096875
1 0.79375 0.384375 0.0640625 0.0375
1 0.70625 0.3453125 0.046875 0.05
1 0.8671875 0.2734375 0.028125 0.0234375
1 0.409375 0.6609375 0.0265625 0.021875
1 0.40625 0.6859375 0.0234375 0.021875
1 0.3359375 0.7125 0.015625 0.01875
1 0.3328125 0.79375 0.0125 0.015625
1 0.3234375 0.7875 0.0109375 0.0140625
1 0.3125 0.80625 0.0265625 0.021875
1 0.0984375 0.796875 0.0078125 0.015625
1 0.1 0.8078125 0.0078125 0.0078125
1 0.0921875 0.765625 0.015625 0.015625
1 0.1265625 0.7109375 0.0140625 0.01875
1 0.14375 0.7078125 0.0140625 0.0171875
1 0.165625 0.7546875 0.0203125 0.0359375
1 0.11875 0.690625 0.0140625 0.015625
1 0.2046875 0.6890625 0.0125 0.0109375
1 0.190625 0.696875 0.01875 0.01875
1 0.1796875 0.6765625 0.0171875 0.0203125
1 0.26875 0.509375 0.0203125 0.0140625
1 0.2703125 0.521875 0.0265625 0.0109375
1 0.2390625 0.5828125 0.0234375 0.0171875
1 0.2515625 0.609375 0.046875 0.0390625
1 0.2578125 0.6109375 0.0140625 0.0125
1 0.25625 0.628125 0.0234375 0.034375
1 0.2109375 0.6203125 0.0109375 0.0203125
1 0.1328125 0.6234375 0.025 0.028125
1 0.10625 0.5015625 0.03125 0.025
1 0.23046875 0.5015625 0.0140625 0.025
1 0.03125 0.53125 0.0125 0.0125
1 0.0109375 0.7875 0.01875 0.025
1 0.0421875 0.834375 0.021875 0.0171875
1 0.1703125 0.8421875 0.04375 0.0390625
1 0.1390625 0.8703125 0.0140625 0.0171875
1 0.1921875 0.85 0.009375 0.0109375
1 0.2015625 0.84375 0.015625 0.0125
1 0.2109375 0.85625 0.009375 0.01875
1 0.215625 0.8375 0.021875 0.0234375
1 0.2234375 0.784375 0.0078125 0.009375
1 0.2421875 0.8 0.0171875 0.0171875
1 0.234375 0.803125 0.0140625 0.0140625
1 0.378125 0.8453125 0.0140625 0.025
1 0.3953125 0.85 0.0125 0.0171875
1 0.3734375 0.8796875 0.015625 0.0140625
1 0.39375 0.809375 0.015625 0.015625
1 0.384375 0.8265625 0.0171875 0.0125
1 0.278125 0.828125 0.0203125 0.0359375
1 0.315625 0.8609375 0.01875 0.0265625
1 0.328125 0.859375 0.015625 0.0078125
1 0.2703125 0.884375 0.021875 0.0234375
1 0.265625 0.884375 0.03125 0.009375
1 0.2140625 0.88125 0.0203125 0.0203125
1 0.234375 0.9046875 0.0109375 0.0171875
1 0.225 0.909375 0.0171875 0.015625
1 0.2265625 0.91875 0.0109375 0.0109375
1 0.1859375 0.8875 0.0421875 0.0296875
1 0.159375 0.9046875 0.0015625 0.0078125
1 0.1421875 0.9140625 0.0265625 0.0234375
1 0.071875 0.9125 0.025 0.028125
1 0.0375 0.909375 0.0171875 0.021875
1 0.0453125 0.9203125 0.0078125 0.0203125
1 0.353125 0.8984375 0.0171875 0.0171875
1 0.496875 0.878125 0.0328125 0.028125
1 0.484375 0.878125 0.025 0.03125
1 0.4296875 0.9375 0.0328125 0.04375
1 0.4546875 0.9765625 0.00625 0.0109375
1 0.3609375 0.9796875 0.05 0.040625
1 0.2796875 0.99296875 0.0125 0.0140625
1 0.24375 0.9890625 0.01875 0.0171875
1 0.2203125 0.9609375 0.0203125 0.0265625
1 0.15546875 0.98828125 0.0390625 0.0234375
1 0.1328125 0.975 0.0203125 0.0234375
1 0.0671875 0.965625 0.0140625 0.0203125
1 0.01171875 0.9890625 0.0234375 0.021875
1 0.034375 0.971875 0.0125 0.0078125
1 0.1 0.99375 0.0109375 0.0046875
1 0.2015625 0.7609375 0.0125 0.0140625
0 0.490625 0.74375 0.0734375 0.109375
0 0.43125 0.7578125 0.1078125 0.18125
1 0.3484375 0.7703125 0.015625 0.028125
0 0.2203125 0.73125 0.1109375 0.078125
1 0.2609375 0.703125 0.0234375 0.015625
0 0.3453125 0.746875 0.1046875 0.0640625
0 0.2828125 0.7421875 0.08125 0.1234375
1 0.5609375 0.51328125 0.021875 0.0421875
1 0.5703125 0.546875 0.0390625 0.0359375
1 0.571875 0.98359375 0.04375 0.0328125
1 0.6125 0.6140625 0.0125 0.028125
1 0.6109375 0.546875 0.015625 0.021875
1 0.6140625 0.765625 0.0140625 0.0265625
1 0.65 0.534375 0.0484375 0.0328125
1 0.7046875 0.9671875 0.0328125 0.0484375
1 0.778125 0.5859375 0.0203125 0.0515625
1 0.6625 0.621875 0.015625 0.015625
1 0.58125 0.65 0.0515625 0.1640625
1 0.578125 0.665625 0.0140625 0.028125
1 0.5671875 0.7109375 0.0171875 0.015625
0 0.65625 0.6484375 0.1625 0.0984375
1 0.75625 0.5375 0.0171875 0.0140625
1 0.7484375 0.5828125 0.03125 0.05
1 0.7625 0.609375 0.0125 0.009375
1 0.7640625 0.615625 0.01875 0.0125
1 0.815625 0.6078125 0.0109375 0.0203125
0 0.7125 0.6765625 0.08125 0.140625
0 0.78125 0.6953125 0.08125 0.0984375
1 0.553125 0.81015625 0.00625 0.0578125
1 0.75625 0.8984375 0.059375 0.05
1 0.8109375 0.90625 0.0234375 0.0328125