1 0.084375 0.125 0.015625 0.015625
1 0.0328125 0.1640625 0.009375 0.015625
1 0.0765625 0.0078125 0.021875 0.0140625
1 0.1640625 0.1046875 0.015625 0.025
1 0.4359375 0.1859375 0.03125 0.0265625
1 0.46875 0.1484375 0.028125 0.0265625
1 0.46875 0.11328125 0.040625 0.0328125
1 0.4296875 0.0328125 0.01875 0.0265625
1 0.35625 0.01171875 0.021875 0.0234375
1 0.384375 0.025 0.028125 0.0359375
1 0.321875 0.1 0.015625 0.015625
1 0.3390625 0.1078125 0.034375 0.025
1 0.1046875 0.09375 0.0140625 0.0171875
1 0.20625 0.103125 0.0390625 0.040625
0 0.1859375 0.146875 0.240625 0.1046875
0 0.16796875 0.03125 0.2265625 0.0625
1 0.5640625 0.090625 0.0234375 0.03125
1 0.5234375 0.04375 0.01875 0.0203125
1 0.5015625 0.1890625 0.0140625 0.0171875
1 0.5265625 0.1921875 0.028125 0.0171875
1 0.5046875 0.1859375 0.0203125 0.01875
1 0.5140625 0.0203125 0.03125 0.021875
1 0.55390625 0.00703125 0.0109375 0.0140625
1 0.51953125 0.0046875 0.0140625 0.009375
1 0.7109375 0.059375 0.0171875 0.0203125
1 0.75625 0.0578125 0.01875 0.0296875
1 0.709375 0.0234375 0.0203125 0.0390625
1 0.7234375 0.021875 0.025 0.015625
1 0.7125 0.00234375 0.025 0.0046875
1 0.728125 0.0078125 0.0125 0.015625
1 0.7015625 0.1515625 0.028125 0.0234375
1 0.70625 0.2046875 0.025 0.034375
1 0.7203125 0.2 0.021875 0.025
1 0.7296875 0.20625 0.0078125 0.0140625
1 0.84375 0.0671875 0.021875 0.0171875
1 0.8375 0.0296875 0.0171875 0.0125
1 0.8546875 0.046875 0.025 0.0171875
1 0.8546875 0.01015625 0.025 0.0203125
1 0.875 0.1671875 0.0203125 0.021875
1 0.9203125 0.0109375 0.0234375 0.021875
0 0.91640625 0.1265625 0.1671875 0.253125
1 0.0421875 0.5828125 0.0328125 0.015625
1 0.0328125 0.6609375 0.0109375 0.0046875
1 0.15 0.603125 0.00625 0.0078125
1 0.1453125 0.703125 0.0140625 0.0140625
1 0.13125 0.9359375 0.040625 0.0296875
1 0.3171875 0.8578125 0.053125 0.0625
1 0.475 0.87890625 0.028125 0.0359375
1 0.45 0.60625 0.0453125 0.040625
1 0.390625 0.665625 0.0453125 0.0234375
1 0.3625 0.6640625 0.021875 0.025
1 0.440625 0.7921875 0.0046875 0.0109375
1 0.2703125 0.8203125 0.0234375 0.0203125
1 0.4875 0.46640625 0.003125 0.0078125
1 0.3578125 0.4921875 0.0625 0.053125
1 0.35 0.4484375 0.0140625 0.00625
1 0.2140625 0.8234375 0.0046875 0.0109375
0 0.2328125 0.7171875 0.2109375 0.1546875
1 0.1765625 0.675 0.0734375 0.0859375
0 0.2625 0.5390625 0.2515625 0.1859375
0 0.275 0.8921875 0.390625 0.1609375
1 0.478125 0.6125 0.0078125 0.0109375
1 0.5703125 0.76875 0.034375 0.0359375
1 0.7453125 0.646875 0.015625 0.0203125
1 0.725 0.6453125 0.0078125 0.0109375
1 0.653125 0.5234375 0.0046875 0.009375
1 0.6859375 0.4625 0.053125 0.028125
1 0.5734375 0.4578125 0.0484375 0.025
1 0.6359375 0.4359375 0.0390625 0.03125
0 0.8578125 0.4640625 0.265625 0.15
0 0.82109375 0.5390625 0.3578125 0.184375
1 0.946875 0.68125 0.0359375 0.04375
1 0.98125 0.6375 0.034375 0.05
1 0.94375 0.6203125 0.065625 0.0703125
1 0.7890625 0.6296875 0.0078125 0.025
0 0.7171875 0.79375 0.05625 0.04375
1 0.565625 0.5328125 0.0796875 0.0671875
1 0.521875 0.5640625 0.0328125 0.0203125
0 0.84296875 0.70703125 0.3140625 0.2171875