1 0.09765625 0.521875 0.0234375 0.015625
1 0.2765625 0.509375 0.0140625 0.0125
1 0.2875 0.4375 0.009375 0.0171875
1 0.325 0.2328125 0.0375 0.03125
1 0.3734375 0.0890625 0.0390625 0.0484375
0 0.35625 0.103125 0.240625 0.15625
0 0.29921875 0.12421875 0.3515625 0.2484375
0 0.05859375 0.17265625 0.1171875 0.3453125
0 0.0484375 0.140625 0.096875 0.28125
1 0.2046875 0.4625 0.015625 0.0234375
1 0.16875 0.4921875 0.0296875 0.0265625
1 0.184375 0.3859375 0.1265625 0.165625
1 0.3421875 0.075 0.0484375 0.015625
1 0.596875 0.4015625 0.075 0.090625
1 0.81875 0.0453125 0.015625 0.025
0 0.8203125 0.1859375 0.2546875 0.3171875
0 0.9265625 0.2203125 0.046875 0.128125
0 0.9296875 0.128125 0.0390625 0.0375
1 0.946875 0.0859375 0.00625 0.0203125
0 0.55546875 0.1921875 0.0328125 0.15625
1 0.2984375 0.5734375 0.0484375 0.03125
1 0.1359375 0.5703125 0.0359375 0.0328125
1 0.1171875 0.6171875 0.0171875 0.0109375
1 0.146875 0.6578125 0.015625 0.0171875
1 0.446875 0.6765625 0.040625 0.06875
1 0.4125 0.646875 0.0328125 0.0375
0 0.4546875 0.7921875 0.0234375 0.06875
0 0.3765625 0.7453125 0.115625 0.1953125
0 0.353125 0.7421875 0.0890625 0.0796875
1 0.325 0.65625 0.0171875 0.0203125
0 0.271875 0.75 0.1 0.2078125
1 0.20625 0.76875 0.0125 0.021875
1 0.1453125 0.8203125 0.025 0.0203125
1 0.1984375 0.7234375 0.0078125 0.0234375
1 0.2140625 0.690625 0.0265625 0.05
0 0.125 0.7140625 0.1578125 0.1078125
1 0.0890625 0.6515625 0.08125 0.1109375
1 0.0328125 0.65625 0.0328125 0.0640625
0 0.02890625 0.71796875 0.0578125 0.1640625
0 0.03515625 0.71875 0.0703125 0.228125
1 0.0671875 0.940625 0.0203125 0.0203125
1 0.06015625 0.9921875 0.0234375 0.015625
1 0.03203125 0.98828125 0.0296875 0.0234375
1 0.0390625 0.871875 0.0078125 0.0109375
1 0.009375 0.84765625 0.01875 0.0234375
1 0.35 0.940625 0.0390625 0.034375
1 0.2984375 0.934375 0.0140625 0.0171875
1 0.2828125 0.9390625 0.0234375 0.0234375
1 0.165625 0.9828125 0.01875 0.0125
1 0.653125 0.7734375 0.0171875 0.021875
1 0.665625 0.5796875 0.0203125 0.0265625
1 0.6796875 0.69375 0.0171875 0.021875
1 0.7 0.546875 0.0171875 0.0140625
1 0.78125 0.6 0.0390625 0.0390625
1 0.9265625 0.621875 0.0203125 0.0203125
1 0.99609375 0.6921875 0.0078125 0.009375
1 0.771875 0.5796875 0.0140625 0.0140625
1 0.7125 0.79375 0.0140625 0.0109375
1 0.73125 0.80625 0.0375 0.0328125
1 0.7640625 0.7859375 0.01875 0.025
0 0.6734375 0.915625 0.1046875 0.0953125
0 0.759375 0.903125 0.1203125 0.1203125
0 0.84375 0.9171875 0.128125 0.1203125
1 0.99140625 0.82890625 0.0171875 0.0421875
1 0.97578125 0.98828125 0.0484375 0.0234375
0 0.95390625 0.90546875 0.0921875 0.1546875