1 0.1453125 0.35 0.015625 0.015625
0 0.23828125 0.4203125 0.0609375 0.01875
0 0.2578125 0.3890625 0.0875 0.08125
0 0.26875 0.2671875 0.1328125 0.1046875
0 0.2796875 0.3265625 0.1390625 0.1046875
0 0.2546875 0.2 0.1125 0.0828125
0 0.29375 0.1046875 0.1203125 0.10625
0 0.2828125 0.04296875 0.09375 0.0859375
1 0.3078125 0.1765625 0.0390625 0.0359375
1 0.31875 0.353125 0.078125 0.0765625
1 0.1046875 0.028125 0.0453125 0.021875
1 0.0390625 0.0796875 0.021875 0.0203125
1 0.0453125 0.1171875 0.0203125 0.025
1 0.0140625 0.1609375 0.025 0.0171875
1 0.4015625 0.38203125 0.025 0.0203125
1 0.521875 0.2671875 0.0109375 0.0265625
1 0.5296875 0.2140625 0.0171875 0.021875
1 0.4203125 0.3203125 0.0140625 0.028125
1 0.6328125 0.140625 0.0125 0.028125
1 0.6390625 0.2765625 0.0421875 0.0359375
1 0.66875 0.3109375 0.0140625 0.0296875
1 0.70859375 0.409375 0.0296875 0.040625
1 0.61328125 0.42265625 0.0203125 0.0140625
1 0.7296875 0.1625 0.0078125 0.0171875
1 0.7015625 0.271875 0.0171875 0.0203125
1 0.7984375 0.05 0.0328125 0.021875
0 0.846875 0.05625 0.065625 0.0359375
1 0.8375 0.0796875 0.0296875 0.0234375
1 0.853125 0.0984375 0.03125 0.0203125
0 0.846875 0.121875 0.1484375 0.06875
1 0.99375 0.06875 0.0125 0.015625
1 0.98046875 0.16875 0.0390625 0.0375
1 0.9671875 0.084375 0.0125 0.01875
1 0.928125 0.1953125 0.025 0.0296875
1 0.98671875 0.33828125 0.0265625 0.0390625
1 0.81875 0.1984375 0.06875 0.059375
0 0.8765625 0.20625 0.0875 0.1109375
1 0.796875 0.1640625 0.0171875 0.015625
0 0.8234375 0.3015625 0.128125 0.1109375
1 0.8359375 0.3625 0.040625 0.0640625
1 0.8 0.4046875 0.015625 0.021875
1 0.8390625 0.3953125 0.015625 0.0203125
1 0.8609375 0.3703125 0.0390625 0.0484375
0 0.8453125 0.396875 0.1125 0.065625
1 0.053125 0.94375 0.0109375 0.0171875
1 0.134375 0.828125 0.021875 0.0390625
1 0.3078125 0.7515625 0.03125 0.0296875
1 0.23125 0.740625 0.0109375 0.0078125
1 0.16875 0.6890625 0.0078125 0.0203125
1 0.0859375 0.634375 0.009375 0.015625
1 0.0140625 0.6109375 0.0125 0.0171875
1 0.1265625 0.5125 0.0125 0.0203125
1 0.1859375 0.503125 0.0078125 0.0078125
1 0.2578125 0.4921875 0.0078125 0.015625
1 0.34375 0.475 0.0078125 0.0140625
1 0.3453125 0.9546875 0.0546875 0.0203125
0 0.33515625 0.8390625 0.1078125 0.28125
0 0.328125 0.63359375 0.121875 0.3140625
1 0.04375 0.4984375 0.0875 0.090625
1 0.4921875 0.8984375 0.0375 0.028125
1 0.4125 0.9703125 0.03125 0.0296875
1 0.9078125 0.7140625 0.009375 0.021875
1 0.8671875 0.821875 0.0515625 0.0296875
1 0.8125 0.946875 0.034375 0.0109375
0 0.684375 0.640625 0.0375 0.0328125
0 0.6109375 0.7578125 0.209375 0.1734375
1 0.709375 0.8140625 0.015625 0.0359375
1 0.53125 0.8125 0.05 0.0484375
0 0.66796875 0.92109375 0.1609375 0.1578125
1 0.659375 0.975 0.04375 0.0390625
1 0.559375 0.8046875 0.03125 0.01875
1 0.55625 0.759375 0.0265625 0.034375
1 0.6109375 0.790625 0.084375 0.1328125
1 0.646875 0.8609375 0.009375 0.0265625