1 0.40625 0.4328125 0.0078125 0.00625
1 0.3765625 0.3015625 0.00625 0.00625
0 0.44140625 0.1875 0.1171875 0.159375
0 0.325 0.1609375 0.125 0.1828125
0 0.20625 0.13125 0.1125 0.1984375
1 0.1578125 0.1046875 0.0078125 0.0078125
1 0.35 0.0875 0.0109375 0.00625
1 0.74375 0.515625 0.0171875 0.025
1 0.740625 0.153125 0.025 0.015625
1 0.9453125 0.2515625 0.03125 0.03125
1 0.8609375 0.1203125 0.096875 0.1140625
1 0.6015625 0.2328125 0.003125 0.0109375
1 0.646875 0.221875 0.0078125 0.0078125
0 0.75 0.3625 0.2984375 0.2546875
0 0.9328125 0.3703125 0.134375 0.153125
1 0.9421875 0.046875 0.0171875 0.015625
1 0.1859375 0.9046875 0.034375 0.0359375
1 0.153125 0.8484375 0.0234375 0.03125
1 0.265625 0.990625 0.021875 0.01875
1 0.48203125 0.98671875 0.0359375 0.0265625
0 0.1703125 0.690625 0.1421875 0.1890625
1 0.49765625 0.58984375 0.0046875 0.0390625
1 0.4515625 0.5390625 0.028125 0.01875
1 0.403125 0.98125 0.0171875 0.0234375
0 0.3953125 0.75234375 0.209375 0.3265625
0 0.3140625 0.759375 0.2078125 0.228125
1 0.6890625 0.99609375 0.03125 0.0078125
1 0.98125 0.99921875 0.009375 0.0015625
1 0.9890625 0.934375 0.0140625 0.009375
1 0.871875 0.9765625 0.0203125 0.0125
1 0.859375 0.9296875 0.0203125 0.01875
1 0.8375 0.9359375 0.009375 0.0140625
1 0.9125 0.934375 0.0078125 0.0109375
1 0.9109375 0.90625 0.0125 0.009375
1 0.840625 0.8609375 0.0359375 0.0203125
1 0.8828125 0.846875 0.00625 0.0109375
1 0.8640625 0.86875 0.01875 0.0171875
1 0.69375 0.9203125 0.009375 0.0078125
1 0.7015625 0.903125 0.0078125 0.009375
1 0.553125 0.9046875 0.0234375 0.015625
1 0.55625 0.8890625 0.015625 0.0203125
1 0.5921875 0.8 0.015625 0.021875
1 0.621875 0.775 0.0109375 0.025
1 0.753125 0.7875 0.0125 0.01875
1 0.759375 0.765625 0.0234375 0.0203125
1 0.9453125 0.7875 0.028125 0.0265625
1 0.96875 0.7375 0.0140625 0.0140625
1 0.6578125 0.7578125 0.01875 0.021875
1 0.9109375 0.5859375 0.028125 0.0328125
1 0.9234375 0.5484375 0.0109375 0.0140625
1 0.8265625 0.54375 0.0125 0.0140625
1 0.784375 0.559375 0.015625 0.0171875
1 0.82109375 0.53828125 0.0390625 0.0171875
1 0.7625 0.540625 0.01875 0.0203125
1 0.7125 0.5375 0.0078125 0.0109375
1 0.6671875 0.5625 0.0109375 0.0125
1 0.5046875 0.7296875 0.0078125 0.0171875
0 0.646875 0.68125 0.140625 0.0953125
0 0.971875 0.6640625 0.05625 0.08125
1 0.953125 0.6875 0.025 0.0390625
0 0.825 0.68125 0.1171875 0.1203125
0 0.7140625 0.665625 0.11875 0.1
1 0.7421875 0.60625 0.03125 0.03125
0 0.55 0.653125 0.0984375 0.140625
0 0.9 0.6796875 0.11875 0.1703125
1 0.971875 0.965625 0.009375 0.0125
1 0.5515625 0.7859375 0.0140625 0.0109375