1 0.003125 0.0296875 0.00625 0.00625
1 0.046875 0.065625 0.025 0.025
1 0.0625 0.0890625 0.0171875 0.0234375
1 0.0921875 0.065625 0.025 0.0296875
1 0.1140625 0.190625 0.0265625 0.0265625
1 0.1234375 0.1703125 0.0140625 0.0078125
0 0.1421875 0.025 0.065625 0.05
1 0.315625 0.115625 0.0140625 0.0125
1 0.35078125 0.25390625 0.0359375 0.0296875
1 0.45 0.0296875 0.028125 0.0359375
1 0.48125 0.06875 0.0234375 0.0359375
1 0.065625 0.01171875 0.025 0.0234375
0 0.26484375 0.04765625 0.1140625 0.0953125
1 0.22109375 0.0078125 0.0421875 0.015625
1 0.2828125 0.096875 0.0359375 0.0609375
0 0.37265625 0.05546875 0.1421875 0.1109375
0 0.440625 0.05625 0.05 0.1125
1 0.8328125 0.040625 0.0390625 0.028125
1 0.103125 0.284375 0.01875 0.01875
1 0.159375 0.29375 0.0328125 0.03125
1 0.165625 0.3484375 0.04375 0.03125
1 0.24609375 0.27734375 0.0390625 0.0171875
1 0.2234375 0.296875 0.021875 0.0296875
1 0.52265625 0.33984375 0.0140625 0.0453125
1 0.52421875 0.37421875 0.0109375 0.0546875
1 0.51796875 0.40234375 0.0234375 0.0234375
1 0.5015625 0.453125 0.0390625 0.034375
1 0.52578125 0.4859375 0.0078125 0.021875
1 0.496875 0.5140625 0.009375 0.009375
1 0.46875 0.3890625 0.05625 0.053125
1 0.365625 0.4109375 0.046875 0.0328125
1 0.3296875 0.4046875 0.040625 0.021875
1 0.31875 0.3546875 0.0546875 0.0375
1 0.3109375 0.3328125 0.00625 0.0140625
1 0.2859375 0.3359375 0.0078125 0.003125
1 0.2390625 0.4109375 0.0578125 0.040625
1 0.2578125 0.4921875 0.028125 0.0234375
1 0.2546875 0.5015625 0.0140625 0.0109375
1 0.2671875 0.5203125 0.015625 0.0125
1 0.1625 0.4625 0.0171875 0.0328125
1 0.14375 0.4421875 0.0203125 0.01875
1 0.121875 0.365625 0.0171875 0.015625
1 0.140625 0.353125 0.0140625 0.0109375
1 0.09453125 0.275 0.0203125 0.0125
1 0.3671875 0.509375 0.0359375 0.03125
1 0.359375 0.55625 0.009375 0.009375
1 0.3296875 0.5390625 0.0125 0.0140625
1 0.2109375 0.5484375 0.01875 0.01875
1 0.24375 0.5328125 0.0109375 0.0109375
1 0.1359375 0.9015625 0.034375 0.04375
1 0.140625 0.821875 0.01875 0.015625
1 0.165625 0.8734375 0.0125 0.0046875
1 0.203125 0.921875 0.01875 0.0203125
1 0.2140625 0.9484375 0.046875 0.028125
1 0.228125 0.8625 0.0390625 0.025
1 0.19375 0.9015625 0.0140625 0.009375
1 0.2546875 0.96875 0.01875 0.009375
1 0.415625 0.8921875 0.021875 0.0140625
1 0.45625 0.9109375 0.0203125 0.0078125
1 0.4515625 0.9734375 0.0109375 0.0125
1 0.359375 0.88125 0.0375 0.053125
1 0.38125 0.9046875 0.0109375 0.009375
1 0.3421875 0.890625 0.04375 0.025
1 0.334375 0.8140625 0.015625 0.0234375
1 0.4640625 0.840625 0.0140625 0.0125
1 0.51875 0.9890625 0.0203125 0.01875
1 0.48515625 0.996875 0.0140625 0.00625
1 0.5125 0.7234375 0.0109375 0.0125
1 0.521875 0.74609375 0.015625 0.0171875
1 0.52109375 0.7671875 0.0171875 0.01875
1 0.51328125 0.78515625 0.0328125 0.0453125
1 0.44375 0.778125 0.0109375 0.0125
1 0.4671875 0.7921875 0.0234375 0.028125
1 0.46875 0.7515625 0.015625 0.0140625
1 0.434375 0.78125 0.0203125 0.0203125
1 0.4578125 0.7953125 0.0265625 0.015625
1 0.403125 0.809375 0.053125 0.0671875
1 0.3828125 0.7265625 0.0203125 0.0203125
1 0.34375 0.740625 0.01875 0.015625
1 0.3296875 0.73125 0.0171875 0.025
1 0.1921875 0.75625 0.0109375 0.009375
1 0.19375 0.7203125 0.0078125 0.0109375
1 0.25625 0.79375 0.0203125 0.021875
1 0.2390625 0.7625 0.0171875 0.015625
1 0.5203125 0.65625 0.01875 0.065625
0 0.5125 0.6203125 0.034375 0.05
1 0.50625 0.64140625 0.046875 0.0421875
1 0.4921875 0.6 0.0390625 0.028125
1 0.453125 0.6265625 0.0484375 0.046875
0 0.4875 0.6390625 0.0828125 0.071875
1 0.403125 0.628125 0.0640625 0.0796875
1 0.39375 0.5625 0.0078125 0.0078125
1 0.1640625 0.6828125 0.0328125 0.0171875
1 0.265625 0.6328125 0.025 0.0203125
1 0.2703125 0.61875 0.0484375 0.028125
1 0.2578125 0.621875 0.0109375 0.0140625
1 0.36875 0.571875 0.009375 0.0109375
0 0.3578125 0.66875 0.0796875 0.121875
0 0.31875 0.6390625 0.13125 0.140625
1 0.2546875 0.6796875 0.009375 0.0109375
0 0.1359375 0.6453125 0.1078125 0.1015625
1 0.084375 0.6078125 0.021875 0.01875
0 0.0859375 0.6578125 0.025 0.04375
1 0.73125 0.3109375 0.059375 0.046875
1 0.68125 0.346875 0.015625 0.0234375
1 0.721875 0.3859375 0.0203125 0.0265625
1 0.8515625 0.321875 0.034375 0.0421875
1 0.8671875 0.3453125 0.01875 0.0125
1 0.99609375 0.3515625 0.0078125 0.021875
1 0.97578125 0.41640625 0.0484375 0.0328125
1 0.9359375 0.40625 0.0125 0.0109375
1 0.875 0.4015625 0.01875 0.0125
1 0.8015625 0.38125 0.0265625 0.0265625
1 0.7640625 0.4 0.0328125 0.0171875
1 0.7328125 0.50625 0.0125 0.0125
1 0.85 0.43125 0.0546875 0.0640625
1 0.934375 0.4359375 0.0125 0.0140625
1 0.890625 0.4421875 0.0734375 0.046875
1 0.8671875 0.453125 0.0328125 0.0171875
1 0.728125 0.4734375 0.0171875 0.015625
1 0.9546875 0.45625 0.0390625 0.040625
1 0.9609375 0.503125 0.009375 0.009375
1 0.95 0.5203125 0.0203125 0.025
1 0.73125 0.575 0.0296875 0.046875
0 0.6953125 0.5984375 0.046875 0.0375
1 0.8109375 0.6 0.0203125 0.021875
1 0.8671875 0.5765625 0.0171875 0.0109375
1 0.8546875 0.578125 0.01875 0.0234375
0 0.95 0.578125 0.0859375 0.065625
0 0.9015625 0.6 0.046875 0.065625
1 0.9375 0.5453125 0.0125 0.0140625
0 0.8515625 0.575 0.0578125 0.0765625
0 0.75 0.584375 0.1265625 0.04375
1 0.6796875 0.628125 0.0125 0.015625
1 0.73125 0.6234375 0.0296875 0.03125
1 0.74375 0.64375 0.0109375 0.0140625
1 0.7578125 0.61875 0.0078125 0.0125
1 0.7546875 0.6578125 0.0171875 0.0203125
1 0.7828125 0.653125 0.015625 0.015625
1 0.953125 0.715625 0.009375 0.009375
1 0.8984375 0.75 0.0234375 0.0375
1 0.8328125 0.746875 0.0484375 0.0578125
1 0.7359375 0.703125 0.0125 0.0046875
1 0.6796875 0.6609375 0.003125 0.0078125
1 0.8484375 0.803125 0.046875 0.0328125
1 0.9796875 0.859375 0.0234375 0.0234375
1 0.7765625 0.99453125 0.015625 0.0109375
1 0.80390625 0.97890625 0.0328125 0.0421875
1 0.79375 0.965625 0.0109375 0.0078125
1 0.734375 0.953125 0.028125 0.01875
1 0.8375 0.8890625 0.0171875 0.0203125
1 0.8703125 0.890625 0.025 0.0234375
1 0.74375 0.8890625 0.0078125 0.0015625