1 0.4671875 0.0734375 0.0375 0.0546875
1 0.5015625 0.1984375 0.0171875 0.0171875
1 0.3265625 0.234375 0.0390625 0.078125
1 0.325 0.2765625 0.0375 0.0375
1 0.184375 0.2265625 0.0359375 0.0375
1 0.209375 0.2953125 0.021875 0.0171875
1 0.146875 0.296875 0.034375 0.0296875
1 0.28125 0.3109375 0.0234375 0.046875
0 0.45078125 0.4359375 0.1359375 0.246875
1 0.19375 0.3625 0.0234375 0.028125
1 0.278125 0.453125 0.0140625 0.0265625
0 0.1828125 0.50625 0.1078125 0.0734375
1 0.371875 0.55546875 0.04375 0.0078125
0 0.87265625 0.35859375 0.2546875 0.2640625
0 0.571875 0.328125 0.059375 0.2921875
0 0.97890625 0.31875 0.0421875 0.18125
0 0.37265625 0.80703125 0.2921875 0.2640625
0 0.053125 0.7765625 0.059375 0.2921875
0 0.47890625 0.7671875 0.0796875 0.18125
1 0.6234375 0.59453125 0.06875 0.0703125
1 0.621875 0.6671875 0.0203125 0.0296875
0 0.575 0.63671875 0.10625 0.1546875
1 0.521875 0.66328125 0.00625 0.0171875
1 0.603125 0.9265625 0.0265625 0.03125
1 0.6296875 0.9828125 0.0375 0.034375
1 0.5703125 0.75 0.01875 0.0140625
1 0.640625 0.8859375 0.025 0.03125
1 0.76875 0.9265625 0.0234375 0.03125
1 0.734375 0.9734375 0.034375 0.0375
1 0.56875 0.9859375 0.0109375 0.021875
1 0.684375 0.9171875 0.021875 0.0234375
1 0.8609375 0.975 0.025 0.028125
1 0.7328125 0.6859375 0.01875 0.0140625
1 0.6890625 0.7109375 0.015625 0.015625
1 0.6515625 0.775 0.0234375 0.0171875
1 0.5984375 0.665625 0.015625 0.01875
1 0.6984375 0.61875 0.0125 0.0171875
1 0.8453125 0.6203125 0.015625 0.015625
1 0.825 0.746875 0.0171875 0.015625
1 0.6296875 0.8453125 0.0125 0.0078125