0 0.1265625 0.1265625 0.2109375 0.2140625
1 0.15 0.1921875 0.0609375 0.0390625
1 0.1921875 0.3265625 0.0453125 0.04375
1 0.075 0.50625 0.0265625 0.028125
1 0.109375 0.096875 0.0203125 0.025
1 0.1828125 0.446875 0.0140625 0.01875
0 0.2328125 0.109375 0.053125 0.065625
1 0.00390625 0.05859375 0.0078125 0.0390625
1 0.18125 0.5265625 0.028125 0.03125
1 0.15625 0.5125 0.015625 0.0234375
1 0.1828125 0.4 0.0328125 0.0234375
1 0.796875 0.115625 0.015625 0.0234375
1 0.528125 0.2109375 0.0625 0.059375
1 0.453125 0.03671875 0.00625 0.0171875
1 0.5578125 0.56484375 0.021875 0.0078125
1 0.471875 0.33125 0.04375 0.034375
1 0.4703125 0.4484375 0.040625 0.128125
0 0.54375 0.446875 0.0828125 0.0921875
1 0.5859375 0.5203125 0.0328125 0.0296875
1 0.63125 0.5125 0.0109375 0.0296875
1 0.609375 0.5109375 0.015625 0.015625
1 0.6609375 0.31875 0.04375 0.0484375
1 0.634375 0.4390625 0.0078125 0.0484375
1 0.5921875 0.4328125 0.034375 0.0546875
1 0.590625 0.3328125 0.03125 0.021875
1 0.753125 0.5 0.015625 0.0453125
1 0.725 0.496875 0.034375 0.04375
1 0.7578125 0.5578125 0.021875 0.021875
1 0.665625 0.56328125 0.015625 0.0109375
1 0.690625 0.4015625 0.0453125 0.1171875
1 0.7140625 0.409375 0.034375 0.040625
1 0.740625 0.471875 0.0375 0.1359375
1 0.878125 0.34375 0.0375 0.028125
0 0.796875 0.459375 0.05 0.1
0 0.85546875 0.49609375 0.0734375 0.1453125
1 0.8296875 0.396875 0.021875 0.0390625
1 0.69375 0.1078125 0.04375 0.046875
1 0.534375 0.0734375 0.0234375 0.03125
1 0.57109375 0.01015625 0.0265625 0.0203125
1 0.621875 0.1203125 0.028125 0.028125
1 0.1796875 0.971875 0.0375 0.0328125
0 0.41953125 0.76640625 0.0609375 0.0953125
0 0.3515625 0.7734375 0.0984375 0.09375
0 0.275 0.7640625 0.0796875 0.090625
0 0.225 0.7609375 0.0828125 0.1890625
0 0.1234375 0.7515625 0.19375 0.109375
1 0.015625 0.7578125 0.01875 0.0265625
1 0.175 0.58125 0.034375 0.025
1 0.06328125 0.5734375 0.0296875 0.009375
1 0.640625 0.778125 0.01875 0.0203125
1 0.6765625 0.7671875 0.0234375 0.03125
1 0.675 0.815625 0.034375 0.025
1 0.7 0.821875 0.0203125 0.025
1 0.771875 0.93125 0.025 0.03125
1 0.7578125 0.865625 0.028125 0.021875
1 0.7546875 0.8515625 0.0234375 0.0203125
1 0.9765625 0.8703125 0.0421875 0.0265625
1 0.8953125 0.8453125 0.028125 0.025
1 0.95625 0.8390625 0.028125 0.021875
1 0.9125 0.8109375 0.025 0.0234375
1 0.9453125 0.8078125 0.025 0.0203125
0 0.94140625 0.603125 0.1171875 0.06875
1 0.846875 0.5921875 0.0203125 0.0265625
1 0.8015625 0.65625 0.021875 0.0265625
0 0.684375 0.61796875 0.20625 0.0984375
1 0.61875 0.6921875 0.025 0.0359375
1 0.5765625 0.671875 0.03125 0.034375
0 0.55703125 0.59375 0.0703125 0.05
1 0.825 0.625 0.01875 0.0203125
1 0.83125 0.6671875 0.0171875 0.01875
1 0.8015625 0.63125 0.01875 0.028125