1 0.40625 0.40625 0.0203125 0.0171875
1 0.36015625 0.00546875 0.0484375 0.0109375
1 0.3515625 0.0953125 0.0296875 0.040625
1 0.2875 0.046875 0.0125 0.0078125
1 0.253125 0.4015625 0.053125 0.046875
0 0.3 0.2625 0.2859375 0.215625
1 0.6078125 0.571875 0.028125 0.0125
1 0.74375 0.565625 0.0359375 0.0421875
1 0.778125 0.5359375 0.0296875 0.0140625
1 0.88125 0.4953125 0.0484375 0.0296875
1 0.890625 0.58984375 0.015625 0.0203125
1 0.98984375 0.4703125 0.0203125 0.025
1 0.6296875 0.475 0.0171875 0.0078125
1 0.7390625 0.503125 0.0203125 0.0171875
1 0.9265625 0.5015625 0.0234375 0.0234375
1 0.940625 0.553125 0.0375 0.034375
1 0.9703125 0.578125 0.0484375 0.0390625
1 0.9125 0.446875 0.0203125 0.021875
1 0.5171875 0.40625 0.021875 0.0328125
0 0.5234375 0.3578125 0.0359375 0.065625
1 0.546875 0.3671875 0.0234375 0.0296875
1 0.565625 0.3515625 0.0203125 0.03125
0 0.5890625 0.3578125 0.06875 0.1484375
1 0.5359375 0.209375 0.015625 0.0140625
1 0.6359375 0.2203125 0.0375 0.046875
1 0.61875 0.1859375 0.021875 0.0234375
1 0.5515625 0.2375 0.01875 0.0125
1 0.640625 0.16875 0.0203125 0.025
1 0.6625 0.2765625 0.0296875 0.025
1 0.80625 0.2 0.0390625 0.0625
1 0.665625 0.3859375 0.059375 0.06875
0 0.6734375 0.328125 0.1109375 0.0875
1 0.63125 0.4078125 0.015625 0.0171875
0 0.76875 0.38125 0.1109375 0.128125
1 0.8296875 0.36875 0.0640625 0.040625
1 0.871875 0.4046875 0.021875 0.015625
1 0.8625 0.365625 0.0203125 0.015625
1 0.8375 0.34375 0.0484375 0.0390625
0 0.9046875 0.359375 0.1453125 0.1125
1 0.9125 0.3078125 0.015625 0.028125
1 0.959375 0.2953125 0.034375 0.0328125
1 0.953125 0.2734375 0.0171875 0.015625
0 0.9578125 0.3546875 0.084375 0.115625
1 0.5140625 0.146875 0.015625 0.015625
1 0.5296875 0.0515625 0.015625 0.0203125
1 0.6453125 0.071875 0.0140625 0.0125
1 0.6578125 0.125 0.0140625 0.015625
1 0.734375 0.1046875 0.0140625 0.03125
1 0.815625 0.0953125 0.0140625 0.0265625
1 0.91875 0.1953125 0.0203125 0.0234375
1 0.971875 0.215625 0.0203125 0.015625
1 0.9890625 0.18359375 0.021875 0.0234375
1 0.98671875 0.14921875 0.0265625 0.0140625
1 0.98515625 0.11796875 0.0296875 0.0546875
1 0.775 0.1515625 0.0125 0.009375
1 0.7640625 0.0453125 0.075 0.0578125
1 0.83125 0.0484375 0.034375 0.0515625
1 0.84765625 0.0171875 0.0421875 0.034375
1 0.64296875 0.009375 0.0578125 0.01875
1 0.90625 0.0015625 0.0125 0.003125
1 0.3359375 0.7015625 0.0140625 0.009375
1 0.234375 0.765625 0.0265625 0.0265625
0 0.38046875 0.703125 0.1578125 0.20625
0 0.39921875 0.68515625 0.1203125 0.1703125
1 0.48359375 0.8375 0.0484375 0.071875
0 0.553125 0.8125 0.140625 0.115625
0 0.63125 0.8578125 0.0953125 0.13125
1 0.65 0.9328125 0.0484375 0.0359375
0 0.70625 0.834375 0.1625 0.1046875
1 0.83515625 0.97890625 0.0328125 0.0421875
1 0.825 0.85 0.075 0.109375
1 0.8390625 0.6546875 0.046875 0.08125
1 0.765625 0.61484375 0.05 0.0296875