1 0.2390625 0.4296875 0.015625 0.0171875
1 0.0703125 0.3796875 0.0140625 0.0109375
1 0.3609375 0.16875 0.0140625 0.015625
1 0.40625 0.1390625 0.028125 0.01875
1 0.1375 0.1421875 0.0328125 0.0234375
1 0.1765625 0.153125 0.0140625 0.0125
1 0.1671875 0.1859375 0.075 0.0671875
0 0.1328125 0.225 0.0703125 0.08125
1 0.16875 0.253125 0.05625 0.03125
1 0.1390625 0.3046875 0.015625 0.015625
1 0.1625 0.3109375 0.0453125 0.0578125
1 0.03125 0.25 0.0234375 0.015625
1 0.0984375 0.3921875 0.0359375 0.0703125
1 0.1109375 0.44375 0.021875 0.021875
1 0.090625 0.4453125 0.015625 0.01875
1 0.06875 0.509375 0.0234375 0.028125
1 0.0671875 0.59375 0.0109375 0.009375
1 0.0890625 0.6171875 0.0109375 0.0203125
1 0.1046875 0.5765625 0.015625 0.009375
1 0.1140625 0.54375 0.0640625 0.0515625
1 0.1546875 0.5375 0.0296875 0.034375
1 0.140625 0.571875 0.0984375 0.0625
1 0.209375 0.5578125 0.03125 0.040625
0 0.1125 0.61875 0.084375 0.0765625
1 0.1015625 0.453125 0.028125 0.028125
0 0.1359375 0.4671875 0.0875 0.08125
1 0.2328125 0.3578125 0.0296875 0.025
1 0.2015625 0.4234375 0.01875 0.0140625
1 0.2046875 0.478125 0.0328125 0.025
1 0.2546875 0.50625 0.05625 0.05625
1 0.3828125 0.6015625 0.0140625 0.01875
1 0.303125 0.409375 0.021875 0.0203125
1 0.321875 0.434375 0.0234375 0.046875
1 0.33125 0.4734375 0.021875 0.0234375
1 0.4 0.346875 0.0578125 0.040625
1 0.43515625 0.3640625 0.0078125 0.009375
1 0.43125 0.290625 0.015625 0.025
1 0.4171875 0.19375 0.0265625 0.01875
1 0.265625 0.2078125 0.0234375 0.03125
0 0.5578125 0.065625 0.01875 0.0234375
1 0.640625 0.328125 0.0109375 0.015625
1 0.8671875 0.171875 0.009375 0.0109375
1 0.9875 0.178125 0.009375 0.0140625
0 0.73984375 0.03203125 0.2078125 0.0640625
0 0.8078125 0.17109375 0.1375 0.3421875
0 0.7671875 0.3984375 0.246875 0.1265625
1 0.8078125 0.38125 0.0296875 0.01875
0 0.7984375 0.4140625 0.0765625 0.0953125
1 0.7890625 0.4109375 0.0359375 0.0296875
0 0.1609375 0.871875 0.321875 0.08125
1 0.278125 0.8375 0.0140625 0.015625
1 0.1640625 0.7796875 0.040625 0.0390625
1 0.4265625 0.76875 0.0109375 0.0171875
1 0.284375 0.75625 0.0171875 0.01875
1 0.34375 0.7125 0.0125 0.009375
1 0.1328125 0.7 0.0171875 0.025
1 0.1578125 0.67578125 0.040625 0.0328125
1 0.034375 0.7328125 0.0359375 0.025
1 0.5734375 0.78125 0.0390625 0.0265625
1 0.553125 0.7703125 0.0078125 0.021875
1 0.7203125 0.7125 0.0265625 0.03125
1 0.7171875 0.6765625 0.0203125 0.0296875
1 0.8078125 0.665625 0.025 0.0125
1 0.934375 0.846875 0.015625 0.03125
0 0.87265625 0.7796875 0.2546875 0.240625