0 0.37734375 0.30859375 0.1296875 0.1015625
0 0.371875 0.2859375 0.19375 0.146875
1 0.08359375 0.3546875 0.0421875 0.009375
1 0.159375 0.2578125 0.0390625 0.03125
1 0.25625 0.334375 0.021875 0.0265625
1 0.10625 0.2828125 0.025 0.04375
1 0.91875 0.0765625 0.021875 0.028125
1 0.63125 0.3140625 0.0234375 0.0265625
0 0.55859375 0.2765625 0.1578125 0.165625
1 0.5453125 0.2953125 0.0140625 0.0125
0 0.571875 0.15859375 0.184375 0.3171875
1 0.5078125 0.01484375 0.025 0.0296875
0 0.384375 0.9046875 0.1390625 0.1859375
0 0.3734375 0.8125 0.1828125 0.2125
1 0.009375 0.63203125 0.01875 0.0453125
0 0.3625 0.5484375 0.225 0.153125
1 0.0296875 0.8921875 0.0171875 0.025
1 0.9828125 0.609375 0.0125 0.0125
1 0.98359375 0.55078125 0.0328125 0.0390625
1 0.8125 0.475 0.0171875 0.0140625
1 0.8953125 0.6015625 0.0640625 0.021875
1 0.9390625 0.7859375 0.0140625 0.015625
1 0.7234375 0.6828125 0.0203125 0.01875
1 0.63125 0.7859375 0.040625 0.0296875
1 0.646875 0.6875 0.053125 0.0484375
1 0.73125 0.5015625 0.0234375 0.03125
1 0.7296875 0.503125 0.0078125 0.0109375
1 0.6953125 0.5546875 0.0125 0.0171875
1 0.53828125 0.36875 0.0171875 0.01875
1 0.490625 0.475 0.0078125 0.0125
1 0.49140625 0.56484375 0.0234375 0.0078125
1 0.503125 0.6203125 0.015625 0.0171875
1 0.5703125 0.6234375 0.0171875 0.0171875
1 0.5203125 0.7796875 0.03125 0.0328125
1 0.6015625 0.7671875 0.0328125 0.021875
0 0.9296875 0.5265625 0.140625 0.334375
0 0.8828125 0.409375 0.234375 0.1
0 0.871875 0.75 0.25625 0.128125
0 0.96015625 0.79609375 0.0796875 0.0328125
0 0.9046875 0.7984375 0.0140625 0.0296875
0 0.8796875 0.803125 0.0125 0.021875
1 0.9234375 0.6515625 0.0390625 0.015625