1 0.2046875 0.3921875 0.0453125 0.053125
0 0.20625 0.44609375 0.275 0.0859375
1 0.396875 0.2265625 0.1046875 0.096875
1 0.3578125 0.2484375 0.021875 0.009375
0 0.21953125 0.21796875 0.4390625 0.2359375
0 0.2203125 0.1421875 0.078125 0.0828125
1 0.80625 0.4734375 0.015625 0.0125
1 0.8046875 0.453125 0.00625 0.0125
1 0.6546875 0.45 0.034375 0.05
1 0.840625 0.40625 0.025 0.025
1 0.565625 0.409375 0.021875 0.0375
1 0.8640625 0.390625 0.0234375 0.0171875
1 0.840625 0.3609375 0.0296875 0.025
1 0.5109375 0.40078125 0.103125 0.1140625
1 0.615625 0.3390625 0.03125 0.0234375
1 0.965625 0.3390625 0.0265625 0.0265625
1 0.9453125 0.3296875 0.0078125 0.0140625
1 0.546875 0.3328125 0.0390625 0.0359375
1 0.6078125 0.3109375 0.0296875 0.021875
0 0.7890625 0.3109375 0.0734375 0.065625
1 0.5875 0.2828125 0.021875 0.01875
1 0.6109375 0.2796875 0.0328125 0.0265625
1 0.6234375 0.259375 0.025 0.025
1 0.71875 0.2609375 0.0125 0.015625
1 0.490625 0.2453125 0.025 0.0265625
1 0.6390625 0.2140625 0.0203125 0.025
1 0.7515625 0.20625 0.0515625 0.040625
1 0.56875 0.178125 0.03125 0.040625
1 0.4640625 0.1828125 0.009375 0.046875
1 0.5203125 0.18125 0.015625 0.0265625
1 0.615625 0.1609375 0.021875 0.0234375
1 0.890625 0.1375 0.0125 0.0140625
1 0.46640625 0.134375 0.0140625 0.05
1 0.6 0.1171875 0.05625 0.040625
1 0.65625 0.08125 0.0109375 0.0171875
1 0.5578125 0.0765625 0.028125 0.0265625
1 0.6 0.03125 0.0078125 0.0125
1 0.5265625 0.0109375 0.015625 0.0140625
1 0.6609375 0.0125 0.025 0.01875
1 0.80390625 0.00859375 0.0359375 0.0171875
1 0.50625 0.009375 0.01875 0.01875
1 0.54375 0.0171875 0.0203125 0.0265625
1 0.52890625 0.003125 0.0203125 0.00625
1 0.6 0.2078125 0.03125 0.028125
1 0.6015625 0.1859375 0.0296875 0.034375
1 0.559375 0.2375 0.0515625 0.0640625
1 0.6125 0.3796875 0.028125 0.025
1 0.6109375 0.4109375 0.0171875 0.0234375
1 0.7828125 0.3875 0.03125 0.025
0 0.815625 0.1875 0.109375 0.1140625
1 0.76875 0.23125 0.04375 0.0421875
1 0.871875 0.1703125 0.0609375 0.0359375
0 0.8125 0.0796875 0.146875 0.1421875
0 0.8265625 0.01875 0.121875 0.0375
1 0.0390625 0.771875 0.0359375 0.028125
1 0.184375 0.73125 0.0265625 0.03125
1 0.1484375 0.8796875 0.0203125 0.0265625
1 0.2203125 0.91875 0.040625 0.0453125
1 0.259375 0.9640625 0.03125 0.0203125
1 0.24609375 0.98515625 0.0359375 0.0296875
0 0.33125 0.97265625 0.1125 0.0546875
1 0.3921875 0.9828125 0.0171875 0.03125
0 0.3328125 0.896875 0.0578125 0.128125
0 0.3234375 0.821875 0.1578125 0.084375
0 0.340625 0.740625 0.0984375 0.103125
1 0.059375 0.6953125 0.0234375 0.0125
1 0.071875 0.715625 0.03125 0.028125
1 0.0234375 0.7578125 0.015625 0.0171875
1 0.0984375 0.909375 0.0140625 0.0140625
1 0.6234375 0.890625 0.0078125 0.0125
1 0.646875 0.896875 0.0125 0.009375
1 0.6578125 0.815625 0.0171875 0.015625
1 0.6328125 0.775 0.021875 0.0171875
1 0.6765625 0.78125 0.04375 0.0484375
1 0.721875 0.784375 0.034375 0.03125
1 0.6125 0.6890625 0.0203125 0.025
1 0.653125 0.684375 0.0265625 0.0234375
1 0.6484375 0.6265625 0.0265625 0.025
1 0.6765625 0.5375 0.0171875 0.0203125
1 0.478125 0.6984375 0.0234375 0.0171875
1 0.9375 0.846875 0.025 0.0234375
1 0.98125 0.85625 0.0125 0.015625
1 0.990625 0.8984375 0.0125 0.01875
1 0.9796875 0.5625 0.0109375 0.0171875
0 0.7609375 0.51640625 0.125 0.0546875
1 0.7046875 0.5734375 0.0171875 0.015625
1 0.7546875 0.5390625 0.03125 0.025
0 0.7375 0.5765625 0.0578125 0.065625
0 0.76875 0.703125 0.18125 0.221875
1 0.7734375 0.5984375 0.01875 0.0296875
0 0.775 0.815625 0.140625 0.1421875
1 0.825 0.809375 0.0328125 0.021875
1 0.784375 0.89375 0.1296875 0.11875
0 0.7671875 0.9390625 0.125 0.078125