1 0.1765625 0.2390625 0.059375 0.0390625
1 0.2359375 0.2890625 0.090625 0.09375
1 0.1609375 0.3375 0.0484375 0.0390625
1 0.0625 0.3734375 0.075 0.071875
1 0.2 0.1234375 0.03125 0.034375
1 0.14375 0.1390625 0.0640625 0.0765625
1 0.1265625 0.203125 0.046875 0.03125
1 0.0171875 0.246875 0.034375 0.071875
1 0.08515625 0.0421875 0.0890625 0.084375
1 0.0953125 0.0765625 0.04375 0.04375
1 0.025 0.11953125 0.05 0.0484375
1 0.015625 0.15859375 0.03125 0.0453125
1 0.2515625 0.215625 0.0359375 0.0359375
1 0.29453125 0.0125 0.0265625 0.025
0 0.334375 0.29375 0.115625 0.071875
0 0.3453125 0.4234375 0.096875 0.13125
0 0.15703125 0.44140625 0.2859375 0.0953125
0 0.0921875 0.36015625 0.184375 0.2578125
1 0.915625 0.20625 0.028125 0.03125
1 0.7375 0.3375 0.0140625 0.0125
1 0.709375 0.0875 0.0171875 0.015625
1 0.7046875 0.265625 0.009375 0.0078125
1 0.7 0.16875 0.0140625 0.0078125
0 0.6359375 0.1390625 0.0421875 0.0453125
1 0.83125 0.38125 0.0296875 0.0234375
1 0.9015625 0.4015625 0.0203125 0.028125
1 0.84375 0.3609375 0.0203125 0.025
1 0.8921875 0.371875 0.01875 0.0171875
1 0.94375 0.3671875 0.021875 0.03125
1 0.909375 0.328125 0.0171875 0.0203125
1 0.975 0.4109375 0.0390625 0.01875
1 0.7203125 0.315625 0.0140625 0.0234375
1 0.6078125 0.31875 0.015625 0.0234375
1 0.621875 0.290625 0.025 0.0265625
1 0.5875 0.325 0.0234375 0.015625
1 0.5859375 0.3125 0.025 0.015625
1 0.971875 0.184375 0.0296875 0.01875
0 0.9828125 0.08125 0.034375 0.15
0 0.9515625 0.1109375 0.078125 0.16875
0 0.86875 0.1234375 0.0921875 0.1375
0 0.8078125 0.1265625 0.1015625 0.1296875
1 0.7625 0.071875 0.015625 0.0109375
1 0.740625 0.11875 0.0203125 0.021875
1 0.6484375 0.00546875 0.01875 0.0109375
1 0.690625 0.0328125 0.0234375 0.0203125
1 0.69375 0.0703125 0.0140625 0.0203125
1 0.7828125 0.0421875 0.01875 0.015625
1 0.7546875 0.1046875 0.0171875 0.0140625
0 0.3265625 0.825 0.0234375 0.01875
1 0.203125 0.6234375 0.0140625 0.021875
1 0.209375 0.53125 0.0140625 0.015625
1 0.2296875 0.553125 0.0171875 0.0140625
0 0.2609375 0.6421875 0.1296875 0.2078125
0 0.30625 0.575 0.1875 0.1375
1 0.8859375 0.6828125 0.0171875 0.0125
1 0.7203125 0.7953125 0.01875 0.015625
1 0.6953125 0.9578125 0.01875 0.0140625
1 0.6734375 0.9421875 0.015625 0.0125
1 0.6578125 0.865625 0.021875 0.0171875
1 0.61875 0.6078125 0.015625 0.0140625
0 0.7046875 0.61484375 0.18125 0.2515625
1 0.603125 0.9453125 0.0140625 0.01875
1 0.56875 0.6765625 0.015625 0.028125
1 0.546875 0.875 0.0140625 0.0109375
1 0.4046875 0.69375 0.009375 0.01875
1 0.646875 0.9859375 0.009375 0.0265625
1 0.4171875 0.99296875 0.015625 0.0140625
0 0.79140625 0.571875 0.2046875 0.165625
1 0.58125 0.5421875 0.0171875 0.0203125
1 0.5109375 0.58125 0.0109375 0.0140625
0 0.50234375 0.54609375 0.1734375 0.1140625
0 0.4125 0.5671875 0.025 0.15625