0 0.440625 0.228125 0.0796875 0.146875
0 0.353125 0.2296875 0.096875 0.165625
0 0.175 0.25 0.0484375 0.09375
0 0.2015625 0.071875 0.0859375 0.0984375
0 0.48203125 0.0109375 0.1203125 0.021875
1 0.4125 0.06875 0.0484375 0.05625
1 0.3765625 0.1453125 0.0390625 0.034375
1 0.453125 0.0328125 0.0484375 0.0484375
1 0.409375 0.0265625 0.0265625 0.025
1 0.28125 0.165625 0.0359375 0.034375
1 0.2875 0.30390625 0.046875 0.0296875
0 0.596875 0.2359375 0.0734375 0.13125
1 0.5921875 0.0796875 0.034375 0.046875
1 0.5234375 0.09375 0.021875 0.0265625
1 0.4796875 0.09375 0.015625 0.0265625
1 0.6390625 0.0828125 0.059375 0.0765625
1 0.6375 0.2875 0.03125 0.05
1 0.659375 0.1890625 0.025 0.06875
1 0.578125 0.30859375 0.059375 0.0203125
1 0.99375 0.0578125 0.0125 0.03125
0 0.95078125 0.0078125 0.0984375 0.015625
0 0.87734375 0.01875 0.1265625 0.0375
1 0.81953125 0.309375 0.0265625 0.01875
1 0.99296875 0.2703125 0.0140625 0.028125
1 0.92890625 0.3078125 0.0390625 0.021875
1 0.3421875 0.3234375 0.021875 0.009375
1 0.29609375 0.334375 0.0484375 0.03125
1 0.3078125 0.3859375 0.053125 0.0796875
1 0.265625 0.390625 0.0296875 0.0296875
1 0.3796875 0.34375 0.0203125 0.0296875
1 0.48359375 0.325 0.0359375 0.0125
1 0.46875 0.4875 0.046875 0.06875
1 0.29375 0.50625 0.0359375 0.0296875
1 0.209375 0.5375 0.0578125 0.0484375
1 0.1203125 0.50625 0.0671875 0.05625
1 0.1203125 0.4 0.025 0.0265625
1 0.171875 0.3296875 0.01875 0.021875
1 0.0421875 0.4265625 0.0390625 0.040625
1 0.05 0.478125 0.034375 0.046875
1 0.03125 0.5015625 0.0265625 0.0421875
1 0.04375 0.553125 0.0515625 0.0546875
1 0.525 0.5453125 0.0296875 0.059375
1 0.3671875 0.4109375 0.0265625 0.0234375
1 0.4265625 0.475 0.0234375 0.0265625
1 0.0265625 0.6078125 0.015625 0.0484375
1 0.0578125 0.671875 0.078125 0.08125
1 0.128125 0.6703125 0.0703125 0.1328125
1 0.2046875 0.659375 0.0546875 0.0765625
1 0.178125 0.7546875 0.046875 0.04375
1 0.2515625 0.69375 0.0390625 0.0453125
1 0.284375 0.7140625 0.0328125 0.046875
1 0.2515625 0.63125 0.04375 0.0265625
1 0.303125 0.64375 0.0546875 0.0375
1 0.3609375 0.6828125 0.0640625 0.0515625
1 0.3640625 0.6359375 0.0234375 0.0390625
1 0.425 0.6703125 0.065625 0.1015625
1 0.35 0.79375 0.0296875 0.0359375
0 0.1765625 0.8640625 0.1828125 0.1734375
0 0.2921875 0.85625 0.06875 0.1046875
1 0.0671875 0.784375 0.046875 0.0484375
1 0.028125 0.8609375 0.0203125 0.046875
1 0.0234375 0.796875 0.009375 0.021875
1 0.1015625 0.97890625 0.084375 0.0421875
0 0.0671875 0.9046875 0.0875 0.14375
1 0.175 0.98984375 0.04375 0.0203125
1 0.36875 0.99140625 0.0625 0.0171875
1 0.4234375 0.990625 0.0625 0.01875
1 0.50234375 0.96328125 0.0796875 0.0734375
1 0.5078125 0.9265625 0.0171875 0.015625
1 0.3875 0.865625 0.0375 0.0359375
1 0.403125 0.7453125 0.0703125 0.0375
1 0.4140625 0.7875 0.0578125 0.04375
1 0.4984375 0.7609375 0.0890625 0.1078125
1 0.490625 0.696875 0.0734375 0.040625
1 0.5328125 0.7234375 0.0203125 0.0671875
0 0.4703125 0.85625 0.146875 0.121875
1 0.4859375 0.63125 0.0453125 0.0671875
1 0.534375 0.86875 0.0171875 0.0359375
1 0.8359375 0.725 0.015625 0.0125
1 0.896875 0.7890625 0.0109375 0.0078125
1 0.8015625 0.425 0.0296875 0.021875
1 0.86875 0.4625 0.06875 0.0703125
0 0.86875 0.509375 0.0671875 0.071875
1 0.8125 0.5109375 0.0546875 0.0703125
0 0.7828125 0.5328125 0.046875 0.11875
0 0.77578125 0.4828125 0.0328125 0.14375
1 0.840625 0.7765625 0.0171875 0.025
1 0.7828125 0.9296875 0.0140625 0.0171875
1 0.784375 0.896875 0.0234375 0.015625
0 0.86875 0.9640625 0.06875 0.071875