1 0.10625 0.33125 0.009375 0.0140625
1 0.14375 0.003125 0.015625 0.00625
1 0.1796875 0.1984375 0.0140625 0.015625
1 0.178125 0.0875 0.0203125 0.0125
1 0.2703125 0.0203125 0.015625 0.0234375
1 0.265625 0.359375 0.0359375 0.0359375
1 0.296875 0.24375 0.0515625 0.0375
1 0.334375 0.071875 0.0296875 0.028125
1 0.3625 0.3328125 0.021875 0.015625
1 0.37265625 0.015625 0.0328125 0.03125
1 0.40625 0.109375 0.0234375 0.03125
1 0.45625 0.053125 0.01875 0.021875
1 0.4609375 0.15 0.0453125 0.01875
1 0.2921875 0.040625 0.034375 0.021875
1 0.3171875 0.0921875 0.025 0.0203125
1 0.146875 0.0328125 0.0171875 0.025
1 0.159375 0.05 0.0234375 0.015625
1 0.2375 0.0578125 0.0203125 0.0171875
1 0.025 0.053125 0.04375 0.03125
1 0.4234375 0.2203125 0.0234375 0.0171875
1 0.4328125 0.2859375 0.015625 0.0296875
1 0.39375 0.2546875 0.021875 0.01875
1 0.3796875 0.259375 0.025 0.0234375
1 0.359375 0.240625 0.0125 0.0234375
1 0.3546875 0.3125 0.040625 0.0296875
1 0.35625 0.2796875 0.021875 0.0296875
1 0.3375 0.2984375 0.0546875 0.0359375
1 0.2234375 0.3125 0.0234375 0.04375
1 0.2140625 0.3453125 0.0234375 0.01875
1 0.2140625 0.2140625 0.0203125 0.0203125
1 0.0953125 0.175 0.0234375 0.025
1 0.078125 0.1640625 0.015625 0.028125
1 0.0734375 0.3296875 0.01875 0.0171875
1 0.003125 0.265625 0.00625 0.01875
1 0.159375 0.1140625 0.0234375 0.0171875
1 0.13125 0.165625 0.0234375 0.03125
0 0.45546875 0.459375 0.0796875 0.1
0 0.371875 0.4453125 0.109375 0.1171875
0 0.3109375 0.45625 0.078125 0.1015625
0 0.1875 0.4625 0.13125 0.09375
0 0.071875 0.4453125 0.125 0.128125
0 0.01796875 0.44296875 0.0359375 0.1140625
1 0.6234375 0.4265625 0.071875 0.046875
0 0.6484375 0.19609375 0.1375 0.3921875
1 0.73125 0.1140625 0.0328125 0.034375
1 0.734375 0.1828125 0.03125 0.0296875
1 0.8125 0.0984375 0.0234375 0.021875
1 0.878125 0.3125 0.0203125 0.04375
1 0.9234375 0.2921875 0.0390625 0.0296875
1 0.9265625 0.00859375 0.040625 0.0171875
1 0.946875 0.1484375 0.0234375 0.0671875
1 0.9515625 0.08125 0.0671875 0.0671875
0 0.8265625 0.28671875 0.19375 0.4453125
0 0.93828125 0.24765625 0.1234375 0.1953125
1 0.078125 0.8125 0.0359375 0.0125
1 0.0921875 0.6609375 0.015625 0.03125
1 0.1015625 0.78125 0.009375 0.00625
1 0.1125 0.6765625 0.025 0.028125
1 0.1140625 0.9375 0.025 0.025
1 0.13125 0.64375 0.034375 0.034375
1 0.1671875 0.8140625 0.0203125 0.025
1 0.1765625 0.778125 0.028125 0.0203125
1 0.178125 0.515625 0.040625 0.0125
1 0.1875 0.9515625 0.0375 0.046875
1 0.2578125 0.709375 0.0125 0.0203125
1 0.315625 0.9109375 0.03125 0.03125
1 0.3875 0.8265625 0.0203125 0.015625
1 0.4796875 0.6609375 0.034375 0.04375
1 0.334375 0.6484375 0.025 0.0296875
1 0.18125 0.603125 0.0578125 0.071875
1 0.328125 0.84375 0.021875 0.01875
1 0.4828125 0.81875 0.0171875 0.01875
1 0.50625 0.79375 0.0296875 0.0359375
1 0.54375 0.846875 0.0140625 0.0203125
1 0.4921875 0.9125 0.040625 0.0234375
1 0.509375 0.93125 0.0359375 0.0125
1 0.3140625 0.7890625 0.0375 0.03125
1 0.1390625 0.8390625 0.028125 0.0328125
1 0.23125 0.809375 0.021875 0.0359375
1 0.23125 0.8484375 0.0296875 0.0453125
1 0.184375 0.85625 0.071875 0.078125
1 0.2671875 0.771875 0.0234375 0.04375
0 0.49453125 0.9546875 0.1390625 0.090625
0 0.42734375 0.95546875 0.1109375 0.0890625
0 0.303125 0.9734375 0.178125 0.053125
0 0.09765625 0.978125 0.1171875 0.04375
0 0.04765625 0.9921875 0.0203125 0.015625
1 0.0625 0.9453125 0.046875 0.0546875
1 0.0578125 0.8984375 0.034375 0.040625
1 0.6140625 0.51953125 0.0375 0.0203125
1 0.6328125 0.9578125 0.0265625 0.021875
1 0.6359375 0.909375 0.0109375 0.01875
1 0.6375 0.59375 0.0234375 0.0203125
1 0.6484375 0.784375 0.0171875 0.0390625
1 0.6578125 0.8140625 0.01875 0.0265625
1 0.6796875 0.5890625 0.015625 0.034375
1 0.709375 0.6390625 0.0203125 0.034375
1 0.7921875 0.6140625 0.0328125 0.0171875
1 0.803125 0.9515625 0.053125 0.028125
1 0.8203125 0.8484375 0.03125 0.0578125
1 0.80625 0.5609375 0.0234375 0.03125
1 0.7578125 0.521875 0.0140625 0.0203125
1 0.7375 0.7 0.009375 0.00625
1 0.734375 0.703125 0.0359375 0.05
0 0.825 0.6921875 0.0203125 0.028125
1 0.8046875 0.684375 0.01875 0.065625
1 0.8140625 0.690625 0.021875 0.0265625
0 0.6484375 0.6921875 0.10625 0.1328125
1 0.8296875 0.803125 0.0109375 0.01875
1 0.7609375 0.8125 0.0453125 0.0515625
1 0.7453125 0.7984375 0.015625 0.025
1 0.75625 0.7921875 0.015625 0.01875
1 0.6078125 0.6609375 0.0203125 0.0296875
0 0.5984375 0.70625 0.0375 0.140625
1 0.5921875 0.86484375 0.025 0.0671875
1 0.634375 0.8765625 0.015625 0.0171875
1 0.7125 0.8890625 0.0265625 0.021875
1 0.7625 0.9578125 0.0234375 0.01875
1 0.7796875 0.8359375 0.0234375 0.01875
1 0.7859375 0.909375 0.009375 0.021875
1 0.6359375 0.990625 0.021875 0.0171875