1 0.175 0.4203125 0.0109375 0.0109375
1 0.24921875 0.421875 0.0359375 0.015625
1 0.2203125 0.3921875 0.04375 0.0390625
1 0.2671875 0.39375 0.0234375 0.0203125
1 0.1609375 0.2875 0.0265625 0.0265625
0 0.31796875 0.321875 0.0421875 0.103125
0 0.31953125 0.246875 0.0390625 0.0375
0 0.303125 0.39140625 0.071875 0.0765625
1 0.8734375 0.42578125 0.021875 0.0078125
1 0.678125 0.3609375 0.0265625 0.03125
1 0.66875 0.4109375 0.0234375 0.03125
1 0.671875 0.3046875 0.0359375 0.053125
0 0.52890625 0.41171875 0.0921875 0.0359375
1 0.41484375 0.42109375 0.0421875 0.0171875
1 0.6234375 0.409375 0.01875 0.0203125
1 0.5078125 0.3234375 0.0390625 0.04375
1 0.415625 0.340625 0.021875 0.0328125
1 0.359375 0.3390625 0.01875 0.01875
0 0.559375 0.375 0.0609375 0.1046875
1 0.53125 0.3890625 0.0171875 0.0171875
1 0.5078125 0.40625 0.00625 0.025
1 0.5984375 0.28125 0.0140625 0.01875
0 0.54375 0.253125 0.1375 0.040625
1 0.5171875 0.29375 0.0171875 0.0109375
1 0.396875 0.290625 0.034375 0.034375
1 0.36171875 0.2890625 0.0453125 0.04375
1 0.34765625 0.42734375 0.0109375 0.0046875
0 0.271875 0.8578125 0.1140625 0.0484375
0 0.26640625 0.74609375 0.1453125 0.0609375
1 0.328125 0.76015625 0.021875 0.0640625
0 0.27890625 0.96484375 0.0515625 0.0703125
1 0.0234375 0.984375 0.04375 0.03125
1 0.0765625 0.771875 0.021875 0.021875
1 0.015625 0.80625 0.03125 0.021875
1 0.1046875 0.7890625 0.021875 0.03125
1 0.0296875 0.95 0.0296875 0.0265625
1 0.91875 0.571875 0.0078125 0.01875
1 0.825 0.665625 0.015625 0.025
1 0.6609375 0.6765625 0.03125 0.034375
1 0.690625 0.69375 0.0359375 0.046875
1 0.803125 0.7046875 0.05625 0.05625
1 0.99609375 0.73671875 0.0078125 0.0140625
1 0.6578125 0.740625 0.025 0.0265625
1 0.915625 0.7484375 0.015625 0.015625
1 0.371875 0.7671875 0.0171875 0.0171875
1 0.70625 0.746875 0.0421875 0.0484375
1 0.371875 0.8234375 0.0140625 0.01875
1 0.525 0.8390625 0.0203125 0.0234375
1 0.9875 0.8671875 0.025 0.025
1 0.696875 0.8765625 0.01875 0.01875
0 0.5734375 0.8796875 0.0484375 0.0671875
1 0.99765625 0.90234375 0.0046875 0.0265625
1 0.9578125 0.9765625 0.0203125 0.0140625
1 0.4359375 0.984375 0.028125 0.0203125
1 0.8625 0.98984375 0.015625 0.0203125
1 0.78828125 0.99140625 0.0171875 0.0171875
1 0.9265625 0.6515625 0.0421875 0.021875
1 0.921875 0.59375 0.0265625 0.0171875
1 0.96875 0.5859375 0.0375 0.04375
1 0.7578125 0.7703125 0.0296875 0.0359375
1 0.640625 0.7484375 0.0109375 0.0140625
1 0.6375 0.70625 0.01875 0.01875
1 0.64375 0.6671875 0.021875 0.0234375
1 0.7171875 0.609375 0.0125 0.01875
1 0.8375 0.88125 0.0390625 0.0296875
1 0.7953125 0.8890625 0.0578125 0.0359375
1 0.69375 0.915625 0.065625 0.0421875
1 0.6953125 0.9421875 0.034375 0.025
1 0.709375 0.821875 0.0125 0.015625
1 0.8234375 0.9671875 0.0109375 0.0140625
1 0.6578125 0.5875 0.015625 0.015625
0 0.56875 0.58125 0.1234375 0.0375
1 0.53125 0.671875 0.0140625 0.009375
1 0.525 0.69375 0.0078125 0.0203125
0 0.578125 0.6359375 0.084375 0.109375
1 0.5296875 0.740625 0.0125 0.0296875
1 0.5046875 0.7546875 0.0109375 0.0171875
0 0.571875 0.8109375 0.05625 0.1078125
0 0.5765625 0.946875 0.053125 0.0453125
0 0.5796875 0.97578125 0.046875 0.0484375
1 0.4703125 0.6203125 0.0203125 0.015625
1 0.425 0.9328125 0.0203125 0.021875
1 0.440625 0.81875 0.0234375 0.0265625
1 0.43125 0.6359375 0.034375 0.053125
1 0.4265625 0.609375 0.0109375 0.0171875
1 0.41875 0.59375 0.0203125 0.0375
1 0.409375 0.6671875 0.015625 0.021875
1 0.384375 0.68125 0.009375 0.0109375