1 0.1140625 0.021875 0.034375 0.0171875
1 0.3609375 0.0328125 0.0078125 0.0234375
1 0.396875 0.021875 0.0359375 0.04375
0 0.4984375 0.040625 0.05 0.028125
1 0.5546875 0.0578125 0.0296875 0.0234375
1 0.30625 0.14375 0.028125 0.0125
0 0.4796875 0.1625 0.1046875 0.140625
1 0.5875 0.1375 0.021875 0.0234375
1 0.6890625 0.00703125 0.015625 0.0140625
1 0.75625 0.0828125 0.0390625 0.025
1 0.74375 0.1125 0.025 0.0296875
1 0.7671875 0.225 0.028125 0.05
1 0.91015625 0.00703125 0.0390625 0.0140625
1 0.8859375 0.03125 0.0171875 0.01875
1 0.828125 0.1171875 0.0234375 0.0328125
1 0.81875 0.1 0.01875 0.0171875
1 0.93984375 0.228125 0.0703125 0.04375
1 0.9828125 0.06875 0.021875 0.028125
0 0.98203125 0.08671875 0.0359375 0.0796875
0 0.984375 0.19765625 0.03125 0.0984375
0 0.9921875 0.2359375 0.015625 0.028125
1 0.00859375 0.48359375 0.0171875 0.0421875
1 0.01875 0.496875 0.0265625 0.0234375
1 0.03125 0.73125 0.025 0.028125
1 0.01484375 0.79296875 0.0296875 0.0171875
1 0.0546875 0.7953125 0.0453125 0.0765625
1 0.0921875 0.9265625 0.0359375 0.053125
1 0.215625 0.9046875 0.0375 0.0546875
1 0.225 0.8484375 0.028125 0.034375
1 0.2265625 0.946875 0.0140625 0.009375
1 0.23515625 0.69375 0.0078125 0.046875
1 0.1515625 0.678125 0.040625 0.0265625
1 0.1296875 0.6578125 0.0125 0.0125
1 0.153125 0.640625 0.04375 0.05
1 0.1359375 0.6234375 0.0265625 0.0265625
1 0.22890625 0.6453125 0.0203125 0.0375
1 0.0296875 0.6109375 0.025 0.015625
1 0.0390625 0.5890625 0.01875 0.028125
1 0.090625 0.596875 0.028125 0.0203125
1 0.0953125 0.55 0.0546875 0.0625
1 0.075 0.5140625 0.0421875 0.015625
1 0.090625 0.5015625 0.040625 0.0140625
1 0.14375 0.4890625 0.01875 0.0125
1 0.1125 0.475 0.028125 0.025
1 0.15625 0.4421875 0.04375 0.03125
1 0.22421875 0.546875 0.0296875 0.046875
1 0.29375 0.3609375 0.04375 0.0421875
1 0.278125 0.6921875 0.0453125 0.05625
1 0.3578125 0.790625 0.0375 0.0375
1 0.3953125 0.5640625 0.025 0.040625
1 0.4109375 0.5015625 0.0484375 0.0296875
1 0.284375 0.496875 0.0203125 0.0171875
1 0.4078125 0.3984375 0.1265625 0.1171875
1 0.4125 0.8515625 0.0390625 0.0296875
1 0.4796875 0.7359375 0.0234375 0.0453125
1 0.51875 0.4390625 0.021875 0.046875
1 0.59375 0.4390625 0.04375 0.0515625
0 0.66875 0.371875 0.08125 0.065625
0 0.6390625 0.51875 0.1640625 0.209375
0 0.68125 0.696875 0.121875 0.1390625
1 0.7640625 0.628125 0.0390625 0.0359375
0 0.6609375 0.8 0.096875 0.0890625
1 0.6171875 0.75625 0.0375 0.0640625
1 0.578125 0.84375 0.05 0.046875
1 0.865625 0.815625 0.025 0.0203125
1 0.50625 0.6828125 0.0234375 0.028125