1 0.328125 0.37890625 0.040625 0.0203125
1 0.09375 0.3578125 0.03125 0.03125
1 0.009375 0.2859375 0.015625 0.0203125
1 0.40625 0.271875 0.0703125 0.0625
1 0.296875 0.1390625 0.0171875 0.0203125
1 0.0265625 0.3453125 0.01875 0.021875
1 0.00546875 0.18984375 0.0109375 0.0171875
1 0.0296875 0.1296875 0.0203125 0.0140625
1 0.0953125 0.18125 0.0234375 0.040625
1 0.1140625 0.1640625 0.0125 0.0359375
1 0.278125 0.13125 0.0234375 0.01875
1 0.4171875 0.1671875 0.0203125 0.021875
1 0.459375 0.1609375 0.0203125 0.0171875
1 0.4296875 0.1625 0.0203125 0.0359375
1 0.4703125 0.2203125 0.01875 0.034375
1 0.4625 0.19375 0.01875 0.0203125
1 0.3203125 0.353125 0.03125 0.034375
0 0.1859375 0.178125 0.1859375 0.1390625
0 0.2 0.2453125 0.2109375 0.1109375
0 0.196875 0.33515625 0.134375 0.1078125
1 0.99765625 0.19609375 0.0046875 0.0046875
1 0.91875 0.2609375 0.0109375 0.0078125
1 0.903125 0.2796875 0.034375 0.0203125
1 0.8671875 0.25625 0.0234375 0.0234375
1 0.8703125 0.275 0.0125 0.0171875
1 0.83125 0.30625 0.0375 0.0296875
1 0.875 0.3609375 0.0171875 0.0171875
1 0.85 0.25 0.015625 0.0125
0 0.8734375 0.2921875 0.109375 0.1109375
1 0.796875 0.3765625 0.0203125 0.0109375
1 0.75625 0.2734375 0.0140625 0.0265625
1 0.759375 0.2796875 0.0265625 0.0203125
1 0.734375 0.2515625 0.0125 0.0203125
1 0.7203125 0.2140625 0.025 0.03125
1 0.659375 0.196875 0.009375 0.0046875
1 0.6390625 0.2109375 0.05 0.034375
1 0.6 0.2453125 0.0125 0.0171875
1 0.56796875 0.23515625 0.0984375 0.0828125
1 0.6421875 0.3078125 0.00625 0.0078125
1 0.575 0.321875 0.0203125 0.0171875
1 0.63046875 0.38359375 0.0078125 0.0109375
1 0.06875 0.4859375 0.05625 0.03125
1 0.1203125 0.4546875 0.03125 0.0171875
1 0.0953125 0.8296875 0.059375 0.0453125
1 0.0171875 0.73515625 0.034375 0.0390625
1 0.4890625 0.8453125 0.059375 0.0578125
1 0.3484375 0.6640625 0.0453125 0.0453125
1 0.3046875 0.63125 0.04375 0.0640625
1 0.26875 0.646875 0.0328125 0.0484375
1 0.31875 0.5328125 0.0359375 0.0328125
1 0.403125 0.459375 0.0546875 0.025
1 0.465625 0.7515625 0.0296875 0.040625
1 0.43125 0.671875 0.0203125 0.0234375
1 0.14375 0.884375 0.0359375 0.0359375
1 0.15625 0.834375 0.03125 0.0203125
0 0.2203125 0.7703125 0.3078125 0.178125
0 0.2328125 0.5609375 0.1109375 0.2296875
0 0.2046875 0.8703125 0.1625 0.2
1 0.5421875 0.53359375 0.046875 0.0265625
1 0.6390625 0.4578125 0.009375 0.009375
1 0.5765625 0.79375 0.0078125 0.0078125
1 0.9703125 0.596875 0.040625 0.046875
1 0.9859375 0.753125 0.028125 0.059375
1 0.9875 0.7296875 0.025 0.03125
0 0.8125 0.4703125 0.084375 0.146875
0 0.8015625 0.55625 0.228125 0.253125
0 0.78125 0.8015625 0.2046875 0.2046875
0 0.7703125 0.859375 0.18125 0.128125