1 0.0046875 0.378125 0.009375 0.03125
1 0.1734375 0.246875 0.0140625 0.0125
1 0.20625 0.31875 0.009375 0.0078125
1 0.21015625 0.41484375 0.0140625 0.0078125
1 0.309375 0.00625 0.078125 0.0125
1 0.0796875 0.203125 0.0296875 0.0234375
1 0.009375 0.1828125 0.01875 0.028125
1 0.0671875 0.2234375 0.0203125 0.025
1 0.01875 0.2125 0.01875 0.0171875
1 0.0046875 0.25546875 0.009375 0.0203125
1 0.190625 0.26875 0.0140625 0.0234375
1 0.303125 0.265625 0.015625 0.0234375
1 0.2890625 0.29375 0.025 0.0265625
1 0.3234375 0.259375 0.0234375 0.015625
1 0.325 0.271875 0.025 0.015625
0 0.10234375 0.40546875 0.1015625 0.0265625
1 0.9140625 0.090625 0.0453125 0.0375
0 0.59921875 0.26796875 0.0390625 0.2953125
0 0.6140625 0.2890625 0.06875 0.259375
0 0.7328125 0.22265625 0.30625 0.3921875
0 0.89453125 0.2859375 0.2109375 0.265625
1 0.2046875 0.6 0.0078125 0.0078125
1 0.5203125 0.8 0.00625 0.0109375
1 0.5359375 0.765625 0.01875 0.0234375
1 0.375 0.459375 0.0296875 0.0234375
0 0.259375 0.8109375 0.3078125 0.2328125
0 0.128125 0.7484375 0.2015625 0.3203125
1 0.384375 0.853125 0.0265625 0.0515625
1 0.5171875 0.865625 0.0703125 0.034375
1 0.4984375 0.8171875 0.05 0.021875
1 0.6703125 0.828125 0.0390625 0.0421875
1 0.725 0.5203125 0.0109375 0.00625
1 0.76875 0.6078125 0.0078125 0.015625
1 0.83125 0.4265625 0.0171875 0.015625
1 0.825 0.80625 0.0390625 0.0203125
1 0.903125 0.4359375 0.0203125 0.0234375
1 0.9328125 0.54375 0.0140625 0.015625
0 0.6890625 0.66875 0.1046875 0.2140625
1 0.7078125 0.6703125 0.046875 0.040625
0 0.778125 0.6765625 0.2265625 0.1921875
0 0.884375 0.70625 0.23125 0.165625