1 0.30703125 0.00546875 0.0078125 0.0109375
1 0.384375 0.0328125 0.0078125 0.015625
1 0.34375 0.2265625 0.01875 0.01875
0 0.58828125 0.184375 0.0421875 0.121875
0 0.57578125 0.07109375 0.0671875 0.0734375
1 0.1046875 0.01640625 0.09375 0.0328125
0 0.08125 0.2140625 0.09375 0.0625
0 0.0953125 0.1546875 0.1453125 0.115625
1 0.07109375 0.05625 0.1421875 0.078125
1 0.8828125 0.0703125 0.0265625 0.028125
1 0.615625 0.19921875 0.0125 0.0203125
1 0.9203125 0.2734375 0.0203125 0.03125
1 0.8953125 0.321875 0.028125 0.0203125
0 0.9296875 0.01328125 0.140625 0.0265625
1 0.603125 0.78046875 0.0125 0.0453125
0 0.525 0.73515625 0.16875 0.1859375
0 0.553125 0.646875 0.1 0.0890625
0 0.5 0.528125 0.2140625 0.1828125
1 0.3171875 0.6609375 0.0359375 0.04375
0 0.5171875 0.85 0.128125 0.1
0 0.52578125 0.409375 0.1234375 0.059375
1 0.153125 0.4640625 0.0671875 0.053125
0 0.015625 0.46484375 0.03125 0.0984375
0 0.0375 0.60234375 0.075 0.1015625
0 0.0203125 0.69296875 0.040625 0.1140625
1 0.1921875 0.796875 0.075 0.065625
0 0.015625 0.88046875 0.03125 0.0390625
1 0.8796875 0.5421875 0.0234375 0.0265625
0 0.68984375 0.54453125 0.1609375 0.0921875
1 0.8625 0.60625 0.0390625 0.0203125
1 0.9921875 0.6375 0.015625 0.034375
1 0.746875 0.6625 0.01875 0.021875
1 0.9734375 0.7359375 0.01875 0.0265625
1 0.9515625 0.778125 0.0546875 0.0546875
1 0.86875 0.8046875 0.0296875 0.0375
1 0.790625 0.828125 0.0203125 0.0234375
1 0.6140625 0.83828125 0.009375 0.0171875
1 0.7953125 0.8703125 0.034375 0.015625
1 0.9234375 0.890625 0.0171875 0.015625
1 0.9484375 0.890625 0.0234375 0.021875
1 0.7453125 0.9 0.034375 0.0203125
1 0.98125 0.890625 0.0359375 0.04375
1 0.953125 0.9671875 0.015625 0.0265625
1 0.9046875 0.971875 0.0125 0.0171875
1 0.990625 0.97265625 0.01875 0.0265625
1 0.7703125 0.9828125 0.0171875 0.0328125
1 0.99375 0.940625 0.0125 0.015625
1 0.99609375 0.9625 0.0078125 0.01875
1 0.8234375 0.9921875 0.03125 0.015625
1 0.8625 0.9484375 0.0203125 0.0140625
1 0.90625 0.73125 0.03125 0.03125
1 0.909375 0.7484375 0.009375 0.015625
1 0.7921875 0.759375 0.00625 0.0109375
1 0.7890625 0.75 0.0140625 0.0125
1 0.8765625 0.6609375 0.0359375 0.0140625
1 0.896875 0.6640625 0.0234375 0.0140625
1 0.9484375 0.671875 0.03125 0.0328125
1 0.9046875 0.64375 0.0671875 0.0546875
1 0.7390625 0.6390625 0.0234375 0.015625
1 0.721875 0.6375 0.0078125 0.0140625
1 0.71875 0.6234375 0.0296875 0.03125
1 0.7671875 0.69375 0.021875 0.0171875
1 0.684375 0.928125 0.00625 0.009375
1 0.68125 0.925 0.05 0.0359375
1 0.7 0.99296875 0.065625 0.0140625
1 0.69296875 0.996875 0.0265625 0.00625
0 0.6921875 0.8390625 0.1328125 0.10625
1 0.61328125 0.76171875 0.0078125 0.0171875
1 0.7234375 0.7984375 0.0296875 0.0203125
0 0.67890625 0.7578125 0.1390625 0.1
1 0.6265625 0.6921875 0.0203125 0.01875
1 0.6375 0.728125 0.015625 0.0109375
1 0.653125 0.703125 0.05 0.053125
1 0.659375 0.6640625 0.01875 0.0296875
1 0.625 0.66875 0.025 0.01875