1 0.1125 0.0203125 0.01875 0.028125
0 0.1609375 0.0203125 0.0734375 0.028125
0 0.1546875 0.1375 0.09375 0.05
1 0.153125 0.296875 0.00625 0.0265625
1 0.1265625 0.2984375 0.03125 0.01875
0 0.15 0.353125 0.109375 0.0796875
0 0.140625 0.39375 0.08125 0.0625
1 0.1734375 0.440625 0.05625 0.0296875
1 0.1375 0.45 0.05625 0.10625
1 0.253125 0.415625 0.0359375 0.0328125
1 0.2640625 0.31875 0.0109375 0.0078125
1 0.1625 0.2234375 0.0234375 0.03125
1 0.159375 0.1046875 0.09375 0.0265625
1 0.0125 0.3640625 0.0171875 0.025
1 0.0125 0.44765625 0.025 0.0234375
1 0.0234375 0.4015625 0.0296875 0.0265625
1 0.0109375 0.40859375 0.021875 0.0421875
1 0.00234375 0.42265625 0.0046875 0.0359375
1 0.35625 0.496875 0.00625 0.059375
1 0.0484375 0.2890625 0.025 0.015625
1 0.97421875 0.559375 0.0515625 0.0375
1 0.8515625 0.59375 0.0171875 0.0171875
1 0.815625 0.41875 0.078125 0.0390625
1 0.7734375 0.4171875 0.0375 0.0375
1 0.8234375 0.2765625 0.0375 0.0359375
1 0.7546875 0.3015625 0.0171875 0.021875
1 0.753125 0.2390625 0.0296875 0.034375
1 0.7390625 0.3734375 0.046875 0.0234375
0 0.5296875 0.65703125 0.196875 0.0234375
1 0.4359375 0.6328125 0.071875 0.021875
0 0.6046875 0.5453125 0.2640625 0.140625
1 0.6875 0.2859375 0.028125 0.0234375
1 0.596875 0.3703125 0.0265625 0.0140625
0 0.54375 0.275 0.0734375 0.1078125
1 0.475 0.2609375 0.0359375 0.0515625
1 0.4296875 0.2375 0.0671875 0.0296875
1 0.490625 0.4640625 0.0140625 0.04375
1 0.065625 0.7671875 0.0078125 0.0078125
1 0.20625 0.9375 0.0234375 0.0296875
1 0.2921875 0.7734375 0.0546875 0.05625
1 0.25625 0.765625 0.015625 0.0171875
0 0.5171875 0.8375 0.2921875 0.059375