1 0.3515625 0.0453125 0.025 0.0265625
1 0.11640625 0.00625 0.0234375 0.0125
1 0.0921875 0.0671875 0.015625 0.0234375
1 0.090625 0.1515625 0.0125 0.0171875
1 0.35625 0.134375 0.034375 0.0234375
1 0.359375 0.1671875 0.046875 0.0453125
1 0.028125 0.1390625 0.0234375 0.04375
1 0.371875 0.3046875 0.0203125 0.0234375
1 0.284375 0.278125 0.0078125 0.0234375
1 0.2390625 0.2703125 0.0515625 0.034375
1 0.203125 0.2515625 0.028125 0.0109375
1 0.16875 0.3375 0.021875 0.01875
1 0.08125 0.3390625 0.0171875 0.025
1 0.059375 0.240625 0.015625 0.00625
1 0.0609375 0.259375 0.0265625 0.0265625
1 0.0234375 0.3515625 0.0328125 0.03125
0 0.34609375 0.42734375 0.0703125 0.0234375
1 0.2734375 0.396875 0.0171875 0.0171875
1 0.1921875 0.415625 0.0265625 0.03125
1 0.209375 0.40625 0.0125 0.015625
1 0.1765625 0.42734375 0.015625 0.0234375
1 0.16875 0.4078125 0.0109375 0.0125
0 0.1078125 0.4109375 0.11875 0.05625
1 0.10234375 0.425 0.0171875 0.028125
1 0.0546875 0.42890625 0.025 0.0203125
1 0.03125 0.4265625 0.021875 0.0203125
1 0.0296875 0.4 0.0234375 0.028125
1 0.978125 0.4171875 0.0375 0.0375
1 0.784375 0.015625 0.040625 0.03125
0 0.81875 0.3015625 0.2375 0.275
0 0.734375 0.21875 0.165625 0.428125
1 0.9921875 0.1625 0.015625 0.028125
1 0.20625 0.921875 0.0296875 0.04375
1 0.365625 0.725 0.009375 0.0078125
1 0.3921875 0.7984375 0.0140625 0.015625
1 0.4125 0.675 0.021875 0.0375
1 0.409375 0.740625 0.05 0.0515625
1 0.428125 0.61875 0.0171875 0.01875
1 0.56875 0.890625 0.009375 0.015625
1 0.58203125 0.8890625 0.0140625 0.046875
0 0.171875 0.51015625 0.103125 0.1421875
0 0.334375 0.51171875 0.303125 0.1453125
0 0.48515625 0.51171875 0.2078125 0.1453125
1 0.60234375 0.7046875 0.0265625 0.065625
1 0.6234375 0.8328125 0.0203125 0.0109375
0 0.6125 0.784375 0.046875 0.11875
1 0.671875 0.7375 0.0125 0.025
1 0.6765625 0.6296875 0.0140625 0.0125
1 0.6984375 0.8265625 0.0109375 0.0109375
1 0.715625 0.71875 0.009375 0.0265625
1 0.609375 0.4828125 0.040625 0.0515625
1 0.60078125 0.525 0.0234375 0.034375
1 0.6234375 0.54375 0.03125 0.0203125
1 0.6984375 0.5796875 0.0234375 0.0234375
1 0.61875 0.590625 0.0296875 0.03125
1 0.6515625 0.7171875 0.0125 0.0078125
1 0.76875 0.7796875 0.0109375 0.0078125
1 0.7796875 0.771875 0.00625 0.009375
1 0.690625 0.75 0.025 0.0203125
0 0.7140625 0.775 0.10625 0.0546875
1 0.646875 0.76875 0.0109375 0.0109375
1 0.7765625 0.79375 0.0328125 0.0359375
1 0.75 0.840625 0.0578125 0.0734375
1 0.7359375 0.89375 0.0609375 0.05
1 0.6171875 0.9765625 0.0171875 0.00625
1 0.6171875 0.984375 0.015625 0.0078125
1 0.69921875 0.98671875 0.0359375 0.0265625
1 0.71484375 0.99765625 0.0109375 0.0046875
1 0.7515625 0.5953125 0.028125 0.028125