0 0.41328125 0.309375 0.0734375 0.28125
0 0.34765625 0.503125 0.2046875 0.23125
1 0.2859375 0.209375 0.1203125 0.0796875
1 0.209375 0.453125 0.0390625 0.0421875
1 0.2125 0.4984375 0.028125 0.040625
1 0.3359375 0.3671875 0.0390625 0.046875
1 0.09375 0.465625 0.0359375 0.03125
1 0.1734375 0.2546875 0.0453125 0.034375
1 0.4109375 0.4859375 0.040625 0.0359375
1 0.4125 0.4484375 0.03125 0.0359375
1 0.58125 0.0359375 0.0171875 0.01875
1 0.68125 0.015625 0.0328125 0.015625
1 0.671875 0.09375 0.0109375 0.0046875
1 0.490625 0.084375 0.0359375 0.0390625
1 0.5125 0.0453125 0.00625 0.009375
1 0.534375 0.26640625 0.16875 0.2765625
1 0.5296875 0.253125 0.0109375 0.0109375
1 0.7890625 0.0359375 0.00625 0.0078125
1 0.784375 0.1359375 0.0140625 0.0140625
1 0.7703125 0.36875 0.040625 0.0296875
1 0.95625 0.290625 0.053125 0.0625
1 0.9953125 0.096875 0.009375 0.025
1 0.909375 0.253125 0.0234375 0.0203125
1 0.853125 0.25625 0.0046875 0.0109375
0 0.871875 0.15 0.2109375 0.1546875
1 0.815625 0.1078125 0.0734375 0.0859375
0 0.8875 0.03203125 0.225 0.0640625
0 0.859375 0.32421875 0.28125 0.1609375
1 0.13125 0.7578125 0.0140625 0.015625
1 0.184375 0.796875 0.0515625 0.0296875
1 0.071875 0.7265625 0.009375 0.0078125
1 0.078125 0.7296875 0.0234375 0.0296875
1 0.2296875 0.7859375 0.009375 0.0109375
0 0.30390625 0.73125 0.2921875 0.225
0 0.33828125 0.83671875 0.2234375 0.2046875
0 0.29375 0.93125 0.075 0.0171875
1 0.3703125 0.9265625 0.00625 0.025
1 0.46484375 0.9703125 0.0296875 0.0375
1 0.578125 0.9359375 0.0171875 0.0171875
0 0.9 0.8328125 0.196875 0.103125
1 0.99765625 0.85390625 0.0046875 0.0109375
1 0.97890625 0.896875 0.0421875 0.021875
0 0.82421875 0.95703125 0.2640625 0.0859375