1 0.29375 0.4125 0.0125 0.01875
1 0.5125 0.40625 0.021875 0.01875
1 0.040625 0.3953125 0.00625 0.009375
1 0.5921875 0.3796875 0.0171875 0.01875
1 0.1546875 0.3671875 0.0109375 0.015625
1 0.4140625 0.3578125 0.0125 0.0125
1 0.034375 0.3546875 0.0234375 0.0171875
1 0.2234375 0.3453125 0.00625 0.0109375
1 0.321875 0.325 0.0234375 0.0140625
1 0.2484375 0.3015625 0.0171875 0.025
1 0.009375 0.21875 0.015625 0.0109375
1 0.534375 0.20625 0.0078125 0.0203125
1 0.5828125 0.190625 0.015625 0.0125
1 0.61015625 0.15703125 0.0171875 0.0390625
1 0.509375 0.1234375 0.0203125 0.01875
1 0.5734375 0.1 0.015625 0.0109375
1 0.203125 0.0765625 0.0296875 0.021875
1 0.5421875 0.0453125 0.0203125 0.0203125
1 0.05 0.04375 0.021875 0.0203125
1 0.5015625 0.0109375 0.021875 0.021875
1 0.05625 0.353125 0.015625 0.0078125
1 0.075 0.01171875 0.021875 0.0234375
1 0.1140625 0.340625 0.028125 0.0203125
1 0.175 0.3609375 0.0125 0.0265625
1 0.215625 0.4171875 0.0171875 0.0234375
1 0.24375 0.3921875 0.0234375 0.01875
1 0.5296875 0.29375 0.028125 0.05
1 0.484375 0.196875 0.0109375 0.0140625
1 0.59375 0.26875 0.0171875 0.015625
1 0.0328125 0.1734375 0.015625 0.0140625
1 0.184375 0.2265625 0.028125 0.0265625
1 0.2515625 0.1890625 0.0140625 0.015625
1 0.21875 0.1984375 0.021875 0.0171875
1 0.21875 0.18125 0.01875 0.021875
1 0.215625 0.165625 0.0125 0.015625
1 0.225 0.3265625 0.0171875 0.0125
1 0.1203125 0.265625 0.0171875 0.0171875
1 0.33125 0.4078125 0.05 0.0265625
1 0.3796875 0.4 0.0125 0.0375
1 0.4140625 0.23125 0.0125 0.015625
1 0.4203125 0.278125 0.0078125 0.00625
0 0.36875 0.2671875 0.0984375 0.065625
0 0.359375 0.1953125 0.1625 0.0484375
1 0.365625 0.1796875 0.01875 0.0125
1 0.3140625 0.128125 0.0421875 0.0390625
1 0.3234375 0.146875 0.01875 0.01875
1 0.3890625 0.171875 0.0984375 0.05
0 0.3640625 0.103125 0.08125 0.0828125
0 0.37890625 0.034375 0.0703125 0.06875
1 0.3625 0.03125 0.01875 0.0140625
1 0.49375 0.146875 0.0140625 0.01875
1 0.4578125 0.1359375 0.0640625 0.078125
1 0.503125 0.096875 0.0125 0.0125
1 0.5390625 0.1203125 0.0375 0.03125
1 0.571875 0.090625 0.0203125 0.0140625
1 0.553125 0.0796875 0.034375 0.0296875
1 0.5796875 0.0390625 0.01875 0.021875
1 0.5734375 0.01875 0.015625 0.0140625
1 0.5328125 0.01875 0.0140625 0.01875
1 0.52890625 0.00859375 0.0171875 0.0171875
1 0.5140625 0.003125 0.009375 0.00625
1 0.6953125 0.45 0.03125 0.015625
1 0.8921875 0.43125 0.009375 0.0125
1 0.95 0.2265625 0.025 0.0140625
1 0.8765625 0.471875 0.009375 0.0171875
1 0.9359375 0.40625 0.0625 0.0328125
1 0.8296875 0.3625 0.0171875 0.0125
1 0.8515625 0.3953125 0.0296875 0.034375
0 0.6921875 0.4859375 0.146875 0.046875
1 0.75 0.459375 0.03125 0.021875
1 0.7671875 0.49296875 0.04375 0.0328125
0 0.65 0.39453125 0.0625 0.1765625
0 0.7015625 0.3453125 0.090625 0.103125
0 0.6703125 0.2453125 0.103125 0.128125
0 0.64296875 0.190625 0.0484375 0.01875
1 0.765625 0.2984375 0.0171875 0.01875
1 0.8015625 0.271875 0.0796875 0.10625
1 0.8234375 0.2078125 0.028125 0.01875
1 0.8484375 0.2 0.0203125 0.0140625
1 0.890625 0.3125 0.028125 0.0234375
1 0.940625 0.1953125 0.028125 0.0171875
1 0.9140625 0.2046875 0.0125 0.046875
1 0.925 0.203125 0.0421875 0.0234375
1 0.896875 0.2140625 0.0296875 0.034375
0 0.1859375 0.6875 0.3015625 0.221875
1 0.3765625 0.7921875 0.01875 0.0078125
1 0.2875 0.775 0.0171875 0.015625
1 0.3125 0.6625 0.078125 0.05
1 0.4015625 0.66875 0.0828125 0.05625
1 0.4265625 0.65 0.0125 0.009375
1 0.4359375 0.5796875 0.0328125 0.0375
0 0.20390625 0.578125 0.2609375 0.1375
1 0.20546875 0.51640625 0.0171875 0.0140625
1 0.5109375 0.5828125 0.05 0.0421875
1 0.53671875 0.52890625 0.1109375 0.0390625
1 0.6265625 0.57421875 0.015625 0.0390625