1 0.4125 0.08984375 0.0125 0.0140625
1 0.41328125 0.225 0.0109375 0.01875
1 0.259375 0.334375 0.0265625 0.0203125
1 0.321875 0.3140625 0.0578125 0.059375
1 0.1015625 0.346875 0.0234375 0.021875
1 0.25625 0.4046875 0.065625 0.0390625
1 0.128125 0.43125 0.0109375 0.0203125
0 0.1765625 0.3671875 0.11875 0.153125
1 0.2234375 0.4796875 0.025 0.0125
1 0.33125 0.484375 0.0125 0.0140625
1 0.409375 0.36484375 0.01875 0.0390625
1 0.4125 0.43125 0.0125 0.03125
1 0.38046875 0.496875 0.0234375 0.00625
1 0.3703125 0.4265625 0.03125 0.0296875
1 0.24375 0.459375 0.0078125 0.0125
1 0.21015625 0.49296875 0.0203125 0.0140625
0 0.18515625 0.484375 0.0546875 0.03125
1 0.1921875 0.4546875 0.0109375 0.0109375
1 0.134375 0.340625 0.00625 0.009375
0 0.19375 0.1890625 0.178125 0.2078125
1 0.42421875 0.15078125 0.0109375 0.0140625
0 0.978125 0.1828125 0.04375 0.0875
1 0.99765625 0.23359375 0.0046875 0.0171875
1 0.721875 0.29375 0.0171875 0.0171875
1 0.6625 0.28125 0.034375 0.0390625
1 0.8109375 0.2921875 0.0078125 0.015625
1 0.425 0.29140625 0.0125 0.0421875
1 0.6328125 0.3265625 0.028125 0.0359375
0 0.503125 0.390625 0.1609375 0.1453125
1 0.98125 0.30234375 0.0375 0.0515625
0 0.97890625 0.365625 0.0421875 0.10625
1 0.903125 0.2515625 0.034375 0.0375
1 0.75 0.225 0.025 0.034375
1 0.775 0.23125 0.0296875 0.0234375
1 0.6640625 0.2546875 0.015625 0.028125
1 0.7515625 0.4203125 0.0296875 0.0171875
1 0.64375 0.4140625 0.015625 0.03125
0 0.525 0.1765625 0.1828125 0.075
0 0.509375 0.2625 0.0734375 0.1203125
1 0.471875 0.2375 0.0546875 0.0390625
1 0.653125 0.478125 0.015625 0.0265625
1 0.4328125 0.42578125 0.028125 0.0421875
1 0.42578125 0.221875 0.0140625 0.025
1 0.42109375 0.178125 0.0046875 0.0125
1 0.32421875 0.5078125 0.0390625 0.015625
1 0.303125 0.6421875 0.0203125 0.0203125
1 0.2328125 0.7140625 0.009375 0.0125
0 0.0609375 0.8546875 0.071875 0.01875
0 0.03359375 0.56171875 0.0671875 0.1234375
1 0.0953125 0.7140625 0.0421875 0.03125
0 0.0453125 0.79140625 0.090625 0.1140625
0 0.04765625 0.6921875 0.0953125 0.1375
1 0.765625 0.640625 0.028125 0.0328125
1 0.6125 0.6546875 0.0234375 0.0140625
1 0.5203125 0.79375 0.028125 0.04375
1 0.5546875 0.815625 0.01875 0.0296875
1 0.7765625 0.8484375 0.0203125 0.0296875
1 0.71875 0.8515625 0.03125 0.0375
1 0.86875 0.8875 0.0390625 0.028125
1 0.5546875 0.884375 0.0484375 0.0515625
1 0.7671875 0.915625 0.0234375 0.0234375
1 0.74375 0.95 0.0359375 0.0359375
1 0.821875 0.9578125 0.0328125 0.0328125
1 0.85625 0.7375 0.0484375 0.040625
1 0.8578125 0.69375 0.053125 0.0421875
1 0.8984375 0.809375 0.0390625 0.0625
1 0.846875 0.634375 0.0359375 0.0421875
1 0.8828125 0.653125 0.028125 0.0328125
1 0.7703125 0.6015625 0.021875 0.0171875
1 0.784375 0.5234375 0.0578125 0.034375
1 0.7953125 0.5484375 0.015625 0.025
1 0.428125 0.9328125 0.01875 0.03125
1 0.4890625 0.8265625 0.0171875 0.0234375
1 0.4703125 0.8453125 0.021875 0.0203125
1 0.4609375 0.83125 0.0328125 0.0171875
1 0.575 0.9875 0.0296875 0.021875
1 0.56875 0.978125 0.040625 0.028125
1 0.46484375 0.5109375 0.0421875 0.021875
1 0.5734375 0.609375 0.0234375 0.028125
1 0.509375 0.6265625 0.0375 0.025
1 0.4765625 0.6578125 0.034375 0.0359375
1 0.6296875 0.6140625 0.0203125 0.0171875
1 0.64375 0.6515625 0.025 0.0234375
1 0.578125 0.7265625 0.0234375 0.0359375
0 0.7015625 0.7265625 0.1296875 0.071875
0 0.6609375 0.6953125 0.153125 0.1046875
1 0.625 0.75625 0.015625 0.021875
1 0.6 0.76875 0.0296875 0.021875
1 0.7328125 0.7625 0.025 0.0234375
1 0.7140625 0.7625 0.0234375 0.0171875
1 0.7203125 0.565625 0.0234375 0.0328125
0 0.678125 0.53828125 0.15625 0.0765625
1 0.6140625 0.51328125 0.053125 0.0265625
1 0.43359375 0.66953125 0.0296875 0.0234375
1 0.4890625 0.59375 0.0421875 0.0328125
1 0.4546875 0.5953125 0.0390625 0.0359375
1 0.45 0.6953125 0.03125 0.0234375
1 0.609375 0.915625 0.0390625 0.04375
0 0.665625 0.9375 0.0734375 0.121875
0 0.6421875 0.81875 0.1296875 0.1125