0 0.12109375 0.39375 0.2421875 0.090625
1 0.203125 0.3234375 0.0828125 0.065625
0 0.11015625 0.2140625 0.2203125 0.203125
1 0.053125 0.321875 0.0484375 0.071875
0 0.03203125 0.2828125 0.0640625 0.15
1 0.4578125 0.07265625 0.015625 0.0296875
1 0.75625 0.075 0.0265625 0.0484375
1 0.653125 0.096875 0.0078125 0.0140625
1 0.6640625 0.128125 0.0109375 0.00625
1 0.678125 0.159375 0.0109375 0.015625
0 0.875 0.26796875 0.25 0.2234375
0 0.89296875 0.1078125 0.2140625 0.215625
0 0.8796875 0.021875 0.240625 0.04375
1 0.45546875 0.26640625 0.0109375 0.0296875
1 0.5890625 0.3796875 0.0140625 0.003125
1 0.3734375 0.4796875 0.153125 0.08125
1 0.2421875 0.546875 0.025 0.0265625
0 0.1125 0.5015625 0.15 0.125
1 0.3125 0.5765625 0.009375 0.0078125
1 0.2 0.6765625 0.0640625 0.046875
1 0.1125 0.8125 0.0140625 0.0125
1 0.10625 0.88125 0.0109375 0.0140625
1 0.028125 0.896875 0.0125 0.0109375
1 0.3859375 0.8921875 0.0671875 0.0203125
1 0.2703125 0.7578125 0.00625 0.0078125
1 0.2375 0.7703125 0.003125 0.0078125
1 0.396875 0.8296875 0.0125 0.0109375
1 0.3984375 0.8171875 0.0078125 0.009375
1 0.109375 0.8078125 0.0078125 0.00625
1 0.01875 0.44453125 0.028125 0.0109375
1 0.00625 0.540625 0.0078125 0.015625
1 0.0421875 0.8796875 0.0109375 0.0078125
1 0.0109375 0.86875 0.0046875 0.00625
0 0.0671875 0.8421875 0.08125 0.1203125
0 0.090625 0.75 0.153125 0.240625
1 0.896875 0.9703125 0.0453125 0.0453125
1 0.671875 0.9171875 0.0390625 0.046875
1 0.5953125 0.9265625 0.0640625 0.0515625
0 0.52265625 0.6890625 0.1453125 0.140625
1 0.59609375 0.9890625 0.0453125 0.021875