1 0.01484375 0.00234375 0.0171875 0.0046875
1 0.0125 0.10234375 0.025 0.0203125
1 0.0234375 0.1015625 0.025 0.028125
1 0.1203125 0.078125 0.0234375 0.0234375
0 0.1234375 0.071875 0.246875 0.134375
0 0.3765625 0.059375 0.103125 0.11875
1 0.2859375 0.171875 0.015625 0.0296875
1 0.20625 0.1671875 0.03125 0.0171875
1 0.2234375 0.1375 0.021875 0.01875
1 0.2203125 0.084375 0.0265625 0.0296875
1 0.2265625 0.1234375 0.015625 0.0140625
1 0.175 0.2203125 0.0234375 0.0234375
1 0.1859375 0.21875 0.0203125 0.021875
1 0.0078125 0.35078125 0.015625 0.0265625
1 0.04375 0.3734375 0.025 0.0328125
1 0.034375 0.328125 0.0125 0.0078125
1 0.0296875 0.4875 0.0203125 0.0171875
1 0.1640625 0.5375 0.028125 0.0390625
1 0.2546875 0.453125 0.0171875 0.034375
1 0.25 0.2921875 0.0265625 0.03125
1 0.265625 0.35625 0.015625 0.015625
1 0.2109375 0.4828125 0.0125 0.0234375
1 0.3796875 0.553125 0.0265625 0.025
1 0.41875 0.465625 0.0171875 0.0296875
1 0.36875 0.5140625 0.015625 0.015625
1 0.334375 0.525 0.015625 0.01875
1 0.0609375 0.571875 0.0234375 0.0265625
1 0.253125 0.58046875 0.025 0.0171875
1 0.41953125 0.5859375 0.0140625 0.00625
1 0.8625 0.353125 0.0140625 0.0125
1 0.9546875 0.35625 0.0375 0.065625
1 0.8046875 0.415625 0.0109375 0.0078125
1 0.809375 0.440625 0.0125 0.00625
1 0.821875 0.146875 0.009375 0.009375
1 0.878125 0.1296875 0.0078125 0.009375
1 0.775 0.0140625 0.0078125 0.0078125
1 0.771875 0.0046875 0.00625 0.0078125
0 0.7265625 0.353125 0.1109375 0.3171875
1 0.7875 0.31875 0.03125 0.034375
1 0.80625 0.35625 0.025 0.04375
0 0.9046875 0.3328125 0.1875 0.1296875
1 0.965625 0.2984375 0.021875 0.025
1 0.9359375 0.3296875 0.009375 0.009375
1 0.9890625 0.0546875 0.0140625 0.0125
1 0.003125 0.98203125 0.00625 0.0328125
1 0.0171875 0.975 0.0234375 0.028125
1 0.021875 0.9640625 0.0328125 0.0359375
1 0.034375 0.903125 0.0421875 0.034375
1 0.0484375 0.6171875 0.021875 0.03125
1 0.10625 0.6265625 0.0375 0.03125
1 0.240625 0.6140625 0.046875 0.0359375
1 0.3046875 0.775 0.034375 0.0234375
1 0.3140625 0.6953125 0.0296875 0.028125
1 0.190625 0.696875 0.03125 0.046875
1 0.2296875 0.775 0.05 0.0328125
1 0.2375 0.9171875 0.03125 0.0375
1 0.31875 0.984375 0.025 0.021875
1 0.1359375 0.9765625 0.021875 0.03125
1 0.1015625 0.9234375 0.025 0.021875
1 0.071875 0.8359375 0.0125 0.0359375
1 0.065625 0.7421875 0.0484375 0.0640625
1 0.01015625 0.79765625 0.0203125 0.0328125
1 0.0046875 0.84453125 0.009375 0.0296875
1 0.053125 0.86875 0.0296875 0.0265625
1 0.3625 0.978125 0.021875 0.021875
1 0.2265625 0.97890625 0.0375 0.0421875
1 0.26875 0.7765625 0.021875 0.009375
1 0.1671875 0.665625 0.040625 0.04375
1 0.15703125 0.59296875 0.0390625 0.0078125
1 0.1234375 0.7109375 0.01875 0.025
1 0.1234375 0.675 0.01875 0.0265625
1 0.134375 0.6921875 0.0140625 0.0375
1 0.2203125 0.6984375 0.0109375 0.0203125
1 0.7703125 0.7703125 0.0203125 0.0140625
1 0.7734375 0.640625 0.0203125 0.01875
1 0.7375 0.9703125 0.03125 0.028125
0 0.7484375 0.7265625 0.0796875 0.0671875
1 0.7171875 0.640625 0.0234375 0.0265625
1 0.6984375 0.7546875 0.021875 0.0328125
1 0.6609375 0.7953125 0.034375 0.03125
1 0.6125 0.85 0.021875 0.0171875
1 0.584375 0.6484375 0.0375 0.0109375
1 0.578125 0.8609375 0.03125 0.0203125
1 0.5703125 0.9109375 0.021875 0.0171875
0 0.59296875 0.69375 0.0671875 0.075
1 0.671875 0.98515625 0.034375 0.0296875
1 0.6921875 0.9109375 0.025 0.0234375
1 0.6953125 0.6734375 0.025 0.01875
1 0.6515625 0.7078125 0.021875 0.021875
1 0.671875 0.69375 0.025 0.021875
1 0.6421875 0.7953125 0.0171875 0.04375
1 0.640625 0.8453125 0.028125 0.04375