0 0.47421875 0.0296875 0.0703125 0.059375
0 0.37734375 0.0328125 0.0859375 0.065625
0 0.0859375 0.03203125 0.14375 0.0640625
0 0.0265625 0.01484375 0.053125 0.0296875
1 0.04375 0.290625 0.034375 0.0328125
1 0.078125 0.33125 0.0265625 0.03125
1 0.1375 0.2890625 0.0296875 0.03125
1 0.1828125 0.2671875 0.0328125 0.028125
1 0.10703125 0.39296875 0.0296875 0.0140625
1 0.7015625 0.0453125 0.015625 0.0140625
1 0.6109375 0.1890625 0.0671875 0.0703125
1 0.2015625 0.4515625 0.021875 0.0171875
1 0.2796875 0.471875 0.021875 0.0234375
1 0.409375 0.6765625 0.025 0.0203125
0 0.48671875 0.725 0.0859375 0.2125
1 0.525 0.9515625 0.009375 0.021875
1 0.4234375 0.9546875 0.0171875 0.021875
0 0.328125 0.746875 0.0703125 0.2359375
1 0.225 0.809375 0.0203125 0.01875
1 0.253125 0.8421875 0.0265625 0.01875
1 0.30625 0.7359375 0.0828125 0.08125
1 0.1890625 0.7703125 0.0328125 0.078125
0 0.1421875 0.7421875 0.10625 0.2578125
0 0.80546875 0.5421875 0.1046875 0.284375
0 0.8359375 0.6109375 0.103125 0.3640625
0 0.90703125 0.55625 0.1859375 0.3125