1 0.390625 0.209375 0.015625 0.0140625
0 0.07421875 0.03828125 0.0578125 0.0765625
0 0.059375 0.08203125 0.11875 0.1421875
0 0.0515625 0.18515625 0.103125 0.1171875
1 0.115625 0.165625 0.040625 0.0359375
1 0.19375 0.1296875 0.025 0.0234375
1 0.2296875 0.0078125 0.028125 0.015625
0 0.046875 0.28671875 0.09375 0.1421875
0 0.05390625 0.375 0.1078125 0.028125
1 0.39765625 0.37890625 0.0203125 0.0203125
1 0.38125 0.3640625 0.021875 0.021875
1 0.3515625 0.3625 0.015625 0.015625
1 0.359375 0.38203125 0.0125 0.0140625
1 0.309375 0.3109375 0.015625 0.015625
1 0.26953125 0.01015625 0.0171875 0.0203125
1 0.3390625 0.1296875 0.028125 0.0265625
1 0.3625 0.1140625 0.01875 0.0234375
1 0.353125 0.146875 0.0296875 0.028125
1 0.28125 0.2140625 0.0140625 0.0203125
1 0.3015625 0.234375 0.015625 0.0234375
1 0.3546875 0.246875 0.025 0.03125
1 0.2625 0.24375 0.0421875 0.0375
1 0.2390625 0.178125 0.053125 0.0765625
1 0.3078125 0.2625 0.0171875 0.015625
1 0.3984375 0.284375 0.0125 0.015625
1 0.36875 0.3140625 0.0171875 0.0171875
1 0.26875 0.278125 0.015625 0.0109375
1 0.4421875 0.2984375 0.01875 0.0125
1 0.446875 0.2703125 0.0234375 0.0203125
1 0.459375 0.1640625 0.015625 0.01875
1 0.4734375 0.075 0.0109375 0.015625
1 0.4765625 0.2140625 0.0078125 0.015625
1 0.50625 0.3671875 0.01875 0.01875
1 0.4953125 0.378125 0.0125 0.021875
0 0.56484375 0.34609375 0.1078125 0.0859375
1 0.56875 0.3140625 0.0171875 0.0203125
0 0.56015625 0.25625 0.1171875 0.096875
1 0.5703125 0.15 0.0203125 0.025
0 0.5796875 0.1171875 0.078125 0.096875
0 0.55625 0.04453125 0.125 0.0890625
0 0.565625 0.190625 0.10625 0.0875
0 0.7875 0.35546875 0.09375 0.0671875
1 0.7796875 0.31875 0.0265625 0.0234375
1 0.865625 0.3078125 0.021875 0.021875
1 0.8921875 0.2296875 0.0203125 0.0265625
0 0.7921875 0.1859375 0.09375 0.1
1 0.015625 0.51484375 0.03125 0.0203125
1 0.0109375 0.49375 0.021875 0.01875
1 0.0375 0.4453125 0.0296875 0.028125
1 0.01796875 0.73984375 0.0359375 0.0390625
1 0.00703125 0.6921875 0.0140625 0.0375
1 0.0125 0.615625 0.025 0.03125
1 0.0078125 0.58359375 0.015625 0.0328125
1 0.01640625 0.81328125 0.0328125 0.0078125
1 0.0796875 0.59375 0.0234375 0.0265625
1 0.225 0.39296875 0.028125 0.0078125
1 0.14375 0.403125 0.0140625 0.0171875
0 0.34140625 0.48984375 0.4328125 0.2015625
0 0.25625 0.609375 0.3671875 0.228125
1 0.3609375 0.5453125 0.0359375 0.0234375
1 0.3703125 0.5859375 0.025 0.028125
1 0.521875 0.4828125 0.028125 0.0296875
1 0.6046875 0.4640625 0.021875 0.0171875
1 0.5046875 0.58125 0.03125 0.040625
1 0.5234375 0.615625 0.028125 0.028125
1 0.503125 0.634375 0.03125 0.0265625
1 0.4421875 0.6578125 0.0390625 0.0375
1 0.4890625 0.70625 0.028125 0.021875
1 0.4953125 0.675 0.0328125 0.0234375
1 0.6125 0.6890625 0.0125 0.025
1 0.596875 0.73359375 0.04375 0.0328125
1 0.45 0.7390625 0.0359375 0.0265625
0 0.284375 0.746875 0.3109375 0.146875
1 0.675 0.9515625 0.071875 0.034375
1 0.71953125 0.975 0.0265625 0.05
0 0.81640625 0.9515625 0.1046875 0.096875
1 0.734375 0.675 0.0375 0.0484375
1 0.69375 0.6921875 0.0359375 0.0375
1 0.7203125 0.640625 0.0546875 0.046875
1 0.7015625 0.5859375 0.053125 0.09375
1 0.74375 0.5515625 0.0671875 0.065625
0 0.8109375 0.5296875 0.0953125 0.0484375
0 0.8390625 0.5734375 0.1140625 0.13125
1 0.9515625 0.9265625 0.0421875 0.05
1 0.98828125 0.896875 0.0234375 0.0625
1 0.9640625 0.86875 0.0625 0.053125
1 0.9921875 0.83046875 0.015625 0.0296875
1 0.9234375 0.8375 0.0265625 0.03125
1 0.9828125 0.7765625 0.025 0.0171875
1 0.95703125 0.740625 0.0859375 0.046875
1 0.9609375 0.684375 0.053125 0.0578125
1 0.925 0.6421875 0.078125 0.071875
1 0.99609375 0.646875 0.0078125 0.04375
1 0.97890625 0.6 0.0421875 0.059375
1 0.9375 0.55625 0.0578125 0.0421875
1 0.96640625 0.5265625 0.0671875 0.04375
1 0.721875 0.8859375 0.0328125 0.0421875
1 0.675 0.81875 0.046875 0.0328125
1 0.63203125 0.8171875 0.0265625 0.046875
1 0.63125 0.72109375 0.025 0.0484375
1 0.640625 0.65 0.0140625 0.028125
1 0.6625 0.9109375 0.0234375 0.028125
1 0.9390625 0.96171875 0.121875 0.0765625
0 0.840625 0.834375 0.1109375 0.153125
0 0.815625 0.6640625 0.0703125 0.103125
1 0.753125 0.7421875 0.15625 0.1125