1 0.51875 0.353125 0.0203125 0.0171875
0 0.4015625 0.1421875 0.0921875 0.10625
0 0.2703125 0.125 0.1484375 0.10625
1 0.203125 0.390625 0.046875 0.01875
0 0.140625 0.11875 0.0421875 0.109375
1 0.55 0.375 0.028125 0.0234375
1 0.3546875 0.0265625 0.0109375 0.0125
1 0.178125 0.203125 0.0296875 0.0265625
1 0.646875 0.234375 0.059375 0.059375
1 0.6234375 0.24375 0.03125 0.0328125
0 0.69453125 0.37578125 0.2046875 0.0484375
1 0.4421875 0.7671875 0.0171875 0.025
1 0.3375 0.83125 0.015625 0.03125
1 0.31875 0.634375 0.0125 0.009375
1 0.1984375 0.446875 0.009375 0.0046875
1 0.1140625 0.5765625 0.0140625 0.025
1 0.153125 0.9796875 0.05 0.040625
1 0.30625 0.9734375 0.0265625 0.021875
1 0.303125 0.95625 0.0140625 0.01875
1 0.553125 0.88515625 0.071875 0.0734375
0 0.578125 0.8859375 0.021875 0.090625
1 0.553125 0.859375 0.0296875 0.0296875
1 0.45 0.6109375 0.0140625 0.015625
1 0.359375 0.65 0.0171875 0.009375
1 0.29375 0.590625 0.0328125 0.0625
1 0.25 0.696875 0.0125 0.0171875
1 0.2828125 0.675 0.034375 0.0296875
1 0.5140625 0.85 0.021875 0.0265625
0 0.475 0.871875 0.0953125 0.153125
1 0.440625 0.8203125 0.0578125 0.090625
1 0.3703125 0.9265625 0.01875 0.01875
0 0.3953125 0.8671875 0.0890625 0.2125
1 0.346875 0.7765625 0.021875 0.03125
1 0.3828125 0.759375 0.0359375 0.04375
0 0.2828125 0.8953125 0.1765625 0.1015625
0 0.2328125 0.825 0.103125 0.090625
0 0.1328125 0.8609375 0.128125 0.1125
0 0.078125 0.9 0.01875 0.0828125
1 0.1859375 0.7609375 0.01875 0.0171875
1 0.159375 0.725 0.10625 0.0796875
1 0.0953125 0.703125 0.01875 0.028125
1 0.0875 0.678125 0.0140625 0.0203125
1 0.4421875 0.696875 0.1203125 0.10625
1 0.4140625 0.7234375 0.053125 0.0484375
1 0.2 0.6359375 0.0234375 0.028125
1 0.0828125 0.5859375 0.0171875 0.028125
1 0.0921875 0.6125 0.046875 0.0125
1 0.090625 0.6015625 0.0234375 0.0421875
1 0.1015625 0.6296875 0.034375 0.0296875
1 0.578125 0.47890625 0.021875 0.0234375
1 0.565625 0.4453125 0.0109375 0.0078125
1 0.5125 0.4640625 0.03125 0.034375
1 0.43125 0.5140625 0.021875 0.01875
1 0.45 0.4828125 0.03125 0.0296875
1 0.2828125 0.446875 0.028125 0.0234375
1 0.325 0.484375 0.0171875 0.0296875
1 0.321875 0.4796875 0.03125 0.009375
1 0.2734375 0.48125 0.0078125 0.0171875
1 0.2921875 0.465625 0.0296875 0.0140625
1 0.490625 0.409375 0.059375 0.01875
0 0.0921875 0.41328125 0.046875 0.0265625
1 0.2328125 0.4453125 0.0375 0.040625
1 0.21875 0.4328125 0.0390625 0.0265625
1 0.21015625 0.40859375 0.0484375 0.0171875
1 0.82109375 0.97578125 0.0421875 0.0484375
0 0.81875 0.88125 0.0359375 0.1046875
1 0.865625 0.909375 0.128125 0.153125
0 0.95 0.9 0.09375 0.16875
0 0.9875 0.90546875 0.025 0.1515625
0 0.81875 0.425 0.0375 0.05