0 0.52265625 0.009375 0.1890625 0.01875
1 0.55 0.02421875 0.053125 0.0484375
1 0.553125 0.1109375 0.04375 0.0265625
1 0.515625 0.071875 0.021875 0.03125
1 0.4546875 0.0390625 0.0171875 0.040625
1 0.425 0.1390625 0.0390625 0.0546875
1 0.3796875 0.11875 0.0546875 0.0484375
1 0.36875 0.18125 0.0765625 0.071875
1 0.3328125 0.228125 0.04375 0.04375
1 0.2 0.1015625 0.084375 0.0890625
1 0.1703125 0.1546875 0.075 0.0546875
1 0.1734375 0.2234375 0.0953125 0.0765625
1 0.1125 0.0984375 0.0359375 0.0703125
1 0.2640625 0.315625 0.0546875 0.040625
1 0.13046875 0.36953125 0.0453125 0.0609375
1 0.3390625 0.37421875 0.059375 0.0515625
1 0.4140625 0.2828125 0.0734375 0.034375
1 0.51875 0.38359375 0.05 0.0328125
1 0.5734375 0.3859375 0.034375 0.028125
1 0.5890625 0.165625 0.053125 0.0453125
1 0.6046875 0.0328125 0.028125 0.0359375
1 0.3375 0.0984375 0.03125 0.025
1 0.5453125 0.2328125 0.025 0.0296875
1 0.5703125 0.2765625 0.03125 0.028125
0 0.40234375 0.0203125 0.0734375 0.040625
0 0.29453125 0.021875 0.1609375 0.04375
0 0.15390625 0.0296875 0.1203125 0.059375
0 0.80703125 0.26640625 0.1765625 0.2671875
1 0.7921875 0.0375 0.059375 0.046875
0 0.846875 0.32109375 0.090625 0.1578125
1 0.3515625 0.653125 0.0125 0.0234375
1 0.3421875 0.703125 0.0125 0.0125
1 0.265625 0.628125 0.0125 0.0078125
1 0.2375 0.7046875 0.015625 0.0078125
1 0.04375 0.6640625 0.01875 0.01875
0 0.0859375 0.94375 0.121875 0.1125
1 0.15390625 0.98203125 0.0640625 0.0359375
0 0.19765625 0.93125 0.0734375 0.1375
1 0.2703125 0.97265625 0.078125 0.0546875
0 0.35390625 0.934375 0.1359375 0.13125
1 0.39921875 0.99140625 0.0953125 0.0171875
1 0.534375 0.97734375 0.034375 0.0453125
1 0.46328125 0.984375 0.1296875 0.03125
1 0.453125 0.753125 0.028125 0.0296875
0 0.51953125 0.44609375 0.0640625 0.0921875
0 0.4640625 0.45234375 0.103125 0.1046875
1 0.28984375 0.4359375 0.1078125 0.071875
0 0.35703125 0.43671875 0.1140625 0.0734375
0 0.05625 0.42421875 0.0625 0.0484375
0 0.115625 0.44375 0.115625 0.0875
1 0.2140625 0.43125 0.078125 0.0625
1 0.8328125 0.975 0.053125 0.0390625
1 0.834375 0.94375 0.0359375 0.0234375
1 0.86875 0.95625 0.0171875 0.028125
1 0.9203125 0.9375 0.0234375 0.0234375
1 0.8984375 0.9109375 0.0296875 0.0265625
1 0.896875 0.8875 0.0359375 0.0359375
1 0.8890625 0.85625 0.040625 0.0328125
1 0.828125 0.8328125 0.0546875 0.0796875
1 0.8953125 0.8171875 0.0328125 0.034375
1 0.90625 0.78125 0.028125 0.0203125
1 0.946875 0.8390625 0.0765625 0.0578125
1 0.98671875 0.91875 0.0265625 0.078125
0 0.98203125 0.609375 0.0359375 0.09375
1 0.9953125 0.675 0.009375 0.03125
1 0.97890625 0.7515625 0.0421875 0.040625
1 0.95625 0.709375 0.0203125 0.0203125
1 0.928125 0.7046875 0.0171875 0.028125
1 0.928125 0.7484375 0.025 0.03125
1 0.8890625 0.690625 0.0421875 0.0296875
1 0.8640625 0.6734375 0.021875 0.025
1 0.8453125 0.715625 0.015625 0.01875
1 0.8390625 0.7421875 0.0171875 0.0234375
1 0.809375 0.6953125 0.0171875 0.0328125
1 0.8234375 0.6390625 0.03125 0.03125
1 0.8796875 0.6390625 0.04375 0.0328125
0 0.896875 0.5796875 0.1421875 0.1671875
1 0.8125 0.559375 0.0234375 0.0390625
1 0.8046875 0.4546875 0.009375 0.03125
1 0.8109375 0.415625 0.021875 0.0296875
1 0.8890625 0.459375 0.0796875 0.0640625
1 0.9109375 0.5125 0.0421875 0.0328125
1 0.9140625 0.4203125 0.028125 0.0203125
1 0.9578125 0.4359375 0.0375 0.0703125
1 0.96796875 0.5203125 0.0640625 0.090625
1 0.9328125 0.4828125 0.025 0.028125
1 0.98359375 0.4390625 0.0328125 0.078125