1 0.009375 0.0546875 0.009375 0.0078125
1 0.17578125 0.00859375 0.0328125 0.0171875
1 0.1765625 0.2765625 0.0421875 0.0375
1 0.2015625 0.35 0.0328125 0.0265625
1 0.315625 0.2921875 0.0296875 0.040625
1 0.1203125 0.39140625 0.071875 0.0765625
0 0.1 0.125 0.2 0.25
0 0.275 0.1390625 0.140625 0.203125
0 0.1640625 0.1578125 0.271875 0.275
0 0.090625 0.1265625 0.0734375 0.1078125
1 0.84375 0.0515625 0.034375 0.046875
1 0.8125 0.2890625 0.0359375 0.0140625
1 0.8078125 0.3046875 0.021875 0.0234375
1 0.81875 0.296875 0.015625 0.0125
1 0.9359375 0.4265625 0.021875 0.00625
0 0.87890625 0.378125 0.1953125 0.103125
0 0.79921875 0.403125 0.1203125 0.053125
1 0.95 0.2828125 0.0125 0.00625
0 0.3828125 0.5515625 0.275 0.1734375
0 0.0578125 0.5296875 0.115625 0.175
1 0.278125 0.946875 0.046875 0.040625
1 0.815625 0.575 0.025 0.021875
1 0.8484375 0.5921875 0.0359375 0.0390625
1 0.8640625 0.840625 0.028125 0.021875
1 0.8859375 0.5359375 0.0140625 0.0171875
1 0.925 0.7421875 0.0296875 0.0296875
1 0.96875 0.5484375 0.0140625 0.0109375
1 0.97109375 0.43203125 0.0109375 0.0046875
1 0.99140625 0.4578125 0.0171875 0.040625
1 0.9046875 0.478125 0.0140625 0.0234375
1 0.8921875 0.4671875 0.021875 0.03125
1 0.77578125 0.440625 0.0265625 0.021875
1 0.7703125 0.440625 0.053125 0.021875
1 0.76875 0.7375 0.0078125 0.009375
1 0.7875 0.74375 0.0296875 0.0265625
0 0.79765625 0.865625 0.1078125 0.26875
1 0.934375 0.85625 0.0203125 0.021875
1 0.9578125 0.9109375 0.0078125 0.0046875