1 0.01796875 0.0046875 0.0171875 0.009375
0 0.0578125 0.11015625 0.115625 0.2046875
0 0.1078125 0.278125 0.215625 0.228125
1 0.0421875 0.190625 0.03125 0.0203125
1 0.025 0.25 0.0140625 0.015625
1 0.0296875 0.3359375 0.0140625 0.015625
1 0.046875 0.3328125 0.0875 0.0421875
1 0.059375 0.340625 0.05625 0.0296875
0 0.1 0.44609375 0.2 0.1578125
1 0.3484375 0.0140625 0.0109375 0.0203125
1 0.39375 0.21640625 0.0125 0.0453125
1 0.371875 0.2921875 0.0203125 0.021875
1 0.39296875 0.38203125 0.0140625 0.0390625
1 0.3875 0.4078125 0.0234375 0.015625
1 0.3140625 0.4796875 0.0078125 0.01875
1 0.2953125 0.3859375 0.025 0.0296875
1 0.3390625 0.41875 0.03125 0.0296875
1 0.2828125 0.359375 0.0359375 0.03125
1 0.30625 0.3625 0.0296875 0.0375
1 0.259375 0.121875 0.0125 0.009375
1 0.2484375 0.240625 0.0234375 0.0234375
1 0.140625 0.1828125 0.028125 0.015625
1 0.078125 0.20625 0.046875 0.028125
0 0.7921875 0.1828125 0.1875 0.1765625
0 0.753125 0.57578125 0.04375 0.0671875
0 0.3328125 0.83203125 0.134375 0.1421875
0 0.32421875 0.93359375 0.1171875 0.1328125
1 0.3296875 0.91875 0.0625 0.0453125
1 0.6703125 0.915625 0.01875 0.0234375
0 0.43203125 0.94140625 0.0640625 0.1171875
1 0.89375 0.88125 0.021875 0.025
1 0.4109375 0.87890625 0.021875 0.0234375
1 0.4953125 0.86875 0.021875 0.021875
1 0.521875 0.790625 0.0203125 0.0265625
0 0.434375 0.746875 0.06875 0.1
1 0.6796875 0.9453125 0.0234375 0.028125
1 0.79375 0.99375 0.04375 0.0125
1 0.7375 0.784375 0.0234375 0.0203125
1 0.7578125 0.815625 0.025 0.03125
1 0.7984375 0.83125 0.0375 0.0203125
1 0.8609375 0.8484375 0.015625 0.015625
1 0.9109375 0.8671875 0.0265625 0.0234375
0 0.91328125 0.9671875 0.1203125 0.065625
0 0.9296875 0.903125 0.075 0.05
0 0.953125 0.78828125 0.09375 0.0640625
0 0.934375 0.734375 0.13125 0.078125