0 0.3484375 0.428125 0.178125 0.14375
0 0.29375 0.3140625 0.065625 0.159375
0 0.3046875 0.23125 0.0171875 0.046875
1 0.3296875 0.3171875 0.04375 0.0328125
1 0.234375 0.353125 0.034375 0.03125
1 0.08125 0.284375 0.0390625 0.025
1 0.040625 0.384375 0.0234375 0.0265625
1 0.2015625 0.3578125 0.0234375 0.03125
1 0.2359375 0.325 0.028125 0.0125
1 0.3734375 0.3390625 0.01875 0.0375
1 0.490625 0.40546875 0.01875 0.0328125
1 0.46875 0.2625 0.0140625 0.0203125
1 0.4875 0.36640625 0.025 0.0234375
1 0.2296875 0.2484375 0.025 0.0328125
0 0.5625 0.0234375 0.0875 0.046875
0 0.575 0.059375 0.0875 0.0546875
0 0.5640625 0.19609375 0.128125 0.1890625
0 0.578125 0.3203125 0.075 0.0484375
1 0.7421875 0.1359375 0.0171875 0.0140625
1 0.8984375 0.3328125 0.0390625 0.059375
1 0.909375 0.2109375 0.040625 0.0375
1 0.9765625 0.103125 0.0296875 0.0328125
1 0.8984375 0.0375 0.0296875 0.015625
1 0.96875 0.025 0.015625 0.015625
1 0.9421875 0.115625 0.015625 0.0125
1 0.3828125 0.7578125 0.0296875 0.021875
1 0.3265625 0.740625 0.015625 0.028125
0 0.25625 0.7640625 0.025 0.11875
1 0.440625 0.6546875 0.0296875 0.0421875
1 0.228125 0.6296875 0.0171875 0.021875
1 0.284375 0.615625 0.00625 0.0109375
1 0.3640625 0.584375 0.0171875 0.0234375
1 0.43125 0.5578125 0.0328125 0.0171875
1 0.25390625 0.52421875 0.0984375 0.0484375
0 0.11953125 0.5890625 0.2390625 0.178125
0 0.10234375 0.6625 0.2046875 0.325
1 0.4671875 0.578125 0.0234375 0.0140625
1 0.90390625 0.9921875 0.0296875 0.015625
1 0.9078125 0.959375 0.0203125 0.0265625
1 0.7890625 0.95 0.0203125 0.04375
1 0.99296875 0.9375 0.0140625 0.025
1 0.9484375 0.9296875 0.0140625 0.015625
1 0.5328125 0.925 0.0296875 0.01875
1 0.80625 0.88125 0.0328125 0.0203125
1 0.996875 0.84609375 0.00625 0.0453125
1 0.715625 0.8328125 0.0359375 0.0390625
1 0.7890625 0.7640625 0.0265625 0.015625
1 0.69375 0.7328125 0.03125 0.028125
1 0.571875 0.7 0.03125 0.025
0 0.8234375 0.6390625 0.0265625 0.0734375
1 0.7875 0.6078125 0.021875 0.0125
0 0.696875 0.6390625 0.15 0.075
0 0.603125 0.628125 0.0328125 0.0515625
1 0.5546875 0.678125 0.03125 0.03125
1 0.56875 0.809375 0.046875 0.0375
1 0.5640625 0.8328125 0.0359375 0.0234375
1 0.553125 0.86875 0.021875 0.025
1 0.5765625 0.8609375 0.0359375 0.0234375
1 0.5828125 0.8484375 0.025 0.025
1 0.7953125 0.709375 0.0390625 0.021875
1 0.809375 0.74375 0.028125 0.0203125
1 0.8921875 0.6296875 0.034375 0.0328125
1 0.9265625 0.6265625 0.04375 0.0484375
1 0.93125 0.684375 0.0265625 0.01875
0 0.74375 0.8296875 0.2828125 0.2859375
0 0.7078125 0.9609375 0.221875 0.078125
1 0.715625 0.8734375 0.0296875 0.0328125
1 0.9140625 0.8546875 0.0296875 0.0453125
1 0.9015625 0.828125 0.034375 0.0390625
1 0.9453125 0.7796875 0.0265625 0.0375
1 0.9015625 0.7734375 0.021875 0.03125
1 0.9171875 0.765625 0.01875 0.0265625