0 0.11953125 0.0375 0.1921875 0.075
0 0.0875 0.0796875 0.1640625 0.084375
0 0.0953125 0.1578125 0.18125 0.121875
0 0.0890625 0.2453125 0.165625 0.071875
1 0.3609375 0.153125 0.015625 0.015625
0 0.59296875 0.1046875 0.2984375 0.209375
1 0.4625 0.1484375 0.04375 0.028125
1 0.4484375 0.18125 0.0453125 0.0453125
1 0.45 0.1109375 0.0484375 0.0375
1 0.43203125 0.01015625 0.0265625 0.0203125
1 0.74375 0.115625 0.040625 0.0375
1 0.703125 0.1203125 0.04375 0.0390625
1 0.7453125 0.16875 0.04375 0.028125
1 0.796875 0.184375 0.028125 0.028125
1 0.9359375 0.1828125 0.0390625 0.028125
1 0.903125 0.184375 0.0359375 0.046875
1 0.7703125 0.01484375 0.053125 0.0296875
1 0.940625 0.109375 0.03125 0.0359375
1 0.890625 0.053125 0.0375 0.0265625
1 0.80625 0.0515625 0.05625 0.06875
1 0.8125 0.0140625 0.040625 0.028125
1 0.7828125 0.06875 0.0109375 0.01875
1 0.8 0.0734375 0.0203125 0.015625
1 0.9171875 0.0296875 0.0234375 0.015625
1 0.9296875 0.0453125 0.015625 0.0109375
1 0.9515625 0.0140625 0.0375 0.0234375
1 0.915625 0.01171875 0.028125 0.0234375
1 0.9515625 0.0015625 0.0375 0.003125
1 0.371875 0.4515625 0.0296875 0.0296875
1 0.4140625 0.44375 0.009375 0.0125
1 0.175 0.5703125 0.0484375 0.0390625
1 0.2640625 0.940625 0.0703125 0.0453125
1 0.359375 0.9125 0.009375 0.015625
1 0.2078125 0.878125 0.06875 0.090625
1 0.2140625 0.6734375 0.01875 0.015625
1 0.0921875 0.5484375 0.028125 0.03125
1 0.1046875 0.459375 0.065625 0.046875
1 0.0875 0.8453125 0.00625 0.015625
0 0.015625 0.896875 0.03125 0.13125
0 0.03984375 0.57109375 0.0796875 0.2703125
0 0.06015625 0.6859375 0.1203125 0.246875
1 0.0265625 0.771875 0.0140625 0.009375
0 0.0453125 0.834375 0.090625 0.25625
0 0.0625 0.9453125 0.0125 0.034375
1 0.0375 0.640625 0.025 0.028125
1 0.028125 0.640625 0.0140625 0.0234375
1 0.4609375 0.721875 0.009375 0.0125
1 0.4296875 0.7171875 0.021875 0.028125
1 0.4328125 0.7921875 0.0171875 0.0078125
1 0.5515625 0.85625 0.0078125 0.0078125
1 0.5875 0.859375 0.009375 0.009375
1 0.5796875 0.6921875 0.0234375 0.0171875
1 0.5890625 0.559375 0.028125 0.0109375
1 0.7015625 0.5671875 0.0046875 0.0078125
1 0.703125 0.559375 0.0078125 0.0046875
1 0.746875 0.6234375 0.025 0.0296875
1 0.6890625 0.66875 0.00625 0.0125
1 0.740625 0.7015625 0.015625 0.0140625
1 0.778125 0.7984375 0.2375 0.1671875
1 0.73046875 0.93125 0.2140625 0.1375
0 0.84609375 0.915625 0.1828125 0.16875
1 0.884375 0.8234375 0.0109375 0.015625
0 0.8484375 0.59375 0.1765625 0.08125
1 0.8734375 0.565625 0.0078125 0.0046875
0 0.846875 0.7734375 0.2140625 0.2203125
1 0.8078125 0.825 0.0375 0.0125
1 0.7546875 0.740625 0.0421875 0.015625