1 0.3515625 0.54453125 0.05625 0.0109375
1 0.3578125 0.2953125 0.0515625 0.0578125
0 0.1875 0.20625 0.1609375 0.35625
0 0.32265625 0.18515625 0.1546875 0.3203125
0 0.59765625 0.53203125 0.0859375 0.0359375
0 0.890625 0.5328125 0.14375 0.034375
1 0.9328125 0.290625 0.034375 0.0328125
1 0.8984375 0.25 0.0265625 0.03125
1 0.8390625 0.2921875 0.0296875 0.03125
1 0.79375 0.3140625 0.0328125 0.028125
0 0.50625 0.0828125 0.08125 0.165625
0 0.584375 0.090625 0.090625 0.125
0 0.6609375 0.059375 0.1546875 0.084375
1 0.61875 0.13125 0.0234375 0.025
1 0.7515625 0.1578125 0.0234375 0.03125
1 0.71875 0.13125 0.028125 0.025
1 0.7171875 0.103125 0.021875 0.015625
0 0.79375 0.075 0.0921875 0.15
1 0.86875 0.18125 0.0296875 0.0265625
1 0.85625 0.134375 0.0265625 0.03125
0 0.8859375 0.0640625 0.090625 0.1265625
1 0.57734375 0.009375 0.0234375 0.01875
1 0.803125 0.1546875 0.028125 0.0234375
0 0.0828125 0.853125 0.0953125 0.1578125
1 0.01015625 0.86015625 0.0203125 0.0703125
1 0.1421875 0.8359375 0.0890625 0.0609375
1 0.1796875 0.875 0.03125 0.0328125
0 0.265625 0.8671875 0.121875 0.1640625
0 0.353125 0.8515625 0.06875 0.084375
1 0.165625 0.6328125 0.0296875 0.0359375
1 0.2109375 0.55859375 0.046875 0.0171875
1 0.2765625 0.571875 0.059375 0.04375
1 0.7859375 0.9765625 0.0078125 0.0078125
0 0.728125 0.775 0.125 0.215625
1 0.809375 0.7796875 0.053125 0.0375
1 0.80625 0.7390625 0.0203125 0.0296875
0 0.89375 0.734375 0.1125 0.14375
1 0.8890625 0.7 0.0078125 0.0109375
1 0.6125 0.659375 0.0140625 0.009375
1 0.678125 0.6375 0.015625 0.0234375