1 0.25 0.00625 0.009375 0.0125
0 0.775 0.0984375 0.134375 0.046875
0 0.8484375 0.1109375 0.0484375 0.0703125
1 0.8578125 0.159375 0.0296875 0.03125
1 0.865625 0.1765625 0.015625 0.0328125
1 0.859375 0.1890625 0.015625 0.0171875
1 0.8765625 0.1859375 0.0140625 0.01875
1 0.7265625 0.1515625 0.0328125 0.0234375
1 0.753125 0.1765625 0.0203125 0.0453125
1 0.7546875 0.196875 0.028125 0.025
1 0.778125 0.29375 0.0234375 0.0234375
0 0.784375 0.2828125 0.134375 0.2765625
1 0.9859375 0.140625 0.025 0.0203125
1 0.9875 0.1796875 0.0109375 0.015625
1 0.9953125 0.25 0.009375 0.025
1 0.9875 0.26796875 0.025 0.0265625
1 0.9953125 0.28984375 0.009375 0.0328125
1 0.9890625 0.4765625 0.015625 0.03125
1 0.990625 0.4796875 0.01875 0.01875
0 0.8 0.53359375 0.125 0.0703125
1 0.684375 0.459375 0.0296875 0.015625
1 0.6890625 0.3796875 0.0171875 0.03125
1 0.71875 0.396875 0.01875 0.021875
1 0.771875 0.39375 0.0296875 0.0265625
1 0.7328125 0.4 0.0140625 0.015625
1 0.6359375 0.3484375 0.0234375 0.0234375
1 0.6375 0.359375 0.021875 0.0203125
1 0.628125 0.084375 0.0171875 0.015625
1 0.6671875 0.1171875 0.015625 0.01875
1 0.5078125 0.0828125 0.021875 0.0140625
1 0.5125 0.1296875 0.0328125 0.0203125
1 0.5046875 0.1765625 0.0265625 0.0265625
1 0.4828125 0.2171875 0.0328125 0.025
1 0.528125 0.2078125 0.0078125 0.0125
1 0.36875 0.203125 0.0171875 0.0203125
1 0.31875 0.3375 0.0375 0.028125
1 0.403125 0.428125 0.034375 0.0171875
1 0.5640625 0.4234375 0.03125 0.0265625
1 0.5 0.4390625 0.015625 0.015625
1 0.3734375 0.384375 0.0234375 0.0125
1 0.3078125 0.55234375 0.015625 0.0265625
1 0.3421875 0.5421875 0.015625 0.015625
1 0.33125 0.5078125 0.01875 0.015625
1 0.8953125 0.5640625 0.01875 0.009375
1 0.01328125 0.7390625 0.0265625 0.04375
1 0.009375 0.8140625 0.01875 0.0140625
1 0.00625 0.88125 0.0125 0.01875
1 0.0515625 0.90625 0.0140625 0.009375
1 0.015625 0.93671875 0.03125 0.0390625
1 0.5515625 0.94375 0.0046875 0.0125
1 0.8859375 0.721875 0.0078125 0.00625
1 0.35625 0.8546875 0.015625 0.0171875
1 0.3578125 0.7984375 0.015625 0.0046875
1 0.3765625 0.9859375 0.025 0.0234375
1 0.3921875 0.99296875 0.0125 0.0140625
1 0.384375 0.9625 0.021875 0.03125
1 0.4203125 0.95 0.034375 0.025
1 0.409375 0.9140625 0.0171875 0.0140625
1 0.3890625 0.9140625 0.0234375 0.0203125
1 0.375 0.9265625 0.0125 0.0203125
1 0.3875 0.8109375 0.0171875 0.0171875
1 0.409375 0.8125 0.0265625 0.025
1 0.51875 0.9921875 0.025 0.015625
1 0.534375 0.8203125 0.0234375 0.0171875
1 0.5734375 0.8453125 0.0140625 0.01875
1 0.5796875 0.725 0.0234375 0.0125
1 0.7328125 0.828125 0.0109375 0.021875
0 0.6734375 0.8015625 0.2609375 0.1640625
1 0.64375 0.95 0.0140625 0.0140625
0 0.71875 0.90625 0.259375 0.1875
1 0.58359375 0.99609375 0.0234375 0.0078125
1 0.8828125 0.9078125 0.03125 0.0296875
1 0.8703125 0.8890625 0.0203125 0.028125
1 0.865625 0.8859375 0.03125 0.0265625
1 0.8453125 0.878125 0.0140625 0.01875
1 0.8609375 0.85 0.0296875 0.03125
1 0.8390625 0.8390625 0.0234375 0.0234375
1 0.8796875 0.834375 0.0265625 0.0203125
1 0.8609375 0.83125 0.015625 0.021875
1 0.821875 0.7984375 0.015625 0.0140625
1 0.84375 0.8125 0.03125 0.028125
1 0.875 0.8 0.015625 0.03125
1 0.8421875 0.8078125 0.0234375 0.0140625
1 0.8640625 0.8015625 0.0234375 0.0125
1 0.878125 0.9578125 0.0328125 0.028125
1 0.88125 0.978125 0.0265625 0.0125
1 0.9671875 0.96875 0.0140625 0.0203125
1 0.984375 0.95 0.015625 0.01875
1 0.98671875 0.99140625 0.0265625 0.0171875
1 0.99609375 0.8109375 0.0078125 0.01875
1 0.98671875 0.79921875 0.0265625 0.0234375
1 0.99375 0.73984375 0.0125 0.0265625
1 0.99609375 0.75546875 0.0078125 0.0171875