1 0.3484375 0.1359375 0.028125 0.0328125
1 0.1953125 0.15 0.0234375 0.0140625
1 0.103125 0.2890625 0.028125 0.04375
1 0.1375 0.3109375 0.01875 0.0296875
1 0.359375 0.34375 0.0203125 0.0296875
1 0.3015625 0.346875 0.03125 0.0375
1 0.4515625 0.3828125 0.0390625 0.028125
1 0.1375 0.3796875 0.0484375 0.0515625
1 0.35 0.4109375 0.0234375 0.0234375
1 0.3265625 0.4453125 0.0359375 0.0359375
1 0.4046875 0.453125 0.0328125 0.0328125
1 0.4390625 0.2328125 0.0484375 0.040625
1 0.440625 0.1890625 0.053125 0.0421875
1 0.48125 0.3046875 0.0390625 0.0625
1 0.4296875 0.1296875 0.0359375 0.0421875
1 0.465625 0.1484375 0.028125 0.0328125
1 0.353125 0.096875 0.021875 0.0171875
1 0.3671875 0.01875 0.0578125 0.034375
1 0.378125 0.04375 0.015625 0.025
1 0.01015625 0.428125 0.0203125 0.03125
1 0.071875 0.321875 0.0171875 0.0234375
1 0.053125 0.340625 0.021875 0.0203125
1 0.04375 0.3265625 0.0328125 0.0171875
1 0.1578125 0.4828125 0.0296875 0.021875
1 0.1515625 0.4734375 0.040625 0.028125
1 0.04765625 0.00859375 0.0421875 0.0171875
1 0.15625 0.1046875 0.0234375 0.028125
1 0.0921875 0.121875 0.0375 0.025
1 0.059375 0.153125 0.034375 0.0359375
1 0.2125 0.109375 0.0203125 0.0171875
1 0.2265625 0.146875 0.025 0.0234375
1 0.1609375 0.221875 0.0234375 0.0359375
0 0.284375 0.221875 0.1296875 0.071875
0 0.24375 0.190625 0.153125 0.1046875
1 0.2078125 0.2515625 0.015625 0.021875
1 0.1828125 0.2640625 0.0296875 0.021875
1 0.315625 0.2578125 0.025 0.0234375
1 0.296875 0.2578125 0.0234375 0.0171875
1 0.303125 0.0609375 0.0234375 0.0328125
0 0.2609375 0.0359375 0.15625 0.071875
1 0.196875 0.0109375 0.053125 0.021875
1 0.015625 0.165625 0.03125 0.0234375
1 0.071875 0.0890625 0.0421875 0.0328125
1 0.0375 0.090625 0.0390625 0.0359375
1 0.0328125 0.190625 0.03125 0.0234375
1 0.1921875 0.4109375 0.0390625 0.04375
0 0.2484375 0.4328125 0.0734375 0.121875
0 0.225 0.3140625 0.1296875 0.1125
1 0.7203125 0.02578125 0.021875 0.0171875
1 0.71875 0.0828125 0.0171875 0.0109375
1 0.79375 0.1171875 0.0140625 0.0203125
1 0.959375 0.14375 0.040625 0.015625
1 0.8125 0.1421875 0.021875 0.025
1 0.871875 0.1640625 0.015625 0.021875
1 0.8109375 0.3453125 0.015625 0.0203125
1 0.9046875 0.4296875 0.0109375 0.015625
0 0.95625 0.4953125 0.0875 0.1
0 0.95703125 0.2359375 0.0859375 0.109375
0 0.95078125 0.346875 0.0984375 0.134375
1 0.9890625 0.3953125 0.021875 0.028125
1 0.9671875 0.4265625 0.0453125 0.0328125
0 0.97578125 0.07109375 0.0484375 0.0578125
0 0.97734375 0.0484375 0.0453125 0.059375
1 0.125 0.928125 0.0359375 0.028125
1 0.25625 0.928125 0.0546875 0.0578125
1 0.33984375 0.9640625 0.0796875 0.071875
0 0.46171875 0.921875 0.3265625 0.15625
1 0.8625 0.796875 0.1859375 0.128125
1 0.7859375 0.9453125 0.021875 0.0390625
1 0.725 0.93125 0.009375 0.0265625
0 0.7546875 0.79375 0.090625 0.159375