1 0.30625 0.371875 0.078125 0.046875
1 0.1984375 0.3703125 0.0515625 0.04375
1 0.3078125 0.25625 0.1015625 0.071875
1 0.3796875 0.23515625 0.059375 0.0328125
1 0.390625 0.128125 0.0375 0.065625
0 0.075 0.2765625 0.11875 0.1625
1 0.146875 0.23125 0.0609375 0.0453125
1 0.24375 0.278125 0.025 0.0296875
1 0.0390625 0.1265625 0.0328125 0.03125
1 0.0953125 0.153125 0.0359375 0.0328125
1 0.0328125 0.2140625 0.0375 0.028125
1 0.325 0.0296875 0.0375 0.0359375
1 0.2859375 0.0515625 0.0234375 0.01875
1 0.275 0.0828125 0.03125 0.040625
1 0.3421875 0.0078125 0.05 0.015625
0 0.1265625 0.05078125 0.15 0.1015625
1 0.9453125 0.465625 0.0125 0.0125
1 0.940625 0.45 0.015625 0.0125
1 0.9109375 0.4265625 0.03125 0.0203125
1 0.9546875 0.4203125 0.0296875 0.0140625
1 0.925 0.384375 0.021875 0.0125
1 0.940625 0.3546875 0.0078125 0.0203125
1 0.9140625 0.3640625 0.01875 0.0078125
1 0.903125 0.3421875 0.01875 0.0078125
1 0.9296875 0.3234375 0.028125 0.0203125
1 0.8640625 0.3484375 0.0125 0.015625
1 0.8875 0.275 0.01875 0.015625
1 0.934375 0.265625 0.03125 0.0234375
1 0.9609375 0.26875 0.015625 0.0125
1 0.9453125 0.4296875 0.00625 0.0109375
1 0.9609375 0.471875 0.0109375 0.009375
1 0.8421875 0.3015625 0.0125 0.009375
1 0.8484375 0.2859375 0.01875 0.0125
1 0.9109375 0.2546875 0.0125 0.0171875
1 0.940625 0.24375 0.009375 0.0125
1 0.946875 0.228125 0.0171875 0.01875
1 0.996875 0.2265625 0.00625 0.015625
1 0.9953125 0.0765625 0.009375 0.021875
1 0.9796875 0.00625 0.028125 0.0125
1 0.96875 0.0890625 0.034375 0.0234375
1 0.9140625 0.1109375 0.03125 0.0328125
1 0.9390625 0.0625 0.0140625 0.0234375
1 0.921875 0.0140625 0.0171875 0.021875
1 0.890625 0.00625 0.015625 0.0125
1 0.909375 0.0734375 0.0203125 0.0078125
1 0.903125 0.0625 0.0234375 0.0203125
1 0.88125 0.071875 0.01875 0.021875
1 0.8859375 0.0484375 0.015625 0.021875
1 0.8734375 0.0578125 0.0171875 0.0203125
1 0.8453125 0.071875 0.0109375 0.0203125
1 0.8484375 0.0375 0.015625 0.015625
1 0.825 0.046875 0.015625 0.015625
1 0.8578125 0.465625 0.025 0.0203125
1 0.8265625 0.459375 0.0234375 0.0125
1 0.8015625 0.4109375 0.021875 0.0109375
1 0.7953125 0.25625 0.025 0.0140625
1 0.784375 0.2328125 0.015625 0.015625
1 0.74375 0.2296875 0.0265625 0.0171875
1 0.803125 0.2 0.03125 0.0375
1 0.7921875 0.1546875 0.025 0.0328125
1 0.775 0.1546875 0.0171875 0.015625
1 0.740625 0.11875 0.0140625 0.0140625
1 0.8421875 0.1515625 0.0296875 0.0140625
1 0.9375 0.1625 0.0125 0.0171875
1 0.834375 0.1265625 0.0171875 0.021875
1 0.803125 0.0796875 0.015625 0.0234375
1 0.7734375 0.04375 0.0171875 0.0125
1 0.7328125 0.01015625 0.028125 0.0203125
1 0.66875 0.4640625 0.015625 0.0140625
1 0.665625 0.4453125 0.015625 0.0203125
1 0.615625 0.4671875 0.0140625 0.01875
1 0.6609375 0.4234375 0.0390625 0.03125
1 0.6921875 0.4125 0.025 0.015625
1 0.753125 0.421875 0.0109375 0.0109375
1 0.60625 0.40625 0.01875 0.015625
1 0.553125 0.4140625 0.025 0.021875
1 0.5296875 0.4046875 0.0125 0.0125
1 0.53125 0.4703125 0.0265625 0.0109375
1 0.4859375 0.45 0.015625 0.0234375
1 0.6671875 0.365625 0.0140625 0.0265625
1 0.6328125 0.378125 0.0265625 0.0171875
1 0.55625 0.359375 0.0109375 0.0171875
1 0.653125 0.3453125 0.01875 0.0421875
1 0.6734375 0.3421875 0.0078125 0.0125
1 0.6328125 0.35625 0.0203125 0.00625
1 0.609375 0.321875 0.0125 0.0203125
1 0.6375 0.3296875 0.0375 0.03125
1 0.6 0.259375 0.015625 0.0234375
1 0.6734375 0.225 0.0203125 0.0140625
1 0.6703125 0.19375 0.0109375 0.015625
1 0.6546875 0.1953125 0.0171875 0.0140625
1 0.625 0.175 0.0203125 0.0234375
1 0.6640625 0.165625 0.015625 0.01875
1 0.5046875 0.3359375 0.0140625 0.0109375
1 0.4890625 0.34375 0.0125 0.0140625
1 0.48125 0.325 0.0171875 0.0296875
1 0.5328125 0.3015625 0.021875 0.0140625
1 0.596875 0.2109375 0.0359375 0.040625
1 0.5765625 0.1984375 0.0171875 0.015625
1 0.55 0.228125 0.0328125 0.0328125
1 0.525 0.23125 0.025 0.0265625
1 0.4859375 0.23125 0.01875 0.0125
1 0.7078125 0.078125 0.0203125 0.0234375
1 0.753125 0.09375 0.0078125 0.00625
1 0.6671875 0.1203125 0.04375 0.0375
1 0.646875 0.10625 0.015625 0.0171875
1 0.609375 0.140625 0.0125 0.0171875
1 0.56875 0.1296875 0.0296875 0.025
1 0.5984375 0.125 0.028125 0.021875
1 0.6109375 0.0921875 0.0203125 0.03125
1 0.534375 0.090625 0.0171875 0.0171875
1 0.5484375 0.06875 0.01875 0.0203125
1 0.5734375 0.0484375 0.0171875 0.0296875
1 0.60625 0.0203125 0.0109375 0.0171875
1 0.65625 0.0140625 0.0296875 0.0265625
1 0.459375 0.471875 0.009375 0.00625
1 0.4421875 0.4265625 0.0203125 0.021875
1 0.4625 0.4140625 0.040625 0.0375
1 0.4453125 0.38125 0.0265625 0.01875
1 0.4765625 0.359375 0.015625 0.0125
1 0.4125 0.384375 0.00625 0.025
1 0.4359375 0.3359375 0.0140625 0.0125
1 0.459375 0.3078125 0.0171875 0.0234375
1 0.425 0.353125 0.03125 0.034375
1 0.42109375 0.24921875 0.0234375 0.0359375
1 0.4765625 0.2140625 0.01875 0.0296875
1 0.465625 0.20625 0.0265625 0.0234375
1 0.440625 0.2078125 0.015625 0.021875
1 0.4359375 0.1484375 0.0234375 0.0171875
1 0.41875 0.1203125 0.01875 0.0125
1 0.496875 0.13125 0.0203125 0.0171875
1 0.465625 0.10625 0.015625 0.0109375
1 0.4765625 0.009375 0.0171875 0.0125
1 0.884375 0.3078125 0.0125 0.0125
1 0.65 0.090625 0.015625 0.021875
1 0.671875 0.0765625 0.0125 0.0125
1 0.6984375 0.06875 0.0125 0.0109375
1 0.6828125 0.08125 0.0109375 0.0140625
1 0.4859375 0.265625 0.0078125 0.003125
1 0.4875 0.2796875 0.009375 0.0109375
1 0.503125 0.2515625 0.0078125 0.0109375
1 0.4921875 0.2046875 0.009375 0.0125
1 0.5453125 0.109375 0.0125 0.009375
1 0.33671875 0.99609375 0.0609375 0.0078125
1 0.346875 0.9703125 0.0234375 0.0296875
1 0.35 0.94375 0.028125 0.021875
1 0.3171875 0.9625 0.0234375 0.0171875
1 0.3171875 0.8859375 0.0703125 0.05625
1 0.3984375 0.90625 0.021875 0.01875
1 0.35625 0.74375 0.0296875 0.0203125
1 0.259375 0.790625 0.046875 0.0390625
1 0.190625 0.8359375 0.0328125 0.0265625
1 0.2 0.7296875 0.0515625 0.040625
1 0.2109375 0.9015625 0.021875 0.0265625
1 0.2953125 0.684375 0.021875 0.0234375
0 0.3390625 0.63125 0.0859375 0.103125
1 0.1890625 0.6515625 0.0203125 0.01875
1 0.2328125 0.6359375 0.021875 0.03125
1 0.31875 0.69375 0.0203125 0.0140625
1 0.39921875 0.83125 0.0203125 0.025
1 0.275 0.9078125 0.0140625 0.0171875
1 0.18515625 0.97265625 0.0796875 0.0546875
1 0.146875 0.9453125 0.0328125 0.0328125
1 0.059375 0.95625 0.028125 0.0296875
1 0.0234375 0.9828125 0.021875 0.0203125
1 0.065625 0.7921875 0.0234375 0.025
1 0.071875 0.7453125 0.0453125 0.0421875
1 0.0828125 0.69375 0.0421875 0.040625
1 0.04375 0.6171875 0.03125 0.0265625
1 0.0171875 0.615625 0.021875 0.03125
1 0.09921875 0.56328125 0.0359375 0.0078125
1 0.309375 0.834375 0.0234375 0.0140625
1 0.65 0.9015625 0.0234375 0.0125
1 0.7 0.9109375 0.0125 0.0125
1 0.625 0.9875 0.0078125 0.0125
1 0.97109375 0.971875 0.0578125 0.05625
0 0.9328125 0.89765625 0.134375 0.1359375
1 0.98984375 0.85234375 0.0203125 0.0953125
1 0.97578125 0.71875 0.0484375 0.034375
1 0.9828125 0.78828125 0.034375 0.1296875
1 0.75 0.8 0.0296875 0.028125
0 0.44921875 0.73203125 0.0796875 0.0640625
0 0.45546875 0.7890625 0.0921875 0.103125
1 0.4390625 0.95390625 0.059375 0.0921875
0 0.43984375 0.89453125 0.0609375 0.1140625