1 0.5671875 0.1546875 0.028125 0.0171875
1 0.5453125 0.2546875 0.0625 0.0234375
1 0.509375 0.1203125 0.053125 0.0484375
1 0.53125 0.1078125 0.009375 0.0296875
0 0.4625 0.1125 0.0328125 0.0484375
0 0.4671875 0.2140625 0.053125 0.134375
1 0.4953125 0.2359375 0.040625 0.0375
0 0.465625 0.296875 0.05 0.075
0 0.4546875 0.3609375 0.1375 0.078125
1 0.296875 0.2421875 0.0296875 0.065625
1 0.3859375 0.196875 0.046875 0.078125
1 0.2359375 0.153125 0.06875 0.0515625
1 0.16171875 0.3734375 0.0546875 0.053125
1 0.178125 0.296875 0.0265625 0.03125
1 0.1671875 0.3390625 0.028125 0.0375
1 0.1546875 0.1859375 0.0546875 0.0484375
1 0.11875 0.140625 0.05 0.103125
1 0.1609375 0.15625 0.0390625 0.03125
1 0.059375 0.128125 0.096875 0.08125
1 0.1578125 0.115625 0.059375 0.05625
1 0.01875 0.1953125 0.0203125 0.015625
1 0.02734375 0.315625 0.0546875 0.06875
1 0.4828125 0.1375 0.0265625 0.0234375
0 0.796875 0.1671875 0.19375 0.09375
0 0.865625 0.071875 0.26875 0.14375
1 0.43046875 0.40703125 0.0078125 0.0140625
1 0.4890625 0.4140625 0.0078125 0.0109375
1 0.575 0.4125 0.00625 0.0078125
1 0.4421875 0.4234375 0.021875 0.021875
1 0.5125 0.4484375 0.0109375 0.0125
1 0.3828125 0.4546875 0.0109375 0.0125
1 0.3265625 0.4859375 0.0125 0.0140625
1 0.5125 0.4921875 0.0078125 0.009375
1 0.571875 0.4984375 0.0109375 0.0109375
1 0.1515625 0.6203125 0.0140625 0.015625
1 0.5671875 0.6484375 0.0078125 0.009375
1 0.56875 0.6609375 0.009375 0.0109375
1 0.334375 0.7046875 0.015625 0.01875
1 0.41875 0.715625 0.009375 0.0078125
1 0.4609375 0.7359375 0.0140625 0.021875
1 0.35 0.75 0.009375 0.0125
1 0.234375 0.765625 0.009375 0.009375
1 0.45 0.79375 0.0125 0.0078125
1 0.4859375 0.8296875 0.0078125 0.0109375
1 0.2421875 0.8328125 0.0078125 0.0140625
1 0.190625 0.7625 0.0171875 0.021875
1 0.2671875 0.85 0.0125 0.01875
1 0.2921875 0.8484375 0.03125 0.0203125
1 0.134375 0.7828125 0.0109375 0.0171875
0 0.1109375 0.771875 0.125 0.175
0 0.1453125 0.6484375 0.1 0.03125
1 0.1125 0.684375 0.05 0.0375
1 0.1796875 0.66875 0.0140625 0.015625
1 0.14375 0.43125 0.0109375 0.0046875
1 0.06875 0.5234375 0.025 0.0234375
0 0.1484375 0.45078125 0.090625 0.1015625
1 0.1109375 0.4421875 0.0390625 0.0484375
0 0.08046875 0.51796875 0.1609375 0.1015625
0 0.66328125 0.6453125 0.1265625 0.275
1 0.8359375 0.73125 0.0390625 0.03125