1 0.015625 0.1625 0.0203125 0.0203125
1 0.096875 0.328125 0.015625 0.015625
1 0.0609375 0.278125 0.0171875 0.0140625
1 0.065625 0.2265625 0.0265625 0.0171875
1 0.0734375 0.21875 0.015625 0.01875
1 0.121875 0.2015625 0.015625 0.015625
1 0.11875 0.209375 0.0078125 0.0140625
1 0.0640625 0.2015625 0.021875 0.0203125
1 0.0625 0.2 0.021875 0.0265625
1 0.0859375 0.1625 0.01875 0.0203125
1 0.096875 0.121875 0.0171875 0.0234375
1 0.103125 0.0859375 0.0109375 0.009375
1 0.3828125 0.0125 0.0140625 0.0234375
1 0.3421875 0.0203125 0.021875 0.015625
1 0.2078125 0.025 0.0234375 0.015625
1 0.3390625 0.1296875 0.015625 0.0140625
1 0.3625 0.2265625 0.0125 0.0171875
1 0.403125 0.21953125 0.0125 0.0171875
1 0.36875 0.196875 0.0171875 0.009375
1 0.3828125 0.29375 0.028125 0.021875
1 0.3984375 0.0671875 0.0125 0.015625
1 0.228125 0.325 0.0375 0.03125
1 0.196875 0.1828125 0.0171875 0.015625
0 0.14375 0.0875 0.134375 0.1703125
1 0.18125 0.0765625 0.0203125 0.0109375
1 0.1390625 0.0296875 0.021875 0.009375
1 0.175 0.28125 0.025 0.01875
0 0.15625 0.3328125 0.11875 0.109375
1 0.90859375 0.49609375 0.0078125 0.0078125
1 0.903125 0.465625 0.0140625 0.0046875
1 0.8796875 0.465625 0.009375 0.0125
1 0.7859375 0.375 0.015625 0.0328125
1 0.41796875 0.37109375 0.0171875 0.0328125
1 0.421875 0.2796875 0.025 0.0234375
1 0.675 0.2296875 0.01875 0.009375
0 0.71875 0.3078125 0.175 0.24375
1 0.846875 0.1890625 0.009375 0.0078125
1 0.690625 0.16875 0.0265625 0.0140625
1 0.9921875 0.146875 0.00625 0.0125
1 0.6515625 0.1125 0.0171875 0.0140625
1 0.659375 0.078125 0.0234375 0.01875
1 0.8953125 0.0796875 0.0328125 0.0234375
0 0.6546875 0.1421875 0.259375 0.1546875
1 0.7390625 0.446875 0.0296875 0.0984375
1 0.74375 0.465625 0.0265625 0.0234375
1 0.6140625 0.1140625 0.0328125 0.01875
1 0.6421875 0.4390625 0.0140625 0.021875
1 0.046875 0.9328125 0.090625 0.0625
1 0.1453125 0.9390625 0.025 0.015625
1 0.10625 0.9390625 0.028125 0.0203125
1 0.21875 0.828125 0.0078125 0.0109375
1 0.253125 0.8265625 0.0125 0.0078125
0 0.0609375 0.80859375 0.121875 0.1953125
1 0.1015625 0.809375 0.0125 0.0234375
0 0.08359375 0.9671875 0.1671875 0.065625
1 0.3375 0.86875 0.0140625 0.0109375
1 0.40625 0.98828125 0.00625 0.0078125
0 0.75625 0.7671875 0.04375 0.0765625