0 0.165625 0.121875 0.0453125 0.078125
1 0.203125 0.35625 0.028125 0.0234375
1 0.2109375 0.29375 0.0375 0.034375
1 0.2578125 0.1015625 0.1109375 0.1625
1 0.3046875 0.4375 0.04375 0.028125
1 0.365625 0.45 0.0296875 0.0359375
1 0.4296875 0.5484375 0.01875 0.0171875
1 0.4984375 0.5453125 0.0640625 0.0421875
1 0.5125 0.434375 0.0390625 0.0171875
1 0.534375 0.1609375 0.0375 0.021875
1 0.5359375 0.271875 0.0375 0.028125
1 0.5828125 0.5609375 0.021875 0.0328125
1 0.6140625 0.375 0.01875 0.0265625
1 0.65 0.49375 0.040625 0.0359375
0 0.6046875 0.1640625 0.13125 0.1109375
1 0.4703125 0.43125 0.0234375 0.025
0 0.475 0.128125 0.1546875 0.1421875
1 0.403125 0.0640625 0.053125 0.128125
0 0.3546875 0.146875 0.046875 0.084375
1 0.2796875 0.5 0.04375 0.0453125
1 0.346875 0.5671875 0.028125 0.025
1 0.49375 0.3828125 0.0234375 0.0421875
1 0.825 0.2 0.028125 0.0328125
1 0.80625 0.084375 0.0296875 0.03125
0 0.796875 0.0375 0.0328125 0.0546875
0 0.92109375 0.04296875 0.1578125 0.0859375
1 0.996875 0.0984375 0.00625 0.028125
1 0.9015625 0.23125 0.0203125 0.015625
1 0.9109375 0.221875 0.0078125 0.0078125
1 0.8546875 0.2984375 0.015625 0.015625
1 0.9765625 0.209375 0.025 0.0203125
1 0.925 0.3171875 0.009375 0.00625
1 0.8390625 0.353125 0.01875 0.015625
1 0.88125 0.459375 0.015625 0.015625
1 0.93125 0.4234375 0.0140625 0.0171875
1 0.9828125 0.428125 0.0171875 0.0265625
1 0.990625 0.4359375 0.01875 0.015625
1 0.99609375 0.48046875 0.0078125 0.0078125
1 0.884375 0.57578125 0.03125 0.0078125
1 0.928125 0.5375 0.01875 0.025
0 0.8765625 0.51875 0.109375 0.11875
1 0.24765625 0.58359375 0.0140625 0.0078125
1 0.321875 0.9828125 0.01875 0.009375
1 0.4890625 0.934375 0.0171875 0.025
1 0.2625 0.8421875 0.0515625 0.05
1 0.625 0.721875 0.0453125 0.0125
0 0.234375 0.73671875 0.165625 0.3140625
0 0.325 0.7015625 0.321875 0.24375
0 0.55 0.7609375 0.25 0.1078125
1 0.2234375 0.97578125 0.059375 0.0484375
1 0.18359375 0.96953125 0.0671875 0.0609375
1 0.70390625 0.83046875 0.0078125 0.0359375
1 0.721875 0.7921875 0.0359375 0.04375
1 0.73125 0.625 0.021875 0.0234375
1 0.796875 0.6484375 0.0078125 0.0125
1 0.809375 0.9765625 0.0359375 0.0265625
1 0.884375 0.6921875 0.0296875 0.0484375
1 0.9203125 0.9375 0.021875 0.0703125
1 0.8359375 0.5953125 0.0140625 0.0234375
1 0.8203125 0.609375 0.021875 0.015625
1 0.86875 0.590625 0.0234375 0.01875
1 0.8703125 0.6015625 0.015625 0.0109375
1 0.9015625 0.5984375 0.03125 0.0265625
1 0.715625 0.65 0.0265625 0.0484375
1 0.70234375 0.66953125 0.0046875 0.0203125
1 0.80234375 0.58671875 0.0265625 0.0140625
1 0.715625 0.76875 0.0125 0.0140625
1 0.7671875 0.8203125 0.0296875 0.0203125
1 0.7875 0.8421875 0.028125 0.01875
1 0.796875 0.8609375 0.015625 0.01875
1 0.8296875 0.8328125 0.0484375 0.04375
1 0.8375 0.846875 0.0140625 0.028125
1 0.89375 0.7828125 0.034375 0.0328125
1 0.9046875 0.809375 0.0171875 0.0234375
1 0.8890625 0.815625 0.0203125 0.015625
1 0.884375 0.8390625 0.0375 0.028125
1 0.9234375 0.8421875 0.0140625 0.025
1 0.909375 0.85625 0.015625 0.01875
1 0.925 0.871875 0.0140625 0.0265625