1 0.275 0.3234375 0.053125 0.0421875
1 0.328125 0.06875 0.0515625 0.0328125
1 0.2203125 0.0859375 0.05625 0.0375
0 0.09375 0.12734375 0.1875 0.2546875
0 0.2046875 0.028125 0.35 0.05625
0 0.1296875 0.28515625 0.259375 0.1390625
1 0.9421875 0.503125 0.075 0.0328125
1 0.978125 0.3875 0.0390625 0.0296875
1 0.9265625 0.3765625 0.0203125 0.025
1 0.8421875 0.1421875 0.059375 0.0734375
1 0.7765625 0.1171875 0.0390625 0.0328125
1 0.8265625 0.2421875 0.0515625 0.0421875
1 0.753125 0.325 0.0625 0.040625
1 0.7171875 0.36875 0.0234375 0.04375
1 0.75625 0.4578125 0.04375 0.0703125
0 0.60625 0.1390625 0.1484375 0.1296875
0 0.596875 0.2015625 0.1203125 0.0828125
1 0.646875 0.3 0.028125 0.0359375
0 0.6046875 0.3109375 0.0984375 0.1
0 0.6203125 0.4109375 0.1734375 0.1125
0 0.60625 0.50625 0.09375 0.10625
1 0.55625 0.5125 0.0203125 0.0625
0 0.6234375 0.53046875 0.096875 0.0578125
1 0.534375 0.34375 0.034375 0.040625
1 0.4375 0.4890625 0.03125 0.0515625
1 0.475 0.4453125 0.03125 0.0328125
1 0.4546875 0.5484375 0.034375 0.021875
1 0.465625 0.5921875 0.0140625 0.0125
1 0.4328125 0.6 0.0203125 0.0296875
1 0.796875 0.8171875 0.0296875 0.04375
1 0.934375 0.8171875 0.028125 0.0421875
1 0.396875 0.88125 0.034375 0.00625
1 0.3921875 0.915625 0.0171875 0.0265625
1 0.99375 0.65078125 0.0125 0.0421875
1 0.978125 0.68125 0.04375 0.046875
1 0.99296875 0.8265625 0.0140625 0.053125
1 0.946875 0.6359375 0.0390625 0.028125
1 0.903125 0.628125 0.115625 0.084375
1 0.878125 0.621875 0.0125 0.021875
1 0.853125 0.6234375 0.0171875 0.0140625
1 0.9703125 0.603125 0.04375 0.034375
1 0.93125 0.590625 0.021875 0.0109375
1 0.8859375 0.7578125 0.0625 0.0359375
1 0.8984375 0.728125 0.04375 0.034375
1 0.8703125 0.7265625 0.028125 0.0359375
1 0.8359375 0.7171875 0.0265625 0.04375
1 0.821875 0.703125 0.0171875 0.05
1 0.85625 0.8515625 0.040625 0.0203125
1 0.8484375 0.8140625 0.0578125 0.06875
0 0.7546875 0.609375 0.115625 0.046875
1 0.7953125 0.65 0.01875 0.028125
0 0.75 0.68125 0.0828125 0.11875
1 0.7234375 0.671875 0.025 0.0203125
1 0.8625 0.9578125 0.040625 0.025
1 0.915625 0.946875 0.078125 0.0515625
1 0.9890625 0.984375 0.021875 0.03125
1 0.94921875 0.9703125 0.0859375 0.059375
1 0.9546875 0.9125 0.03125 0.025
0 0.73671875 0.9703125 0.0859375 0.059375
0 0.746875 0.89375 0.065625 0.0984375
1 0.696875 0.9296875 0.046875 0.034375
1 0.659375 0.8765625 0.009375 0.015625
0 0.7359375 0.8234375 0.0828125 0.10625
1 0.6953125 0.821875 0.0296875 0.0265625
1 0.7359375 0.771875 0.021875 0.0390625
1 0.6234375 0.9 0.0328125 0.034375
1 0.61875 0.85 0.0265625 0.0265625
1 0.56875 0.81875 0.0328125 0.0515625
1 0.5609375 0.896875 0.0265625 0.040625
1 0.553125 0.8671875 0.0140625 0.0265625
1 0.6734375 0.6546875 0.0765625 0.0515625
1 0.6890625 0.640625 0.025 0.0203125
1 0.6875 0.71875 0.034375 0.028125
1 0.6484375 0.7234375 0.0375 0.0359375
1 0.5359375 0.7015625 0.1015625 0.10625
1 0.5484375 0.734375 0.021875 0.025
1 0.6140625 0.665625 0.0921875 0.0984375
1 0.584375 0.6015625 0.0546875 0.0328125
1 0.5578125 0.625 0.0203125 0.0203125
1 0.5390625 0.6125 0.03125 0.053125
1 0.4390625 0.665625 0.0140625 0.0390625
1 0.3953125 0.6890625 0.00625 0.0234375
1 0.4796875 0.746875 0.025 0.0171875
1 0.4140625 0.74375 0.0375 0.034375
1 0.4015625 0.7671875 0.03125 0.0171875
1 0.459375 0.8140625 0.065625 0.075
1 0.46875 0.778125 0.05 0.0484375
1 0.4921875 0.89375 0.0453125 0.05
1 0.390625 0.86875 0.01875 0.0140625
1 0.384375 0.8890625 0.009375 0.009375
1 0.5171875 0.965625 0.028125 0.0140625
1 0.45234375 0.99296875 0.0421875 0.0140625
1 0.484375 0.9890625 0.0328125 0.0125
1 0.39453125 0.94140625 0.0296875 0.1171875