1 0.153125 0.1015625 0.01875 0.0171875
1 0.1703125 0.3453125 0.034375 0.046875
0 0.1453125 0.26875 0.1328125 0.14375
0 0.0265625 0.2359375 0.053125 0.159375
1 0.0421875 0.253125 0.015625 0.028125
0 0.75859375 0.49921875 0.0640625 0.1390625
0 0.809375 0.5140625 0.0234375 0.0390625
1 0.784375 0.2390625 0.0578125 0.1
1 0.640625 0.1953125 0.04375 0.0609375
1 0.5046875 0.0640625 0.06875 0.078125
1 0.35625 0.0546875 0.025 0.028125
0 0.4515625 0.4875 0.240625 0.159375
0 0.571875 0.5109375 0.1953125 0.078125
1 0.03359375 0.575 0.0203125 0.0125
1 0.0546875 0.70625 0.0375 0.046875
1 0.0640625 0.8765625 0.028125 0.0390625
1 0.1578125 0.9 0.0265625 0.040625
1 0.1828125 0.665625 0.03125 0.03125
1 0.2546875 0.58125 0.0203125 0.015625
1 0.26875 0.97109375 0.0625 0.0578125
1 0.1953125 0.5984375 0.021875 0.01875
1 0.01015625 0.59296875 0.0203125 0.0328125
1 0.0984375 0.575 0.021875 0.0125
1 0.0984375 0.603125 0.0296875 0.0453125
1 0.0515625 0.6109375 0.071875 0.078125
1 0.10078125 0.99140625 0.0484375 0.0171875
1 0.1875 0.8921875 0.034375 0.03125
1 0.0640625 0.9078125 0.0296875 0.0359375
1 0.121875 0.9203125 0.053125 0.0453125
1 0.096875 0.9203125 0.025 0.0265625
0 0.27890625 0.77109375 0.0796875 0.2109375
0 0.1703125 0.76875 0.178125 0.134375
1 0.0859375 0.81875 0.0296875 0.0453125
0 0.01171875 0.759375 0.0234375 0.096875
0 0.01171875 0.7796875 0.0234375 0.046875
1 0.028125 0.8984375 0.04375 0.0375
1 0.5890625 0.7359375 0.0171875 0.03125
1 0.646875 0.7171875 0.0234375 0.01875
1 0.6875 0.69375 0.015625 0.0078125
1 0.7078125 0.9765625 0.0125 0.01875
0 0.42890625 0.58671875 0.0296875 0.0359375
1 0.609375 0.5765625 0.0171875 0.015625
1 0.6171875 0.6203125 0.028125 0.028125
1 0.57109375 0.5796875 0.0390625 0.021875
0 0.86796875 0.59453125 0.1453125 0.0515625
1 0.459375 0.7125 0.0375 0.0296875
1 0.48125 0.7234375 0.03125 0.0234375
1 0.88125 0.6484375 0.01875 0.0140625
1 0.7203125 0.7296875 0.0296875 0.0296875
1 0.5203125 0.8125 0.0234375 0.0328125
1 0.6484375 0.9640625 0.01875 0.015625
1 0.6859375 0.959375 0.0234375 0.0203125
1 0.7703125 0.990625 0.025 0.015625
1 0.8140625 0.959375 0.028125 0.034375
1 0.89375 0.846875 0.0125 0.0140625
1 0.8453125 0.875 0.03125 0.01875
1 0.8921875 0.921875 0.009375 0.0046875
1 0.6140625 0.865625 0.0375 0.0234375
1 0.7125 0.8390625 0.025 0.015625