1 0.76171875 0.47578125 0.0203125 0.0078125
1 0.759375 0.015625 0.0140625 0.0078125
1 0.5546875 0.284375 0.05625 0.01875
1 0.5484375 0.4140625 0.0125 0.0109375
1 0.4921875 0.4390625 0.0265625 0.0265625
0 0.54375 0.1140625 0.2265625 0.2203125
1 0.3609375 0.0171875 0.0140625 0.0171875
0 0.44609375 0.1640625 0.1921875 0.328125
1 0.5578125 0.2265625 0.025 0.0375
0 0.7265625 0.1515625 0.1765625 0.2078125
0 0.04296875 0.925 0.0859375 0.121875
0 0.1203125 0.9453125 0.0890625 0.096875
1 0.07578125 0.98515625 0.0640625 0.0296875
1 0.1359375 0.740625 0.0203125 0.025
1 0.134375 0.5578125 0.03125 0.0359375
1 0.0171875 0.5 0.0328125 0.0265625
1 0.5953125 0.8875 0.0171875 0.03125
1 0.6203125 0.8796875 0.025 0.021875
1 0.671875 0.8015625 0.04375 0.040625
1 0.765625 0.9140625 0.025 0.0203125
1 0.7390625 0.928125 0.0296875 0.0203125
1 0.6546875 0.996875 0.025 0.00625
1 0.67265625 0.9921875 0.0265625 0.015625
1 0.6671875 0.9078125 0.0828125 0.0890625
1 0.79375 0.865625 0.0359375 0.028125
1 0.8734375 0.9890625 0.0375 0.021875
1 0.8484375 0.8765625 0.03125 0.0203125
1 0.8234375 0.8765625 0.025 0.01875
1 0.9796875 0.96328125 0.040625 0.0328125
1 0.9421875 0.8984375 0.0203125 0.025
1 0.99453125 0.784375 0.0109375 0.04375
1 0.9765625 0.796875 0.0421875 0.0390625
1 0.909375 0.7546875 0.0234375 0.0234375
1 0.9171875 0.803125 0.0515625 0.0453125
1 0.653125 0.6765625 0.0765625 0.0328125
1 0.6171875 0.734375 0.0375 0.0546875
1 0.6015625 0.721875 0.0328125 0.059375
1 0.753125 0.79375 0.01875 0.028125
1 0.8359375 0.7515625 0.0140625 0.015625
1 0.8 0.7203125 0.0234375 0.0375
1 0.7859375 0.6265625 0.03125 0.0203125
0 0.6875 0.603125 0.1859375 0.11875
0 0.8828125 0.615625 0.1890625 0.1453125
0 0.940625 0.653125 0.0671875 0.08125
1 0.921875 0.70625 0.025 0.03125
1 0.9921875 0.6046875 0.015625 0.028125
1 0.7390625 0.49921875 0.0375 0.0390625