0 0.234375 0.35625 0.2265625 0.1
1 0.00234375 0.2671875 0.0046875 0.00625
1 0.1515625 0.240625 0.00625 0.0078125
1 0.1796875 0.2328125 0.0234375 0.01875
1 0.403125 0.2 0.034375 0.05
1 0.4171875 0.134375 0.0109375 0.0171875
1 0.065625 0.1078125 0.01875 0.021875
1 0.2015625 0.096875 0.0203125 0.0140625
1 0.00625 0.03828125 0.0125 0.0078125
1 0.040625 0.0203125 0.0140625 0.0078125
0 0.1765625 0.109375 0.196875 0.21875
1 0.4953125 0.134375 0.0203125 0.01875
1 0.503125 0.35703125 0.0125 0.0265625
1 0.5953125 0.34375 0.0140625 0.015625
1 0.5234375 0.3421875 0.0125 0.015625
1 0.65 0.278125 0.0515625 0.0609375
1 0.9359375 0.25 0.009375 0.00625
0 0.72890625 0.34921875 0.4390625 0.2796875
0 0.828125 0.265625 0.3421875 0.1109375
1 0.9640625 0.3609375 0.071875 0.084375
1 0.4921875 0.8046875 0.034375 0.0625
1 0.4765625 0.9484375 0.0359375 0.034375
1 0.446875 0.9203125 0.0171875 0.0234375
1 0.4171875 0.9375 0.0171875 0.0359375
1 0.271875 0.8140625 0.053125 0.0625
1 0.3265625 0.675 0.025 0.0453125
0 0.0578125 0.74375 0.0796875 0.1203125
0 0.03046875 0.8859375 0.0609375 0.13125
1 0.196875 0.7046875 0.046875 0.0265625
1 0.2515625 0.7421875 0.034375 0.04375
1 0.49921875 0.67890625 0.0203125 0.0390625
1 0.384375 0.6453125 0.015625 0.0140625
1 0.4171875 0.665625 0.0140625 0.01875
1 0.325 0.63125 0.0171875 0.0171875
1 0.1875 0.6234375 0.0375 0.0390625
1 0.125 0.6578125 0.0296875 0.025
1 0.00390625 0.69140625 0.0078125 0.0328125
1 0.2859375 0.7359375 0.0328125 0.0359375
1 0.04921875 0.9796875 0.0453125 0.040625
1 0.12265625 0.9828125 0.0328125 0.034375
1 0.0375 0.60390625 0.075 0.0765625
1 0.0171875 0.5765625 0.0203125 0.03125
1 0.10625 0.81875 0.0359375 0.03125
1 0.1234375 0.7671875 0.0359375 0.0140625
1 0.3953125 0.7421875 0.01875 0.0125
1 0.0359375 0.8046875 0.015625 0.0109375
0 0.56484375 0.8421875 0.1109375 0.13125
1 0.8234375 0.903125 0.04375 0.021875