1 0.1140625 0.4765625 0.0625 0.065625
1 0.15859375 0.50390625 0.0296875 0.0109375
1 0.1828125 0.4625 0.090625 0.0875
1 0.253125 0.48125 0.059375 0.0484375
1 0.3 0.4734375 0.040625 0.0453125
1 0.3140625 0.4984375 0.03125 0.021875
1 0.275 0.50390625 0.01875 0.0109375
1 0.46484375 0.4296875 0.0484375 0.053125
1 0.4375 0.4828125 0.0265625 0.0265625
1 0.45078125 0.50390625 0.0296875 0.0109375
1 0.47890625 0.4984375 0.0203125 0.021875
1 0.409375 0.2390625 0.09375 0.046875
1 0.4203125 0.321875 0.03125 0.0234375
1 0.4578125 0.35625 0.034375 0.03125
1 0.3671875 0.2765625 0.078125 0.0453125
1 0.35625 0.228125 0.03125 0.0265625
1 0.2640625 0.246875 0.0515625 0.05625
1 0.31875 0.228125 0.0296875 0.028125
1 0.178125 0.246875 0.0578125 0.0546875
1 0.0828125 0.2765625 0.0765625 0.0640625
1 0.121875 0.2578125 0.03125 0.05625
1 0.2 0.3875 0.06875 0.0703125
1 0.303125 0.4234375 0.025 0.0265625
1 0.3359375 0.396875 0.0234375 0.0265625
1 0.365625 0.4125 0.028125 0.0375
1 0.021875 0.2640625 0.04375 0.034375
1 0.0171875 0.41484375 0.034375 0.0703125
1 0.0234375 0.3328125 0.0453125 0.053125
1 0.01171875 0.49921875 0.0171875 0.0203125
1 0.00390625 0.4515625 0.0078125 0.04375
1 0.01484375 0.23359375 0.0296875 0.0234375
0 0.3828125 0.340625 0.134375 0.0828125
1 0.4046875 0.45 0.0375 0.0421875
0 0.39296875 0.4671875 0.1234375 0.084375
0 0.98984375 0.1515625 0.0203125 0.009375
1 0.66875 0.175 0.05625 0.0578125
1 0.9296875 0.2984375 0.0109375 0.00625
1 0.9109375 0.3265625 0.03125 0.0234375
1 0.98671875 0.37421875 0.0265625 0.0546875
1 0.95625 0.3984375 0.0109375 0.0078125
1 0.50625 0.38828125 0.034375 0.0328125
1 0.7078125 0.446875 0.065625 0.0359375
1 0.66171875 0.4921875 0.0109375 0.034375
1 0.9328125 0.3390625 0.0171875 0.0171875
0 0.85234375 0.1984375 0.2953125 0.103125
0 0.8703125 0.30078125 0.259375 0.2234375
1 0.78828125 0.484375 0.0890625 0.05
0 0.9140625 0.43984375 0.171875 0.1390625
1 0.7296875 0.365625 0.140625 0.1546875
1 0.6671875 0.3 0.1453125 0.1421875
1 0.640625 0.375 0.0625 0.0546875
1 0.5765625 0.3421875 0.0625 0.0546875
1 0.378125 0.9765625 0.0203125 0.028125
0 0.278125 0.921875 0.1765625 0.1359375
0 0.2671875 0.821875 0.1890625 0.159375
0 0.259375 0.7625 0.134375 0.103125
0 0.29296875 0.60703125 0.1515625 0.1953125
1 0.1390625 0.7078125 0.028125 0.0203125
1 0.7890625 0.7046875 0.0125 0.0140625
1 0.575 0.7125 0.0390625 0.03125
1 0.5921875 0.9640625 0.009375 0.0109375
1 0.7921875 0.7484375 0.084375 0.08125
0 0.909375 0.759375 0.18125 0.25
0 0.884375 0.91328125 0.23125 0.1734375
1 0.7484375 0.98359375 0.08125 0.0328125
1 0.70625 0.709375 0.05625 0.0640625