1 0.4203125 0.4765625 0.03125 0.0546875
1 0.4578125 0.284375 0.0171875 0.021875
1 0.528125 0.0890625 0.03125 0.0265625
1 0.478125 0.0796875 0.03125 0.0234375
1 0.584375 0.0828125 0.053125 0.0359375
1 0.1734375 0.25 0.0296875 0.0265625
1 0.2265625 0.16875 0.0203125 0.0328125
1 0.1875 0.1078125 0.0265625 0.034375
1 0.2171875 0.1015625 0.021875 0.0203125
1 0.309375 0.153125 0.028125 0.0265625
1 0.3703125 0.0734375 0.0234375 0.0203125
1 0.43125 0.08125 0.0109375 0.0109375
1 0.178125 0.01875 0.059375 0.034375
1 0.2953125 0.0765625 0.021875 0.025
1 0.278125 0.0640625 0.0234375 0.0421875
1 0.2796875 0.0546875 0.0515625 0.0265625
0 0.13359375 0.01015625 0.0078125 0.0203125
0 0.28359375 0.02265625 0.0921875 0.0453125
1 0.3296875 0.0109375 0.021875 0.0171875
1 0.278125 0.0390625 0.028125 0.0203125
1 0.4796875 0.034375 0.0203125 0.01875
1 0.6078125 0.009375 0.01875 0.0140625
1 0.9921875 0.25625 0.015625 0.01875
1 0.940625 0.009375 0.01875 0.01875
1 0.859375 0.0203125 0.0265625 0.0375
1 0.7921875 0.2296875 0.0203125 0.01875
1 0.7828125 0.0953125 0.0265625 0.021875
1 0.7609375 0.490625 0.015625 0.0140625
0 0.71875 0.4234375 0.0375 0.140625
1 0.73203125 0.47734375 0.0578125 0.0640625
1 0.734375 0.41875 0.01875 0.015625
0 0.7796875 0.43125 0.065625 0.11875
1 0.840625 0.4328125 0.025 0.01875
1 0.778125 0.1828125 0.0203125 0.03125
1 0.984375 0.2796875 0.0171875 0.0171875
1 0.8984375 0.478125 0.015625 0.021875
0 0.9265625 0.4328125 0.0984375 0.1390625
0 0.984375 0.41640625 0.03125 0.1515625
1 0.73359375 0.01015625 0.0265625 0.0203125
1 0.759375 0.0296875 0.021875 0.0265625
1 0.490625 0.8625 0.021875 0.025
1 0.390625 0.6265625 0.01875 0.0203125
1 0.41953125 0.55 0.0859375 0.08125
1 0.340625 0.540625 0.0203125 0.021875
1 0.3890625 0.6984375 0.140625 0.1453125
1 0.315625 0.6140625 0.0265625 0.04375
1 0.265625 0.6265625 0.065625 0.06875
1 0.2125 0.7296875 0.015625 0.009375
1 0.196875 0.6828125 0.0390625 0.0546875
1 0.053125 0.928125 0.0171875 0.0203125
1 0.0453125 0.721875 0.0265625 0.028125
1 0.02890625 0.99453125 0.0078125 0.0109375
1 0.0234375 0.5921875 0.0125 0.0203125
1 0.0046875 0.8703125 0.009375 0.0125
1 0.0375 0.53515625 0.075 0.0515625
1 0.00546875 0.56015625 0.0109375 0.0390625
1 0.1375 0.9953125 0.01875 0.009375
0 0.415625 0.8640625 0.1359375 0.1859375
1 0.340625 0.8453125 0.028125 0.03125
1 0.0109375 0.81875 0.0203125 0.0265625
0 0.0828125 0.84140625 0.165625 0.1984375
0 0.2125 0.8578125 0.128125 0.121875
1 0.2046875 0.59375 0.0125 0.01875
1 0.425 0.621875 0.0203125 0.028125
1 0.3625 0.6234375 0.028125 0.0140625
1 0.3421875 0.665625 0.021875 0.0171875
1 0.328125 0.7140625 0.009375 0.015625
1 0.2921875 0.70625 0.0140625 0.00625
1 0.271875 0.540625 0.05 0.04375
1 0.13125 0.525 0.01875 0.021875
1 0.4875 0.646875 0.028125 0.040625
1 0.9859375 0.96875 0.028125 0.0625
0 0.9671875 0.66171875 0.065625 0.3046875
0 0.94375 0.56875 0.01875 0.0078125
0 0.9671875 0.5734375 0.065625 0.078125
0 0.9515625 0.51875 0.034375 0.01875