0 0.065625 0.15390625 0.13125 0.2265625
0 0.08359375 0.36875 0.1671875 0.18125
1 0.2703125 0.046875 0.0296875 0.0140625
1 0.3453125 0.1234375 0.021875 0.0234375
1 0.3921875 0.1015625 0.0390625 0.03125
1 0.415625 0.1375 0.0265625 0.025
1 0.371875 0.059375 0.03125 0.0296875
1 0.3953125 0.0734375 0.034375 0.028125
1 0.4125 0.0890625 0.025 0.0171875
1 0.43125 0.0859375 0.0375 0.0375
1 0.440625 0.2203125 0.0171875 0.01875
1 0.44296875 0.1125 0.0140625 0.021875
1 0.44296875 0.1421875 0.0140625 0.03125
1 0.44765625 0.1 0.0046875 0.028125
1 0.38125 0.275 0.0296875 0.03125
1 0.4015625 0.2609375 0.021875 0.0296875
1 0.4421875 0.45 0.015625 0.01875
1 0.4328125 0.45703125 0.021875 0.0046875
0 0.72421875 0.040625 0.2640625 0.08125
0 0.69375 0.2546875 0.2921875 0.059375
1 0.0734375 0.6375 0.0203125 0.015625
0 0.1890625 0.7453125 0.2234375 0.0953125
0 0.16875 0.79375 0.134375 0.0890625
1 0.23125 0.665625 0.11875 0.05
1 0.4171875 0.64375 0.0484375 0.053125
1 0.4109375 0.6 0.0265625 0.015625
1 0.4375 0.72734375 0.025 0.0171875
1 0.909375 0.915625 0.025 0.0078125
1 0.8328125 0.89375 0.0109375 0.015625
1 0.75625 0.7171875 0.040625 0.0390625
0 0.57578125 0.8671875 0.2515625 0.265625
0 0.6046875 0.73125 0.1890625 0.08125