1 0.39921875 0.5640625 0.0453125 0.009375
1 0.103125 0.5328125 0.046875 0.021875
1 0.103125 0.4578125 0.0515625 0.04375
0 0.0359375 0.3828125 0.065625 0.08125
0 0.1828125 0.4125 0.209375 0.1640625
0 0.3609375 0.3703125 0.1390625 0.121875
1 0.2921875 0.2875 0.0359375 0.0390625
0 0.434375 0.390625 0.03125 0.096875
1 0.41875 0.434375 0.0625 0.0375
1 0.346875 0.5453125 0.028125 0.0234375
1 0.7671875 0.475 0.034375 0.021875
1 0.7234375 0.4578125 0.0234375 0.015625
1 0.725 0.4796875 0.01875 0.0234375
1 0.6984375 0.4984375 0.015625 0.01875
1 0.68125 0.3515625 0.0109375 0.0078125
1 0.4984375 0.5015625 0.0390625 0.0625
0 0.5296875 0.51328125 0.103125 0.1109375
0 0.65 0.515625 0.128125 0.10625
0 0.734375 0.54453125 0.125 0.0484375
1 0.725 0.54375 0.021875 0.015625
1 0.7046875 0.534375 0.0203125 0.0140625
1 0.725 0.521875 0.028125 0.0171875
0 0.9140625 0.53359375 0.134375 0.0703125
1 0.990625 0.540625 0.0125 0.0203125
1 0.8234375 0.490625 0.05 0.040625
1 0.8328125 0.396875 0.015625 0.015625
1 0.7921875 0.3546875 0.015625 0.01875
1 0.9296875 0.465625 0.025 0.03125
1 0.98828125 0.478125 0.0234375 0.025
1 0.89375 0.4390625 0.0234375 0.0234375
1 0.9390625 0.2953125 0.021875 0.0203125
1 0.95625 0.215625 0.0171875 0.040625
1 0.925 0.1515625 0.034375 0.0234375
1 0.925 0.0984375 0.0234375 0.0203125
1 0.9 0.1265625 0.0078125 0.025
1 0.8875 0.259375 0.03125 0.0296875
1 0.8625 0.3109375 0.015625 0.01875
1 0.7984375 0.2625 0.021875 0.03125
1 0.75625 0.2015625 0.0234375 0.025
1 0.7359375 0.2046875 0.0234375 0.0234375
1 0.7953125 0.140625 0.03125 0.015625
1 0.7921875 0.1234375 0.025 0.0125
1 0.7921875 0.1046875 0.0203125 0.0203125
1 0.7640625 0.1 0.021875 0.040625
1 0.765625 0.0734375 0.028125 0.015625
1 0.7828125 0.0875 0.0140625 0.0140625
1 0.73125 0.0875 0.0140625 0.021875
1 0.728125 0.04375 0.03125 0.0234375
1 0.6890625 0.178125 0.0171875 0.0171875
1 0.6484375 0.2640625 0.01875 0.025
1 0.659375 0.3328125 0.0140625 0.01875
1 0.553125 0.2546875 0.034375 0.025
1 0.521875 0.3453125 0.0234375 0.0265625
1 0.4921875 0.34375 0.0265625 0.034375
1 0.484375 0.31875 0.0125 0.0125
1 0.515625 0.1703125 0.01875 0.01875
1 0.565625 0.121875 0.0171875 0.021875
1 0.5421875 0.103125 0.021875 0.0421875
1 0.4921875 0.10625 0.0109375 0.01875
1 0.4859375 0.0984375 0.0140625 0.0234375
0 0.60703125 0.0578125 0.1203125 0.115625
1 0.54921875 0.00703125 0.0140625 0.0140625
1 0.5609375 0.096875 0.009375 0.0203125
1 0.5734375 0.0578125 0.015625 0.0171875
1 0.51171875 0.03125 0.0671875 0.0625
1 0.765625 0.025 0.0203125 0.01875
1 0.8171875 0.03046875 0.103125 0.0609375
0 0.8734375 0.0484375 0.103125 0.096875
0 0.9484375 0.0390625 0.103125 0.078125
1 0.0390625 0.7375 0.040625 0.0421875
1 0.034375 0.8171875 0.0375 0.0328125
1 0.1234375 0.85 0.0703125 0.0859375
0 0.15703125 0.95625 0.2609375 0.0875
1 0.1 0.9453125 0.0890625 0.0859375
1 0.9921875 0.87734375 0.015625 0.0296875
1 0.9640625 0.86875 0.0375 0.0296875
1 0.9484375 0.8375 0.0171875 0.0140625
1 0.91875 0.8328125 0.0359375 0.021875
1 0.8953125 0.9734375 0.046875 0.034375
1 0.875 0.95 0.0328125 0.0171875
1 0.8859375 0.9203125 0.053125 0.0171875
1 0.890625 0.9578125 0.0203125 0.015625
1 0.73984375 0.9828125 0.0265625 0.034375
1 0.740625 0.953125 0.0296875 0.059375
1 0.771875 0.9359375 0.0375 0.0546875
1 0.790625 0.946875 0.0125 0.01875
1 0.8046875 0.9328125 0.021875 0.015625
1 0.703125 0.8984375 0.0421875 0.04375
1 0.7734375 0.8640625 0.03125 0.021875
0 0.946875 0.75234375 0.10625 0.0515625
1 0.9875 0.7265625 0.015625 0.00625
1 0.8578125 0.7078125 0.0359375 0.021875
1 0.8296875 0.696875 0.021875 0.028125
1 0.8515625 0.6796875 0.0453125 0.0203125
1 0.8671875 0.825 0.05625 0.0484375
1 0.8453125 0.796875 0.053125 0.040625
1 0.81875 0.7859375 0.034375 0.0421875
1 0.828125 0.7671875 0.01875 0.0234375
1 0.7796875 0.7515625 0.0375 0.025
1 0.7703125 0.8375 0.028125 0.034375
1 0.7875 0.8390625 0.003125 0.009375
1 0.721875 0.825 0.0625 0.0609375
1 0.6875 0.8328125 0.0109375 0.0234375
1 0.7359375 0.79375 0.021875 0.015625
1 0.7234375 0.671875 0.0265625 0.03125
1 0.7921875 0.66875 0.01875 0.0328125
1 0.7875 0.6375 0.0390625 0.0421875
1 0.7015625 0.7328125 0.040625 0.053125
1 0.709375 0.68125 0.015625 0.0203125
1 0.721875 0.7015625 0.015625 0.009375
1 0.7390625 0.71875 0.01875 0.01875
1 0.7015625 0.615625 0.0390625 0.0421875
1 0.74375 0.59453125 0.05625 0.0515625
1 0.8578125 0.596875 0.0359375 0.028125
1 0.85390625 0.57890625 0.0984375 0.0203125
1 0.90859375 0.57734375 0.0515625 0.0171875
1 0.95234375 0.5734375 0.0546875 0.009375
1 0.9765625 0.578125 0.046875 0.01875