1 0.1875 0.0265625 0.01875 0.015625
1 0.0109375 0.396875 0.021875 0.01875
0 0.01640625 0.31171875 0.0328125 0.1171875
1 0.0734375 0.2390625 0.0328125 0.0359375
0 0.2546875 0.3171875 0.034375 0.034375
1 0.2296875 0.4953125 0.0140625 0.0078125
1 0.234375 0.4375 0.0078125 0.0078125
1 0.08828125 0.00546875 0.0140625 0.0109375
1 0.178125 0.1078125 0.0203125 0.015625
1 0.10625 0.1203125 0.009375 0.0109375
1 0.1203125 0.31875 0.0109375 0.015625
1 0.0890625 0.3703125 0.009375 0.0125
0 0.1046875 0.3671875 0.0796875 0.228125
1 0.7578125 0.190625 0.05625 0.065625
1 0.7734375 0.2140625 0.009375 0.025
1 0.771875 0.246875 0.0234375 0.028125
1 0.8796875 0.1953125 0.0328125 0.0265625
0 0.97421875 0.1859375 0.0515625 0.08125
0 0.678125 0.2015625 0.11875 0.115625
1 0.728125 0.1546875 0.015625 0.021875
1 0.953125 0.384375 0.01875 0.0140625
1 0.8375 0.3453125 0.046875 0.0359375
1 0.7703125 0.340625 0.0125 0.028125
1 0.8390625 0.471875 0.0265625 0.03125
1 0.828125 0.5 0.0046875 0.0140625
1 0.8015625 0.4890625 0.009375 0.01875
1 0.78046875 0.49375 0.0390625 0.03125
1 0.8890625 0.3515625 0.0203125 0.01875
1 0.053125 0.96875 0.0078125 0.0078125
1 0.0890625 0.7578125 0.00625 0.0140625
1 0.09375 0.921875 0.0171875 0.01875
0 0.1484375 0.67421875 0.296875 0.1140625
1 0.1859375 0.6890625 0.025 0.0234375
0 0.296875 0.734375 0.159375 0.2765625
0 0.40703125 0.6515625 0.0234375 0.096875
1 0.7484375 0.7109375 0.025 0.03125
0 0.59375 0.7796875 0.11875 0.0953125
0 0.5140625 0.778125 0.1171875 0.096875
0 0.44453125 0.78828125 0.0515625 0.1078125
0 0.734375 0.8078125 0.1125 0.1609375
0 0.6765625 0.8453125 0.06875 0.134375
1 0.615625 0.5734375 0.028125 0.025
1 0.69375 0.5140625 0.034375 0.009375
1 0.725 0.5515625 0.0234375 0.0296875
1 0.7625 0.9796875 0.0296875 0.0265625
1 0.5734375 0.99609375 0.021875 0.0078125
1 0.6078125 0.94375 0.028125 0.0328125
1 0.6109375 0.9875 0.01875 0.0203125
1 0.690625 0.946875 0.0375 0.034375
1 0.425 0.95 0.0125 0.025
1 0.6953125 0.7328125 0.0234375 0.01875