1 0.1453125 0.2390625 0.0390625 0.0109375
0 0.0859375 0.24375 0.0546875 0.0203125
1 0.0953125 0.2625 0.0203125 0.0140625
1 0.0890625 0.33125 0.009375 0.009375
0 0.14375 0.3265625 0.1015625 0.1671875
0 0.10078125 0.4046875 0.0734375 0.05
1 0.8171875 0.028125 0.065625 0.05625
1 0.925 0.01875 0.0703125 0.021875
0 0.815625 0.14375 0.1609375 0.11875
0 0.825 0.221875 0.1796875 0.08125
1 0.6609375 0.05 0.075 0.0953125
1 0.684375 0.2359375 0.05 0.0359375
1 0.5890625 0.23125 0.078125 0.0515625
1 0.6265625 0.09375 0.05 0.05
1 0.6796875 0.1171875 0.0453125 0.0421875
1 0.6234375 0.146875 0.0328125 0.0296875
0 0.27890625 0.02421875 0.0765625 0.0484375
1 0.39921875 0.01796875 0.0296875 0.0359375
1 0.4515625 0.0578125 0.0359375 0.059375
1 0.3421875 0.1203125 0.0734375 0.078125
1 0.459375 0.1515625 0.0390625 0.04375
1 0.4265625 0.1796875 0.0171875 0.046875
1 0.265625 0.246875 0.078125 0.028125
1 0.73671875 0.01171875 0.0296875 0.0234375
1 0.9484375 0.125 0.053125 0.0515625
1 0.3328125 0.203125 0.025 0.046875
1 0.471875 0.190625 0.0328125 0.0375
1 0.4328125 0.246875 0.0359375 0.0265625
1 0.18125 0.43515625 0.05625 0.0109375
1 0.071875 0.4703125 0.009375 0.00625
1 0.20390625 0.48125 0.0109375 0.009375
1 0.13125 0.5953125 0.015625 0.01875
1 0.0421875 0.6296875 0.0078125 0.0125
1 0.0765625 0.7828125 0.0375 0.0359375
1 0.05625 0.5 0.021875 0.034375
1 0.0125 0.5203125 0.0125 0.015625
1 0.034375 0.5265625 0.0625 0.025
1 0.871875 0.5078125 0.034375 0.03125
1 0.915625 0.5140625 0.03125 0.021875
1 0.965625 0.4546875 0.03125 0.015625
1 0.6984375 0.434375 0.025 0.009375
0 0.5328125 0.4890625 0.140625 0.11875
0 0.5609375 0.5828125 0.19375 0.1234375
1 0.5671875 0.6421875 0.0171875 0.046875
0 0.59375 0.7375 0.1046875 0.090625
1 0.3890625 0.49375 0.0703125 0.0671875
1 0.3203125 0.5671875 0.0453125 0.028125
1 0.28125 0.5625 0.0265625 0.0359375
1 0.2359375 0.553125 0.0453125 0.028125
1 0.2390625 0.6953125 0.059375 0.078125
1 0.3140625 0.7421875 0.040625 0.028125