1 0.3953125 0.334375 0.01875 0.01875
1 0.3421875 0.0875 0.01875 0.0203125
1 0.2609375 0.0984375 0.0265625 0.0375
1 0.19375 0.3078125 0.0203125 0.01875
1 0.184375 0.1734375 0.0265625 0.021875
0 0.046875 0.41796875 0.065625 0.0421875
1 0.0484375 0.328125 0.0671875 0.09375
1 0.1796875 0.2609375 0.0203125 0.03125
1 0.0203125 0.2328125 0.0125 0.025
1 0.0421875 0.2234375 0.0328125 0.0265625
1 0.05625 0.1921875 0.01875 0.0234375
1 0.3859375 0.3578125 0.0171875 0.0171875
1 0.0953125 0.015625 0.028125 0.028125
1 0.1046875 0.0328125 0.0203125 0.015625
1 0.1359375 0.0875 0.0265625 0.0234375
1 0.1609375 0.1078125 0.021875 0.0265625
1 0.340625 0.0265625 0.0390625 0.034375
1 0.5296875 0.4265625 0.03125 0.0203125
0 0.46640625 0.39140625 0.1140625 0.0953125
0 0.62578125 0.390625 0.1890625 0.096875
0 0.68359375 0.42578125 0.0671875 0.0265625
0 0.78671875 0.403125 0.1265625 0.071875
1 0.7421875 0.4046875 0.0265625 0.028125
1 0.4828125 0.2953125 0.0375 0.046875
1 0.6671875 0.1515625 0.034375 0.03125
1 0.7234375 0.2265625 0.015625 0.0171875
1 0.63125 0.178125 0.01875 0.01875
1 0.796875 0.0921875 0.021875 0.0078125
1 0.7625 0.0421875 0.015625 0.0234375
1 0.21875 0.9734375 0.034375 0.028125
1 0.1390625 0.859375 0.046875 0.0296875
0 0.29296875 0.7109375 0.2328125 0.225
0 0.17109375 0.6265625 0.3421875 0.203125
1 0.2265625 0.5171875 0.025 0.046875
0 0.0453125 0.61484375 0.090625 0.1421875
1 0.084375 0.825 0.0390625 0.0328125
1 0.390625 0.86796875 0.0375 0.0671875
1 0.325 0.9296875 0.053125 0.0359375
1 0.2921875 0.9703125 0.04375 0.021875
1 0.7921875 0.528125 0.0125 0.015625
1 0.771875 0.5296875 0.0125 0.00625
1 0.76875 0.6796875 0.05 0.034375
1 0.725 0.49375 0.025 0.025
1 0.728125 0.76875 0.0375 0.021875
1 0.709375 0.4703125 0.0171875 0.0234375
1 0.6796875 0.49375 0.025 0.0296875
1 0.7203125 0.840625 0.1140625 0.1375
1 0.6578125 0.71875 0.0234375 0.03125
1 0.6515625 0.7875 0.0359375 0.0390625
1 0.6296875 0.7265625 0.021875 0.0296875
0 0.646875 0.996875 0.05625 0.00625
0 0.6296875 0.5453125 0.065625 0.0734375
1 0.6015625 0.746875 0.01875 0.021875
1 0.5984375 0.7234375 0.0265625 0.0328125
1 0.578125 0.7109375 0.025 0.025
1 0.5796875 0.615625 0.015625 0.0125
1 0.5640625 0.84375 0.0265625 0.025
1 0.575 0.95625 0.0625 0.0875
1 0.5328125 0.6953125 0.025 0.0203125
1 0.5140625 0.975 0.0140625 0.0328125
1 0.525 0.5828125 0.040625 0.0515625
1 0.496875 0.765625 0.040625 0.03125
1 0.5015625 0.8828125 0.046875 0.0359375
1 0.5 0.8140625 0.0265625 0.015625
1 0.4796875 0.71875 0.0234375 0.021875
1 0.45546875 0.44453125 0.0140625 0.0109375
1 0.453125 0.884375 0.05 0.046875
1 0.434375 0.9625 0.0234375 0.028125
1 0.4359375 0.734375 0.040625 0.05625
0 0.42890625 0.984375 0.0390625 0.03125
1 0.5265625 0.734375 0.028125 0.03125
1 0.5046875 0.7328125 0.034375 0.0296875
1 0.55625 0.775 0.0640625 0.0515625
1 0.6984375 0.721875 0.025 0.028125
1 0.7296875 0.7234375 0.0234375 0.0171875
1 0.7640625 0.9109375 0.025 0.0328125
1 0.7390625 0.9734375 0.0296875 0.025
1 0.70625 0.5515625 0.025 0.03125
0 0.50625 0.51875 0.1140625 0.109375
1 0.55 0.565625 0.0421875 0.04375
1 0.48828125 0.465625 0.0359375 0.053125
0 0.4390625 0.521875 0.059375 0.146875