1 0.3421875 0.203125 0.0734375 0.0515625
1 0.30625 0.209375 0.0390625 0.0359375
1 0.325 0.1625 0.025 0.0265625
1 0.3515625 0.153125 0.0234375 0.0203125
1 0.21328125 0.0109375 0.0515625 0.021875
1 0.2390625 0.30625 0.0375 0.034375
1 0.29375 0.353125 0.0234375 0.0296875
1 0.2171875 0.3484375 0.03125 0.0546875
1 0.19375 0.3734375 0.0390625 0.0453125
0 0.140625 0.359375 0.0765625 0.084375
0 0.15625 0.2609375 0.10625 0.1234375
0 0.14375 0.165625 0.1015625 0.1171875
0 0.146875 0.078125 0.0984375 0.1140625
0 0.16484375 0.021875 0.0546875 0.04375
1 0.01796875 0.12890625 0.0359375 0.0890625
1 0.0140625 0.259375 0.028125 0.03125
1 0.0953125 0.2953125 0.028125 0.0265625
1 0.028125 0.3625 0.03125 0.021875
1 0.06875 0.228125 0.0296875 0.0203125
1 0.84765625 0.01171875 0.0265625 0.0234375
1 0.896875 0.196875 0.0671875 0.0421875
0 0.79609375 0.08125 0.2796875 0.1625
0 0.78125 0.165625 0.2734375 0.2734375
0 0.7140625 0.359375 0.2796875 0.1109375
1 0.8671875 0.2703125 0.015625 0.03125
1 0.7109375 0.265625 0.028125 0.0453125
1 0.53125 0.1609375 0.06875 0.0734375
1 0.534375 0.0734375 0.040625 0.0296875
1 0.7984375 0.2484375 0.01875 0.0390625
1 0.453125 0.50859375 0.03125 0.0453125
1 0.4640625 0.6125 0.009375 0.053125
1 0.4046875 0.6140625 0.090625 0.0890625
1 0.4546875 0.76875 0.028125 0.034375
1 0.41875 0.78125 0.03125 0.0390625
1 0.3828125 0.8109375 0.0765625 0.0453125
1 0.3390625 0.8359375 0.034375 0.015625
1 0.4296875 0.8265625 0.0234375 0.040625
1 0.434375 0.884375 0.0375 0.046875
1 0.4 0.9109375 0.0359375 0.0375
1 0.459375 0.92109375 0.01875 0.0296875
1 0.38125 0.878125 0.0359375 0.065625
1 0.334375 0.9015625 0.0453125 0.046875
1 0.3453125 0.95 0.0390625 0.04375
1 0.396875 0.9515625 0.0609375 0.028125
1 0.315625 0.9765625 0.0265625 0.03125
1 0.340625 0.98515625 0.071875 0.0296875
1 0.390625 0.990625 0.034375 0.01875
1 0.18125 0.971875 0.0203125 0.0265625
1 0.21875 0.9265625 0.09375 0.08125
1 0.259375 0.903125 0.0671875 0.053125
1 0.2515625 0.875 0.0578125 0.0421875
1 0.0921875 0.99609375 0.0625 0.0078125
1 0.13515625 0.9921875 0.0203125 0.015625
1 0.06875 0.98046875 0.046875 0.0390625
1 0.096875 0.959375 0.0515625 0.0546875
1 0.02109375 0.95703125 0.0421875 0.0453125
1 0.1015625 0.925 0.071875 0.046875
1 0.046875 0.9171875 0.0625 0.046875
1 0.0765625 0.8984375 0.025 0.028125
1 0.0703125 0.6984375 0.0625 0.103125
1 0.0640625 0.728125 0.0375 0.053125
1 0.00703125 0.7125 0.0140625 0.04375
1 0.015625 0.7859375 0.021875 0.0625
1 0.02109375 0.85234375 0.0421875 0.0546875
1 0.0390625 0.8671875 0.015625 0.03125
1 0.08125 0.8078125 0.065625 0.075
1 0.1421875 0.825 0.04375 0.059375
1 0.2359375 0.7609375 0.0109375 0.0421875
0 0.1625 0.775 0.1109375 0.1671875
1 0.0734375 0.7703125 0.0171875 0.0265625
1 0.0984375 0.7671875 0.0265625 0.046875
1 0.1078125 0.6671875 0.0578125 0.0703125
1 0.0625 0.61875 0.0296875 0.046875
1 0.2296875 0.640625 0.040625 0.078125
1 0.234375 0.6796875 0.0359375 0.009375
0 0.1953125 0.5921875 0.0546875 0.1234375
1 0.240625 0.6234375 0.0265625 0.0703125
1 0.26875 0.596875 0.09375 0.06875
1 0.221875 0.571875 0.03125 0.06875
1 0.0703125 0.5734375 0.0671875 0.0453125
1 0.02578125 0.5546875 0.0515625 0.025
1 0.1328125 0.56875 0.05625 0.0625
1 0.1609375 0.5390625 0.109375 0.1046875
0 0.1421875 0.5046875 0.06875 0.034375
1 0.01875 0.51875 0.0375 0.0515625
1 0.0125 0.4984375 0.025 0.021875
1 0.009375 0.60546875 0.01875 0.0671875
1 0.0125 0.678125 0.025 0.0375
1 0.0296875 0.671875 0.0234375 0.0265625
1 0.3203125 0.675 0.0421875 0.0203125
1 0.48671875 0.76953125 0.0359375 0.0265625
0 0.8859375 0.7875 0.059375 0.0578125
0 0.8703125 0.7125 0.13125 0.0875
0 0.8578125 0.61875 0.0953125 0.1359375
1 0.8375 0.46953125 0.10625 0.0203125
0 0.859375 0.5171875 0.1578125 0.10625
1 0.9296875 0.496875 0.0546875 0.0359375
1 0.94375 0.6203125 0.025 0.0359375
1 0.9265625 0.6390625 0.0390625 0.0265625
1 0.78125 0.759375 0.025 0.028125
1 0.925 0.8 0.015625 0.021875
1 0.9734375 0.534375 0.04375 0.0234375
1 0.5734375 0.571875 0.0296875 0.0171875
1 0.47109375 0.565625 0.0046875 0.03125
1 0.47578125 0.62890625 0.0140625 0.0265625
1 0.49375 0.75 0.0140625 0.0140625