1 0.328125 0.2015625 0.0125 0.0171875
1 0.215625 0.0359375 0.015625 0.01875
1 0.053125 0.0109375 0.0140625 0.01875
1 0.396875 0.3140625 0.028125 0.0140625
0 0.9109375 0.3546875 0.178125 0.128125
1 0.0828125 0.5796875 0.0203125 0.025
1 0.35078125 0.57109375 0.0171875 0.0171875
1 0.00859375 0.55078125 0.0171875 0.0265625
1 0.3453125 0.4671875 0.0125 0.021875
1 0.3265625 0.446875 0.0265625 0.0171875
1 0.34140625 0.4296875 0.0328125 0.021875
1 0.0890625 0.428125 0.028125 0.01875
0 0.015625 0.74765625 0.03125 0.0390625
1 0.2484375 0.6921875 0.0484375 0.0359375
0 0.10703125 0.68125 0.2140625 0.171875
1 0.021875 0.6421875 0.03125 0.03125
1 0.0171875 0.6140625 0.0171875 0.0140625
1 0.0296875 0.621875 0.015625 0.0203125
0 0.10234375 0.57890625 0.2046875 0.3203125
1 0.18125 0.509375 0.03125 0.0328125
1 0.1390625 0.4875 0.0234375 0.01875
1 0.1296875 0.496875 0.028125 0.009375
1 0.13125 0.4484375 0.046875 0.028125
1 0.1203125 0.4609375 0.0265625 0.0171875
1 0.5359375 0.4421875 0.0296875 0.0203125
1 0.5234375 0.4828125 0.03125 0.01875
1 0.39375 0.765625 0.0671875 0.0328125
1 0.6015625 0.6859375 0.0390625 0.021875
1 0.778125 0.5875 0.0203125 0.028125
1 0.8265625 0.715625 0.0359375 0.059375
0 0.77890625 0.44921875 0.2015625 0.0609375
0 0.7890625 0.6015625 0.13125 0.3359375
1 0.859375 0.5328125 0.0265625 0.0265625
1 0.8421875 0.6375 0.0390625 0.0296875