1 0.2625 0.134375 0.0390625 0.0734375
1 0.428125 0.234375 0.0625 0.0625
1 0.1828125 0.003125 0.025 0.00625
1 0.38125 0.0328125 0.0703125 0.0578125
1 0.3828125 0.55546875 0.021875 0.0078125
0 0.24375 0.453125 0.1203125 0.11875
0 0.39765625 0.47734375 0.1234375 0.1578125
1 0.9890625 0.05703125 0.021875 0.0265625
1 0.9609375 0.1640625 0.0421875 0.046875
1 0.99453125 0.18046875 0.0109375 0.0265625
1 0.8546875 0.0296875 0.053125 0.0515625
1 0.8703125 0.140625 0.01875 0.0265625
1 0.8953125 0.1609375 0.025 0.025
1 0.94375 0.2625 0.0390625 0.0359375
1 0.828125 0.1 0.015625 0.021875
1 0.778125 0.134375 0.0234375 0.0328125
1 0.7578125 0.0796875 0.028125 0.028125
1 0.8046875 0.175 0.0296875 0.03125
1 0.7125 0.2140625 0.0484375 0.071875
1 0.725 0.09375 0.0234375 0.0296875
1 0.8703125 0.2796875 0.021875 0.021875
1 0.875 0.328125 0.0359375 0.0453125
0 0.7890625 0.3640625 0.1125 0.121875
0 0.9265625 0.38125 0.1125 0.084375
1 0.8515625 0.39375 0.034375 0.025
1 0.9375 0.4578125 0.053125 0.0390625
1 0.8796875 0.515625 0.0984375 0.08125
1 0.8421875 0.4859375 0.0203125 0.0296875
1 0.79921875 0.53125 0.0578125 0.05625
1 0.7453125 0.53203125 0.046875 0.0546875
1 0.7140625 0.509375 0.0296875 0.0265625
1 0.715625 0.390625 0.021875 0.03125
1 0.696875 0.340625 0.034375 0.0421875
1 0.6921875 0.4203125 0.0234375 0.0265625
1 0.98125 0.5140625 0.021875 0.0421875
1 0.94921875 0.546875 0.0390625 0.025
1 0.8953125 0.4203125 0.028125 0.0484375
1 0.975 0.3515625 0.021875 0.034375
1 0.9953125 0.35859375 0.009375 0.0328125
1 0.921875 0.2921875 0.0234375 0.015625
1 0.2421875 0.9328125 0.0140625 0.0484375
1 0.2921875 0.8734375 0.0625 0.0796875
1 0.4296875 0.6265625 0.0125 0.0234375
1 0.4375 0.6953125 0.0359375 0.059375
1 0.3203125 0.6515625 0.009375 0.021875
1 0.45234375 0.8203125 0.0140625 0.015625
1 0.6265625 0.8453125 0.021875 0.0140625
1 0.784375 0.91875 0.0328125 0.028125
1 0.98828125 0.90703125 0.0234375 0.0203125
1 0.98828125 0.965625 0.0234375 0.03125
1 0.88125 0.828125 0.040625 0.0484375
1 0.8375 0.8265625 0.0421875 0.053125
1 0.953125 0.7859375 0.0625 0.0390625
1 0.778125 0.8375 0.0421875 0.0359375
1 0.796875 0.8015625 0.0328125 0.028125
1 0.7453125 0.9140625 0.0171875 0.021875
1 0.6671875 0.9 0.034375 0.0578125
1 0.63125 0.8953125 0.0328125 0.028125
1 0.6921875 0.8890625 0.025 0.015625
0 0.8703125 0.95859375 0.071875 0.0828125
0 0.83828125 0.9734375 0.1046875 0.053125
1 0.90625 0.9515625 0.0234375 0.025
1 0.90625 0.9703125 0.0171875 0.0234375
1 0.709375 0.9640625 0.0328125 0.0234375
0 0.67890625 0.9640625 0.0828125 0.071875