1 0.1734375 0.30625 0.0375 0.03125
1 0.190625 0.2125 0.0171875 0.0171875
1 0.08125 0.1953125 0.034375 0.0375
1 0.4796875 0.1578125 0.059375 0.0453125
1 0.4328125 0.1328125 0.053125 0.03125
1 0.24375 0.0765625 0.025 0.01875
1 0.2328125 0.0390625 0.021875 0.028125
1 0.059375 0.0515625 0.0625 0.0796875
0 0.2734375 0.2 0.3640625 0.2265625
1 0.3421875 0.2796875 0.16875 0.1328125
0 0.3625 0.33203125 0.29375 0.0953125
1 0.953125 0.3640625 0.0109375 0.0125
1 0.9984375 0.3484375 0.003125 0.015625
1 0.5171875 0.34140625 0.015625 0.0328125
1 0.8296875 0.309375 0.0203125 0.0109375
1 0.8515625 0.303125 0.0078125 0.009375
0 0.7796875 0.31484375 0.115625 0.1296875
1 0.6265625 0.14375 0.01875 0.0203125
1 0.865625 0.109375 0.0109375 0.0109375
1 0.534375 0.084375 0.0296875 0.03125
1 0.70625 0.2015625 0.015625 0.0140625
1 0.728125 0.25 0.021875 0.0234375
1 0.69375 0.190625 0.015625 0.021875
1 0.784375 0.221875 0.06875 0.0703125
1 0.734375 0.171875 0.0921875 0.0234375
1 0.784375 0.1578125 0.0140625 0.0109375
1 0.828125 0.128125 0.01875 0.0140625
1 0.840625 0.1359375 0.01875 0.015625
1 0.8359375 0.109375 0.028125 0.0234375
1 0.8953125 0.103125 0.0234375 0.0234375
1 0.9125 0.1046875 0.0125 0.015625
1 0.9234375 0.109375 0.0140625 0.0140625
1 0.940625 0.146875 0.0203125 0.0203125
1 0.9484375 0.125 0.01875 0.0140625
1 0.975 0.153125 0.0171875 0.028125
1 0.9546875 0.203125 0.009375 0.00625
1 0.9859375 0.1734375 0.0125 0.0109375
1 0.9328125 0.2546875 0.0171875 0.0125
1 0.9734375 0.2734375 0.03125 0.040625
1 0.9671875 0.3171875 0.01875 0.0234375
1 0.1421875 0.80625 0.0359375 0.0328125
0 0.203125 0.9390625 0.0984375 0.0671875
1 0.2296875 0.9015625 0.0609375 0.0125
0 0.22734375 0.98046875 0.1046875 0.0390625
1 0.165625 0.81875 0.0140625 0.0203125
1 0.196875 0.7875 0.0453125 0.0421875
0 0.2296875 0.6234375 0.0953125 0.0734375
1 0.240625 0.6515625 0.0421875 0.053125
1 0.2890625 0.684375 0.00625 0.009375
0 0.2265625 0.746875 0.0625 0.0890625
0 0.24375 0.6921875 0.0765625 0.0765625
1 0.4453125 0.9875 0.0109375 0.0109375
1 0.4640625 0.9453125 0.0125 0.0140625
1 0.4546875 0.9203125 0.0203125 0.0171875
1 0.4828125 0.921875 0.0234375 0.0265625
1 0.5 0.90859375 0.01875 0.0171875
1 0.428125 0.8171875 0.0234375 0.0296875
1 0.4734375 0.6265625 0.025 0.0203125
0 0.553125 0.8796875 0.08125 0.109375
1 0.5796875 0.95 0.025 0.0265625
0 0.64609375 0.96640625 0.2734375 0.0671875
1 0.7015625 0.9 0.01875 0.021875
1 0.7609375 0.96875 0.0203125 0.0203125
1 0.8875 0.9 0.025 0.03125
1 0.821875 0.9421875 0.025 0.0234375
1 0.91875 0.9484375 0.0203125 0.03125
1 0.540625 0.7609375 0.01875 0.015625
1 0.58125 0.7421875 0.025 0.025
0 0.6703125 0.7203125 0.321875 0.184375
1 0.8328125 0.659375 0.034375 0.046875
1 0.8640625 0.6546875 0.021875 0.034375
1 0.9 0.634375 0.0359375 0.046875
1 0.9390625 0.6171875 0.0265625 0.0359375
0 0.728125 0.5890625 0.0296875 0.03125
0 0.6625 0.5765625 0.0625 0.009375
1 0.98671875 0.58671875 0.0265625 0.0296875
1 0.98515625 0.7265625 0.0296875 0.03125
1 0.959375 0.7578125 0.0171875 0.0203125
1 0.8703125 0.765625 0.034375 0.0265625
1 0.965625 0.84375 0.0234375 0.01875
1 0.83125 0.8328125 0.0296875 0.028125
1 0.85625 0.8609375 0.021875 0.0171875
1 0.784375 0.6984375 0.0203125 0.0171875
1 0.725 0.6890625 0.0234375 0.0359375