1 0.1203125 0.4875 0.0078125 0.0125
1 0.515625 0.4484375 0.0078125 0.0078125
1 0.221875 0.440625 0.0140625 0.0078125
1 0.28125 0.3453125 0.0078125 0.009375
1 0.39375 0.26875 0.015625 0.0109375
1 0.425 0.2703125 0.0203125 0.0359375
1 0.3796875 0.253125 0.0078125 0.015625
1 0.2984375 0.2078125 0.0109375 0.009375
1 0.01015625 0.2125 0.0203125 0.021875
1 0.5 0.146875 0.0109375 0.00625
1 0.11875 0.0953125 0.0109375 0.0046875
1 0.0625 0.140625 0.0203125 0.040625
1 0.1046875 0.21875 0.0328125 0.01875
1 0.1015625 0.3328125 0.0234375 0.0171875
1 0.078125 0.3859375 0.0078125 0.0078125
1 0.178125 0.3796875 0.034375 0.0453125
1 0.228125 0.41875 0.009375 0.0125
1 0.2828125 0.509375 0.0234375 0.0234375
1 0.2796875 0.5296875 0.009375 0.0140625
1 0.45625 0.4125 0.0296875 0.0390625
1 0.3296875 0.259375 0.0234375 0.0328125
1 0.4046875 0.046875 0.0078125 0.00625
0 0.434375 0.0640625 0.0203125 0.0546875
1 0.525 0.371875 0.00625 0.0078125
0 0.3625 0.4796875 0.21875 0.1671875
0 0.325 0.3578125 0.3921875 0.225
1 0.2875 0.1375 0.121875 0.10625
0 0.271875 0.1296875 0.3125 0.1875
1 0.5796875 0.0453125 0.0296875 0.0265625
1 0.61875 0.0265625 0.084375 0.0421875
1 0.7953125 0.0890625 0.046875 0.0359375
1 0.79375 0.109375 0.0140625 0.01875
1 0.778125 0.153125 0.078125 0.084375
0 0.6828125 0.171875 0.128125 0.1875
1 0.596875 0.225 0.0546875 0.0625
1 0.5640625 0.2203125 0.0296875 0.025
0 0.68125 0.2828125 0.1 0.075
1 0.7515625 0.2796875 0.025 0.0109375
1 0.725 0.309375 0.0359375 0.015625
1 0.59375 0.4046875 0.0421875 0.0484375
1 0.69375 0.3484375 0.04375 0.0234375
1 0.725 0.365625 0.0390625 0.0421875
0 0.6796875 0.440625 0.1578125 0.096875
1 0.7375 0.415625 0.05 0.065625
1 0.7671875 0.453125 0.0640625 0.0671875
1 0.7875 0.5 0.0234375 0.021875
1 0.88203125 0.01328125 0.0640625 0.0265625
1 0.8875 0.046875 0.0234375 0.021875
1 0.921875 0.034375 0.034375 0.0515625
1 0.8953125 0.0828125 0.034375 0.0359375
1 0.853125 0.1140625 0.04375 0.0546875
1 0.8359375 0.171875 0.03125 0.0296875
1 0.8609375 0.1609375 0.0421875 0.015625
1 0.834375 0.2484375 0.0546875 0.05625
1 0.9015625 0.209375 0.0296875 0.053125
1 0.978125 0.22734375 0.04375 0.0609375
1 0.98828125 0.18828125 0.0234375 0.0640625
1 0.85 0.3171875 0.025 0.028125
1 0.8703125 0.3359375 0.0421875 0.034375
1 0.98046875 0.38359375 0.0390625 0.0390625
1 0.97109375 0.48203125 0.0578125 0.0578125
1 0.953125 0.4515625 0.0453125 0.0375
0 0.2546875 0.67265625 0.2875 0.1265625
0 0.18984375 0.7015625 0.3796875 0.165625
1 0.7609375 0.9109375 0.0359375 0.0453125
1 0.8703125 0.871875 0.015625 0.0109375
1 0.9640625 0.865625 0.03125 0.0359375
1 0.8859375 0.834375 0.015625 0.0234375
1 0.9015625 0.80625 0.046875 0.0359375
1 0.7484375 0.7890625 0.0125 0.0109375
1 0.8328125 0.76875 0.009375 0.025
1 0.9859375 0.75625 0.0234375 0.0125
1 0.540625 0.7546875 0.0109375 0.009375
1 0.715625 0.71875 0.021875 0.028125
1 0.9 0.715625 0.015625 0.021875
1 0.784375 0.70625 0.0203125 0.0375
1 0.5328125 0.68359375 0.00625 0.0140625
1 0.821875 0.675 0.03125 0.0453125
1 0.809375 0.65 0.0296875 0.0359375
1 0.915625 0.646875 0.0265625 0.0203125
0 0.7921875 0.80625 0.05 0.065625
0 0.828125 0.81875 0.0296875 0.053125
0 0.64375 0.9265625 0.14375 0.140625
0 0.671875 0.6640625 0.1578125 0.109375
0 0.65546875 0.628125 0.0984375 0.0375
0 0.6453125 0.759375 0.1359375 0.075
0 0.6515625 0.83125 0.146875 0.11875
1 0.9515625 0.984375 0.0234375 0.0078125
1 0.9390625 0.9546875 0.0125 0.015625