1 0.4328125 0.384375 0.03125 0.015625
1 0.3578125 0.3828125 0.0453125 0.01875
0 0.3765625 0.26875 0.1328125 0.096875
1 0.5015625 0.0703125 0.0140625 0.0140625
1 0.309375 0.109375 0.01875 0.0203125
1 0.334375 0.1328125 0.03125 0.0234375
0 0.396875 0.1421875 0.13125 0.1390625
0 0.434375 0.0859375 0.084375 0.121875
1 0.38984375 0.040625 0.0578125 0.08125
0 0.390625 0.01875 0.184375 0.0375
1 0.2140625 0.3125 0.03125 0.01875
1 0.2421875 0.11875 0.0484375 0.034375
1 0.1859375 0.0203125 0.009375 0.0140625
1 0.1609375 0.021875 0.025 0.015625
1 0.090625 0.0109375 0.015625 0.0171875
1 0.09375 0.14375 0.0125 0.0109375
1 0.0546875 0.0734375 0.034375 0.0453125
1 0.0890625 0.0703125 0.0328125 0.034375
1 0.98828125 0.5046875 0.0234375 0.078125
1 0.978125 0.465625 0.0328125 0.0328125
1 0.890625 0.4765625 0.028125 0.0296875
1 0.8546875 0.503125 0.021875 0.0203125
0 0.8015625 0.35625 0.0890625 0.0875
1 0.896875 0.3125 0.0234375 0.025
1 0.903125 0.265625 0.0453125 0.0421875
1 0.9140625 0.2140625 0.0421875 0.040625
1 0.8015625 0.28125 0.075 0.0625
1 0.875 0.1375 0.03125 0.0265625
1 0.8484375 0.1359375 0.021875 0.03125
1 0.815625 0.1609375 0.0296875 0.025
1 0.7671875 0.11875 0.0296875 0.021875
1 0.8171875 0.08125 0.021875 0.0265625
1 0.7859375 0.05625 0.0484375 0.0484375
1 0.93125 0.0734375 0.0359375 0.028125
1 0.7109375 0.1375 0.0171875 0.015625
1 0.715625 0.3015625 0.0265625 0.0359375
1 0.7 0.3296875 0.0265625 0.028125
0 0.6421875 0.3015625 0.0875 0.1265625
1 0.5890625 0.2921875 0.028125 0.03125
1 0.578125 0.253125 0.0625 0.040625
1 0.590625 0.1234375 0.05 0.0375
0 0.6359375 0.0765625 0.0890625 0.1125
0 0.6390625 0.1703125 0.1046875 0.1171875
0 0.6390625 0.471875 0.1578125 0.140625
1 0.559375 0.4375 0.0296875 0.03125
1 0.765625 0.496875 0.028125 0.03125
1 0.759375 0.528125 0.0234375 0.0265625
1 0.7796875 0.228125 0.0359375 0.025
1 0.5296875 0.95859375 0.01875 0.0203125
1 0.53046875 0.840625 0.0171875 0.021875
1 0.5265625 0.88984375 0.025 0.0359375
1 0.534375 0.73046875 0.009375 0.0171875
1 0.52421875 0.69765625 0.0296875 0.0171875
1 0.53515625 0.67890625 0.0078125 0.0109375
1 0.3796875 0.659375 0.0390625 0.0296875
1 0.34375 0.628125 0.0296875 0.0296875
1 0.325 0.659375 0.03125 0.021875
1 0.44375 0.79375 0.015625 0.0296875
1 0.4265625 0.7921875 0.03125 0.0375
1 0.4390625 0.76875 0.025 0.0296875
1 0.4703125 0.8640625 0.021875 0.034375
1 0.440625 0.8890625 0.0296875 0.01875
1 0.3890625 0.85625 0.021875 0.0265625
1 0.340625 0.8609375 0.040625 0.0234375
1 0.359375 0.9109375 0.0171875 0.01875
1 0.309375 0.909375 0.01875 0.0234375
1 0.334375 0.8734375 0.0140625 0.0078125
1 0.315625 0.884375 0.0140625 0.0109375
1 0.3046875 0.846875 0.009375 0.015625
1 0.403125 0.9671875 0.01875 0.0046875
1 0.3921875 0.9625 0.021875 0.015625
1 0.35 0.9375 0.009375 0.0078125
1 0.26875 0.640625 0.053125 0.0265625
1 0.2828125 0.63125 0.0140625 0.0140625
1 0.2765625 0.621875 0.0203125 0.0140625
1 0.2625 0.6484375 0.0234375 0.0390625
1 0.2828125 0.6765625 0.0234375 0.0296875
1 0.1375 0.6765625 0.04375 0.046875
1 0.11875 0.721875 0.0203125 0.01875
1 0.078125 0.628125 0.0109375 0.015625
0 0.228125 0.671875 0.10625 0.115625
0 0.2234375 0.7453125 0.1265625 0.125
0 0.1890625 0.7828125 0.1171875 0.1265625
0 0.1890625 0.821875 0.1921875 0.0875
0 0.2046875 0.915625 0.0984375 0.109375
1 0.1640625 0.9359375 0.0125 0.00625
1 0.2609375 0.9234375 0.01875 0.015625
1 0.05625 0.9109375 0.075 0.090625
1 0.0234375 0.7296875 0.0234375 0.0421875
1 0.05625 0.6484375 0.0078125 0.00625
1 0.5984375 0.6015625 0.015625 0.003125
1 0.8515625 0.61015625 0.021875 0.0203125
1 0.746875 0.625 0.0109375 0.0109375
1 0.9484375 0.6609375 0.034375 0.021875
1 0.9703125 0.7125 0.0359375 0.0296875
1 0.6765625 0.73125 0.015625 0.0078125
1 0.6484375 0.7546875 0.021875 0.0078125
1 0.6609375 0.7828125 0.03125 0.0109375
1 0.74375 0.8015625 0.0109375 0.0125