1 0.29609375 0.33828125 0.0265625 0.0328125
1 0.2484375 0.45625 0.0203125 0.015625
1 0.234375 0.021875 0.015625 0.021875
1 0.2296875 0.328125 0.021875 0.034375
1 0.103125 0.33125 0.0265625 0.0140625
1 0.059375 0.025 0.0328125 0.0484375
0 0.17578125 0.1734375 0.2671875 0.346875
1 0.134375 0.51328125 0.025 0.0109375
1 0.05625 0.4046875 0.0265625 0.015625
1 0.29140625 0.04140625 0.0359375 0.0359375
1 0.75625 0.01875 0.00625 0.0046875
1 0.6484375 0.490625 0.034375 0.03125
1 0.60625 0.40625 0.04375 0.0359375
1 0.56875 0.415625 0.021875 0.03125
1 0.546875 0.378125 0.034375 0.0546875
1 0.6421875 0.3390625 0.01875 0.021875
1 0.61875 0.35625 0.021875 0.05625
0 0.6875 0.3859375 0.0765625 0.1296875
0 0.78125 0.378125 0.1265625 0.053125
1 0.8140625 0.390625 0.034375 0.0484375
0 0.89375 0.375 0.09375 0.10625
0 0.98046875 0.38125 0.0390625 0.06875
1 0.97734375 0.39375 0.0453125 0.11875
1 0.8515625 0.4828125 0.0453125 0.0421875
1 0.9859375 0.184375 0.021875 0.021875
1 0.815625 0.125 0.0203125 0.01875
1 0.8921875 0.2328125 0.0484375 0.0703125
1 0.7703125 0.21875 0.028125 0.0234375
1 0.90625 0.0359375 0.025 0.0140625
1 0.30546875 0.63046875 0.0078125 0.0140625
1 0.23125 0.528125 0.0109375 0.009375
1 0.153125 0.9671875 0.0265625 0.025
1 0.1390625 0.7125 0.009375 0.009375
0 0.209375 0.8375 0.1484375 0.15
1 0.115625 0.60625 0.0296875 0.034375
1 0.02890625 0.5234375 0.0234375 0.009375
1 0.0234375 0.925 0.046875 0.0640625
1 0.265625 0.74375 0.03125 0.028125
1 0.253125 0.6859375 0.0296875 0.0265625
1 0.159375 0.73125 0.015625 0.0078125
1 0.2984375 0.575 0.0078125 0.00625
0 0.03515625 0.815625 0.0703125 0.153125
0 0.5421875 0.5515625 0.175 0.065625
0 0.85703125 0.5421875 0.1078125 0.046875
1 0.6234375 0.5984375 0.028125 0.0203125
1 0.5328125 0.621875 0.0234375 0.025
1 0.75 0.753125 0.0546875 0.0546875
1 0.8 0.7828125 0.028125 0.03125
1 0.76875 0.7796875 0.025 0.025
1 0.83125 0.621875 0.028125 0.0296875
1 0.9375 0.834375 0.040625 0.034375
1 0.6484375 0.990625 0.0265625 0.01875
1 0.5984375 0.94375 0.03125 0.0296875
1 0.490625 0.975 0.03125 0.03125
1 0.5171875 0.76875 0.040625 0.0390625
1 0.7421875 0.884375 0.021875 0.0296875
1 0.965625 0.946875 0.021875 0.0390625
1 0.92890625 0.99140625 0.0328125 0.0171875
1 0.9375 0.6109375 0.01875 0.0265625