0 0.28359375 0.3578125 0.1109375 0.134375
1 0.38125 0.2046875 0.01875 0.0140625
1 0.4234375 0.2015625 0.028125 0.0375
1 0.3953125 0.3734375 0.034375 0.028125
1 0.63125 0.115625 0.034375 0.0390625
1 0.6234375 0.1234375 0.028125 0.0140625
1 0.66875 0.1390625 0.021875 0.021875
1 0.6703125 0.0734375 0.03125 0.0234375
1 0.671875 0.2203125 0.021875 0.0234375
1 0.69375 0.21875 0.0390625 0.015625
1 0.684375 0.2046875 0.0171875 0.021875
1 0.6390625 0.1859375 0.0109375 0.015625
1 0.5140625 0.078125 0.0296875 0.0375
1 0.528125 0.09375 0.0125 0.015625
1 0.5453125 0.0984375 0.015625 0.0140625
1 0.521875 0.075 0.015625 0.015625
1 0.4671875 0.1171875 0.0109375 0.0078125
1 0.4734375 0.134375 0.0078125 0.015625
0 0.515625 0.15625 0.1734375 0.175
1 0.446875 0.2640625 0.028125 0.025
1 0.4671875 0.2515625 0.015625 0.0140625
0 0.5296875 0.3 0.1140625 0.11875
1 0.60625 0.303125 0.1015625 0.115625
1 0.609375 0.303125 0.0046875 0.0234375
1 0.659375 0.321875 0.0203125 0.0171875
0 0.496875 0.353125 0.1109375 0.16875
1 0.60859375 0.43203125 0.0171875 0.0140625
1 0.7296875 0.1421875 0.0171875 0.0171875
1 0.75 0.1125 0.034375 0.03125
1 0.7796875 0.0953125 0.046875 0.0390625
1 0.734375 0.0640625 0.0140625 0.0078125
1 0.7796875 0.1203125 0.0171875 0.015625
1 0.7734375 0.175 0.0109375 0.0078125
1 0.7640625 0.1765625 0.0234375 0.0265625
1 0.715625 0.275 0.0234375 0.021875
1 0.7703125 0.2609375 0.0328125 0.021875
1 0.7484375 0.2328125 0.046875 0.0390625
1 0.7859375 0.2359375 0.0140625 0.0125
1 0.6984375 0.3328125 0.0046875 0.01875
1 0.715625 0.35 0.025 0.034375
1 0.765625 0.35 0.0265625 0.025
1 0.796875 0.3515625 0.025 0.015625
1 0.8046875 0.378125 0.0203125 0.0125
1 0.8046875 0.4140625 0.0171875 0.00625
1 0.8171875 0.4234375 0.028125 0.01875
1 0.8421875 0.39375 0.0125 0.01875
1 0.8234375 0.334375 0.0671875 0.053125
1 0.825 0.3046875 0.0140625 0.0140625
1 0.8765625 0.3109375 0.0171875 0.01875
1 0.8515625 0.26875 0.0234375 0.0125
1 0.8734375 0.26875 0.0359375 0.034375
1 0.871875 0.2828125 0.015625 0.0078125
1 0.85 0.1359375 0.0171875 0.025
1 0.8328125 0.175 0.0515625 0.04375
1 0.8515625 0.1515625 0.0234375 0.0203125
1 0.825 0.178125 0.009375 0.009375
1 0.8390625 0.1859375 0.0078125 0.015625
1 0.86875 0.3609375 0.021875 0.015625
1 0.9 0.365625 0.0140625 0.0140625
1 0.89375 0.378125 0.0234375 0.0140625
1 0.8796875 0.41953125 0.028125 0.0390625
1 0.8921875 0.4109375 0.009375 0.015625
1 0.896875 0.42421875 0.025 0.0296875
1 0.95625 0.43203125 0.021875 0.0140625
1 0.9265625 0.278125 0.03125 0.0515625
1 0.9796875 0.234375 0.0125 0.0109375
1 0.984375 0.296875 0.0296875 0.021875
1 0.975 0.2984375 0.015625 0.0265625
1 0.984375 0.3140625 0.0296875 0.0140625
1 0.984375 0.3515625 0.03125 0.040625
1 0.9671875 0.3515625 0.0359375 0.0296875
1 0.9875 0.375 0.021875 0.021875
1 0.8921875 0.14375 0.0296875 0.0234375
1 0.9125 0.1515625 0.021875 0.025
1 0.921875 0.1703125 0.0234375 0.028125
1 0.9109375 0.1671875 0.0109375 0.015625
1 0.8984375 0.1859375 0.015625 0.015625
1 0.9671875 0.134375 0.0234375 0.015625
1 0.99453125 0.10390625 0.0109375 0.0109375
1 0.9078125 0.121875 0.0078125 0.0109375
1 0.2484375 0.7359375 0.0171875 0.009375
1 0.1953125 0.7171875 0.028125 0.0296875
1 0.0140625 0.5484375 0.028125 0.046875
1 0.0046875 0.50390625 0.009375 0.0234375
1 0.246875 0.4578125 0.0171875 0.028125
1 0.2625 0.4640625 0.0140625 0.015625
1 0.0125 0.4453125 0.025 0.0125
1 0.01640625 0.56015625 0.0328125 0.0109375
0 0.2734375 0.67265625 0.13125 0.2015625
1 0.2375 0.5765625 0.0625 0.0625
0 0.29921875 0.53828125 0.0796875 0.1265625
0 0.27265625 0.45234375 0.1328125 0.0265625
0 0.3171875 0.76171875 0.04375 0.0453125
1 0.33125 0.7328125 0.015625 0.034375
1 0.50625 0.7 0.0625 0.025
1 0.5984375 0.7875 0.025 0.04375
1 0.5703125 0.7234375 0.0265625 0.05
1 0.6796875 0.753125 0.0296875 0.025
1 0.58125 0.8734375 0.021875 0.0359375
1 0.62734375 0.996875 0.0265625 0.00625
1 0.553125 0.94375 0.021875 0.0359375
1 0.48828125 0.9921875 0.0265625 0.015625
1 0.396875 0.9328125 0.025 0.025
1 0.3734375 0.959375 0.021875 0.0234375
1 0.390625 0.9953125 0.015625 0.009375
1 0.475 0.7984375 0.059375 0.0671875
1 0.6140625 0.953125 0.01875 0.0171875
1 0.6640625 0.8671875 0.025 0.025
1 0.6875 0.871875 0.01875 0.0203125
1 0.8 0.90625 0.0453125 0.0375
1 0.79375 0.8796875 0.01875 0.021875
1 0.90234375 0.98359375 0.0390625 0.0328125
1 0.921875 0.946875 0.015625 0.01875
1 0.934375 0.925 0.0453125 0.03125
1 0.8390625 0.9453125 0.028125 0.028125
1 0.9640625 0.896875 0.0265625 0.0328125
1 0.99453125 0.98515625 0.0109375 0.0296875
1 0.9734375 0.8078125 0.0328125 0.034375
1 0.9328125 0.8109375 0.0234375 0.015625
1 0.8296875 0.8078125 0.01875 0.0296875
1 0.95 0.6796875 0.03125 0.0296875
1 0.8921875 0.6703125 0.0171875 0.009375
0 0.740625 0.9375 0.0875 0.109375
1 0.7140625 0.9796875 0.0359375 0.0171875
1 0.696875 0.9328125 0.0125 0.04375
0 0.7125 0.6890625 0.1140625 0.0484375
1 0.8046875 0.9609375 0.015625 0.015625
1 0.8625 0.821875 0.025 0.0171875
1 0.9328125 0.7265625 0.0671875 0.0765625
0 0.7171875 0.8125 0.11875 0.0765625
0 0.7515625 0.765625 0.0671875 0.134375