1 0.065625 0.440625 0.0109375 0.0171875
1 0.1015625 0.4671875 0.0265625 0.0296875
1 0.021875 0.4796875 0.034375 0.040625
1 0.2765625 0.4578125 0.0171875 0.021875
1 0.2328125 0.3640625 0.0234375 0.0078125
1 0.2546875 0.365625 0.015625 0.021875
0 0.3328125 0.4015625 0.046875 0.0453125
1 0.2796875 0.325 0.021875 0.0140625
1 0.265625 0.30625 0.015625 0.0078125
1 0.34375 0.325 0.025 0.009375
1 0.33125 0.2796875 0.0234375 0.021875
1 0.1046875 0.3890625 0.0328125 0.03125
1 0.109375 0.3109375 0.0421875 0.04375
1 0.1671875 0.321875 0.025 0.0234375
0 0.1671875 0.375 0.0703125 0.09375
1 0.0390625 0.3359375 0.0265625 0.021875
0 0.075 0.3671875 0.109375 0.090625
0 0.02734375 0.3640625 0.0546875 0.0375
1 0.0484375 0.403125 0.0578125 0.03125
1 0.00859375 0.25703125 0.0171875 0.0234375
1 0.0703125 0.140625 0.0375 0.0203125
1 0.25625 0.15625 0.0203125 0.0296875
1 0.246875 0.0828125 0.046875 0.0578125
1 0.29375 0.1796875 0.0234375 0.015625
1 0.3109375 0.01953125 0.03125 0.0390625
1 0.2421875 0.0421875 0.0125 0.0109375
1 0.528125 0.4703125 0.0265625 0.0546875
1 0.5421875 0.434375 0.0546875 0.0375
1 0.59375 0.4421875 0.0328125 0.0328125
1 0.6203125 0.425 0.0390625 0.0359375
1 0.63984375 0.47890625 0.0828125 0.0421875
1 0.71875 0.490625 0.046875 0.01875
1 0.975 0.4765625 0.0453125 0.021875
1 0.97109375 0.41796875 0.0578125 0.1078125
1 0.8671875 0.440625 0.0453125 0.046875
1 0.9953125 0.2859375 0.009375 0.046875
1 0.9484375 0.35625 0.04375 0.05
1 0.946875 0.3140625 0.0296875 0.034375
0 0.91875 0.10546875 0.1625 0.0890625
1 0.98984375 0.134375 0.0203125 0.04375
1 0.9609375 0.153125 0.0421875 0.046875
1 0.95625 0.2328125 0.046875 0.0578125
1 0.8859375 0.228125 0.025 0.0359375
1 0.9765625 0.0171875 0.046875 0.034375
1 0.984375 0.0734375 0.03125 0.028125
1 0.89375 0.15 0.0359375 0.034375
0 0.8015625 0.1390625 0.1359375 0.103125
1 0.8171875 0.1921875 0.0671875 0.0296875
1 0.725 0.434375 0.046875 0.0828125
1 0.6859375 0.415625 0.0578125 0.046875
1 0.890625 0.3859375 0.021875 0.0328125
1 0.9125 0.375 0.015625 0.01875
1 0.86875 0.3875 0.0234375 0.03125
1 0.8671875 0.3375 0.0359375 0.0234375
1 0.8671875 0.3625 0.01875 0.0171875
1 0.8234375 0.3421875 0.021875 0.021875
1 0.8859375 0.2875 0.015625 0.0296875
1 0.8671875 0.2890625 0.0203125 0.0234375
1 0.70625 0.35 0.0234375 0.028125
1 0.678125 0.3015625 0.0296875 0.0375
1 0.803125 0.309375 0.03125 0.0265625
1 0.778125 0.3203125 0.0203125 0.0328125
1 0.778125 0.4453125 0.025 0.028125
0 0.7109375 0.1171875 0.0875 0.1046875
1 0.671875 0.2046875 0.0328125 0.03125
1 0.6828125 0.225 0.0234375 0.0234375
1 0.540625 0.3203125 0.053125 0.046875
1 0.5796875 0.253125 0.03125 0.025
1 0.590625 0.1515625 0.0734375 0.05625
1 0.5390625 0.2046875 0.0234375 0.021875
1 0.64375 0.0640625 0.05 0.0359375
1 0.8140625 0.00859375 0.028125 0.0171875
1 0.7765625 0.01484375 0.046875 0.0296875
1 0.8859375 0.0703125 0.0625 0.0546875
1 0.896875 0.04375 0.0265625 0.01875
1 0.9046875 0.015625 0.034375 0.03125
1 0.946875 0.0421875 0.028125 0.0203125
1 0.5234375 0.1328125 0.01875 0.0390625
1 0.7328125 0.26875 0.028125 0.0234375
1 0.640625 0.4625 0.021875 0.021875
1 0.6078125 0.4703125 0.0203125 0.025
1 0.653125 0.1109375 0.025 0.0296875
1 0.3890625 0.7421875 0.0125 0.028125
1 0.390625 0.809375 0.015625 0.021875
1 0.3875 0.590625 0.0140625 0.0265625
1 0.3515625 0.821875 0.0484375 0.0328125
1 0.3328125 0.9203125 0.021875 0.04375
1 0.2234375 0.7703125 0.0203125 0.0515625
1 0.2046875 0.909375 0.0359375 0.0453125
1 0.3390625 0.734375 0.015625 0.015625
1 0.4015625 0.70546875 0.015625 0.1640625
0 0.33671875 0.70703125 0.1453125 0.0984375
1 0.2453125 0.81875 0.0171875 0.0140625
1 0.253125 0.7734375 0.03125 0.05
1 0.2390625 0.746875 0.0125 0.009375
1 0.2375 0.740625 0.01875 0.0125
1 0.1859375 0.7484375 0.0109375 0.0203125
0 0.2890625 0.6796875 0.08125 0.140625
0 0.2203125 0.6609375 0.08125 0.0984375
1 0.46015625 0.99453125 0.0515625 0.0109375
1 0.44375 0.95 0.065625 0.05625
1 0.4265625 0.9046875 0.034375 0.04375
1 0.42734375 0.50625 0.0359375 0.0125
0 0.4234375 0.6984375 0.0265625 0.03125
1 0.4375 0.6890625 0.05625 0.0703125
1 0.471875 0.6609375 0.040625 0.0328125
1 0.5265625 0.7015625 0.0671875 0.0625
1 0.703125 0.7609375 0.05625 0.071875
1 0.790625 0.9125 0.065625 0.0828125
1 0.7140625 0.8671875 0.0328125 0.0359375
1 0.8828125 0.9875 0.04375 0.025
1 0.91015625 0.9953125 0.0328125 0.009375
1 0.9234375 0.95625 0.025 0.046875
1 0.8921875 0.88125 0.078125 0.065625
1 0.9078125 0.8359375 0.05625 0.0484375
1 0.7515625 0.98671875 0.046875 0.0265625
0 0.903125 0.684375 0.065625 0.140625
0 0.8390625 0.671875 0.128125 0.1234375
0 0.7453125 0.7015625 0.1109375 0.103125
1 0.6546875 0.6421875 0.053125 0.0640625
1 0.5234375 0.84375 0.05625 0.0484375
1 0.5515625 0.8359375 0.05 0.046875
1 0.609375 0.8125 0.0203125 0.040625
1 0.59375 0.509375 0.065625 0.01875
1 0.73125 0.54375 0.05 0.0703125
1 0.66875 0.540625 0.028125 0.0296875
1 0.6546875 0.521875 0.034375 0.0359375
1 0.609375 0.5671875 0.0546875 0.0359375
1 0.521875 0.5265625 0.05 0.01875
1 0.68984375 0.51953125 0.0484375 0.0390625
1 0.71796875 0.5140625 0.0859375 0.028125
1 0.7703125 0.51796875 0.03125 0.0359375
1 0.80625 0.5890625 0.0625 0.046875
1 0.81640625 0.528125 0.0609375 0.05625
1 0.88515625 0.5140625 0.0453125 0.028125
1 0.5515625 0.89375 0.028125 0.0265625
1 0.6125 0.846875 0.021875 0.0328125
0 0.5984375 0.696875 0.0921875 0.1078125
1 0.5546875 0.6390625 0.1015625 0.0546875