1 0.30078125 0.00390625 0.0265625 0.0078125
1 0.02109375 0.00234375 0.0203125 0.0046875
1 0.21953125 0.003125 0.0203125 0.00625
1 0.08359375 0.0109375 0.0171875 0.021875
1 0.1921875 0.021875 0.0375 0.0296875
1 0.1109375 0.0328125 0.0390625 0.046875
1 0.2484375 0.0359375 0.01875 0.025
1 0.621875 0.053125 0.0203125 0.034375
1 0.65078125 0.05390625 0.0171875 0.0328125
1 0.36875 0.0546875 0.01875 0.0125
1 0.4328125 0.0703125 0.03125 0.03125
1 0.09375 0.0953125 0.0421875 0.0390625
1 0.6078125 0.1078125 0.0265625 0.01875
0 0.54140625 0.06328125 0.1765625 0.1265625
1 0.05 0.1265625 0.0078125 0.0078125
1 0.2625 0.15 0.025 0.05
1 0.540625 0.1640625 0.0234375 0.0265625
1 0.1 0.1703125 0.028125 0.0390625
1 0.4328125 0.171875 0.025 0.0203125
1 0.19375 0.196875 0.015625 0.015625
1 0.03125 0.21875 0.0265625 0.015625
1 0.31875 0.2171875 0.0390625 0.0203125
1 0.3734375 0.203125 0.0640625 0.075
1 0.08125 0.225 0.0171875 0.03125
1 0.125 0.2640625 0.028125 0.01875
1 0.1640625 0.259375 0.03125 0.03125
0 0.5109375 0.203125 0.125 0.140625
1 0.196875 0.29375 0.0203125 0.0375
1 0.15625 0.296875 0.0328125 0.034375
0 0.35625 0.26875 0.090625 0.0671875
1 0.1078125 0.3140625 0.0078125 0.009375
1 0.1953125 0.31875 0.015625 0.0125
1 0.2515625 0.334375 0.0328125 0.0078125
1 0.30625 0.35 0.04375 0.01875
1 0.384375 0.3390625 0.04375 0.03125
1 0.2828125 0.00625 0.009375 0.0125
1 0.2015625 0.0625 0.0171875 0.0234375
1 0.6078125 0.0671875 0.0171875 0.0140625
1 0.0078125 0.009375 0.015625 0.01875
0 0.021875 0.07578125 0.04375 0.1359375
0 0.021875 0.1921875 0.04375 0.10625
0 0.03203125 0.30078125 0.0640625 0.1171875
0 0.5078125 0.33125 0.11875 0.05625
1 0.603125 0.121875 0.0359375 0.015625
1 0.503125 0.2875 0.040625 0.03125
1 0.578125 0.30625 0.0390625 0.0484375
1 0.5359375 0.315625 0.0578125 0.05625
1 0.24375 0.190625 0.0328125 0.040625
1 0.265625 0.184375 0.0171875 0.015625
1 0.3671875 0.3484375 0.025 0.0234375
1 0.3625 0.3359375 0.0203125 0.021875
1 0.2765625 0.35625 0.0203125 0.009375
1 0.1375 0.3125 0.015625 0.0296875
1 0.1296875 0.30625 0.0265625 0.03125
1 0.1078125 0.296875 0.01875 0.0140625
1 0.8859375 0.1828125 0.0390625 0.0109375
0 0.8265625 0.1875 0.0546875 0.0203125
1 0.8359375 0.20625 0.0203125 0.0140625
1 0.9875 0.215625 0.0125 0.0171875
1 0.8296875 0.275 0.009375 0.009375
0 0.884375 0.2703125 0.1015625 0.1671875
1 0.896875 0.4203125 0.0109375 0.00625
0 0.8421875 0.403125 0.0734375 0.1578125
1 0.78671875 0.496875 0.0265625 0.025
1 0.8859375 0.4828125 0.115625 0.053125
1 0.565625 0.959375 0.0203125 0.028125
0 0.465625 0.9046875 0.1765625 0.1359375
0 0.4546875 0.8046875 0.1890625 0.159375
0 0.446875 0.7453125 0.134375 0.103125
0 0.48046875 0.5984375 0.1515625 0.178125
1 0.1015625 0.725 0.04375 0.065625
1 0.1453125 0.86875 0.03125 0.0390625
1 0.046875 0.915625 0.0390625 0.028125
1 0.3265625 0.690625 0.028125 0.0203125
0 0.7921875 0.590625 0.0140625 0.0203125
0 0.72109375 0.61484375 0.1234375 0.0703125
1 0.7125 0.6765625 0.015625 0.0171875
1 0.809375 0.71875 0.0140625 0.0125
1 0.79375 0.796875 0.0265625 0.0203125
1 0.98984375 0.88984375 0.0203125 0.0640625
1 0.99609375 0.9625 0.0078125 0.00625
1 0.99296875 0.7671875 0.0140625 0.025
0 0.7015625 0.7578125 0.084375 0.096875
0 0.68671875 0.846875 0.0546875 0.1
0 0.69921875 0.96328125 0.0796875 0.0734375
1 0.725 0.971875 0.009375 0.0140625