1 0.00625 0.2671875 0.0125 0.01875
1 0.06875 0.159375 0.0171875 0.0203125
1 0.0796875 0.52265625 0.021875 0.0140625
1 0.1140625 0.3 0.015625 0.0140625
1 0.1265625 0.1734375 0.0203125 0.0203125
1 0.246875 0.0875 0.0234375 0.03125
1 0.35625 0.5078125 0.0109375 0.00625
1 0.38203125 0.29375 0.0140625 0.0125
1 0.090625 0.259375 0.015625 0.0171875
1 0.075 0.2390625 0.0203125 0.01875
1 0.0875 0.1953125 0.009375 0.0171875
1 0.0296875 0.109375 0.0109375 0.021875
1 0.078125 0.109375 0.028125 0.0234375
1 0.0703125 0.125 0.0234375 0.0265625
1 0.1546875 0.146875 0.021875 0.0265625
1 0.15 0.1625 0.0234375 0.0203125
1 0.1515625 0.1046875 0.015625 0.021875
1 0.209375 0.084375 0.0203125 0.009375
1 0.1921875 0.09375 0.0125 0.015625
1 0.2109375 0.134375 0.0140625 0.015625
1 0.2234375 0.140625 0.0203125 0.021875
1 0.2390625 0.1484375 0.0234375 0.015625
1 0.0078125 0.278125 0.0140625 0.015625
1 0.034375 0.271875 0.025 0.0265625
1 0.096875 0.196875 0.0125 0.0140625
1 0.19375 0.25625 0.015625 0.01875
1 0.20625 0.25 0.0140625 0.015625
1 0.2453125 0.246875 0.021875 0.009375
1 0.265625 0.2515625 0.025 0.0265625
1 0.3109375 0.2828125 0.0171875 0.0125
1 0.2953125 0.271875 0.009375 0.0140625
1 0.278125 0.2734375 0.015625 0.0125
1 0.2671875 0.26875 0.0140625 0.0125
1 0.3359375 0.2359375 0.015625 0.0234375
1 0.3328125 0.3015625 0.01875 0.015625
1 0.2953125 0.340625 0.0265625 0.0203125
1 0.284375 0.396875 0.0328125 0.0296875
1 0.275 0.403125 0.03125 0.0140625
1 0.11875 0.3625 0.0296875 0.0234375
1 0.1453125 0.3796875 0.0125 0.015625
1 0.1359375 0.3734375 0.0171875 0.015625
1 0.1546875 0.3609375 0.0125 0.021875
1 0.00625 0.44140625 0.0125 0.0234375
1 0.08828125 0.52734375 0.0171875 0.0046875
1 0.2390625 0.509375 0.0140625 0.015625
1 0.3578125 0.434375 0.0109375 0.0109375
1 0.3453125 0.4328125 0.03125 0.0265625
0 0.03984375 0.36171875 0.0796875 0.1390625
0 0.1796875 0.3453125 0.103125 0.0875
0 0.2328125 0.328125 0.109375 0.1171875
0 0.3484375 0.3546875 0.08125 0.134375
1 0.3515625 0.096875 0.0171875 0.0140625
1 0.3296875 0.109375 0.009375 0.00625
0 0.9046875 0.04609375 0.1375 0.0921875
0 0.8078125 0.06640625 0.121875 0.1328125
0 0.7421875 0.04296875 0.084375 0.0859375
0 0.6640625 0.0515625 0.121875 0.103125
0 0.5765625 0.04453125 0.071875 0.0890625
1 0.9109375 0.5203125 0.015625 0.0171875
0 0.82265625 0.51953125 0.0953125 0.0203125
0 0.63046875 0.50390625 0.1328125 0.0515625
1 0.66875 0.278125 0.015625 0.015625
1 0.15 0.5359375 0.0375 0.0125
1 0.1359375 0.5875 0.040625 0.03125
1 0.1078125 0.60625 0.0234375 0.0359375
1 0.0859375 0.6515625 0.01875 0.0265625
1 0.0796875 0.69375 0.025 0.028125
1 0.0609375 0.6125 0.0171875 0.0140625
0 0.14375 0.7765625 0.0453125 0.0453125
0 0.1421875 0.8890625 0.05625 0.025
0 0.08515625 0.796875 0.1703125 0.40625
0 0.1546875 0.8375 0.0234375 0.053125
1 0.1609375 0.9671875 0.01875 0.0375
1 0.4375 0.55625 0.0375 0.034375
1 0.409375 0.64375 0.0265625 0.025
1 0.4703125 0.66875 0.0390625 0.0234375
1 0.690625 0.553125 0.0359375 0.0453125
1 0.728125 0.63125 0.09375 0.0375
1 0.621875 0.590625 0.0203125 0.025
1 0.40703125 0.815625 0.0359375 0.05625
1 0.5171875 0.8984375 0.053125 0.0671875
0 0.6203125 0.728125 0.309375 0.3625