1 0.178125 0.24375 0.0125 0.0125
1 0.3265625 0.1796875 0.0109375 0.015625
1 0.04375 0.0140625 0.053125 0.025
1 0.08046875 0.003125 0.0078125 0.00625
1 0.10625 0.3484375 0.0625 0.0421875
0 0.34375 0.4 0.0109375 0.0671875
0 0.3125 0.03515625 0.09375 0.0703125
0 0.21953125 0.0609375 0.2796875 0.121875
0 0.190625 0.20234375 0.3375 0.2109375
0 0.1953125 0.3609375 0.2453125 0.146875
1 0.671875 0.0359375 0.046875 0.0578125
1 0.7375 0.0625 0.03125 0.021875
1 0.45625 0.01875 0.0328125 0.0265625
1 0.4796875 0.009375 0.01875 0.01875
1 0.37421875 0.10703125 0.0296875 0.0171875
1 0.403125 0.20625 0.021875 0.03125
1 0.5046875 0.403125 0.0453125 0.0390625
1 0.5625 0.375 0.0203125 0.0359375
0 0.76875 0.06875 0.4625 0.1375
1 0.965625 0.075 0.0203125 0.021875
1 0.8875 0.09375 0.0359375 0.01875
1 0.9953125 0.16015625 0.009375 0.0140625
1 0.5796875 0.071875 0.021875 0.0203125
0 0.81015625 0.25078125 0.3796875 0.3515625
0 0.821875 0.35 0.25 0.15
1 0.209375 0.99765625 0.015625 0.0046875
1 0.121875 0.9828125 0.0203125 0.0140625
1 0.28125 0.984375 0.05625 0.03125
1 0.1546875 0.9625 0.0453125 0.04375
1 0.1421875 0.94375 0.015625 0.021875
1 0.075 0.9421875 0.0265625 0.0234375
1 0.3328125 0.91875 0.028125 0.065625
1 0.1484375 0.8953125 0.015625 0.0171875
1 0.2421875 0.865625 0.0265625 0.015625
1 0.2171875 0.8390625 0.03125 0.0328125
1 0.078125 0.7734375 0.05625 0.0375
1 0.278125 0.6609375 0.0625 0.0671875
1 0.08125 0.6046875 0.0234375 0.0328125
1 0.2796875 0.5875 0.040625 0.05
1 0.3359375 0.5703125 0.0421875 0.015625
1 0.09375 0.5578125 0.059375 0.05625
1 0.2640625 0.53515625 0.040625 0.0109375
1 0.0265625 0.6140625 0.0515625 0.065625
1 0.00625 0.7640625 0.0125 0.065625
1 0.1515625 0.725 0.08125 0.09375
1 0.19375 0.7375 0.03125 0.078125
1 0.1984375 0.6921875 0.0703125 0.0703125
1 0.2359375 0.70625 0.0328125 0.0265625
1 0.253125 0.5953125 0.0515625 0.0515625
1 0.3203125 0.6390625 0.059375 0.08125
1 0.3171875 0.7625 0.0640625 0.0578125
1 0.3421875 0.81796875 0.034375 0.0796875
1 0.4078125 0.5359375 0.015625 0.0125
1 0.4171875 0.54375 0.0171875 0.015625
1 0.5390625 0.7359375 0.01875 0.015625
1 0.5796875 0.68125 0.021875 0.021875
1 0.5765625 0.5734375 0.0171875 0.0109375
1 0.5421875 0.5703125 0.0265625 0.021875
1 0.6328125 0.678125 0.009375 0.0125
1 0.665625 0.79375 0.01875 0.015625
1 0.66875 0.784375 0.01875 0.0125
1 0.653125 0.75625 0.00625 0.0109375
1 0.7125 0.7078125 0.0203125 0.0328125
1 0.7046875 0.65 0.015625 0.0203125
1 0.69375 0.6453125 0.003125 0.00625
1 0.6921875 0.56875 0.0078125 0.009375
1 0.7171875 0.55 0.0171875 0.0171875
1 0.784375 0.5578125 0.0078125 0.0078125
1 0.80625 0.5625 0.0125 0.0171875
1 0.853125 0.5625 0.015625 0.015625
1 0.8578125 0.5421875 0.0234375 0.0140625
1 0.7796875 0.6453125 0.0109375 0.009375
1 0.7875 0.653125 0.04375 0.0296875
1 0.8125 0.6578125 0.015625 0.0140625
1 0.7453125 0.709375 0.01875 0.01875
1 0.7546875 0.7265625 0.028125 0.0140625
1 0.771875 0.6984375 0.021875 0.040625
1 0.7765625 0.6890625 0.0484375 0.0125
1 0.7765625 0.6765625 0.01875 0.0234375
1 0.9109375 0.55 0.0171875 0.0203125
0 0.903125 0.578125 0.1 0.096875
1 0.78125 0.7578125 0.00625 0.0140625
1 0.7828125 0.7671875 0.0234375 0.025
1 0.78125 0.778125 0.0109375 0.0140625
1 0.7421875 0.7953125 0.0171875 0.01875
1 0.79375 0.8453125 0.0375 0.034375
1 0.803125 0.8546875 0.0296875 0.0140625
1 0.965625 0.5796875 0.0078125 0.0078125
1 0.971875 0.5890625 0.0171875 0.015625
1 0.9796875 0.678125 0.040625 0.0875
1 0.9609375 0.6734375 0.0390625 0.0375
1 0.9234375 0.703125 0.034375 0.0328125
1 0.9046875 0.68125 0.0265625 0.0234375
1 0.921875 0.74375 0.015625 0.03125
1 0.9640625 0.7703125 0.028125 0.03125
1 0.9609375 0.7953125 0.03125 0.0390625
1 0.971875 0.81875 0.0375 0.0296875
1 0.98125 0.7296875 0.03125 0.028125
0 0.8625 0.6796875 0.078125 0.11875
0 0.8984375 0.6375 0.121875 0.1359375
1 0.871875 0.7984375 0.0203125 0.0109375
0 0.884375 0.7640625 0.14375 0.0984375
0 0.8875 0.83125 0.046875 0.059375