1 0.09375 0.1890625 0.01875 0.0109375
1 0.2234375 0.2625 0.090625 0.0609375
1 0.5421875 0.2875 0.0140625 0.0203125
1 0.14375 0.3 0.0125 0.0140625
1 0.575 0.321875 0.0109375 0.0125
1 0.23125 0.4375 0.015625 0.0265625
1 0.334375 0.4375 0.0296875 0.0515625
1 0.00390625 0.4640625 0.0078125 0.015625
1 0.3046875 0.471875 0.0125 0.0109375
1 0.584375 0.4859375 0.0203125 0.009375
1 0.2390625 0.4984375 0.01875 0.015625
1 0.0875 0.496875 0.0234375 0.0359375
1 0.3890625 0.509375 0.015625 0.0234375
1 0.2046875 0.4875 0.0546875 0.071875
1 0.3625 0.51875 0.0140625 0.0078125
1 0.0359375 0.56875 0.0140625 0.0296875
1 0.175 0.61875 0.0140625 0.021875
1 0.396875 0.6734375 0.015625 0.0296875
1 0.2375 0.7015625 0.028125 0.0171875
1 0.5875 0.60625 0.021875 0.0125
1 0.56875 0.5390625 0.0234375 0.0140625
1 0.59375 0.51953125 0.0125 0.0109375
1 0.578125 0.3640625 0.04375 0.0625
1 0.2078125 0.4484375 0.0234375 0.021875
0 0.509375 0.2484375 0.1609375 0.128125
1 0.503125 0.3234375 0.0171875 0.0203125
1 0.45625 0.2984375 0.028125 0.0265625
1 0.45625 0.334375 0.0515625 0.0421875
1 0.365625 0.2046875 0.021875 0.01875
1 0.34375 0.1984375 0.015625 0.025
1 0.346875 0.2453125 0.0109375 0.009375
1 0.2203125 0.3984375 0.028125 0.03125
1 0.2625 0.3984375 0.009375 0.0140625
1 0.296875 0.34375 0.071875 0.040625
1 0.3546875 0.3671875 0.0921875 0.0546875
1 0.3359375 0.4015625 0.015625 0.01875
0 0.465625 0.4078125 0.103125 0.128125
0 0.50625 0.478125 0.13125 0.0921875
0 0.4796875 0.5953125 0.096875 0.153125
1 0.4203125 0.590625 0.028125 0.034375
1 0.425 0.5640625 0.0234375 0.0265625
1 0.471875 0.678125 0.03125 0.0203125
0 0.4453125 0.6984375 0.0703125 0.025
0 0.525 0.7 0.0640625 0.0203125
1 0.53125 0.68125 0.0125 0.0203125
1 0.2765625 0.6203125 0.015625 0.021875
1 0.2640625 0.6234375 0.015625 0.053125
1 0.2515625 0.6265625 0.0203125 0.046875
1 0.19375 0.5515625 0.025 0.040625
1 0.146875 0.5359375 0.0546875 0.0640625
1 0.16875 0.49375 0.015625 0.0265625
1 0.153125 0.5765625 0.0546875 0.0390625
1 0.165625 0.6890625 0.01875 0.01875
1 0.1546875 0.6703125 0.0203125 0.0125
1 0.1296875 0.696875 0.0578125 0.0265625
1 0.125 0.4203125 0.021875 0.015625
1 0.0953125 0.28125 0.059375 0.0515625
1 0.071875 0.2703125 0.034375 0.0328125
1 0.0984375 0.30625 0.0109375 0.0125
0 0.0140625 0.2453125 0.028125 0.11875
1 0.8625 0.084375 0.0078125 0.0078125
1 0.7171875 0.096875 0.015625 0.0171875
1 0.984375 0.2640625 0.015625 0.0109375
1 0.953125 0.2625 0.0203125 0.0359375
1 0.996875 0.2796875 0.00625 0.015625
1 0.878125 0.3859375 0.0109375 0.00625
1 0.8265625 0.4296875 0.0125 0.00625
1 0.6484375 0.478125 0.009375 0.00625
1 0.921875 0.1203125 0.0296875 0.0390625
1 0.9734375 0.4859375 0.0078125 0.00625
0 0.94375 0.46875 0.0203125 0.0546875
1 0.828125 0.4859375 0.009375 0.003125
1 0.853125 0.1609375 0.00625 0.0078125
1 0.8265625 0.2921875 0.0078125 0.0078125
1 0.8375 0.0046875 0.025 0.009375
1 0.709375 0.3125 0.03125 0.034375
1 0.60859375 0.23828125 0.0171875 0.0609375
1 0.6765625 0.0921875 0.0078125 0.00625
1 0.61875 0.14140625 0.0375 0.0234375
1 0.659375 0.175 0.0078125 0.0046875
1 0.7890625 0.040625 0.0078125 0.009375
0 0.953125 0.06796875 0.09375 0.1359375
0 0.928125 0.175 0.14375 0.225
1 0.4296875 0.8 0.021875 0.0265625
1 0.4046875 0.796875 0.021875 0.0234375
1 0.378125 0.73203125 0.01875 0.0046875
1 0.2453125 0.76875 0.025 0.0140625
1 0.240625 0.7859375 0.0171875 0.0125
1 0.2109375 0.7640625 0.0140625 0.015625
1 0.28125 0.784375 0.015625 0.015625
1 0.2640625 0.775 0.0125 0.0171875
1 0.1921875 0.74375 0.0171875 0.0171875
1 0.2125 0.8875 0.028125 0.0328125
1 0.2125 0.875 0.03125 0.025
1 0.08125 0.878125 0.0171875 0.01875
1 0.153125 0.8203125 0.04375 0.0328125
1 0.1140625 0.8453125 0.0109375 0.00625
1 0.06875 0.7828125 0.025 0.0203125
1 0.109375 0.753125 0.04375 0.046875
1 0.01875 0.8390625 0.0234375 0.0234375
1 0.009375 0.8453125 0.01875 0.021875
1 0.00390625 0.771875 0.0078125 0.01875
0 0.346875 0.88125 0.109375 0.0734375
0 0.3328125 0.821875 0.18125 0.1078125
1 0.3203125 0.7390625 0.028125 0.015625
0 0.34296875 0.75859375 0.0640625 0.0578125
1 0.665625 0.871875 0.13125 0.128125