1 0.059375 0.103125 0.0375 0.0359375
1 0.27734375 0.00859375 0.0265625 0.0171875
1 0.2859375 0.028125 0.021875 0.028125
1 0.1375 0.0421875 0.0265625 0.0265625
1 0.1046875 0.059375 0.034375 0.046875
1 0.053125 0.2421875 0.021875 0.028125
1 0.3171875 0.2328125 0.0265625 0.0265625
1 0.2421875 0.2421875 0.0125 0.0265625
1 0.1578125 0.228125 0.0234375 0.021875
1 0.0828125 0.3671875 0.0359375 0.0390625
1 0.1375 0.3515625 0.021875 0.0234375
1 0.36875 0.278125 0.0375 0.04375
1 0.325 0.2609375 0.0296875 0.03125
1 0.321875 0.2765625 0.0203125 0.01875
1 0.3703125 0.3765625 0.0296875 0.0421875
1 0.3546875 0.4390625 0.0203125 0.025
1 0.346875 0.4078125 0.01875 0.0234375
1 0.321875 0.403125 0.015625 0.01875
0 0.28671875 0.396875 0.2265625 0.125
0 0.08125 0.40390625 0.1625 0.1109375
1 0.7671875 0.0796875 0.0328125 0.0359375
1 0.815625 0.0765625 0.0140625 0.01875
1 0.8546875 0.0578125 0.015625 0.025
1 0.8875 0.121875 0.01875 0.01875
1 0.8890625 0.1578125 0.0140625 0.0203125
1 0.6765625 0.1171875 0.0234375 0.0140625
1 0.665625 0.4375 0.03125 0.0265625
1 0.7671875 0.23125 0.0203125 0.021875
1 0.7796875 0.3703125 0.028125 0.021875
1 0.8703125 0.3796875 0.01875 0.0328125
0 0.834375 0.2609375 0.1265625 0.0546875
0 0.72265625 0.3046875 0.1859375 0.259375
0 0.6578125 0.30078125 0.05625 0.1734375
1 0.178125 0.9375 0.0109375 0.0078125
1 0.2390625 0.5484375 0.0125 0.0125
1 0.2640625 0.8328125 0.00625 0.0140625
1 0.26484375 0.99921875 0.0109375 0.0015625
1 0.28125 0.8375 0.0171875 0.0171875
1 0.3 0.6453125 0.01875 0.03125
1 0.309375 0.5046875 0.015625 0.01875
1 0.3375 0.89375 0.01875 0.021875
1 0.3640625 0.9484375 0.0171875 0.0421875
1 0.375 0.928125 0.0203125 0.028125
1 0.37265625 0.98671875 0.0296875 0.0265625
1 0.390625 0.8203125 0.0171875 0.0203125
1 0.44375 0.625 0.0140625 0.015625
1 0.45 0.7609375 0.021875 0.0171875
1 0.50625 0.9765625 0.0171875 0.025
1 0.565625 0.803125 0.01875 0.0234375
1 0.6109375 0.503125 0.0109375 0.0140625
1 0.62734375 0.7828125 0.0046875 0.0125
1 0.61484375 0.99609375 0.0078125 0.0078125
0 0.21640625 0.56875 0.1671875 0.21875
0 0.4109375 0.59765625 0.20625 0.2765625
0 0.52421875 0.54296875 0.2109375 0.1578125
1 0.346875 0.575 0.009375 0.0140625
1 0.4140625 0.5546875 0.0203125 0.0140625
1 0.475 0.5703125 0.01875 0.015625
1 0.465625 0.584375 0.059375 0.0328125
1 0.6546875 0.48125 0.0125 0.0078125
1 0.6703125 0.8296875 0.0359375 0.0171875
1 0.7375 0.9234375 0.00625 0.0125
1 0.75625 0.759375 0.0203125 0.025
1 0.8421875 0.5234375 0.0078125 0.015625
1 0.853125 0.75625 0.009375 0.009375
0 0.7171875 0.57421875 0.175 0.1640625
0 0.81015625 0.58828125 0.2546875 0.2578125
0 0.925 0.60546875 0.15 0.0859375
1 0.9703125 0.7609375 0.0140625 0.003125
1 0.725 0.9765625 0.03125 0.03125
1 0.90625 0.7625 0.009375 0.0109375