1 0.2640625 0.034375 0.125 0.06875
1 0.359375 0.034375 0.040625 0.0421875
1 0.08671875 0.00703125 0.0109375 0.0140625
1 0.0890625 0.11875 0.015625 0.015625
1 0.3546875 0.1140625 0.0375 0.0328125
1 0.44375 0.146875 0.0703125 0.0859375
0 0.46796875 0.34453125 0.2421875 0.2703125
1 0.4203125 0.2421875 0.0890625 0.0859375
0 0.2046875 0.3296875 0.24375 0.1828125
0 0.25390625 0.3625 0.3265625 0.234375
0 0.6640625 0.22578125 0.15 0.1171875
1 0.5984375 0.221875 0.01875 0.0625
0 0.8625 0.2125 0.184375 0.30625
1 0.4359375 0.925 0.0421875 0.03125
1 0.4125 0.9453125 0.0296875 0.021875
1 0.3859375 0.6640625 0.0328125 0.05625
1 0.3078125 0.9625 0.0171875 0.0140625
1 0.303125 0.60625 0.015625 0.009375
1 0.265625 0.9609375 0.0078125 0.0125
1 0.25625 0.903125 0.015625 0.0171875
1 0.2390625 0.903125 0.0203125 0.0234375
1 0.1609375 0.721875 0.0265625 0.0265625
1 0.1609375 0.7796875 0.059375 0.0640625
1 0.1375 0.61875 0.0203125 0.0140625
1 0.1328125 0.8734375 0.0125 0.0171875
1 0.1265625 0.9703125 0.040625 0.015625
1 0.05625 0.959375 0.040625 0.025
1 0.0609375 0.6828125 0.0296875 0.0140625
1 0.046875 0.7671875 0.025 0.034375
1 0.0328125 0.9765625 0.021875 0.046875
1 0.0109375 0.5265625 0.021875 0.046875
1 0.390625 0.6078125 0.046875 0.0375
0 0.31171875 0.7015625 0.3703125 0.44375
0 0.0765625 0.553125 0.153125 0.146875
0 0.00625 0.5828125 0.0125 0.0625
1 0.6921875 0.759375 0.06875 0.053125
1 0.8015625 0.7375 0.0515625 0.0328125
1 0.609375 0.784375 0.0265625 0.0265625
1 0.609375 0.7046875 0.0125 0.0203125
0 0.71640625 0.659375 0.2546875 0.109375
0 0.8015625 0.6609375 0.1859375 0.175