0 0.078125 0.03984375 0.15625 0.0796875
1 0.16875 0.18125 0.0171875 0.0203125
1 0.4109375 0.24375 0.0390625 0.0234375
1 0.1640625 0.334375 0.046875 0.053125
1 0.4328125 0.3828125 0.0125 0.025
0 0.06640625 0.28671875 0.1328125 0.2859375
1 0.896875 0.1234375 0.0140625 0.0109375
1 0.828125 0.1328125 0.015625 0.0125
1 0.5609375 0.15 0.0171875 0.01875
1 0.8953125 0.1546875 0.01875 0.03125
1 0.44609375 0.1859375 0.0140625 0.015625
1 0.6640625 0.171875 0.0359375 0.034375
1 0.5765625 0.1828125 0.0375 0.0203125
1 0.7890625 0.1921875 0.0140625 0.015625
0 0.7515625 0.16875 0.09375 0.1015625
1 0.7765625 0.2109375 0.015625 0.0265625
1 0.621875 0.215625 0.0328125 0.0234375
1 0.4515625 0.22109375 0.025 0.0265625
1 0.71875 0.2375 0.028125 0.0203125
1 0.8265625 0.2484375 0.0140625 0.0234375
1 0.5171875 0.2546875 0.0421875 0.0328125
1 0.44765625 0.25546875 0.0171875 0.0359375
1 0.5171875 0.3046875 0.03125 0.0265625
1 0.6828125 0.3296875 0.0171875 0.01875
1 0.6140625 0.3375 0.0078125 0.015625
1 0.5109375 0.346875 0.025 0.028125
1 0.89375 0.3671875 0.0125 0.0234375
1 0.584375 0.340625 0.0453125 0.0640625
1 0.6328125 0.384375 0.0296875 0.0234375
0 0.7671875 0.321875 0.1171875 0.1296875
1 0.959375 0.384375 0.0234375 0.03125
1 0.49375 0.4078125 0.01875 0.025
1 0.728125 0.4296875 0.0203125 0.015625
1 0.56875 0.4328125 0.025 0.0203125
1 0.6515625 0.446875 0.0171875 0.03125
1 0.6 0.490625 0.0234375 0.0359375
1 0.8546875 0.50625 0.028125 0.015625
1 0.48125 0.5078125 0.015625 0.0296875
1 0.9046875 0.5109375 0.0140625 0.01875
1 0.8859375 0.5265625 0.015625 0.021875
1 0.8078125 0.525 0.01875 0.025
1 0.94375 0.5484375 0.009375 0.015625
0 0.7484375 0.525 0.065625 0.103125
1 0.8890625 0.5765625 0.028125 0.0140625
1 0.9828125 0.5796875 0.0296875 0.0171875
1 0.8296875 0.5984375 0.009375 0.015625
1 0.99453125 0.61328125 0.0109375 0.0140625
1 0.609375 0.60625 0.028125 0.021875
1 0.6375 0.6015625 0.0203125 0.03125
1 0.671875 0.6171875 0.03125 0.025
0 0.678125 0.634375 0.028125 0.009375
0 0.7578125 0.603125 0.1234375 0.0546875
1 0.6859375 0.4984375 0.01875 0.015625
1 0.6953125 0.4453125 0.0234375 0.0171875
1 0.6671875 0.4328125 0.0140625 0.01875
1 0.66875 0.3859375 0.021875 0.0234375
1 0.709375 0.3828125 0.0234375 0.0234375
1 0.7859375 0.15 0.03125 0.021875
1 0.521875 0.1328125 0.053125 0.028125
1 0.646875 0.25625 0.0515625 0.0671875
1 0.6109375 0.2734375 0.0296875 0.0390625
1 0.7046875 0.3125 0.021875 0.015625
1 0.553125 0.3875 0.015625 0.0125
1 0.528125 0.403125 0.0171875 0.01875
1 0.5453125 0.4109375 0.0171875 0.0234375
1 0.609375 0.4234375 0.0171875 0.0140625
1 0.525 0.4671875 0.015625 0.021875
1 0.5015625 0.453125 0.01875 0.0484375
1 0.4734375 0.4375 0.015625 0.0125
1 0.515625 0.521875 0.0171875 0.028125
1 0.5125 0.6171875 0.0171875 0.0171875
1 0.509375 0.59375 0.0421875 0.03125
1 0.5015625 0.6078125 0.0140625 0.03125
1 0.5171875 0.5671875 0.0375 0.03125
1 0.5375 0.565625 0.0171875 0.01875
1 0.4484375 0.36640625 0.01875 0.0421875
1 0.446875 0.3125 0.015625 0.025
1 0.4421875 0.30703125 0.00625 0.0203125
1 0.4515625 0.3 0.0171875 0.021875
1 0.4859375 0.196875 0.0453125 0.0421875
1 0.2953125 0.971875 0.0140625 0.015625
0 0.184375 0.9578125 0.1265625 0.0703125
1 0.2375 0.91875 0.0796875 0.0609375
1 0.215625 0.85625 0.075 0.06875
1 0.2796875 0.821875 0.0171875 0.0125
0 0.2140625 0.8171875 0.053125 0.0828125
1 0.2328125 0.7703125 0.0390625 0.0359375
0 0.1890625 0.759375 0.10625 0.1578125
0 0.23671875 0.67265625 0.0703125 0.0671875
1 0.25078125 0.6484375 0.0359375 0.01875
1 0.0421875 0.7609375 0.0234375 0.025
1 0.1140625 0.8796875 0.01875 0.01875
1 0.7328125 0.64140625 0.028125 0.0046875
1 0.9640625 0.6484375 0.034375 0.01875
1 0.9 0.6765625 0.0234375 0.01875
1 0.45 0.671875 0.021875 0.0296875
1 0.9265625 0.6859375 0.0140625 0.021875
1 0.7453125 0.7078125 0.0265625 0.0078125
1 0.6546875 0.7046875 0.0171875 0.0203125
1 0.9671875 0.7234375 0.0515625 0.0296875
1 0.9234375 0.728125 0.0203125 0.015625
1 0.5796875 0.74375 0.00625 0.0109375
1 0.9515625 0.7484375 0.05 0.0265625
1 0.7390625 0.7453125 0.040625 0.0359375
1 0.9203125 0.7578125 0.0109375 0.0234375
1 0.6046875 0.765625 0.025 0.0265625
1 0.7015625 0.7890625 0.00625 0.0078125
1 0.9984375 0.7953125 0.003125 0.01875
1 0.7796875 0.809375 0.009375 0.009375
1 0.9546875 0.8109375 0.021875 0.0421875
1 0.909375 0.821875 0.01875 0.028125
1 0.75 0.8390625 0.009375 0.0171875
1 0.975 0.840625 0.0234375 0.0140625
1 0.834375 0.8359375 0.04375 0.0234375
1 0.6234375 0.825 0.0484375 0.0625
1 0.528125 0.853125 0.0296875 0.0171875
1 0.8109375 0.859375 0.03125 0.0171875
1 0.9296875 0.8546875 0.03125 0.0390625
1 0.746875 0.8734375 0.0640625 0.046875
1 0.8875 0.921875 0.0140625 0.009375
1 0.903125 0.934375 0.0234375 0.0109375
1 0.6234375 0.9484375 0.0125 0.009375
1 0.5875 0.9453125 0.0328125 0.05
1 0.659375 0.971875 0.01875 0.0328125
1 0.7546875 0.9859375 0.0390625 0.0265625
1 0.78203125 0.9953125 0.0359375 0.009375
1 0.915625 0.99765625 0.021875 0.0046875
1 0.96796875 0.91015625 0.0640625 0.0453125
1 0.9796875 0.95859375 0.040625 0.0828125
1 0.9390625 0.94375 0.028125 0.009375
1 0.8109375 0.759375 0.0578125 0.0484375
1 0.765625 0.76875 0.00625 0.0078125
1 0.5984375 0.85 0.028125 0.0328125
1 0.571875 0.8734375 0.0359375 0.0234375
1 0.5984375 0.8984375 0.0390625 0.0625
1 0.6625 0.9109375 0.05625 0.025
1 0.6328125 0.890625 0.05625 0.0375
1 0.578125 0.6890625 0.084375 0.078125
1 0.8546875 0.6796875 0.053125 0.046875
1 0.8390625 0.6875 0.0234375 0.021875
1 0.521875 0.95625 0.0390625 0.0734375
1 0.5046875 0.6984375 0.0515625 0.053125
0 0.50390625 0.74296875 0.1296875 0.1078125
0 0.48046875 0.85625 0.0828125 0.165625
0 0.471875 0.94375 0.065625 0.1125
0 0.47734375 0.99296875 0.0765625 0.0140625
1 0.51875 0.646875 0.040625 0.015625
1 0.4546875 0.65 0.03125 0.021875
1 0.490625 0.64375 0.0375 0.009375