1 0.1109375 0.2796875 0.021875 0.0265625
0 0.1546875 0.20625 0.309375 0.215625
0 0.10234375 0.29375 0.1921875 0.190625
1 0.021875 0.3625 0.04375 0.025
1 0.1328125 0.3734375 0.01875 0.0203125
1 0.984375 0.2125 0.009375 0.009375
1 0.9671875 0.13125 0.015625 0.0359375
1 0.92265625 0.015625 0.0265625 0.03125
1 0.353125 0.0171875 0.0078125 0.009375
0 0.7015625 0.11328125 0.384375 0.2265625
0 0.7921875 0.1328125 0.2546875 0.1890625
1 0.24375 0.6796875 0.015625 0.0078125
1 0.1859375 0.6109375 0.015625 0.015625
0 0.2515625 0.56640625 0.115625 0.1796875
1 0.0953125 0.4453125 0.0203125 0.0171875
1 0.1859375 0.4078125 0.0171875 0.0171875
1 0.125 0.6921875 0.040625 0.040625
1 0.1078125 0.75 0.015625 0.021875
1 0.1109375 0.725 0.0265625 0.021875
1 0.0484375 0.678125 0.0171875 0.015625
1 0.0140625 0.6296875 0.0203125 0.015625
1 0.31875 0.5828125 0.01875 0.03125
1 0.5953125 0.740625 0.059375 0.0625
1 0.625 0.75625 0.046875 0.065625
1 0.878125 0.7515625 0.053125 0.0671875
1 0.8015625 0.7109375 0.0140625 0.028125
0 0.86875 0.7375 0.240625 0.153125
0 0.93984375 0.74296875 0.1203125 0.1390625
0 0.8265625 0.64375 0.1265625 0.196875
0 0.86640625 0.534375 0.2015625 0.290625