0 0.23125 0.375 0.290625 0.3625
1 0.0609375 0.2328125 0.065625 0.0828125
0 0.0265625 0.43359375 0.053125 0.4390625
1 0.059375 0.3828125 0.071875 0.0484375
0 0.04765625 0.42578125 0.0953125 0.1109375
1 0.246875 0.6015625 0.01875 0.0203125
1 0.315625 0.54375 0.015625 0.0125
1 0.3265625 0.5671875 0.021875 0.015625
1 0.94375 0.0890625 0.025 0.053125
1 0.89140625 0.015625 0.0234375 0.03125
1 0.85390625 0.02578125 0.0546875 0.0515625
1 0.803125 0.0390625 0.05 0.078125
1 0.784375 0.165625 0.0265625 0.0375
0 0.8109375 0.2375 0.134375 0.1484375
0 0.9265625 0.2171875 0.0703125 0.1578125
1 0.871875 0.21875 0.021875 0.01875
1 0.9015625 0.209375 0.03125 0.0234375
1 0.85 0.325 0.090625 0.078125
1 0.834375 0.384375 0.03125 0.05625
1 0.8015625 0.3921875 0.021875 0.015625
1 0.7890625 0.40625 0.0265625 0.01875
1 0.8015625 0.471875 0.084375 0.0609375
1 0.75625 0.3953125 0.03125 0.165625
1 0.8625 0.44375 0.0390625 0.0265625
1 0.9265625 0.384375 0.05625 0.0703125
1 0.953125 0.3375 0.03125 0.028125
1 0.99140625 0.3046875 0.0171875 0.0375
0 0.98984375 0.21640625 0.0203125 0.1078125
1 0.99765625 0.14765625 0.0046875 0.0265625
1 0.978125 0.4484375 0.04375 0.053125
1 0.9828125 0.40859375 0.034375 0.0390625
1 0.9828125 0.5421875 0.0296875 0.0296875
1 0.928125 0.5375 0.0375 0.06875
1 0.9046875 0.496875 0.05 0.053125
1 0.86875 0.5328125 0.053125 0.0484375
1 0.8703125 0.503125 0.025 0.0328125
1 0.7921875 0.5421875 0.0734375 0.0390625
1 0.8953125 0.596875 0.021875 0.0171875
1 0.90625 0.55625 0.0234375 0.021875
1 0.8859375 0.65 0.04375 0.0609375
1 0.8421875 0.6171875 0.03125 0.040625
1 0.8109375 0.628125 0.03125 0.03125
1 0.865625 0.6625 0.03125 0.0234375
1 0.9828125 0.66953125 0.034375 0.0359375
1 0.9578125 0.6328125 0.040625 0.0703125
1 0.9921875 0.590625 0.015625 0.05625
1 0.7484375 0.7609375 0.034375 0.0328125
1 0.728125 0.73125 0.03125 0.0296875
1 0.7578125 0.7203125 0.025 0.0171875
1 0.7796875 0.7234375 0.0296875 0.015625
1 0.809375 0.7328125 0.0234375 0.0203125
1 0.8265625 0.76875 0.01875 0.025
1 0.7484375 0.8453125 0.034375 0.0359375
1 0.73125 0.9265625 0.03125 0.05625
1 0.74375 0.971875 0.025 0.025
1 0.8734375 0.8953125 0.0171875 0.0296875
1 0.85 0.7390625 0.021875 0.0171875
1 0.8515625 0.7109375 0.0234375 0.00625
0 0.840625 0.84453125 0.31875 0.3109375
1 0.95 0.696875 0.028125 0.015625
1 0.9234375 0.7421875 0.034375 0.0359375
1 0.96875 0.79375 0.0296875 0.0296875
1 0.9515625 0.7453125 0.0328125 0.01875
1 0.96875 0.7296875 0.0375 0.0375
1 0.9953125 0.77578125 0.009375 0.0234375
1 0.9109375 0.9359375 0.0296875 0.0328125
1 0.8703125 0.8640625 0.0140625 0.0109375
0 0.9078125 0.89140625 0.184375 0.2171875
1 0.94375 0.9640625 0.01875 0.0125
1 0.9546875 0.9734375 0.025 0.015625
1 0.95625 0.9875 0.025 0.0140625
1 0.9421875 0.9953125 0.034375 0.009375