1 0.2875 0.40546875 0.028125 0.0265625
1 0.1109375 0.38125 0.040625 0.0484375
1 0.0828125 0.1015625 0.034375 0.040625
1 0.0453125 0.1515625 0.021875 0.021875
1 0.078125 0.228125 0.0203125 0.040625
1 0.1203125 0.2890625 0.0203125 0.03125
1 0.26875 0.159375 0.0375 0.0359375
1 0.4953125 0.10625 0.0234375 0.0375
1 0.9859375 0.1203125 0.0125 0.0203125
0 0.98125 0.21875 0.0234375 0.1046875
1 0.8890625 0.3921875 0.0265625 0.0234375
1 0.840625 0.371875 0.0625 0.03125
1 0.8234375 0.409375 0.028125 0.0171875
1 0.809375 0.1640625 0.0203125 0.0109375
1 0.7640625 0.1484375 0.0125 0.0125
1 0.775 0.0515625 0.0234375 0.015625
1 0.759375 0.409375 0.009375 0.01875
1 0.753125 0.0640625 0.034375 0.05
1 0.703125 0.0265625 0.0203125 0.025
1 0.6921875 0.3046875 0.0125 0.01875
1 0.66875 0.0875 0.0171875 0.021875
1 0.665625 0.015625 0.025 0.03125
1 0.65625 0.4078125 0.0234375 0.01875
1 0.6296875 0.134375 0.025 0.01875
1 0.60546875 0.3921875 0.0109375 0.0125
1 0.60390625 0.11328125 0.0078125 0.0171875
1 0.71640625 0.41171875 0.0203125 0.0140625
1 0.7078125 0.3671875 0.021875 0.0171875
1 0.6796875 0.353125 0.0234375 0.0296875
1 0.6734375 0.3578125 0.021875 0.03125
1 0.6609375 0.371875 0.0234375 0.0171875
1 0.9265625 0.15 0.01875 0.015625
1 0.9515625 0.0984375 0.009375 0.0140625
1 0.9515625 0.084375 0.0171875 0.015625
1 0.9609375 0.0234375 0.0140625 0.01875
1 0.971875 0.053125 0.015625 0.0125
1 0.9671875 0.0921875 0.04375 0.0421875
1 0.984375 0.065625 0.015625 0.0125
1 0.9109375 0.034375 0.0265625 0.021875
1 0.91328125 0.015625 0.0296875 0.03125
1 0.8828125 0.028125 0.0125 0.028125
1 0.74375 0.00390625 0.015625 0.0078125
1 0.7578125 0.009375 0.0203125 0.0109375
1 0.61171875 0.08828125 0.0234375 0.0203125
1 0.634375 0.1 0.034375 0.021875
1 0.6234375 0.01875 0.034375 0.0234375
1 0.6109375 0.01484375 0.021875 0.0296875
0 0.6640625 0.290625 0.1234375 0.109375
0 0.7609375 0.2734375 0.0640625 0.153125
1 0.7875 0.29375 0.0125 0.01875
1 0.7953125 0.26875 0.0140625 0.0203125
0 0.83125 0.275 0.071875 0.134375
0 0.4625 0.721875 0.034375 0.0953125
1 0.421875 0.625 0.0140625 0.0078125
1 0.2515625 0.8234375 0.0140625 0.009375
1 0.2421875 0.934375 0.0171875 0.0203125
1 0.225 0.7921875 0.0078125 0.025
1 0.1984375 0.425 0.015625 0.0125
1 0.146875 0.5890625 0.0140625 0.0140625
1 0.128125 0.8953125 0.01875 0.009375
1 0.05625 0.521875 0.04375 0.0140625
1 0.0453125 0.946875 0.0609375 0.0578125
1 0.0265625 0.7828125 0.0375 0.0421875
1 0.1765625 0.990625 0.025 0.01875
1 0.1953125 0.9828125 0.0171875 0.025
0 0.33125 0.98359375 0.078125 0.0328125
0 0.44140625 0.9515625 0.0765625 0.096875
1 0.4234375 0.9421875 0.0203125 0.021875
0 0.303125 0.9484375 0.0921875 0.096875
1 0.153125 0.9078125 0.0203125 0.01875
1 0.2046875 0.9296875 0.028125 0.0234375
1 0.2140625 0.903125 0.025 0.028125
1 0.2765625 0.659375 0.01875 0.0265625
0 0.3203125 0.715625 0.153125 0.196875
0 0.20625 0.709375 0.1203125 0.0828125
0 0.059375 0.6921875 0.109375 0.115625
0 0.03125 0.71328125 0.0625 0.0671875
1 0.075 0.6421875 0.0296875 0.03125
0 0.1171875 0.80625 0.1140625 0.090625
1 0.075 0.496875 0.0375 0.0421875
1 0.071875 0.471875 0.0171875 0.0125
1 0.1625 0.5375 0.0203125 0.0390625
1 0.2203125 0.5234375 0.03125 0.0390625
1 0.278125 0.5 0.021875 0.0203125
1 0.35625 0.58125 0.01875 0.0171875
1 0.3578125 0.565625 0.025 0.0203125
1 0.61640625 0.85625 0.0328125 0.0875
1 0.684375 0.8984375 0.071875 0.0375
1 0.715625 0.8796875 0.0453125 0.0609375
1 0.646875 0.8015625 0.03125 0.0484375
1 0.62890625 0.76484375 0.0578125 0.0546875
1 0.66875 0.765625 0.046875 0.04375
1 0.71875 0.778125 0.078125 0.059375
0 0.671875 0.5140625 0.1234375 0.1
1 0.64921875 0.6921875 0.0984375 0.08125
1 0.7046875 0.6328125 0.05625 0.025
1 0.6765625 0.6453125 0.0375 0.028125
1 0.75625 0.7359375 0.046875 0.05625
0 0.9015625 0.9734375 0.071875 0.053125
1 0.85703125 0.97890625 0.0578125 0.0421875
1 0.80078125 0.99140625 0.0359375 0.0171875
1 0.8921875 0.8328125 0.0625 0.0734375
1 0.8125 0.7671875 0.08125 0.178125
0 0.8046875 0.5171875 0.2140625 0.153125
1 0.859375 0.653125 0.0296875 0.03125
1 0.8140625 0.5953125 0.05625 0.0546875
1 0.8359375 0.4265625 0.05625 0.015625