1 0.1875 0.1671875 0.0375 0.0203125
0 0.1875 0.31875 0.325 0.278125
0 0.23125 0.15078125 0.2375 0.2546875
0 0.259375 0.02421875 0.18125 0.0484375
1 0.5359375 0.5828125 0.0140625 0.015625
1 0.51875 0.5609375 0.015625 0.00625
1 0.7734375 0.478125 0.0234375 0.01875
1 0.7203125 0.44375 0.009375 0.0109375
1 0.565625 0.425 0.0234375 0.025
1 0.646875 0.384375 0.0140625 0.0125
1 0.9984375 0.36796875 0.003125 0.0296875
1 0.7421875 0.3625 0.0234375 0.0203125
1 0.6578125 0.2 0.0234375 0.0203125
1 0.990625 0.6609375 0.01875 0.015625
1 0.9109375 0.6359375 0.05625 0.05625
1 0.9296875 0.5796875 0.04375 0.040625
1 0.853125 0.6078125 0.0234375 0.021875
1 0.84375 0.5390625 0.0140625 0.0140625
1 0.896875 0.540625 0.071875 0.0625
1 0.909375 0.5046875 0.075 0.0421875
1 0.796875 0.54375 0.0203125 0.0265625
1 0.8 0.5859375 0.0359375 0.0390625
1 0.8296875 0.59375 0.0109375 0.015625
1 0.7609375 0.5984375 0.0171875 0.0296875
1 0.78125 0.625 0.025 0.046875
1 0.7421875 0.6453125 0.03125 0.046875
1 0.8390625 0.4203125 0.0375 0.0390625
1 0.86875 0.41875 0.0171875 0.021875
1 0.9125 0.43125 0.0421875 0.0359375
1 0.9359375 0.415625 0.0265625 0.0296875
1 0.99765625 0.546875 0.0046875 0.01875
1 0.97734375 0.48046875 0.0453125 0.0171875
1 0.975 0.196875 0.0203125 0.015625
1 0.99375 0.196875 0.0125 0.015625
1 0.94375 0.271875 0.0328125 0.05625
1 0.9484375 0.3 0.009375 0.0171875
1 0.9140625 0.2953125 0.0203125 0.0203125
1 0.9265625 0.359375 0.0359375 0.0515625
1 0.7890625 0.2359375 0.0703125 0.053125
1 0.840625 0.2265625 0.0265625 0.03125
1 0.8421875 0.2765625 0.0265625 0.015625
1 0.6109375 0.246875 0.03125 0.028125
1 0.675 0.2390625 0.01875 0.0203125
1 0.659375 0.221875 0.0140625 0.0125
1 0.703125 0.24375 0.0140625 0.0109375
1 0.6765625 0.3640625 0.03125 0.021875
1 0.6015625 0.3078125 0.059375 0.078125
1 0.540625 0.2921875 0.0296875 0.0171875
1 0.5125 0.3109375 0.0671875 0.0640625
1 0.571875 0.321875 0.0765625 0.0859375
0 0.646875 0.2890625 0.0515625 0.1328125
1 0.615625 0.6296875 0.0359375 0.0390625
1 0.54375 0.5234375 0.028125 0.046875
1 0.578125 0.525 0.0546875 0.0328125
1 0.5453125 0.5546875 0.0234375 0.0171875
1 0.4875 0.6609375 0.021875 0.015625
0 0.665625 0.5796875 0.0765625 0.0375
1 0.6703125 0.4953125 0.0171875 0.0265625
1 0.6734375 0.5171875 0.040625 0.0390625
1 0.7265625 0.4890625 0.0109375 0.0125
1 0.6890625 0.4 0.0203125 0.0453125
1 0.671875 0.4140625 0.0234375 0.0203125
1 0.6625 0.4 0.0484375 0.028125
1 0.63125 0.4078125 0.021875 0.0203125
1 0.615625 0.4328125 0.03125 0.025
1 0.6859375 0.43125 0.0296875 0.0265625
1 0.68125 0.45 0.0125 0.015625
0 0.628125 0.4890625 0.09375 0.1625
1 0.5765625 0.45625 0.040625 0.0625
1 0.734375 0.4015625 0.0359375 0.021875
1 0.7515625 0.421875 0.0375 0.0375
1 0.778125 0.440625 0.025 0.0234375
1 0.75625 0.4515625 0.025 0.0171875
0 0.653125 0.66015625 0.05625 0.0171875
1 0.353125 0.5984375 0.00625 0.015625
1 0.440625 0.6078125 0.0171875 0.0265625
1 0.4640625 0.590625 0.0109375 0.0125
1 0.4484375 0.615625 0.0234375 0.025
1 0.4265625 0.5140625 0.059375 0.028125
1 0.4546875 0.5453125 0.04375 0.0546875
1 0.421875 0.559375 0.0453125 0.021875
1 0.3671875 0.46015625 0.034375 0.0453125
1 0.5109375 0.4640625 0.021875 0.021875
1 0.4546875 0.4171875 0.0109375 0.0109375
1 0.4609375 0.3203125 0.01875 0.0140625
1 0.4515625 0.33125 0.021875 0.0171875
1 0.425 0.3546875 0.0703125 0.053125
1 0.390625 0.30625 0.015625 0.0171875
1 0.45625 0.234375 0.0390625 0.0296875
0 0.1953125 0.69453125 0.309375 0.0515625
0 0.16875 0.73515625 0.253125 0.1328125
1 0.3734375 0.7265625 0.009375 0.0109375
1 0.828125 0.7078125 0.03125 0.0390625
1 0.85 0.6796875 0.01875 0.0109375
1 0.98515625 0.71171875 0.0296875 0.0453125
0 0.675 0.71953125 0.26875 0.1015625