1 0.5859375 0.1546875 0.0265625 0.021875
1 0.509375 0.2328125 0.021875 0.0453125
0 0.56875 0.47578125 0.08125 0.1078125
1 0.3265625 0.55 0.0375 0.025
1 0.390625 0.515625 0.021875 0.028125
1 0.434375 0.503125 0.0234375 0.0421875
1 0.2328125 0.4859375 0.0578125 0.0390625
1 0.2203125 0.228125 0.03125 0.025
1 0.41875 0.375 0.0265625 0.0234375
1 0.725 0.5515625 0.04375 0.028125
1 0.746875 0.5171875 0.0296875 0.01875
1 0.7796875 0.2953125 0.0296875 0.0203125
1 0.7828125 0.353125 0.0375 0.03125
1 0.81875 0.203125 0.028125 0.0390625
1 0.815625 0.5171875 0.0515625 0.0484375
1 0.846875 0.3046875 0.0234375 0.0234375
1 0.88125 0.328125 0.0359375 0.0359375
1 0.8890625 0.25 0.0328125 0.0328125
1 0.66875 0.215625 0.040625 0.0484375
1 0.62734375 0.2140625 0.0359375 0.053125
1 0.740625 0.1734375 0.0625 0.0390625
1 0.75703125 0.5765625 0.0234375 0.00625
1 0.91875 0.496875 0.021875 0.0296875
1 0.909375 0.503125 0.028125 0.040625
1 0.6578125 0.49375 0.0359375 0.0234375
0 0.6578125 0.3703125 0.071875 0.1296875
0 0.64375 0.4109375 0.06875 0.153125
1 0.6875 0.446875 0.021875 0.015625
1 0.7 0.471875 0.021875 0.0296875
1 0.69375 0.3390625 0.0234375 0.025
1 0.69375 0.3578125 0.0171875 0.0234375
1 0.846875 0.4625 0.04375 0.0390625
0 0.86875 0.40625 0.121875 0.0734375
0 0.75 0.4296875 0.1125 0.1296875
0 0.5453125 0.85859375 0.128125 0.2828125
0 0.446875 0.853125 0.2703125 0.234375
1 0.384375 0.8421875 0.0203125 0.0296875
1 0.3984375 0.8859375 0.0265625 0.0140625
0 0.2765625 0.8015625 0.1578125 0.2421875
1 0.3109375 0.9390625 0.053125 0.090625
0 0.896875 0.7421875 0.0921875 0.15625
1 0.8109375 0.9015625 0.0328125 0.0234375