1 0.0703125 0.2125 0.009375 0.0125
1 0.0609375 0.246875 0.015625 0.021875
1 0.0609375 0.1296875 0.0765625 0.053125
1 0.103125 0.19375 0.0375 0.034375
1 0.2109375 0.1375 0.0265625 0.0484375
1 0.1375 0.171875 0.0203125 0.0390625
1 0.7609375 0.5171875 0.0359375 0.0140625
1 0.765625 0.5015625 0.021875 0.0234375
1 0.7546875 0.509375 0.015625 0.0125
0 0.5390625 0.353125 0.16875 0.196875
1 0.6375 0.371875 0.021875 0.0203125
1 0.6671875 0.3265625 0.0546875 0.040625
0 0.69375 0.359375 0.1953125 0.240625
1 0.7046875 0.321875 0.0265625 0.021875
0 0.7734375 0.3328125 0.1203125 0.1921875
1 0.39765625 0.015625 0.0578125 0.03125
1 0.63359375 0.021875 0.0765625 0.04375
1 0.6234375 0.5234375 0.0125 0.00625
1 0.5421875 0.49375 0.0234375 0.01875
1 0.1984375 0.9515625 0.0296875 0.025
1 0.04921875 0.99453125 0.0578125 0.0109375
1 0.0734375 0.99375 0.025 0.0125
1 0.0359375 0.971875 0.01875 0.0203125
1 0.165625 0.8953125 0.03125 0.021875
1 0.1328125 0.8703125 0.0546875 0.0625
1 0.1828125 0.846875 0.009375 0.0109375
1 0.00703125 0.88203125 0.0140625 0.0296875
1 0.0234375 0.9390625 0.015625 0.0125
0 0.165625 0.7671875 0.0953125 0.084375
1 0.2015625 0.7609375 0.0265625 0.015625
1 0.125 0.715625 0.0515625 0.040625
1 0.109375 0.7484375 0.0359375 0.021875
1 0.0921875 0.765625 0.0125 0.00625
1 0.053125 0.7171875 0.06875 0.0328125
0 0.04609375 0.76953125 0.0921875 0.0859375
1 0.025 0.7234375 0.028125 0.075
1 0.021875 0.7328125 0.01875 0.0203125
1 0.0015625 0.73125 0.003125 0.00625
1 0.053125 0.65625 0.0390625 0.0609375
1 0.0859375 0.6328125 0.0296875 0.028125
1 0.1140625 0.615625 0.0390625 0.03125
1 0.1140625 0.7109375 0.0859375 0.0203125
1 0.7515625 0.9828125 0.0125 0.025
1 0.67265625 0.99921875 0.0046875 0.0015625
1 0.7109375 0.95625 0.009375 0.009375
1 0.81640625 0.978125 0.0671875 0.04375
1 0.8203125 0.9515625 0.015625 0.0515625
1 0.5859375 0.9859375 0.0203125 0.015625
1 0.5984375 0.9609375 0.00625 0.009375
1 0.6484375 0.8765625 0.0140625 0.015625
1 0.6859375 0.8515625 0.0078125 0.0078125
1 0.8140625 0.8609375 0.0109375 0.015625
1 0.959375 0.965625 0.0171875 0.025
1 0.88125 0.75 0.025 0.03125
1 0.834375 0.7703125 0.025 0.034375
1 0.9296875 0.7953125 0.06875 0.0609375
1 0.540625 0.76875 0.009375 0.0046875
1 0.51875 0.875 0.01875 0.0203125
1 0.5546875 0.6171875 0.0234375 0.025
1 0.6109375 0.596875 0.0296875 0.034375
1 0.6359375 0.58984375 0.0625 0.0203125
1 0.8328125 0.603125 0.009375 0.0046875
0 0.5515625 0.8546875 0.084375 0.2703125
0 0.6171875 0.79375 0.190625 0.3734375
0 0.79375 0.83125 0.31875 0.2765625
0 0.9328125 0.78984375 0.134375 0.4203125