1 0.3578125 0.5875 0.0125 0.0359375
1 0.3453125 0.15 0.034375 0.025
1 0.33515625 0.003125 0.0171875 0.00625
1 0.303125 0.471875 0.0625 0.053125
1 0.26875 0.1390625 0.0328125 0.0390625
1 0.26875 0.5515625 0.0359375 0.01875
1 0.2328125 0.4265625 0.0171875 0.021875
1 0.178125 0.5484375 0.01875 0.0234375
1 0.1703125 0.584375 0.025 0.015625
1 0.1609375 0.4109375 0.034375 0.046875
1 0.15 0.109375 0.0171875 0.01875
1 0.159375 0.50625 0.0671875 0.0796875
1 0.14375 0.0578125 0.034375 0.0234375
1 0.121875 0.296875 0.025 0.0453125
1 0.121875 0.125 0.015625 0.0109375
1 0.115625 0.5546875 0.01875 0.0359375
1 0.1015625 0.0796875 0.025 0.0390625
1 0.1015625 0.115625 0.0203125 0.0328125
1 0.09375 0.19375 0.0515625 0.0359375
1 0.078125 0.590625 0.0171875 0.04375
1 0.0546875 0.2171875 0.025 0.040625
1 0.0328125 0.5765625 0.0359375 0.03125
1 0.0265625 0.228125 0.0328125 0.0296875
1 0.03125 0.4484375 0.028125 0.021875
1 0.0046875 0.14609375 0.009375 0.0234375
1 0.1140625 0.515625 0.028125 0.04375
1 0.115625 0.4984375 0.015625 0.015625
1 0.209375 0.525 0.025 0.03125
1 0.2984375 0.496875 0.015625 0.025
1 0.284375 0.425 0.0546875 0.053125
1 0.015625 0.5203125 0.0203125 0.0203125
0 0.3375 0.384375 0.053125 0.178125
0 0.2546875 0.3578125 0.1375 0.0921875
1 0.215625 0.3390625 0.046875 0.04375
1 0.3078125 0.321875 0.0484375 0.0421875
1 0.28125 0.25 0.153125 0.1390625
1 0.29375 0.18125 0.0578125 0.046875
1 0.3453125 0.1828125 0.0328125 0.025
1 0.1859375 0.21875 0.0421875 0.0359375
0 0.06875 0.346875 0.11875 0.1265625
0 0.03203125 0.35625 0.0640625 0.11875
1 0.15 0.209375 0.0265625 0.0375
1 0.146875 0.234375 0.021875 0.01875
1 0.153125 0.2484375 0.015625 0.0234375
1 0.221875 0.2125 0.0265625 0.0234375
1 0.2734375 0.1109375 0.025 0.0125
1 0.2625 0.075 0.0234375 0.021875
1 0.2984375 0.0875 0.021875 0.01875
1 0.30625 0.078125 0.015625 0.0078125
1 0.2296875 0.08125 0.015625 0.0203125
1 0.7765625 0.44375 0.046875 0.05
1 0.740625 0.45625 0.0359375 0.05
1 0.7359375 0.5390625 0.0453125 0.0234375
1 0.7109375 0.3296875 0.0484375 0.0265625
1 0.59609375 0.59375 0.0390625 0.05
1 0.5875 0.1015625 0.025 0.04375
1 0.671875 0.5671875 0.0375 0.040625
1 0.69765625 0.5859375 0.0359375 0.065625
1 0.621875 0.596875 0.0375 0.04375
1 0.621875 0.509375 0.0984375 0.1046875
1 0.55234375 0.46015625 0.0453125 0.0328125
1 0.56015625 0.49296875 0.0609375 0.0796875
0 0.6390625 0.2765625 0.1140625 0.059375
0 0.73125 0.2578125 0.1421875 0.1125
1 0.015625 0.8765625 0.0234375 0.0375
1 0.0390625 0.9078125 0.0359375 0.03125
1 0.075 0.940625 0.0171875 0.0203125
1 0.0375 0.95 0.01875 0.01875
1 0.1328125 0.9546875 0.0328125 0.0234375
1 0.109375 0.8875 0.0265625 0.0421875
1 0.140625 0.925 0.03125 0.021875
1 0.06875 0.796875 0.03125 0.0296875
1 0.01875 0.7390625 0.0234375 0.021875
1 0.01015625 0.6828125 0.0203125 0.0375
1 0.040625 0.7078125 0.0328125 0.03125
1 0.121875 0.6703125 0.059375 0.0546875
1 0.1546875 0.7078125 0.01875 0.025
1 0.1671875 0.7765625 0.0234375 0.0203125
1 0.2515625 0.8296875 0.0484375 0.04375
1 0.2234375 0.95625 0.01875 0.034375
1 0.203125 0.971875 0.0203125 0.0140625
1 0.3125 0.9359375 0.03125 0.0265625
1 0.2953125 0.89375 0.028125 0.025
1 0.334375 0.878125 0.046875 0.04375
1 0.2984375 0.840625 0.021875 0.03125
1 0.30625 0.65625 0.0515625 0.0546875
1 0.2625 0.6421875 0.028125 0.0375
1 0.14921875 0.625 0.0390625 0.0125
1 0.0953125 0.64375 0.046875 0.03125
1 0.275 0.76875 0.0296875 0.0171875
1 0.21875 0.9015625 0.01875 0.0140625
1 0.0484375 0.753125 0.0203125 0.025
0 0.59140625 0.6625 0.0796875 0.0875
0 0.72421875 0.68046875 0.2203125 0.1234375
0 0.93828125 0.63671875 0.1234375 0.0359375
1 0.6125 0.7390625 0.053125 0.0484375
1 0.6 0.796875 0.0578125 0.053125
1 0.6734375 0.7109375 0.04375 0.028125
1 0.690625 0.7671875 0.09375 0.09375
1 0.746875 0.796875 0.028125 0.0484375
1 0.71875 0.8078125 0.0265625 0.040625
1 0.7265625 0.8921875 0.025 0.0359375
1 0.6390625 0.978125 0.0265625 0.0375
1 0.85703125 0.9828125 0.0609375 0.034375
1 0.803125 0.9421875 0.03125 0.028125
1 0.7796875 0.9875 0.0375 0.025
1 0.9515625 0.990625 0.053125 0.01875
1 0.9546875 0.871875 0.090625 0.065625
1 0.8328125 0.8265625 0.0953125 0.1140625
1 0.85 0.7515625 0.0453125 0.028125
1 0.9328125 0.7421875 0.0453125 0.028125
1 0.928125 0.7953125 0.03125 0.025
1 0.8375 0.778125 0.034375 0.0125
1 0.9578125 0.825 0.0359375 0.0234375
1 0.984375 0.68828125 0.03125 0.0640625
1 0.99375 0.74296875 0.0125 0.0609375
1 0.8640625 0.68125 0.1125 0.0984375