1 0.3484375 0.590625 0.03125 0.0234375
1 0.3171875 0.078125 0.00625 0.0234375
1 0.209375 0.2671875 0.0125 0.0046875
1 0.1109375 0.61015625 0.025 0.0171875
1 0.2625 0.6 0.0203125 0.0109375
1 0.240625 0.60859375 0.03125 0.0203125
1 0.1203125 0.4625 0.0171875 0.015625
1 0.0640625 0.4609375 0.0046875 0.015625
1 0.065625 0.5796875 0.0140625 0.0171875
1 0.3171875 0.44375 0.0203125 0.0171875
1 0.315625 0.3984375 0.0296875 0.01875
1 0.28125 0.4453125 0.0390625 0.0203125
1 0.2796875 0.43125 0.015625 0.025
1 0.2515625 0.4421875 0.0234375 0.025
1 0.2625 0.4265625 0.021875 0.0125
1 0.228125 0.434375 0.03125 0.021875
1 0.215625 0.3984375 0.025 0.034375
1 0.1796875 0.409375 0.0140625 0.0171875
1 0.1796875 0.4296875 0.0203125 0.0234375
1 0.1921875 0.44375 0.0203125 0.0125
1 0.0765625 0.43125 0.0171875 0.0171875
1 0.078125 0.409375 0.025 0.0265625
1 0.409375 0.453125 0.0234375 0.028125
1 0.4625 0.4484375 0.034375 0.025
1 0.4578125 0.434375 0.025 0.021875
1 0.4640625 0.425 0.0140625 0.0078125
1 0.325 0.3109375 0.0171875 0.021875
1 0.2875 0.3171875 0.0125 0.0171875
1 0.3046875 0.3 0.0171875 0.025
1 0.2640625 0.3 0.028125 0.025
1 0.0859375 0.284375 0.0171875 0.0234375
1 0.1109375 0.2453125 0.01875 0.0140625
1 0.09375 0.0859375 0.021875 0.0109375
0 0.07421875 0.14453125 0.1484375 0.2609375
1 0.215625 0.175 0.0140625 0.0140625
0 0.1953125 0.11484375 0.234375 0.2296875
1 0.425 0.2796875 0.021875 0.0203125
1 0.26875 0.234375 0.021875 0.0234375
0 0.359375 0.1609375 0.28125 0.321875
1 0.06328125 0.00234375 0.0140625 0.0046875
1 0.6109375 0.6 0.021875 0.0375
1 0.6875 0.5046875 0.0359375 0.0546875
1 0.5296875 0.478125 0.025 0.021875
1 0.50390625 0.5171875 0.0078125 0.021875
1 0.771875 0.5453125 0.015625 0.028125
1 0.8421875 0.44375 0.04375 0.0609375
1 0.80625 0.4203125 0.028125 0.053125
1 0.7453125 0.3359375 0.0234375 0.015625
1 0.634375 0.284375 0.021875 0.0234375
1 0.7703125 0.2734375 0.021875 0.025
1 0.559375 0.2515625 0.028125 0.04375
1 0.6265625 0.1796875 0.025 0.0359375
1 0.684375 0.1515625 0.0203125 0.015625
1 0.7234375 0.121875 0.0140625 0.021875
1 0.6859375 0.1296875 0.0140625 0.0171875
1 0.821875 0.234375 0.01875 0.028125
1 0.84375 0.23125 0.015625 0.01875
1 0.8625 0.3828125 0.015625 0.0140625
1 0.903125 0.196875 0.021875 0.028125
0 0.8609375 0.1578125 0.203125 0.203125
0 0.7234375 0.1375 0.2765625 0.1609375
1 0.6546875 0.121875 0.021875 0.025
0 0.56640625 0.06484375 0.1328125 0.1109375
1 0.5828125 0.153125 0.0234375 0.021875
1 0.51171875 0.04609375 0.0234375 0.0203125
1 0.89609375 0.00546875 0.0171875 0.0109375
1 0.1515625 0.9578125 0.01875 0.015625
1 0.11875 0.86875 0.0234375 0.025
1 0.1390625 0.8953125 0.0453125 0.034375
1 0.159375 0.859375 0.034375 0.0375
1 0.171875 0.71875 0.053125 0.065625
1 0.3875 0.671875 0.0234375 0.040625
1 0.3640625 0.621875 0.0078125 0.0046875
0 0.353125 0.921875 0.134375 0.15625
0 0.3921875 0.8171875 0.05625 0.0328125
1 0.7125 0.9640625 0.0359375 0.0203125
1 0.7546875 0.95 0.00625 0.0109375
1 0.7359375 0.971875 0.01875 0.0171875
1 0.625 0.890625 0.0125 0.01875
1 0.63125 0.86875 0.0234375 0.0203125
1 0.8171875 0.890625 0.028125 0.0265625
1 0.840625 0.840625 0.0140625 0.0140625
1 0.5296875 0.8609375 0.01875 0.021875
1 0.7828125 0.6890625 0.028125 0.0328125
1 0.7953125 0.6515625 0.0109375 0.0140625
1 0.6984375 0.646875 0.0125 0.0140625
1 0.65625 0.6625 0.015625 0.0171875
1 0.69296875 0.634375 0.0390625 0.03125
1 0.634375 0.64375 0.01875 0.0203125
1 0.584375 0.640625 0.0078125 0.0109375
1 0.5390625 0.665625 0.0109375 0.0125
0 0.54453125 0.78359375 0.0890625 0.0953125
0 0.8578125 0.7671875 0.0828125 0.08125
1 0.825 0.790625 0.025 0.0390625
0 0.696875 0.784375 0.1171875 0.1203125
0 0.5859375 0.76875 0.11875 0.1
1 0.6140625 0.709375 0.03125 0.03125
0 0.771875 0.7828125 0.11875 0.1703125