1 0.01953125 0.03046875 0.0390625 0.0359375
1 0.0875 0.0359375 0.1015625 0.0609375
1 0.2171875 0.03125 0.059375 0.0484375
1 0.171875 0.0140625 0.01875 0.028125
1 0.15 0.0546875 0.034375 0.0375
1 0.30234375 0.01015625 0.0265625 0.0203125
1 0.2890625 0.0625 0.03125 0.0265625
1 0.228125 0.0734375 0.0375 0.028125
1 0.1546875 0.1578125 0.05625 0.053125
1 0.1015625 0.1453125 0.0296875 0.0296875
1 0.1 0.18125 0.0265625 0.028125
1 0.1296875 0.103125 0.021875 0.0140625
1 0.0546875 0.1703125 0.0234375 0.0296875
1 0.0625 0.196875 0.03125 0.01875
1 0.203125 0.1546875 0.0296875 0.034375
1 0.2203125 0.18125 0.0171875 0.0171875
1 0.1546875 0.2890625 0.0609375 0.0515625
1 0.09375 0.3015625 0.0484375 0.0359375
1 0.1171875 0.24375 0.0578125 0.09375
1 0.1328125 0.4 0.0390625 0.034375
1 0.1328125 0.465625 0.025 0.0609375
1 0.059375 0.51875 0.0703125 0.0671875
1 0.028125 0.56875 0.05625 0.028125
1 0.034375 0.68203125 0.06875 0.0734375
1 0.1203125 0.646875 0.09375 0.0953125
1 0.14453125 0.71171875 0.1140625 0.0140625
1 0.21015625 0.696875 0.0453125 0.04375
1 0.2234375 0.64375 0.0546875 0.0359375
1 0.271875 0.6234375 0.0359375 0.040625
1 0.3359375 0.625 0.028125 0.034375
1 0.3 0.6796875 0.071875 0.0546875
1 0.35078125 0.70546875 0.0359375 0.0265625
1 0.3421875 0.521875 0.0625 0.0546875
1 0.23125 0.51875 0.0890625 0.078125
1 0.1859375 0.496875 0.0265625 0.0359375
1 0.1578125 0.5 0.0234375 0.03125
1 0.146875 0.5390625 0.0296875 0.0375
1 0.303125 0.3984375 0.0765625 0.0578125
1 0.34375 0.6734375 0.0203125 0.021875
1 0.203125 0.3828125 0.015625 0.025
1 0.25 0.3046875 0.05 0.0828125
1 0.2734375 0.25 0.0359375 0.021875
1 0.3203125 0.2578125 0.0265625 0.028125
0 0.2875 0.3109375 0.2046875 0.321875
1 0.36953125 0.00390625 0.0234375 0.0078125
0 0.03203125 0.3703125 0.0640625 0.28125
1 0.98828125 0.05 0.0234375 0.021875
1 0.97109375 0.0046875 0.0203125 0.009375
1 0.9359375 0.0234375 0.034375 0.0265625
1 0.865625 0.0375 0.0140625 0.021875
1 0.90625 0.2171875 0.0546875 0.0390625
0 0.8203125 0.4296875 0.0921875 0.1421875
0 0.815625 0.540625 0.0828125 0.046875
1 0.89375 0.6203125 0.01875 0.0390625
1 0.946875 0.6734375 0.028125 0.0234375
1 0.99296875 0.22890625 0.0140625 0.0234375
1 0.965625 0.1484375 0.015625 0.01875
1 0.996875 0.20078125 0.00625 0.0171875
0 0.90078125 0.45703125 0.1984375 0.3265625
0 0.03515625 0.859375 0.0703125 0.28125
1 0.2734375 0.953125 0.015625 0.0140625
1 0.309375 0.98671875 0.065625 0.0265625
1 0.41875 0.740625 0.03125 0.0390625
1 0.45625 0.8515625 0.0109375 0.0140625
1 0.45 0.990625 0.034375 0.01875
1 0.4640625 0.7765625 0.0203125 0.0171875
1 0.50625 0.88125 0.0046875 0.0203125
0 0.4921875 0.8484375 0.034375 0.034375
1 0.503125 0.759375 0.0078125 0.0078125
1 0.0734375 0.8421875 0.0328125 0.034375
1 0.08125 0.81875 0.0296875 0.01875
1 0.146875 0.75625 0.040625 0.0265625
0 0.28359375 0.8296875 0.2546875 0.221875
0 0.19296875 0.859375 0.2421875 0.28125
1 0.59375 0.8390625 0.009375 0.0078125
1 0.628125 0.99375 0.0109375 0.0078125
1 0.64375 0.928125 0.0265625 0.0140625
1 0.634375 0.89375 0.0359375 0.0359375
1 0.7390625 0.9171875 0.0140625 0.0078125
1 0.74375 0.9796875 0.0234375 0.0234375
1 0.8671875 0.8921875 0.015625 0.0203125
1 0.94375 0.7484375 0.015625 0.015625
1 0.8453125 0.9015625 0.0203125 0.015625
1 0.9125 0.8515625 0.0109375 0.015625
1 0.975 0.871875 0.0140625 0.015625
1 0.95625 0.940625 0.0171875 0.0140625
1 0.646875 0.7765625 0.0078125 0.0078125
1 0.7609375 0.940625 0.0265625 0.0125
1 0.671875 0.96875 0.0234375 0.01875
1 0.6578125 0.959375 0.015625 0.0203125
1 0.67890625 0.9953125 0.0171875 0.009375
0 0.628125 0.7890625 0.078125 0.140625
0 0.7453125 0.8046875 0.3125 0.171875