1 0.3453125 0.49921875 0.009375 0.0203125
1 0.2625 0.4734375 0.046875 0.0265625
1 0.178125 0.446875 0.028125 0.0203125
1 0.10625 0.3609375 0.025 0.0234375
1 0.346875 0.346875 0.00625 0.025
1 0.13125 0.353125 0.0359375 0.04375
1 0.1390625 0.2578125 0.034375 0.0140625
1 0.271875 0.234375 0.0390625 0.0296875
1 0.33046875 0.21015625 0.0390625 0.0421875
1 0.28125 0.1671875 0.015625 0.009375
0 0.27421875 0.3890625 0.1515625 0.240625
1 0.2515625 0.25 0.0109375 0.0140625
1 0.2625 0.2578125 0.015625 0.0140625
1 0.325 0.178125 0.0171875 0.0171875
1 0.340625 0.18359375 0.01875 0.0171875
1 0.29375 0.1703125 0.0203125 0.0140625
1 0.00390625 0.26953125 0.0078125 0.0296875
1 0.1171875 0.1921875 0.0421875 0.0328125
1 0.128125 0.1765625 0.0375 0.01875
1 0.1609375 0.1765625 0.0375 0.0265625
1 0.0953125 0.2515625 0.0125 0.0171875
1 0.1203125 0.2296875 0.0359375 0.021875
1 0.10625 0.425 0.0234375 0.040625
1 0.1015625 0.4546875 0.034375 0.025
1 0.0890625 0.4953125 0.0390625 0.0234375
1 0.128125 0.46875 0.0265625 0.0328125
1 0.140625 0.4921875 0.0390625 0.0328125
1 0.15 0.46875 0.015625 0.0203125
1 0.7625 0.25 0.0171875 0.0078125
1 0.365625 0.415625 0.0203125 0.0234375
1 0.49375 0.0421875 0.021875 0.028125
1 0.553125 0.253125 0.01875 0.01875
0 0.5609375 0.2265625 0.2109375 0.2375
1 0.4625 0.2953125 0.0109375 0.0109375
1 0.4703125 0.171875 0.0140625 0.009375
0 0.59453125 0.071875 0.1953125 0.14375
1 0.6796875 0.3296875 0.0140625 0.0109375
1 0.7 0.0296875 0.009375 0.003125
1 0.8375 0.115625 0.021875 0.034375
1 0.35546875 0.303125 0.0109375 0.01875
1 0.9859375 0.38671875 0.028125 0.0234375
0 0.121875 0.778125 0.21875 0.1578125
0 0.18203125 0.90078125 0.1296875 0.1984375
1 0.2703125 0.7296875 0.028125 0.025
1 0.2875 0.896875 0.0328125 0.0265625
1 0.721875 0.928125 0.0296875 0.01875
1 0.909375 0.865625 0.0265625 0.028125
1 0.671875 0.8109375 0.03125 0.028125
1 0.540625 0.6328125 0.0125 0.0140625
1 0.790625 0.6046875 0.015625 0.0171875
1 0.6125 0.6 0.0078125 0.009375
1 0.709375 0.5953125 0.0078125 0.0140625
1 0.9515625 0.5953125 0.0359375 0.0421875
1 0.9734375 0.5640625 0.0203125 0.0234375
0 0.7390625 0.53125 0.0453125 0.0421875
1 0.496875 0.7265625 0.0234375 0.0296875
1 0.4765625 0.796875 0.028125 0.0203125
1 0.5171875 0.7390625 0.025 0.0203125
1 0.50625 0.7875 0.0171875 0.01875
1 0.5109375 0.8390625 0.03125 0.021875
1 0.55 0.8046875 0.0203125 0.0171875
1 0.4671875 0.8703125 0.01875 0.0390625
1 0.4421875 0.925 0.0265625 0.0375
1 0.5625 0.615625 0.0234375 0.0140625
1 0.58671875 0.51953125 0.0265625 0.0203125
1 0.69375 0.8671875 0.01875 0.0296875
0 0.7359375 0.959375 0.0796875 0.0484375
0 0.796875 0.9109375 0.15 0.0984375
1 0.7203125 0.9375 0.0234375 0.01875
0 0.7671875 0.846875 0.16875 0.078125
0 0.7546875 0.7640625 0.1375 0.0921875
0 0.7515625 0.703125 0.1296875 0.1015625
1 0.9046875 0.9453125 0.0265625 0.028125
1 0.946875 0.9375 0.015625 0.015625
1 0.96875 0.9375 0.01875 0.0171875
1 0.990625 0.9 0.01875 0.021875
1 0.940625 0.9078125 0.0078125 0.0109375
1 0.9203125 0.9078125 0.015625 0.015625
1 0.984375 0.8609375 0.0140625 0.009375
1 0.99765625 0.85546875 0.0046875 0.0171875
1 0.96875 0.9765625 0.034375 0.0140625
1 0.9078125 0.846875 0.0234375 0.0171875
1 0.9125 0.75625 0.0203125 0.0265625
1 0.95625 0.7671875 0.0109375 0.0171875
1 0.946875 0.784375 0.025 0.0265625
1 0.9671875 0.7234375 0.0078125 0.0109375
1 0.9640625 0.746875 0.0171875 0.0140625
1 0.94375 0.6421875 0.0234375 0.025
1 0.80625 0.6578125 0.0109375 0.015625
1 0.759375 0.6359375 0.021875 0.0203125
1 0.99375 0.64765625 0.0125 0.0171875
1 0.921875 0.5953125 0.021875 0.01875
1 0.9296875 0.58125 0.01875 0.0171875
1 0.9390625 0.5953125 0.015625 0.0375
1 0.990625 0.5609375 0.01875 0.01875
1 0.8796875 0.54375 0.025 0.01875
1 0.9109375 0.5546875 0.021875 0.0234375
1 0.8453125 0.5859375 0.0203125 0.0234375
1 0.8078125 0.5890625 0.0203125 0.0140625
1 0.8359375 0.678125 0.015625 0.01875
1 0.7734375 0.65 0.0140625 0.0171875