1 0.2328125 0.384375 0.0390625 0.0734375
1 0.2578125 0.1203125 0.034375 0.0328125
1 0.40625 0.484375 0.078125 0.0625
1 0.153125 0.2453125 0.025 0.0234375
1 0.2046875 0.1265625 0.0640625 0.05
1 0.2109375 0.196875 0.0484375 0.0609375
0 0.1484375 0.1515625 0.0953125 0.0890625
1 0.1109375 0.13125 0.0375 0.134375
1 0.3515625 0.2828125 0.0703125 0.0578125
0 0.325 0.16875 0.1375 0.0875
0 0.4265625 0.1953125 0.1390625 0.153125
1 0.353125 0.80546875 0.021875 0.0078125
0 0.2140625 0.703125 0.1203125 0.11875
0 0.396875 0.728125 0.18125 0.1578125
0 0.5234375 0.72734375 0.03125 0.1078125
1 0.5234375 0.36875 0.0203125 0.01875
1 0.6109375 0.203125 0.0234375 0.0421875
1 0.6625 0.71875 0.0140625 0.00625
0 0.6421875 0.30625 0.08125 0.1765625
1 0.7671875 0.434375 0.00625 0.0125
1 0.796875 0.125 0.01875 0.01875
1 0.8359375 0.1296875 0.015625 0.0203125
1 0.9171875 0.384375 0.0125 0.009375
1 0.97109375 0.015625 0.0578125 0.03125
1 0.9421875 0.0390625 0.0125 0.015625
1 0.909375 0.0328125 0.065625 0.0625
1 0.79140625 0.00859375 0.0203125 0.0171875
1 0.73671875 0.00234375 0.0109375 0.0046875
1 0.7265625 0.0265625 0.0390625 0.03125
1 0.6265625 0.125 0.025 0.03125
1 0.6203125 0.1171875 0.028125 0.01875
1 0.703125 0.0953125 0.0328125 0.0484375
1 0.7265625 0.1828125 0.03125 0.0234375
1 0.7484375 0.3046875 0.040625 0.0765625
1 0.7734375 0.3015625 0.025 0.0203125
1 0.778125 0.26875 0.0640625 0.0390625
0 0.8484375 0.3046875 0.09375 0.159375
1 0.7859375 0.6921875 0.0265625 0.0421875
0 0.97734375 0.278125 0.0453125 0.109375
0 0.9234375 0.3046875 0.109375 0.140625
1 0.70625 0.725 0.0125 0.0140625
1 0.86875 0.4875 0.015625 0.015625
1 0.2046875 0.8296875 0.0078125 0.0078125
1 0.5078125 0.9078125 0.0109375 0.0078125
1 0.915625 0.834375 0.046875 0.021875
1 0.915625 0.909375 0.0515625 0.04375
0 0.975 0.971875 0.05 0.05625
0 0.8359375 0.9359375 0.209375 0.128125
0 0.65703125 0.96796875 0.1390625 0.0640625
0 0.56875 0.9640625 0.059375 0.071875
1 0.5984375 0.9328125 0.0640625 0.0375
1 0.671875 0.821875 0.028125 0.0234375