1 0.384375 0.071875 0.0078125 0.0453125
1 0.36875 0.15625 0.0109375 0.0390625
1 0.29375 0.15625 0.040625 0.03125
1 0.31875 0.046875 0.0171875 0.03125
1 0.2828125 0.059375 0.0171875 0.01875
1 0.25 0.11875 0.0265625 0.025
1 0.1671875 0.046875 0.0546875 0.0578125
1 0.27109375 0.0078125 0.0328125 0.015625
1 0.15 0.234375 0.01875 0.025
1 0.15625 0.259375 0.025 0.0515625
1 0.0953125 0.334375 0.0109375 0.0140625
1 0.0859375 0.3625 0.0109375 0.025
1 0.05 0.115625 0.046875 0.0625
1 0.0203125 0.3015625 0.015625 0.0171875
1 0.0015625 0.2453125 0.003125 0.03125
0 0.021875 0.4546875 0.04375 0.090625
0 0.040625 0.4328125 0.0625 0.11875
0 0.0953125 0.46875 0.0796875 0.078125
0 0.1578125 0.4171875 0.08125 0.1453125
1 0.2 0.5015625 0.0390625 0.028125
1 0.24921875 0.565625 0.0671875 0.028125
1 0.0875 0.528125 0.0203125 0.0203125
1 0.0328125 0.5515625 0.021875 0.0234375
1 0.0171875 0.5703125 0.0171875 0.0140625
1 0.4328125 0.3015625 0.0421875 0.0390625
1 0.3453125 0.2421875 0.021875 0.03125
1 0.2921875 0.284375 0.01875 0.021875
1 0.3546875 0.2859375 0.034375 0.0328125
1 0.353125 0.3109375 0.025 0.01875
1 0.3171875 0.3109375 0.021875 0.04375
1 0.33125 0.3359375 0.028125 0.0265625
1 0.334375 0.3171875 0.0234375 0.0109375
1 0.2203125 0.4390625 0.0640625 0.0625
0 0.2859375 0.453125 0.0953125 0.171875
0 0.4921875 0.4109375 0.034375 0.046875
0 0.478125 0.4890625 0.0625 0.065625
0 0.4140625 0.4734375 0.153125 0.0921875
0 0.365625 0.43125 0.096875 0.096875
1 0.325 0.44375 0.075 0.0859375
1 0.415625 0.546875 0.034375 0.0203125
1 0.2046875 0.5578125 0.015625 0.04375
1 0.2453125 0.4953125 0.025 0.0140625
1 0.628125 0.175 0.015625 0.0140625
0 0.6609375 0.4546875 0.08125 0.1421875
1 0.79375 0.2015625 0.00625 0.028125
1 0.83125 0.353125 0.021875 0.0234375
1 0.8765625 0.2578125 0.0109375 0.0078125
0 0.8453125 0.4859375 0.090625 0.1234375
1 0.928125 0.1703125 0.01875 0.01875
1 0.934375 0.1359375 0.015625 0.009375
0 0.909375 0.01640625 0.10625 0.0328125
1 0.7140625 0.490625 0.0171875 0.025
1 0.70625 0.2328125 0.0265625 0.0234375
1 0.7375 0.2375 0.021875 0.0296875
0 0.371875 0.64609375 0.1125 0.1328125
0 0.29375 0.63828125 0.084375 0.1171875
0 0.2390625 0.6328125 0.0421875 0.0609375
1 0.253125 0.7 0.025 0.01875
1 0.2546875 0.678125 0.0125 0.015625
1 0.44140625 0.58671875 0.0140625 0.0140625
1 0.48046875 0.58515625 0.0328125 0.0109375
1 0.484375 0.5921875 0.0171875 0.0140625
1 0.4609375 0.7734375 0.0453125 0.0296875
1 0.44375 0.8796875 0.0296875 0.03125
1 0.2625 0.975 0.01875 0.03125
1 0.328125 0.975 0.015625 0.0171875
1 0.890625 0.6328125 0.0203125 0.0359375
1 0.68125 0.6640625 0.01875 0.0265625
1 0.6203125 0.6296875 0.0578125 0.05
1 0.6171875 0.6625 0.025 0.025
1 0.64375 0.59921875 0.028125 0.0390625
1 0.66640625 0.590625 0.0265625 0.021875
1 0.6484375 0.634375 0.01875 0.040625
1 0.7203125 0.5890625 0.0171875 0.01875
1 0.6953125 0.603125 0.015625 0.015625
1 0.70625 0.6234375 0.0328125 0.0140625
1 0.70625 0.6421875 0.0234375 0.034375
1 0.7484375 0.6078125 0.028125 0.0296875
1 0.76875 0.6140625 0.0140625 0.0125
1 0.775 0.6296875 0.015625 0.0265625
1 0.759375 0.6375 0.0125 0.03125
1 0.8015625 0.64375 0.0140625 0.0078125
1 0.6875 0.953125 0.028125 0.0375
1 0.615625 0.8734375 0.0296875 0.03125
1 0.55078125 0.609375 0.0828125 0.059375
1 0.54765625 0.6828125 0.0765625 0.10625
1 0.95 0.7078125 0.0234375 0.028125
1 0.5484375 0.6515625 0.0375 0.0125
1 0.5515625 0.6796875 0.0421875 0.0234375
1 0.5296875 0.63125 0.0234375 0.025
1 0.51875 0.621875 0.01875 0.028125
1 0.53203125 0.58359375 0.0453125 0.0078125
1 0.77265625 0.98359375 0.0484375 0.0328125