1 0.15625 0.00234375 0.03125 0.0046875
1 0.2578125 0.00234375 0.015625 0.0046875
0 0.37421875 0.00703125 0.1171875 0.0140625
1 0.5984375 0.065625 0.0578125 0.046875
1 0.0640625 0.078125 0.04375 0.0546875
1 0.0375 0.125 0.0140625 0.0140625
1 0.5265625 0.146875 0.0140625 0.015625
1 0.1296875 0.1828125 0.0109375 0.0109375
1 0.3296875 0.196875 0.0078125 0.0140625
1 0.040625 0.21875 0.0109375 0.009375
1 0.090625 0.221875 0.0140625 0.0265625
1 0.2140625 0.3078125 0.015625 0.0046875
1 0.146875 0.3078125 0.0265625 0.05
1 0.0875 0.33125 0.015625 0.0203125
0 0.4234375 0.3265625 0.1 0.1109375
1 0.5578125 0.315625 0.021875 0.021875
1 0.4859375 0.4578125 0.025 0.0234375
0 0.409375 0.4296875 0.1546875 0.078125
0 0.403125 0.4859375 0.0890625 0.0578125
1 0.3890625 0.465625 0.0390625 0.0171875
0 0.4453125 0.175 0.13125 0.1171875
0 0.4328125 0.23125 0.0765625 0.06875
1 0.384375 0.2234375 0.0234375 0.0296875
1 0.390625 0.146875 0.0109375 0.015625
1 0.3265625 0.2734375 0.059375 0.0265625
0 0.43671875 0.053125 0.1421875 0.10625
1 0.3640625 0.0921875 0.0390625 0.0390625
1 0.4734375 0.0140625 0.034375 0.025
1 0.16875 0.4890625 0.028125 0.0171875
1 0.1734375 0.440625 0.04375 0.046875
1 0.2390625 0.3484375 0.0171875 0.015625
1 0.1734375 0.3484375 0.021875 0.021875
1 0.228125 0.4109375 0.021875 0.0125
1 0.1265625 0.35 0.0140625 0.021875
1 0.2546875 0.2921875 0.01875 0.028125
1 0.203125 0.284375 0.03125 0.0234375
1 0.228125 0.1359375 0.028125 0.0265625
1 0.209375 0.103125 0.04375 0.01875
1 0.1421875 0.1109375 0.0359375 0.0234375
1 0.15703125 0.00234375 0.0171875 0.0046875
1 0.0421875 0.0328125 0.0265625 0.034375
1 0.02734375 0.4625 0.0546875 0.071875
1 0.0125 0.4140625 0.0234375 0.025
1 0.00390625 0.378125 0.0078125 0.01875
0 0.7109375 0.35546875 0.1625 0.2046875
0 0.7140625 0.26875 0.165625 0.0640625
0 0.73359375 0.50703125 0.1109375 0.1046875
0 0.7171875 0.546875 0.165625 0.025
1 0.4859375 0.5859375 0.025 0.0140625
1 0.2328125 0.5875 0.0375 0.0234375
0 0.1234375 0.61875 0.03125 0.05625
0 0.1890625 0.625 0.021875 0.0546875
0 0.04296875 0.6140625 0.0859375 0.0875
0 0.575 0.63125 0.034375 0.05625
1 0.0203125 0.675 0.025 0.040625
1 0.0765625 0.684375 0.0171875 0.0203125
1 0.471875 0.6859375 0.021875 0.028125
1 0.0765625 0.76875 0.028125 0.015625
1 0.53125 0.7921875 0.034375 0.0375
1 0.475 0.8 0.0328125 0.01875
1 0.4109375 0.8203125 0.01875 0.0234375
0 0.4921875 0.840625 0.0703125 0.0703125
1 0.4453125 0.6578125 0.025 0.0234375
1 0.465625 0.6578125 0.01875 0.0203125
1 0.55625 0.6984375 0.028125 0.015625
1 0.40625 0.69375 0.01875 0.015625
0 0.3796875 0.5859375 0.05 0.034375
0 0.27734375 0.56796875 0.0578125 0.0171875
0 0.2953125 0.64375 0.1453125 0.1359375
0 0.36875 0.6921875 0.0453125 0.0359375
0 0.4 0.7515625 0.0546875 0.0765625
1 0.4234375 0.7296875 0.01875 0.015625
0 0.3234375 0.8375 0.15 0.0828125
0 0.26875 0.753125 0.096875 0.084375
0 0.5953125 0.7578125 0.0296875 0.0359375
0 0.590625 0.7171875 0.0359375 0.0421875
0 0.07109375 0.56640625 0.0390625 0.0140625
0 0.11328125 0.5703125 0.0546875 0.021875
0 0.0390625 0.809375 0.04375 0.0453125
0 0.084375 0.80625 0.0453125 0.0546875
0 0.0578125 0.728125 0.059375 0.0390625
1 0.0953125 0.7328125 0.0140625 0.0140625
1 0.0875 0.71875 0.01875 0.0109375
1 0.075 0.7125 0.009375 0.0078125
1 0.1203125 0.8015625 0.025 0.0265625
1 0.115625 0.8515625 0.0125 0.015625
1 0.1140625 0.86875 0.028125 0.0125
1 0.178125 0.80625 0.01875 0.01875
1 0.1328125 0.815625 0.01875 0.0125
1 0.184375 0.71875 0.0203125 0.01875
0 0.1375 0.725 0.0734375 0.0703125
1 0.2109375 0.728125 0.015625 0.01875
1 0.209375 0.859375 0.0375 0.0234375
1 0.1140625 0.7875 0.021875 0.0078125
0 0.94765625 0.93203125 0.1046875 0.1359375
1 0.9796875 0.9515625 0.0140625 0.0265625
0 0.97109375 0.82890625 0.0578125 0.1578125
1 0.9265625 0.8640625 0.090625 0.053125