0 0.36640625 0.35234375 0.1203125 0.0328125
1 0.05625 0.3453125 0.0390625 0.03125
1 0.4515625 0.328125 0.0453125 0.034375
1 0.3328125 0.328125 0.0140625 0.0140625
1 0.0515625 0.3078125 0.040625 0.0203125
1 0.5203125 0.3078125 0.0234375 0.01875
1 0.4015625 0.3078125 0.0375 0.053125
1 0.353125 0.2734375 0.0171875 0.01875
1 0.2515625 0.275 0.0546875 0.0515625
1 0.1140625 0.25 0.025 0.0328125
1 0.021875 0.221875 0.040625 0.0390625
1 0.3953125 0.2078125 0.0234375 0.0359375
1 0.0828125 0.1828125 0.0390625 0.021875
1 0.00546875 0.146875 0.0109375 0.053125
1 0.5484375 0.1125 0.0203125 0.0125
1 0.384375 0.03125 0.0328125 0.03125
1 0.2359375 0.0359375 0.0421875 0.03125
1 0.54453125 0.0265625 0.0296875 0.015625
1 0.3734375 0.015625 0.0328125 0.025
1 0.2703125 0.0109375 0.0296875 0.015625
1 0.4234375 0.0171875 0.03125 0.034375
1 0.34765625 0.01796875 0.0765625 0.0359375
1 0.0078125 0.3546875 0.015625 0.028125
1 0.14375 0.2359375 0.034375 0.0421875
1 0.1828125 0.1859375 0.078125 0.078125
1 0.07734375 0.01484375 0.0484375 0.0296875
1 0.13046875 0.003125 0.0328125 0.00625
1 0.05 0.040625 0.0421875 0.0375
1 0.0671875 0.1078125 0.0546875 0.025
1 0.1046875 0.075 0.0265625 0.0203125
1 0.240625 0.140625 0.046875 0.040625
1 0.26875 0.096875 0.0359375 0.025
1 0.34375 0.0953125 0.1203125 0.071875
1 0.328125 0.059375 0.040625 0.0453125
0 0.375 0.16875 0.1 0.10625
1 0.4359375 0.20625 0.040625 0.0578125
1 0.4875 0.2 0.0265625 0.065625
1 0.5015625 0.078125 0.0578125 0.0828125
1 0.496875 0.00625 0.05 0.0125
1 0.98984375 0.1734375 0.0203125 0.05
1 0.8703125 0.140625 0.0296875 0.046875
1 0.775 0.271875 0.0328125 0.034375
1 0.8546875 0.2265625 0.025 0.01875
1 0.9359375 0.325 0.0234375 0.021875
1 0.69375 0.2421875 0.028125 0.015625
0 0.59765625 0.33359375 0.0765625 0.0703125
0 0.61640625 0.2578125 0.1140625 0.209375
0 0.63125 0.14140625 0.14375 0.1171875
1 0.00546875 0.6296875 0.0109375 0.05
1 0.06875 0.809375 0.0140625 0.01875
1 0.2234375 0.6296875 0.0765625 0.0546875
0 0.246875 0.5078125 0.3875 0.2359375
0 0.265625 0.7421875 0.290625 0.3453125
0 0.1953125 0.89375 0.0484375 0.04375
0 0.259375 0.865625 0.0375 0.103125
1 0.26875 0.7203125 0.0234375 0.025
1 0.2546875 0.696875 0.0234375 0.028125
1 0.4703125 0.4234375 0.028125 0.0328125
1 0.5421875 0.634375 0.034375 0.084375
1 0.55078125 0.58671875 0.0171875 0.0203125
0 0.3078125 0.81875 0.290625 0.1953125
1 0.60625 0.6046875 0.0109375 0.0125
1 0.9109375 0.4859375 0.0375 0.0203125
0 0.87421875 0.6375 0.2515625 0.278125
0 0.91796875 0.4828125 0.1640625 0.228125