1 0.0109375 0.15 0.0078125 0.0140625
1 0.10625 0.209375 0.009375 0.0078125
1 0.35625 0.046875 0.0046875 0.0109375
1 0.2328125 0.0328125 0.01875 0.0328125
1 0.11875 0.0296875 0.0171875 0.0234375
1 0.065625 0.00625 0.0078125 0.0078125
1 0.071875 0.10625 0.0453125 0.034375
1 0.0328125 0.15625 0.0125 0.009375
0 0.103125 0.1375 0.20625 0.1625
1 0.3140625 0.18671875 0.10625 0.0640625
0 0.321875 0.13125 0.1875 0.175
1 0.7984375 0.21484375 0.028125 0.0078125
1 0.965625 0.0265625 0.0421875 0.0359375
1 0.68046875 0.19921875 0.0609375 0.0390625
0 0.84296875 0.19921875 0.1078125 0.0390625
1 0.53125 0.2265625 0.021875 0.015625
1 0.5953125 0.4875 0.0421875 0.053125
1 0.340625 0.434375 0.0328125 0.0515625
1 0.3578125 0.5421875 0.0375 0.05625
0 0.39375 0.6703125 0.265625 0.190625
0 0.215625 0.553125 0.225 0.359375
0 0.5578125 0.6671875 0.1390625 0.328125
1 0.2875 0.8 0.046875 0.0421875
1 0.8796875 0.321875 0.0453125 0.03125
1 0.79375 0.659375 0.0171875 0.0125
1 0.759375 0.74375 0.015625 0.0171875
1 0.790625 0.79375 0.0578125 0.0484375
1 0.6765625 0.8546875 0.0515625 0.0125
1 0.9234375 0.6140625 0.0203125 0.0234375
1 0.9390625 0.6234375 0.0140625 0.0234375
0 0.98203125 0.409375 0.0359375 0.340625
0 0.84609375 0.44453125 0.3078125 0.2609375
0 0.73828125 0.42734375 0.1765625 0.2953125