1 0.3546875 0.421875 0.01875 0.0140625
1 0.053125 0.2796875 0.0171875 0.0171875
1 0.1125 0.2921875 0.034375 0.0390625
1 0.3625 0.28125 0.0390625 0.0421875
1 0.1421875 0.246875 0.028125 0.0359375
0 0.271875 0.1828125 0.1609375 0.1453125
1 0.025 0.3484375 0.025 0.034375
1 0.00703125 0.34140625 0.0140625 0.0234375
1 0.1109375 0.31875 0.015625 0.028125
1 0.0234375 0.153125 0.0296875 0.0171875
1 0.13125 0.159375 0.015625 0.03125
0 0.25 0.396875 0.1828125 0.075
0 0.265625 0.3109375 0.0734375 0.1203125
1 0.303125 0.3359375 0.0546875 0.0390625
1 0.121875 0.0953125 0.015625 0.0265625
1 0.146875 0.05625 0.021875 0.0203125
1 0.40625 0.2734375 0.0234375 0.015625
1 0.3484375 0.146875 0.0421875 0.0421875
1 0.35625 0.3515625 0.028125 0.025
1 0.359375 0.3953125 0.0171875 0.0125
1 0.3703125 0.403125 0.015625 0.0078125
1 0.44375 0.24375 0.03125 0.04375
1 0.4078125 0.153125 0.025 0.0234375
1 0.45234375 0.146875 0.0140625 0.028125
1 0.81875 0.4953125 0.015625 0.0171875
1 0.8015625 0.4296875 0.0234375 0.01875
1 0.734375 0.4203125 0.09375 0.08125
1 0.8203125 0.3171875 0.0140625 0.015625
1 0.5703125 0.29375 0.053125 0.040625
1 0.7296875 0.2546875 0.0375 0.0234375
1 0.9125 0.028125 0.015625 0.009375
1 0.640625 0.034375 0.0265625 0.025
0 0.5703125 0.21875 0.19375 0.109375
0 0.575 0.14375 0.15 0.0734375
1 0.52890625 0.05078125 0.1390625 0.0578125
1 0.5328125 0.0875 0.0203125 0.0171875
1 0.640625 0.1046875 0.0421875 0.046875
0 0.5625 0.3953125 0.1296875 0.1171875
0 0.56875 0.4875 0.21875 0.121875
1 0.640625 0.53125 0.0125 0.009375
1 0.61875 0.5421875 0.0203125 0.00625
1 0.8578125 0.3296875 0.0265625 0.015625
1 0.8625 0.303125 0.015625 0.0390625
1 0.8859375 0.3234375 0.021875 0.01875
1 0.8296875 0.2484375 0.03125 0.0125
1 0.8265625 0.2375 0.0265625 0.015625
1 0.425 0.99609375 0.009375 0.0078125
1 0.29609375 0.99375 0.0484375 0.0125
1 0.2875 0.9515625 0.0390625 0.0515625
1 0.16875 0.915625 0.0421875 0.0515625
1 0.0671875 0.95703125 0.084375 0.0859375
1 0.0609375 0.825 0.025 0.0578125
1 0.14375 0.8125 0.021875 0.025
0 0.26875 0.821875 0.1421875 0.0609375
1 0.11171875 0.99296875 0.0484375 0.0140625
1 0.275 0.853125 0.0234375 0.03125
1 0.271875 0.99375 0.03125 0.0125
1 0.45546875 0.98046875 0.0078125 0.0390625
1 0.3984375 0.965625 0.015625 0.0234375
1 0.38125 0.95 0.0390625 0.065625
1 0.42578125 0.8984375 0.0671875 0.1
1 0.44609375 0.9328125 0.0265625 0.03125
1 0.415625 0.815625 0.084375 0.046875
1 0.540625 0.7484375 0.03125 0.0046875
1 0.5046875 0.7671875 0.0265625 0.021875
1 0.5921875 0.828125 0.040625 0.0546875
1 0.5171875 0.8546875 0.034375 0.0453125
1 0.6734375 0.7484375 0.015625 0.00625
1 0.7109375 0.7734375 0.0375 0.05625
1 0.7578125 0.7953125 0.0125 0.0171875
1 0.7109375 0.8703125 0.03125 0.034375
1 0.75625 0.9125 0.0359375 0.0359375
1 0.7265625 0.9640625 0.0234375 0.046875
1 0.77734375 0.9828125 0.0390625 0.034375
1 0.8421875 0.953125 0.046875 0.0421875
0 0.89375 0.79375 0.140625 0.0953125
1 0.925 0.8046875 0.0078125 0.0125
0 0.8703125 0.8453125 0.0390625 0.0453125
1 0.871875 0.9859375 0.021875 0.028125
1 0.9765625 0.871875 0.046875 0.078125