1 0.390625 0.45 0.0265625 0.025
1 0.284375 0.4203125 0.046875 0.0421875
1 0.2671875 0.4625 0.0265625 0.0265625
1 0.41875 0.3140625 0.0515625 0.053125
1 0.3078125 0.3296875 0.0265625 0.01875
1 0.2875 0.3546875 0.025 0.025
1 0.17109375 0.5265625 0.0265625 0.00625
1 0.146875 0.490625 0.0328125 0.028125
1 0.1859375 0.403125 0.0359375 0.0390625
1 0.3484375 0.2875 0.021875 0.015625
1 0.3140625 0.2375 0.0328125 0.0234375
1 0.36875 0.2171875 0.028125 0.028125
1 0.2734375 0.2640625 0.03125 0.0296875
1 0.234375 0.171875 0.071875 0.0484375
1 0.3546875 0.184375 0.0296875 0.0234375
1 0.16875 0.3296875 0.021875 0.021875
1 0.1203125 0.334375 0.0453125 0.0359375
0 0.084375 0.2484375 0.121875 0.1125
0 0.0671875 0.3859375 0.084375 0.1125
1 0.0546875 0.3109375 0.025 0.034375
1 0.0046875 0.396875 0.009375 0.053125
1 0.0578125 0.175 0.03125 0.021875
1 0.1078125 0.15625 0.0421875 0.034375
1 0.028125 0.1515625 0.0265625 0.0234375
1 0.028125 0.3546875 0.0484375 0.028125
1 0.096875 0.434375 0.034375 0.021875
1 0.0890625 0.471875 0.0328125 0.04375
1 0.05 0.4875 0.0578125 0.084375
1 0.15625 0.38125 0.015625 0.0234375
1 0.21953125 0.521875 0.0171875 0.015625
1 0.9421875 0.0828125 0.05625 0.0328125
1 0.8875 0.125 0.0453125 0.0578125
1 0.7984375 0.0921875 0.09375 0.05
1 0.81875 0.175 0.05 0.0796875
1 0.80625 0.2984375 0.0625 0.0375
1 0.75625 0.203125 0.0546875 0.03125
1 0.7359375 0.234375 0.0359375 0.0578125
1 0.7015625 0.2515625 0.0625 0.053125
1 0.946875 0.5015625 0.0390625 0.0328125
1 0.8625 0.478125 0.10625 0.0828125
1 0.846875 0.4640625 0.0546875 0.0640625
1 0.81171875 0.5171875 0.0859375 0.025
1 0.7578125 0.325 0.0328125 0.0390625
1 0.8015625 0.3578125 0.0328125 0.0296875
1 0.746875 0.384375 0.0359375 0.0421875
1 0.6390625 0.5140625 0.075 0.03125
0 0.59140625 0.5203125 0.0796875 0.01875
0 0.628125 0.3984375 0.1109375 0.115625
1 0.5828125 0.48125 0.034375 0.040625
1 0.5546875 0.4953125 0.0609375 0.034375
1 0.540625 0.51171875 0.0375 0.0359375
1 0.484375 0.4671875 0.0328125 0.0609375
1 0.45703125 0.46875 0.0140625 0.04375
1 0.46328125 0.42265625 0.0265625 0.0140625
1 0.56875 0.275 0.1109375 0.0796875
0 0.6109375 0.1796875 0.1234375 0.225
1 0.6890625 0.1390625 0.0328125 0.0390625
1 0.6828125 0.0671875 0.0375 0.0484375
1 0.478125 0.1265625 0.05625 0.071875
1 0.5109375 0.3328125 0.065625 0.103125
1 0.4703125 0.18515625 0.040625 0.1328125
0 0.078125 0.5515625 0.053125 0.0203125
1 0.0421875 0.59375 0.0109375 0.0109375
1 0.3359375 0.7 0.0109375 0.009375
1 0.053125 0.984375 0.0078125 0.0109375
1 0.359375 0.996875 0.0125 0.00625
1 0.44609375 0.73671875 0.0078125 0.0203125
1 0.384375 0.690625 0.0171875 0.009375
1 0.4375 0.66875 0.009375 0.015625
1 0.278125 0.671875 0.0203125 0.015625
1 0.2875 0.646875 0.015625 0.03125
1 0.25 0.715625 0.021875 0.0234375
1 0.2875 0.8109375 0.0234375 0.015625
1 0.1546875 0.9484375 0.0171875 0.0140625
1 0.1875 0.95 0.015625 0.0234375
0 0.059375 0.88984375 0.11875 0.1140625
0 0.0671875 0.7734375 0.128125 0.0984375
0 0.05703125 0.66953125 0.1140625 0.1421875
1 0.1453125 0.6890625 0.0234375 0.0203125
1 0.125 0.7015625 0.0125 0.015625
1 0.1890625 0.7125 0.021875 0.0328125
0 0.95859375 0.6203125 0.0828125 0.0875
1 0.965625 0.671875 0.0171875 0.0171875
1 0.6828125 0.73125 0.0171875 0.0171875
1 0.6234375 0.71875 0.034375 0.0390625
1 0.771875 0.7296875 0.0078125 0.015625
1 0.59375 0.7640625 0.028125 0.0359375
0 0.496875 0.82734375 0.09375 0.1453125
0 0.971875 0.97734375 0.05625 0.0453125
0 0.97421875 0.90390625 0.0515625 0.1359375
1 0.96171875 0.73984375 0.0765625 0.0515625
0 0.959375 0.803125 0.08125 0.10625
1 0.8640625 0.6890625 0.034375 0.0375
1 0.7109375 0.6625 0.025 0.034375
1 0.7359375 0.66875 0.0296875 0.0234375
1 0.625 0.6921875 0.015625 0.028125
1 0.7125 0.8578125 0.0296875 0.0171875
1 0.6046875 0.8515625 0.015625 0.03125
0 0.51328125 0.6140625 0.1265625 0.075
0 0.478125 0.69921875 0.05625 0.1203125
1 0.6140625 0.915625 0.015625 0.0265625
1 0.5890625 0.9546875 0.021875 0.0203125