1 0.565625 0.1546875 0.0328125 0.046875
1 0.5484375 0.2421875 0.0265625 0.021875
1 0.453125 0.3015625 0.0390625 0.0375
0 0.2375 0.246875 0.328125 0.1546875
0 0.25625 0.13125 0.25625 0.2625
1 0.2921875 0.10625 0.03125 0.034375
1 0.33125 0.0828125 0.01875 0.01875
1 0.3765625 0.05 0.0328125 0.021875
1 0.1671875 0.0609375 0.0265625 0.0234375
1 0.484375 0.0796875 0.03125 0.028125
1 0.23125 0.3109375 0.046875 0.025
1 0.90625 0.00546875 0.034375 0.0109375
1 0.74375 0.1109375 0.025 0.01875
1 0.7546875 0.1484375 0.021875 0.028125
1 0.928125 0.1359375 0.0625 0.0796875
1 0.7703125 0.2109375 0.0296875 0.03125
1 0.734375 0.2078125 0.034375 0.0375
0 0.67890625 0.228125 0.1390625 0.090625
0 0.75234375 0.05 0.2859375 0.1
1 0.38125 0.4578125 0.0046875 0.0109375
1 0.58125 0.478125 0.025 0.028125
1 0.2328125 0.528125 0.0484375 0.025
1 0.01015625 0.6125 0.0203125 0.0375
1 0.5703125 0.7609375 0.028125 0.03125
1 0.3234375 0.6671875 0.021875 0.0265625
0 0.2984375 0.740625 0.3703125 0.215625
0 0.33125 0.603125 0.1921875 0.290625
1 0.5875 0.6265625 0.0265625 0.03125
1 0.5890625 0.6453125 0.0171875 0.015625
1 0.584375 0.6609375 0.015625 0.0125
1 0.4140625 0.584375 0.046875 0.025
1 0.425 0.546875 0.0171875 0.015625
1 0.4203125 0.5265625 0.0140625 0.015625
1 0.4625 0.48125 0.021875 0.01875
1 0.4640625 0.4671875 0.01875 0.0140625
0 0.29921875 0.47890625 0.3921875 0.0796875
1 0.0828125 0.5484375 0.0765625 0.0765625
1 0.3015625 0.5734375 0.01875 0.0203125
1 0.6328125 0.70625 0.0171875 0.009375
1 0.7765625 0.8375 0.00625 0.0078125
1 0.6453125 0.8671875 0.00625 0.00625
1 0.6921875 0.59375 0.0125 0.00625
1 0.9609375 0.6 0.01875 0.0078125