0 0.165625 0.1484375 0.05 0.0625
1 0.2515625 0.3453125 0.015625 0.015625
1 0.3421875 0.3734375 0.0296875 0.0234375
1 0.20078125 0.43984375 0.0234375 0.0203125
0 0.65234375 0.3859375 0.0953125 0.128125
0 0.63046875 0.3078125 0.1390625 0.1125
1 0.6453125 0.2515625 0.05625 0.0296875
1 0.6109375 0.1890625 0.0609375 0.0390625
1 0.6296875 0.1625 0.1015625 0.084375
1 0.6640625 0.07734375 0.071875 0.0796875
1 0.0078125 0.26328125 0.015625 0.0265625
1 0.3484375 0.3359375 0.025 0.03125
1 0.315625 0.35 0.0234375 0.028125
1 0.3875 0.29375 0.03125 0.021875
1 0.3015625 0.284375 0.028125 0.0171875
1 0.3546875 0.2171875 0.0171875 0.0234375
1 0.3484375 0.1953125 0.01875 0.015625
1 0.35859375 0.446875 0.0265625 0.00625
1 0.3546875 0.4359375 0.01875 0.0171875
1 0.3078125 0.3875 0.01875 0.0171875
1 0.4640625 0.3859375 0.01875 0.015625
1 0.44375 0.390625 0.0171875 0.0171875
0 0.13125 0.3828125 0.1328125 0.0640625
0 0.1671875 0.3046875 0.146875 0.1421875
1 0.1453125 0.0921875 0.0421875 0.0453125
1 0.7171875 0.0140625 0.0171875 0.01875
1 0.8265625 0.1203125 0.046875 0.0671875
1 0.7765625 0.365625 0.0109375 0.0078125
1 0.85 0.43125 0.0546875 0.0375
1 0.99375 0.3734375 0.0125 0.028125
0 0.728125 0.10859375 0.05625 0.0734375
1 0.70546875 0.1390625 0.0109375 0.059375
0 0.71328125 0.19765625 0.0265625 0.1140625
1 0.53125 0.45546875 0.03125 0.0109375
1 0.00390625 0.48125 0.0078125 0.015625
1 0.2078125 0.496875 0.03125 0.0234375
1 0.1125 0.521875 0.0328125 0.0234375
1 0.2109375 0.5296875 0.0203125 0.025
1 0.284375 0.5296875 0.0484375 0.0578125
1 0.525 0.5640625 0.0453125 0.0328125
1 0.5265625 0.634375 0.0234375 0.0171875
1 0.5546875 0.6625 0.009375 0.0328125
1 0.4078125 0.6484375 0.04375 0.0359375
1 0.203125 0.6546875 0.0375 0.034375
1 0.49375 0.671875 0.0234375 0.015625
1 0.040625 0.7125 0.0359375 0.021875
1 0.396875 0.7078125 0.0140625 0.028125
1 0.1328125 0.7296875 0.0203125 0.0125
1 0.3765625 0.7484375 0.046875 0.0578125
1 0.05625 0.7875 0.0234375 0.028125
1 0.515625 0.803125 0.0421875 0.04375
1 0.1359375 0.8328125 0.0125 0.021875
1 0.10625 0.85 0.0078125 0.0078125
1 0.4265625 0.859375 0.0390625 0.053125
1 0.23125 0.8640625 0.025 0.03125
1 0.0015625 0.87578125 0.003125 0.0109375
1 0.65 0.890625 0.03125 0.025
1 0.48125 0.9046875 0.0125 0.0078125
1 0.4078125 0.909375 0.03125 0.01875
1 0.321875 0.91875 0.025 0.0171875
1 0.45 0.9171875 0.0234375 0.021875
1 0.684375 0.8640625 0.0265625 0.040625
1 0.628125 0.8515625 0.0203125 0.01875
1 0.6921875 0.8 0.0140625 0.0125
1 0.640625 0.7640625 0.0265625 0.025
1 0.6671875 0.728125 0.0234375 0.0265625
1 0.63125 0.6921875 0.0203125 0.0140625
1 0.578125 0.89375 0.0109375 0.01875
1 0.5109375 0.7046875 0.0203125 0.0171875
1 0.365625 0.8859375 0.03125 0.0125
1 0.3375 0.83125 0.009375 0.0109375
1 0.39375 0.8515625 0.0203125 0.0203125
1 0.43125 0.803125 0.0234375 0.0203125
1 0.4703125 0.8140625 0.040625 0.0328125
1 0.3921875 0.784375 0.025 0.03125
1 0.253125 0.671875 0.0328125 0.025
1 0.2671875 0.65 0.040625 0.034375
1 0.4140625 0.728125 0.0109375 0.009375
1 0.6140625 0.54375 0.021875 0.0234375
1 0.4390625 0.6046875 0.025 0.0125
1 0.46875 0.625 0.0125 0.01875
0 0.365625 0.52890625 0.253125 0.1578125
1 0.303125 0.46015625 0.059375 0.0203125
1 0.3515625 0.478125 0.053125 0.0359375
1 0.4171875 0.60625 0.0234375 0.01875
1 0.4 0.5921875 0.025 0.01875
1 0.146875 0.6453125 0.04375 0.0328125
1 0.140625 0.6703125 0.021875 0.0125
1 0.1453125 0.5953125 0.053125 0.053125
1 0.11875 0.590625 0.009375 0.0140625
1 0.0921875 0.5734375 0.046875 0.03125
1 0.13046875 0.46484375 0.0578125 0.0296875
1 0.053125 0.509375 0.0046875 0.0234375
1 0.05625 0.5625 0.0078125 0.0203125
1 0.03125 0.5546875 0.015625 0.034375
1 0.0421875 0.5296875 0.0375 0.028125
1 0.021875 0.7828125 0.01875 0.0203125
1 0.0375 0.6265625 0.0125 0.0296875
1 0.05625 0.6109375 0.025 0.025
1 0.978125 0.834375 0.0375 0.046875
1 0.921875 0.7328125 0.01875 0.0234375
1 0.9234375 0.671875 0.0140625 0.01875
1 0.9625 0.55625 0.0359375 0.046875
1 0.9671875 0.4890625 0.028125 0.0125
1 0.8359375 0.5578125 0.03125 0.0265625
1 0.8078125 0.546875 0.0140625 0.0046875
1 0.81875 0.5203125 0.01875 0.009375
1 0.8125 0.5 0.034375 0.0390625
1 0.775 0.8078125 0.0140625 0.021875
1 0.84375 0.7875 0.00625 0.009375
1 0.78125 0.8359375 0.0265625 0.0296875
1 0.7296875 0.85 0.015625 0.015625
1 0.71875 0.85625 0.01875 0.0109375
1 0.7046875 0.61875 0.009375 0.009375
1 0.95625 0.6078125 0.01875 0.0203125