1 0.13125 0.365625 0.0359375 0.03125
1 0.128125 0.340625 0.034375 0.025
1 0.0640625 0.3421875 0.0484375 0.021875
1 0.1171875 0.3046875 0.0484375 0.034375
1 0.01875 0.3328125 0.025 0.021875
1 0.00625 0.31875 0.0125 0.025
1 0.0125 0.11640625 0.025 0.0640625
1 0.21875 0.0203125 0.0328125 0.0375
1 0.165625 0.046875 0.0359375 0.03125
1 0.146875 0.0671875 0.059375 0.0390625
1 0.1296875 0.1015625 0.0390625 0.040625
1 0.1734375 0.16875 0.0359375 0.0296875
1 0.1375 0.1625 0.0375 0.034375
1 0.228125 0.19375 0.03125 0.0390625
1 0.3296875 0.284375 0.034375 0.040625
1 0.2796875 0.278125 0.046875 0.0453125
1 0.2828125 0.3078125 0.0203125 0.0125
1 0.3375 0.359375 0.034375 0.025
1 0.3015625 0.3375 0.03125 0.021875
1 0.403125 0.35 0.05 0.0484375
1 0.3390625 0.0359375 0.040625 0.0328125
1 0.45546875 0.0125 0.0578125 0.025
0 0.49375 0.153125 0.05 0.15
1 0.4546875 0.3609375 0.0234375 0.0328125
1 0.47109375 0.38671875 0.0265625 0.0046875
1 0.4125 0.221875 0.021875 0.0234375
1 0.39375 0.1125 0.03125 0.0234375
1 0.103125 0.271875 0.0390625 0.0375
1 0.1625 0.31875 0.0296875 0.034375
1 0.159375 0.275 0.0359375 0.03125
1 0.0703125 0.2921875 0.0234375 0.0140625
0 0.06015625 0.21484375 0.1203125 0.1859375
0 0.059375 0.0859375 0.1078125 0.1515625
1 0.346875 0.253125 0.040625 0.0421875
1 0.2296875 0.3328125 0.0203125 0.0203125
1 0.23125 0.353125 0.04375 0.034375
1 0.2609375 0.2421875 0.0375 0.021875
1 0.2890625 0.2328125 0.03125 0.040625
1 0.29375 0.1625 0.0125 0.021875
1 0.2765625 0.18125 0.0390625 0.0375
1 0.13515625 0.003125 0.0265625 0.00625
1 0.11171875 0.00546875 0.0328125 0.0109375
1 0.096875 0.009375 0.021875 0.0140625
1 0.0453125 0.325 0.01875 0.0109375
0 0.628125 0.30859375 0.21875 0.1421875
1 0.6171875 0.1140625 0.0328125 0.034375
1 0.7796875 0.11875 0.03125 0.03125
1 0.52109375 0.28359375 0.0046875 0.0234375
1 0.6296875 0.065625 0.0265625 0.0234375
1 0.7546875 0.30625 0.0234375 0.0140625
1 0.6140625 0.246875 0.0375 0.0984375
0 0.5640625 0.13828125 0.090625 0.2609375
0 0.57421875 0.025 0.1109375 0.05
0 0.09453125 0.8078125 0.1890625 0.290625
1 0.15 0.6375 0.0828125 0.065625
0 0.08359375 0.528125 0.1671875 0.203125
1 0.01171875 0.6359375 0.0234375 0.071875
1 0.45625 0.5078125 0.03125 0.028125
0 0.946875 0.7453125 0.0546875 0.1078125
0 0.9578125 0.5640625 0.08125 0.0734375
0 0.9703125 0.47734375 0.059375 0.0546875
1 0.9640625 0.6328125 0.028125 0.0265625
1 0.6125 0.615625 0.034375 0.0375
1 0.5625 0.75 0.021875 0.0203125
1 0.6078125 0.815625 0.0234375 0.0109375
1 0.5578125 0.546875 0.0234375 0.0359375
1 0.671875 0.4578125 0.028125 0.0171875
1 0.7609375 0.4265625 0.03125 0.03125
1 0.865625 0.475 0.0171875 0.0234375
1 0.7328125 0.6171875 0.021875 0.0234375
1 0.534375 0.7859375 0.015625 0.021875
1 0.5375 0.3953125 0.01875 0.0125
1 0.740625 0.4390625 0.021875 0.0234375
1 0.978125 0.65625 0.04375 0.03125
0 0.98515625 0.72421875 0.0296875 0.0765625
1 0.96171875 0.67890625 0.0765625 0.0203125
1 0.98125 0.79140625 0.0375 0.0359375