1 0.2609375 0.203125 0.0375 0.03125
1 0.24375 0.296875 0.0171875 0.0171875
1 0.353125 0.3140625 0.034375 0.0375
1 0.0140625 0.3765625 0.028125 0.03125
1 0.190625 0.4328125 0.025 0.01875
1 0.2015625 0.4625 0.021875 0.0125
1 0.375 0.44296875 0.0625 0.0515625
0 0.17109375 0.30859375 0.3421875 0.2265625
1 0.0921875 0.2296875 0.16875 0.1328125
0 0.109375 0.14609375 0.21875 0.1546875
1 0.490625 0.3109375 0.009375 0.0125
0 0.81171875 0.3671875 0.2046875 0.203125
0 0.634375 0.209375 0.0453125 0.09375
0 0.7890625 0.2296875 0.30625 0.1328125
1 0.70625 0.26875 0.0265625 0.028125
1 0.5015625 0.3484375 0.04375 0.034375
1 0.81875 0.3609375 0.0125 0.0109375
1 0.45234375 0.73671875 0.0546875 0.0703125
1 0.459375 0.575 0.025 0.03125
1 0.2859375 0.503125 0.015625 0.015625
1 0.25 0.5046875 0.015625 0.0265625
1 0.25078125 0.4765625 0.0296875 0.015625
1 0.1984375 0.4890625 0.0375 0.040625
1 0.3703125 0.6890625 0.0375 0.04375
1 0.3859375 0.63125 0.03125 0.015625
0 0.309375 0.6921875 0.046875 0.1265625
0 0.315625 0.7546875 0.1265625 0.0796875
1 0.16875 0.7640625 0.0671875 0.04375
1 0.1359375 0.7703125 0.021875 0.025
1 0.1046875 0.7765625 0.0234375 0.028125
1 0.0921875 0.69375 0.0296875 0.025
1 0.1984375 0.63125 0.0390625 0.028125
1 0.2 0.590625 0.059375 0.06875
1 0.1609375 0.5921875 0.0296875 0.025
1 0.125 0.5546875 0.0203125 0.0375
1 0.1265625 0.5 0.025 0.0265625
1 0.109375 0.5296875 0.0265625 0.028125
1 0.084375 0.5421875 0.04375 0.040625
1 0.103125 0.584375 0.028125 0.040625
1 0.0421875 0.578125 0.0453125 0.05625
1 0.0203125 0.58984375 0.040625 0.0671875
1 0.0171875 0.5359375 0.034375 0.065625
1 0.0546875 0.5359375 0.0265625 0.021875
1 0.0359375 0.55 0.0359375 0.034375
1 0.0546875 0.709375 0.0265625 0.046875
1 0.0171875 0.74296875 0.034375 0.0484375
1 0.0109375 0.7796875 0.021875 0.0265625
1 0.1203125 0.6484375 0.0265625 0.021875
1 0.1625 0.628125 0.021875 0.0203125
1 0.1859375 0.7171875 0.0265625 0.0265625
1 0.23125 0.6921875 0.0203125 0.0140625
1 0.2453125 0.7671875 0.0390625 0.034375
1 0.290625 0.7375 0.0359375 0.0328125
0 0.35546875 0.50078125 0.1265625 0.0640625
0 0.321875 0.553125 0.09375 0.0796875
0 0.9359375 0.8359375 0.128125 0.328125
0 0.9171875 0.70390625 0.165625 0.1546875
1 0.7625 0.8390625 0.046875 0.025
1 0.7125 0.803125 0.0546875 0.0390625
1 0.64375 0.784375 0.0421875 0.040625
1 0.49765625 0.8640625 0.0359375 0.025
1 0.5125 0.8421875 0.0546875 0.03125
1 0.49296875 0.81015625 0.0265625 0.0171875
1 0.71875 0.671875 0.0390625 0.03125
1 0.815625 0.7484375 0.021875 0.0265625
1 0.665625 0.696875 0.025 0.04375
1 0.521875 0.675 0.0453125 0.01875
1 0.559375 0.925 0.075 0.078125
1 0.8328125 0.9453125 0.0328125 0.0265625