1 0.025 0.503125 0.025 0.0203125
1 0.20234375 0.41953125 0.0328125 0.0890625
0 0.12265625 0.4921875 0.1578125 0.09375
0 0.16015625 0.4015625 0.1171875 0.109375
0 0.14921875 0.32109375 0.1390625 0.0765625
0 0.153125 0.2453125 0.13125 0.096875
1 0.20078125 0.1546875 0.0359375 0.09375
0 0.1484375 0.1625 0.0765625 0.140625
1 0.21484375 0.08125 0.0078125 0.05
0 0.16796875 0.08203125 0.1015625 0.0546875
1 0.11875 0.103125 0.0796875 0.05625
1 0.3015625 0.1578125 0.01875 0.0234375
1 0.240625 0.2078125 0.01875 0.025
1 0.5953125 0.2453125 0.01875 0.01875
1 0.3484375 0.2984375 0.0203125 0.01875
1 0.359375 0.3796875 0.0375 0.0265625
1 0.56875 0.446875 0.01875 0.0203125
1 0.434375 0.45625 0.021875 0.0265625
1 0.8296875 0.478125 0.0140625 0.015625
0 0.7625 0.5203125 0.140625 0.0375
1 0.83125 0.50625 0.0921875 0.0578125
1 0.7578125 0.5046875 0.015625 0.01875
0 0.7703125 0.459375 0.11875 0.065625
1 0.771875 0.3984375 0.01875 0.025
1 0.521875 0.4609375 0.03125 0.0203125
1 0.61875 0.2546875 0.0171875 0.0171875
1 0.6109375 0.15625 0.028125 0.0234375
1 0.8171875 0.340625 0.021875 0.015625
0 0.771875 0.3125 0.1390625 0.0984375
0 0.75625 0.215625 0.1515625 0.1078125
1 0.8765625 0.2046875 0.015625 0.025
1 0.8296875 0.2078125 0.0125 0.0109375
0 0.7859375 0.146875 0.178125 0.0921875
1 0.7453125 0.1578125 0.078125 0.040625
1 0.2765625 0.53515625 0.028125 0.0078125
1 0.29375 0.53203125 0.015625 0.0140625
1 0.3484375 0.5046875 0.0234375 0.0265625
1 0.36875 0.4796875 0.0265625 0.021875
1 0.3015625 0.1875 0.015625 0.01875
0 0.2390625 0.5125 0.040625 0.040625
0 0.2453125 0.4125 0.053125 0.153125
1 0.2875 0.3 0.034375 0.0390625
1 0.2375 0.31328125 0.0375 0.1359375
1 0.2171875 0.734375 0.003125 0.009375
1 0.2 0.8625 0.01875 0.015625
0 0.109375 0.7203125 0.21875 0.20625
0 0.109375 0.60078125 0.21875 0.1234375
0 0.08984375 0.840625 0.1796875 0.234375
1 0.5421875 0.746875 0.00625 0.0171875
1 0.5015625 0.78125 0.0078125 0.015625
1 0.278125 0.7984375 0.025 0.03125
1 0.4296875 0.81875 0.0078125 0.009375
1 0.353125 0.8296875 0.0109375 0.015625
1 0.953125 0.8203125 0.0375 0.0390625
1 0.7609375 0.8765625 0.0171875 0.0171875
1 0.65625 0.884375 0.0078125 0.0078125
1 0.7859375 0.8890625 0.021875 0.05
1 0.7421875 0.93125 0.0125 0.0125
1 0.4984375 0.940625 0.0171875 0.015625
1 0.5578125 0.95625 0.0546875 0.053125
1 0.74375 0.9828125 0.0109375 0.009375
1 0.99296875 0.99140625 0.0140625 0.0171875
1 0.890625 0.9421875 0.05 0.0625
1 0.9609375 0.934375 0.0328125 0.03125
1 0.9453125 0.8890625 0.01875 0.0203125
1 0.903125 0.803125 0.025 0.0265625
1 0.9 0.8359375 0.0203125 0.0265625
1 0.9390625 0.7171875 0.0390625 0.009375
1 0.934375 0.6828125 0.028125 0.028125
1 0.9625 0.6515625 0.046875 0.028125
1 0.8421875 0.846875 0.0265625 0.040625
1 0.646875 0.6328125 0.0171875 0.025
1 0.5578125 0.653125 0.0328125 0.0265625
1 0.540625 0.8953125 0.0265625 0.0234375
1 0.5296875 0.8578125 0.0234375 0.0609375
1 0.3671875 0.7109375 0.05625 0.028125
1 0.3484375 0.909375 0.034375 0.0390625
1 0.7015625 0.7703125 0.025 0.0234375
1 0.7671875 0.678125 0.0125 0.025
1 0.7328125 0.690625 0.04375 0.0359375
0 0.7484375 0.7578125 0.0671875 0.11875
1 0.7890625 0.71875 0.0484375 0.046875
0 0.7296875 0.65 0.0546875 0.059375
1 0.7484375 0.8921875 0.0359375 0.06875
1 0.6109375 0.9140625 0.0328125 0.015625
1 0.471875 0.9984375 0.015625 0.003125
1 0.64296875 0.984375 0.0421875 0.03125