1 0.453125 0.32734375 0.009375 0.0046875
1 0.40625 0.30625 0.0296875 0.0375
1 0.5484375 0.265625 0.0375 0.0484375
1 0.09375 0.246875 0.0328125 0.025
1 0.63046875 0.1875 0.0171875 0.01875
0 0.19921875 0.2546875 0.2046875 0.15
1 0.30625 0.2125 0.025 0.0390625
0 0.15546875 0.27265625 0.3109375 0.1140625
1 0.74375 0.0125 0.0234375 0.0171875
1 0.728125 0.0359375 0.00625 0.003125
1 0.8703125 0.0765625 0.0125 0.0171875
1 0.896875 0.090625 0.021875 0.021875
1 0.8875 0.0578125 0.0265625 0.0359375
1 0.875 0.096875 0.0171875 0.0140625
0 0.88046875 0.06015625 0.2046875 0.1203125
1 0.99375 0.10859375 0.0125 0.0171875
1 0.55625 0.9609375 0.009375 0.0109375
1 0.03046875 0.9546875 0.0609375 0.090625
1 0.1171875 0.8828125 0.025 0.0265625
1 0.371875 0.86875 0.009375 0.009375
0 0.246875 0.93203125 0.15 0.1359375
1 0.046875 0.853125 0.009375 0.0078125
1 0.478125 0.8453125 0.034375 0.0296875
1 0.5625 0.759375 0.0125 0.0234375
1 0.159375 0.753125 0.0640625 0.046875
1 0.246875 0.6171875 0.0140625 0.0125
1 0.253125 0.5484375 0.0109375 0.0140625
1 0.33125 0.5328125 0.0125 0.0109375
1 0.0890625 0.671875 0.00625 0.0078125
1 0.121875 0.659375 0.003125 0.0078125
1 0.25 0.621875 0.0078125 0.00625
1 0.340625 0.98984375 0.028125 0.0203125
1 0.3984375 0.9828125 0.0265625 0.0296875
1 0.353125 0.8890625 0.0078125 0.015625
1 0.3171875 0.55 0.0109375 0.0078125
1 0.3484375 0.5609375 0.0046875 0.00625
1 0.5359375 0.60625 0.034375 0.0234375
1 0.590625 0.615625 0.021875 0.0171875
0 0.2921875 0.5875 0.08125 0.1203125
0 0.26875 0.6796875 0.153125 0.240625
1 0.753125 0.54375 0.0390625 0.0296875
0 0.89375 0.5890625 0.184375 0.134375
1 0.86875 0.5984375 0.0296875 0.0265625
0 0.8109375 0.71875 0.2578125 0.1421875
1 0.803125 0.9140625 0.0328125 0.034375
1 0.64765625 0.909375 0.0171875 0.03125
1 0.9578125 0.5421875 0.0296875 0.01875
1 0.9078125 0.74375 0.021875 0.0234375
1 0.790625 0.9625 0.0265625 0.0234375
1 0.665625 0.721875 0.0234375 0.0140625
1 0.66875 0.615625 0.0375 0.021875
1 0.80625 0.78125 0.0375 0.0984375
1 0.8453125 0.55625 0.0171875 0.0234375
1 0.9640625 0.953125 0.03125 0.0234375
0 0.8921875 0.87890625 0.1625 0.2421875
0 0.88359375 0.98828125 0.1890625 0.0234375