1 0.53125 0.07265625 0.015625 0.0109375
1 0.5265625 0.1 0.01875 0.0171875
1 0.459375 0.2328125 0.0109375 0.0078125
1 0.3953125 0.5140625 0.028125 0.0171875
1 0.3859375 0.475 0.0125 0.01875
1 0.3859375 0.3203125 0.053125 0.0390625
1 0.275 0.2890625 0.0125 0.021875
1 0.278125 0.01171875 0.0625 0.0234375
1 0.2484375 0.50625 0.015625 0.025
1 0.2546875 0.5640625 0.0328125 0.0296875
1 0.2359375 0.4640625 0.04375 0.021875
1 0.21875 0.496875 0.021875 0.009375
1 0.2109375 0.44375 0.0078125 0.009375
1 0.20625 0.028125 0.0109375 0.009375
1 0.196875 0.359375 0.021875 0.0359375
1 0.159375 0.34375 0.009375 0.0171875
1 0.509375 0.28125 0.0265625 0.0671875
1 0.5265625 0.265625 0.025 0.03125
1 0.528125 0.234375 0.021875 0.0625
1 0.4828125 0.209375 0.0328125 0.01875
1 0.478125 0.453125 0.021875 0.03125
1 0.4578125 0.415625 0.078125 0.05
1 0.4828125 0.23125 0.0203125 0.0203125
1 0.4421875 0.3140625 0.015625 0.01875
1 0.3453125 0.4375 0.021875 0.028125
1 0.2203125 0.2953125 0.059375 0.0421875
1 0.190625 0.265625 0.0625 0.0796875
1 0.2140625 0.3234375 0.0234375 0.015625
1 0.228125 0.190625 0.0265625 0.025
1 0.2515625 0.178125 0.0203125 0.025
1 0.3390625 0.33125 0.0265625 0.0390625
1 0.3046875 0.334375 0.034375 0.021875
1 0.3234375 0.3171875 0.009375 0.0265625
1 0.340625 0.3484375 0.0078125 0.0109375
1 0.1671875 0.140625 0.025 0.028125
1 0.178125 0.1359375 0.0453125 0.090625
0 0.50390625 0.12578125 0.0703125 0.1421875
0 0.45 0.121875 0.0953125 0.103125
1 0.4046875 0.203125 0.0671875 0.04375
1 0.3765625 0.1828125 0.065625 0.0578125
0 0.3890625 0.10625 0.0453125 0.06875
0 0.3328125 0.1453125 0.1140625 0.13125
0 0.2515625 0.11875 0.1125 0.1046875
1 0.2984375 0.06875 0.0359375 0.034375
1 0.34375 0.02734375 0.05 0.0546875
1 0.2234375 0.0921875 0.0140625 0.01875
1 0.2453125 0.075 0.025 0.015625
1 0.21875 0.078125 0.0203125 0.009375
1 0.2234375 0.0421875 0.04375 0.0453125
1 0.1953125 0.0234375 0.021875 0.0296875
1 0.390625 0.0484375 0.01875 0.025
1 0.38046875 0.02578125 0.0328125 0.0515625
1 0.7203125 0.5625 0.021875 0.025
1 0.8109375 0.5375 0.0328125 0.015625
1 0.8625 0.484375 0.053125 0.0796875
0 0.8578125 0.4203125 0.0640625 0.0734375
0 0.74375 0.4265625 0.078125 0.1015625
1 0.7609375 0.4046875 0.0390625 0.0203125
0 0.6609375 0.396875 0.1234375 0.140625
0 0.5828125 0.425 0.0875 0.19375
1 0.746875 0.2234375 0.03125 0.0296875
1 0.6546875 0.253125 0.0671875 0.0703125
1 0.58125 0.184375 0.028125 0.0453125
1 0.5859375 0.1453125 0.0359375 0.0265625
1 0.5953125 0.1 0.028125 0.0453125
1 0.5765625 0.00625 0.015625 0.0125
1 0.846875 0.01484375 0.05625 0.0296875
1 0.365625 0.765625 0.0203125 0.0140625
1 0.228125 0.609375 0.0140625 0.009375
1 0.1171875 0.84375 0.0109375 0.009375
0 0.13125 0.7453125 0.2625 0.221875
0 0.3296875 0.75625 0.209375 0.1921875
0 0.4375 0.725 0.0390625 0.034375
1 0.784375 0.825 0.01875 0.0140625
1 0.55234375 0.80078125 0.0265625 0.0453125
0 0.596875 0.7015625 0.10625 0.0859375
0 0.65625 0.746875 0.171875 0.1109375
1 0.696875 0.796875 0.05625 0.0625
0 0.7796875 0.7859375 0.0546875 0.05625
0 0.8484375 0.7578125 0.0703125 0.11875