0 0.17109375 0.08359375 0.1109375 0.1671875
1 0.2609375 0.18125 0.03125 0.015625
1 0.265625 0.025 0.0453125 0.028125
1 0.27578125 0.1125 0.0265625 0.01875
1 0.8125 0.346875 0.01875 0.0078125
1 0.71875 0.253125 0.025 0.015625
1 0.7078125 0.0890625 0.034375 0.03125
1 0.690625 0.11875 0.046875 0.0359375
1 0.6796875 0.23125 0.05625 0.05625
1 0.646875 0.428125 0.0140625 0.015625
1 0.64375 0.0859375 0.0265625 0.025
1 0.6359375 0.34375 0.015625 0.015625
1 0.6375 0.134375 0.0484375 0.0421875
1 0.5171875 0.421875 0.025 0.0359375
1 0.5078125 0.125 0.01875 0.01875
0 0.50390625 0.0125 0.0671875 0.025
1 0.48125 0.43125 0.0265625 0.0140625
1 0.44375 0.453125 0.015625 0.0109375
1 0.4078125 0.3859375 0.0140625 0.0203125
1 0.3921875 0.290625 0.025 0.015625
1 0.3828125 0.2171875 0.0359375 0.0171875
1 0.35625 0.1171875 0.04375 0.059375
1 0.3375 0.3921875 0.015625 0.0171875
1 0.3390625 0.3828125 0.0125 0.0171875
1 0.7328125 0.3546875 0.021875 0.0421875
1 0.790625 0.35 0.0171875 0.0265625
1 0.7984375 0.396875 0.04375 0.0375
1 0.6140625 0.1859375 0.0359375 0.0296875
1 0.6359375 0.06875 0.0140625 0.0109375
1 0.678125 0.065625 0.01875 0.01875
1 0.7171875 0.071875 0.0234375 0.021875
1 0.775 0.1453125 0.01875 0.0125
1 0.503125 0.265625 0.0296875 0.0390625
1 0.4953125 0.2234375 0.0359375 0.0578125
1 0.46875 0.121875 0.0421875 0.065625
1 0.4421875 0.1234375 0.025 0.034375
1 0.5625 0.1375 0.015625 0.0125
1 0.4171875 0.2515625 0.0140625 0.0109375
1 0.359375 0.34375 0.0234375 0.0171875
1 0.796875 0.0859375 0.015625 0.015625
0 0.803125 0.02890625 0.0375 0.0578125
0 0.7484375 0.02421875 0.109375 0.0484375
0 0.57265625 0.0140625 0.1078125 0.028125
1 0.35625 0.0140625 0.0203125 0.0265625
0 0.43671875 0.015625 0.0453125 0.03125
0 0.3734375 0.015625 0.11875 0.03125
1 0.08515625 0.98203125 0.0515625 0.0359375
1 0.01484375 0.96015625 0.0296875 0.0421875
1 0.053125 0.9609375 0.034375 0.04375
0 0.06484375 0.87265625 0.1296875 0.0984375
0 0.18515625 0.88359375 0.2078125 0.1453125
1 0.175 0.8 0.04375 0.03125
1 0.27734375 0.98359375 0.0234375 0.0328125
1 0.284375 0.94296875 0.009375 0.0546875
1 0.26484375 0.609375 0.0484375 0.05
1 0.27265625 0.63984375 0.0328125 0.0296875
1 0.2515625 0.6703125 0.0375 0.0296875
1 0.01796875 0.7671875 0.0359375 0.034375
1 0.0609375 0.7578125 0.03125 0.03125
1 0.05625 0.7265625 0.0375 0.0296875
1 0.1296875 0.6390625 0.0265625 0.0515625
1 0.1328125 0.5984375 0.028125 0.03125
1 0.096875 0.6140625 0.0171875 0.025
1 0.1203125 0.565625 0.0515625 0.0359375
1 0.0125 0.60859375 0.025 0.0421875
1 0.00546875 0.56953125 0.0109375 0.0421875
1 0.0921875 0.48359375 0.03125 0.0078125
1 0.13125 0.484375 0.01875 0.009375
1 0.1921875 0.496875 0.0375 0.034375
1 0.0609375 0.575 0.096875 0.125
1 0.2125 0.55625 0.0328125 0.03125
1 0.184375 0.696875 0.0359375 0.028125
1 0.1875 0.6546875 0.034375 0.0578125
1 0.28046875 0.521875 0.0171875 0.053125
1 0.128125 0.7328125 0.03125 0.0234375
1 0.98125 0.8890625 0.015625 0.015625
1 0.821875 0.9109375 0.0125 0.0125
1 0.7171875 0.7140625 0.00625 0.0078125
1 0.653125 0.715625 0.0078125 0.009375
0 0.8734375 0.9015625 0.0796875 0.1125
1 0.8484375 0.9734375 0.0265625 0.0453125
1 0.803125 0.790625 0.0328125 0.028125
1 0.7234375 0.9640625 0.028125 0.025
1 0.775 0.9546875 0.0234375 0.0296875
1 0.771875 0.83125 0.0234375 0.03125
0 0.7734375 0.896875 0.059375 0.1046875
1 0.73125 0.94375 0.0390625 0.0296875
1 0.70546875 0.9953125 0.0484375 0.009375
1 0.56796875 0.98671875 0.0921875 0.0265625
0 0.66796875 0.91953125 0.1921875 0.1609375
0 0.546875 0.9078125 0.1 0.175
1 0.8484375 0.53125 0.0265625 0.0265625
1 0.8125 0.53125 0.05625 0.040625
1 0.7828125 0.6203125 0.0046875 0.009375
1 0.7734375 0.6015625 0.04375 0.03125
1 0.7515625 0.7359375 0.0375 0.034375
1 0.5515625 0.6625 0.028125 0.034375
1 0.5046875 0.6609375 0.009375 0.021875
1 0.646875 0.6109375 0.046875 0.0328125