0 0.03046875 0.55546875 0.0609375 0.1078125
1 0.0875 0.60546875 0.025 0.0078125
1 0.0609375 0.6 0.025 0.01875
0 0.2453125 0.58828125 0.175 0.0421875
0 0.33828125 0.5734375 0.1109375 0.071875
0 0.415625 0.553125 0.053125 0.1125
1 0.321875 0.384375 0.065625 0.065625
1 0.36875 0.4546875 0.03125 0.04375
1 0.2109375 0.4140625 0.0375 0.0328125
1 0.2421875 0.503125 0.028125 0.040625
1 0.178125 0.3875 0.0265625 0.0265625
1 0.01015625 0.40234375 0.0203125 0.0421875
1 0.0390625 0.3890625 0.0421875 0.034375
1 0.0484375 0.4203125 0.021875 0.0203125
1 0.0375 0.3453125 0.0265625 0.0328125
0 0.0265625 0.1625 0.053125 0.13125
1 0.0640625 0.1390625 0.0265625 0.03125
1 0.0359375 0.140625 0.015625 0.0265625
1 0.15 0.0265625 0.0359375 0.034375
1 0.153125 0.075 0.03125 0.0296875
1 0.140625 0.134375 0.0203125 0.025
0 0.2265625 0.0625 0.11875 0.125
1 0.2984375 0.00625 0.053125 0.0125
0 0.34453125 0.0578125 0.1953125 0.115625
1 0.396875 0.1734375 0.0265625 0.0359375
1 0.265625 0.190625 0.034375 0.025
1 0.246875 0.246875 0.025 0.0265625
1 0.725 0.565625 0.03125 0.0609375
1 0.7625 0.575 0.0296875 0.0234375
1 0.7890625 0.578125 0.021875 0.028125
1 0.7703125 0.5453125 0.0171875 0.0234375
1 0.846875 0.5453125 0.05625 0.0703125
1 0.9890625 0.584375 0.0203125 0.0296875
1 0.9421875 0.4875 0.0390625 0.046875
1 0.896875 0.41875 0.0265625 0.0328125
1 0.99140625 0.42734375 0.0171875 0.0515625
1 0.83125 0.4390625 0.0265625 0.021875
1 0.825 0.503125 0.0171875 0.0140625
1 0.71875 0.4625 0.0171875 0.0484375
1 0.7484375 0.4140625 0.078125 0.0796875
1 0.7875 0.375 0.0328125 0.0328125
1 0.7765625 0.2875 0.0296875 0.028125
1 0.75 0.2515625 0.0203125 0.021875
0 0.896875 0.1984375 0.0875 0.0890625
1 0.940625 0.29375 0.025 0.0234375
1 0.9828125 0.29921875 0.034375 0.0453125
1 0.9703125 0.1984375 0.059375 0.075
1 0.9515625 0.1125 0.0359375 0.0265625
1 0.9234375 0.096875 0.028125 0.0265625
0 0.94375 0.04140625 0.1125 0.0828125
0 0.78125 0.05703125 0.140625 0.1140625
1 0.75625 0.1625 0.03125 0.028125
1 0.725 0.15625 0.0265625 0.0234375
1 0.8984375 0.5375 0.0140625 0.0234375
1 0.38671875 0.98359375 0.0296875 0.0328125
1 0.3609375 0.9796875 0.0140625 0.0171875
1 0.2875 0.965625 0.0421875 0.0484375
1 0.40625 0.85625 0.04375 0.0640625
1 0.353125 0.8484375 0.040625 0.0265625
1 0.3015625 0.859375 0.046875 0.046875
1 0.23125 0.775 0.0484375 0.0328125
1 0.29375 0.8015625 0.01875 0.0359375
1 0.35 0.7640625 0.1015625 0.0703125
1 0.4421875 0.7578125 0.0625 0.0390625
1 0.45 0.8015625 0.03125 0.0359375
1 0.4265625 0.725 0.03125 0.028125
1 0.3796875 0.721875 0.03125 0.021875
1 0.465625 0.6453125 0.025 0.0234375
1 0.2203125 0.61796875 0.05 0.0171875
1 0.2203125 0.6765625 0.103125 0.0859375
1 0.3234375 0.696875 0.1484375 0.109375
0 0.3375 0.9328125 0.0984375 0.1078125
0 0.434375 0.9421875 0.08125 0.1125
1 0.47421875 0.9578125 0.0109375 0.034375
1 0.178125 0.9828125 0.0203125 0.028125
1 0.184375 0.7796875 0.0265625 0.0234375
1 0.2578125 0.8671875 0.0203125 0.034375
1 0.4625 0.6921875 0.03125 0.01875
0 0.2390625 0.94296875 0.1 0.1140625
0 0.190625 0.925 0.103125 0.0859375
1 0.73125 0.89375 0.03125 0.0296875
1 0.590625 0.6328125 0.0265625 0.0234375
0 0.61875 0.7953125 0.15 0.1859375
0 0.7234375 0.81875 0.2921875 0.290625
0 0.91015625 0.8046875 0.1796875 0.275
0 0.965625 0.796875 0.06875 0.209375