1 0.2765625 0.3390625 0.021875 0.0203125
1 0.2984375 0.37734375 0.015625 0.0046875
1 0.30390625 0.3578125 0.0109375 0.03125
1 0.2671875 0.1484375 0.021875 0.03125
1 0.20625 0.1578125 0.0171875 0.028125
1 0.240625 0.2109375 0.015625 0.0171875
1 0.21875 0.1921875 0.015625 0.0171875
1 0.290625 0.284375 0.0203125 0.04375
1 0.2640625 0.246875 0.025 0.0125
1 0.1578125 0.2046875 0.0203125 0.0296875
1 0.1265625 0.0265625 0.0203125 0.034375
1 0.1296875 0.3453125 0.0203125 0.03125
1 0.6375 0.0359375 0.0140625 0.015625
1 0.7390625 0.296875 0.0046875 0.0125
1 0.4671875 0.04375 0.0203125 0.0203125
1 0.4828125 0.0265625 0.021875 0.021875
1 0.484375 0.00234375 0.015625 0.0046875
1 0.46015625 0.00546875 0.0203125 0.0109375
1 0.4203125 0.034375 0.0265625 0.0296875
1 0.41484375 0.00390625 0.0203125 0.0078125
1 0.73203125 0.00859375 0.0234375 0.0171875
1 0.7 0.00625 0.028125 0.0125
1 0.6 0.00625 0.03125 0.0125
1 0.5625 0.04375 0.015625 0.0125
1 0.5328125 0.0140625 0.0171875 0.0171875
1 0.5484375 0.0875 0.0125 0.01875
1 0.5765625 0.0921875 0.0203125 0.0234375
1 0.6828125 0.1046875 0.01875 0.015625
1 0.771875 0.11875 0.015625 0.0109375
1 0.6328125 0.121875 0.015625 0.0078125
1 0.4796875 0.1515625 0.01875 0.01875
1 0.4671875 0.140625 0.0234375 0.0125
1 0.434375 0.34375 0.021875 0.0359375
1 0.53125 0.321875 0.0171875 0.0203125
1 0.565625 0.365625 0.01875 0.0234375
1 0.7546875 0.3390625 0.028125 0.03125
1 0.753125 0.2921875 0.021875 0.0203125
1 0.6890625 0.37421875 0.03125 0.0109375
1 0.665625 0.375 0.03125 0.009375
1 0.44921875 0.37265625 0.0359375 0.0140625
1 0.38046875 0.36796875 0.0359375 0.0234375
1 0.446875 0.225 0.0234375 0.0296875
0 0.384375 0.2015625 0.1203125 0.1625
0 0.4796875 0.2265625 0.128125 0.140625
1 0.5328125 0.2140625 0.0203125 0.0171875
0 0.590625 0.2109375 0.096875 0.1265625
1 0.765625 0.2734375 0.028125 0.028125
1 0.7 0.275 0.0328125 0.0265625
1 0.696875 0.215625 0.025 0.0203125
0 0.7296875 0.2359375 0.096875 0.0984375
0 0.803125 0.2078125 0.090625 0.1359375
0 0.65625 0.2171875 0.0875 0.11875
1 0.15625 0.5390625 0.0375 0.028125
1 0.184375 0.5828125 0.0296875 0.0296875
1 0.2640625 0.5609375 0.0375 0.0453125
1 0.0109375 0.5640625 0.021875 0.009375
0 0.17578125 0.68671875 0.2671875 0.2484375
0 0.0609375 0.68515625 0.121875 0.2859375
1 0.125 0.921875 0.021875 0.03125
1 0.4671875 0.51875 0.0546875 0.0484375
1 0.4140625 0.4828125 0.0375 0.03125
0 0.4296875 0.71875 0.1046875 0.5078125
1 0.665625 0.621875 0.01875 0.0296875
0 0.728125 0.7734375 0.2890625 0.2171875
0 0.8671875 0.728125 0.06875 0.140625
1 0.840625 0.9 0.0390625 0.0421875
1 0.75625 0.9375 0.040625 0.0640625
1 0.6890625 0.875 0.04375 0.0625
1 0.5125 0.9390625 0.0328125 0.0328125
1 0.5234375 0.65625 0.03125 0.0265625