1 0.5375 0.3359375 0.01875 0.015625
1 0.4109375 0.01953125 0.06875 0.0390625
1 0.328125 0.0375 0.0265625 0.0265625
1 0.8265625 0.3359375 0.021875 0.034375
1 0.7890625 0.109375 0.046875 0.0703125
0 0.8078125 0.0671875 0.0859375 0.05
0 0.95234375 0.10625 0.0953125 0.2125
0 0.5734375 0.809375 0.0453125 0.078125
1 0.5359375 0.575 0.028125 0.0234375
1 0.528125 0.6375 0.0375 0.034375
1 0.48125 0.8296875 0.1109375 0.1625
1 0.434375 0.49375 0.04375 0.028125
1 0.3734375 0.48125 0.0296875 0.0359375
1 0.2265625 0.496875 0.0390625 0.0171875
1 0.2046875 0.7703125 0.0375 0.021875
1 0.203125 0.659375 0.0375 0.028125
1 0.125 0.55625 0.01875 0.0265625
1 0.0890625 0.4421875 0.040625 0.025
0 0.134375 0.7671875 0.13125 0.1109375
1 0.26875 0.5 0.0234375 0.025
0 0.2640625 0.803125 0.1546875 0.1421875
1 0.3359375 0.871875 0.053125 0.1390625
0 0.384375 0.784375 0.046875 0.084375
1 0.459375 0.44140625 0.04375 0.0234375
1 0.2453125 0.5484375 0.0234375 0.0421875
1 0.8625 0.98828125 0.01875 0.0234375
1 0.9296875 0.946875 0.025 0.03125
1 0.9 0.9296875 0.0265625 0.034375
1 0.8734375 0.9140625 0.0296875 0.0390625
1 0.8125 0.86875 0.034375 0.0328125
1 0.8390625 0.8515625 0.0234375 0.034375
1 0.978125 0.709375 0.015625 0.01875
1 0.959375 0.66875 0.025 0.025
0 0.92265625 0.58671875 0.1546875 0.3140625
0 0.80625 0.521875 0.03125 0.0296875
0 0.79375 0.5875 0.009375 0.0625
1 0.915625 0.465625 0.0171875 0.0203125
1 0.90625 0.525 0.0359375 0.0234375