0 0.4453125 0.3390625 0.06875 0.1
0 0.1453125 0.378125 0.190625 0.021875
0 0.075 0.359375 0.0546875 0.025
1 0.3734375 0.09375 0.15 0.146875
1 0.6578125 0.346875 0.025 0.01875
1 0.76875 0.296875 0.015625 0.0140625
1 0.7984375 0.2703125 0.0234375 0.0140625
1 0.828125 0.278125 0.0078125 0.0109375
1 0.8421875 0.359375 0.0359375 0.028125
1 0.853125 0.2984375 0.034375 0.034375
1 0.9125 0.01875 0.0140625 0.0109375
1 0.89296875 0.35859375 0.0609375 0.0609375
1 0.9375 0.3515625 0.0265625 0.015625
1 0.9453125 0.00625 0.015625 0.0125
0 0.9359375 0.1859375 0.0671875 0.15
1 0.971875 0.040625 0.021875 0.021875
1 0.9671875 0.2640625 0.0203125 0.0125
1 0.9828125 0.0265625 0.0234375 0.01875
1 0.984375 0.0140625 0.009375 0.028125
1 0.99296875 0.16328125 0.0140625 0.0171875
1 0.99765625 0.1953125 0.0046875 0.01875
0 0.7078125 0.1875 0.1890625 0.109375
0 0.790625 0.1859375 0.1078125 0.1515625
0 0.840625 0.1890625 0.0921875 0.046875
1 0.4921875 0.490625 0.0328125 0.0265625
1 0.4265625 0.4671875 0.0203125 0.01875
1 0.4265625 0.4265625 0.01875 0.0296875
1 0.384375 0.4375 0.0140625 0.01875
1 0.3640625 0.509375 0.01875 0.01875
1 0.3703125 0.5359375 0.0125 0.0125
1 0.378125 0.571875 0.01875 0.0125
1 0.39375 0.5734375 0.0109375 0.0171875
1 0.428125 0.565625 0.0109375 0.0171875
1 0.346875 0.490625 0.0171875 0.0125
1 0.3734375 0.48125 0.0265625 0.0203125
1 0.346875 0.44375 0.009375 0.0203125
0 0.4703125 0.5828125 0.11875 0.128125
1 0.5015625 0.6140625 0.0234375 0.034375
1 0.390625 0.6328125 0.015625 0.0203125
1 0.4203125 0.6921875 0.03125 0.053125
0 0.3390625 0.5765625 0.0328125 0.0390625
1 0.3546875 0.6453125 0.040625 0.0515625
1 0.334375 0.5234375 0.0125 0.0171875
1 0.259375 0.465625 0.021875 0.0296875
0 0.21875 0.5671875 0.1671875 0.20625
1 0.2796875 0.60625 0.0375 0.05
1 0.1859375 0.453125 0.01875 0.0296875
1 0.1359375 0.60625 0.0234375 0.0296875
1 0.1125 0.60625 0.0140625 0.0390625
1 0.1359375 0.403125 0.06875 0.028125
1 0.08515625 0.39453125 0.0390625 0.0109375
1 0.06015625 0.4046875 0.0140625 0.03125
0 0.0828125 0.5875 0.05625 0.1234375
1 0.0953125 0.440625 0.009375 0.0171875
1 0.2375 0.7125 0.0171875 0.015625
1 0.2078125 0.7875 0.0234375 0.04375
1 0.1875 0.78125 0.0171875 0.0125
1 0.1796875 0.796875 0.0203125 0.0171875
1 0.1796875 0.8203125 0.0265625 0.0203125
1 0.1765625 0.8390625 0.0171875 0.0125
1 0.1890625 0.8453125 0.015625 0.021875
1 0.2046875 0.8203125 0.034375 0.0234375
1 0.1734375 0.884375 0.0265625 0.0125
1 0.084375 0.709375 0.015625 0.028125
0 0.1015625 0.7765625 0.0921875 0.1109375
0 0.0609375 0.7734375 0.015625 0.01875
1 0.0984375 0.8265625 0.0171875 0.0171875
1 0.1015625 0.796875 0.015625 0.0109375
1 0.125 0.790625 0.0203125 0.0140625
1 0.14375 0.7296875 0.0203125 0.0265625
1 0.1109375 0.8890625 0.0203125 0.01875
1 0.140625 0.8828125 0.01875 0.021875
1 0.1484375 0.909375 0.015625 0.015625
1 0.240625 0.7859375 0.0140625 0.0140625
1 0.221875 0.871875 0.040625 0.0234375
1 0.2359375 0.8609375 0.01875 0.0203125
1 0.2484375 0.8265625 0.015625 0.009375
1 0.284375 0.7609375 0.03125 0.0171875
1 0.29375 0.775 0.009375 0.0078125
1 0.3234375 0.765625 0.021875 0.0140625
1 0.2734375 0.80625 0.0875 0.0515625
1 0.3015625 0.8453125 0.0703125 0.046875
1 0.340625 0.8140625 0.025 0.025
1 0.3453125 0.8359375 0.009375 0.0125
1 0.2765625 0.9046875 0.0234375 0.0171875
1 0.29375 0.9078125 0.009375 0.0109375
1 0.3734375 0.73125 0.0296875 0.04375
1 0.3921875 0.728125 0.00625 0.0203125
1 0.428125 0.7375 0.0140625 0.01875
1 0.5125 0.7625 0.015625 0.0296875
1 0.4953125 0.771875 0.015625 0.01875
1 0.52734375 0.79140625 0.0046875 0.0234375
1 0.51015625 0.8828125 0.0390625 0.04375
1 0.4296875 0.8421875 0.0171875 0.0203125
1 0.3671875 0.8609375 0.01875 0.0296875
1 0.3390625 0.90625 0.0359375 0.0171875
1 0.4015625 0.8921875 0.0453125 0.015625
1 0.396875 0.9140625 0.0296875 0.015625
1 0.3703125 0.9140625 0.0203125 0.0265625
1 0.3140625 0.921875 0.021875 0.0171875
1 0.2078125 0.9578125 0.025 0.0140625
1 0.165625 0.96875 0.0171875 0.015625
1 0.109375 0.934375 0.025 0.021875
1 0.0640625 0.940625 0.0203125 0.025
1 0.0734375 0.90625 0.0171875 0.0234375
1 0.0625 0.9671875 0.0125 0.01875
1 0.06875 0.99296875 0.025 0.0140625
1 0.5703125 0.5875 0.0265625 0.028125
1 0.5875 0.8890625 0.015625 0.0125
1 0.7078125 0.584375 0.01875 0.0234375
1 0.7140625 0.7828125 0.01875 0.0125
1 0.7515625 0.6765625 0.0328125 0.028125
1 0.759375 0.9203125 0.03125 0.0484375
1 0.803125 0.91875 0.015625 0.015625
1 0.85625 0.6703125 0.0328125 0.025
1 0.8640625 0.715625 0.0234375 0.0265625
1 0.8859375 0.9140625 0.0125 0.01875
1 0.8484375 0.4546875 0.0953125 0.0921875
1 0.921875 0.825 0.0171875 0.021875
1 0.990625 0.9265625 0.01875 0.015625
1 0.98671875 0.8796875 0.0265625 0.009375
0 0.94609375 0.45390625 0.1078125 0.1296875
1 0.99453125 0.90625 0.0109375 0.021875
1 0.86875 0.4953125 0.0234375 0.0359375
1 0.9015625 0.5984375 0.0234375 0.0265625
1 0.903125 0.6265625 0.03125 0.025
0 0.6078125 0.47109375 0.109375 0.1640625
0 0.72890625 0.4578125 0.1640625 0.1375
1 0.6046875 0.7984375 0.021875 0.034375
1 0.6171875 0.8234375 0.0203125 0.034375
1 0.8125 0.815625 0.0390625 0.0375
1 0.8828125 0.775 0.0359375 0.040625
1 0.8796875 0.8140625 0.021875 0.0375
1 0.8609375 0.8125 0.03125 0.04375
0 0.58984375 0.94921875 0.0765625 0.1015625
0 0.640625 0.9515625 0.140625 0.096875
0 0.7421875 0.9625 0.103125 0.075
1 0.8046875 0.97734375 0.10625 0.0453125
0 0.8859375 0.971875 0.13125 0.05625
0 0.9578125 0.95703125 0.075 0.0859375