1 0.44375 0.0640625 0.0046875 0.03125
1 0.425 0.028125 0.021875 0.0265625
1 0.3640625 0.115625 0.0546875 0.040625
1 0.3375 0.040625 0.0453125 0.034375
1 0.171875 0.0796875 0.015625 0.015625
1 0.0953125 0.146875 0.025 0.0390625
1 0.065625 0.134375 0.0296875 0.025
1 0.44375 0.196875 0.00625 0.015625
1 0.41875 0.234375 0.05625 0.0375
1 0.396875 0.28125 0.0171875 0.0125
1 0.321875 0.234375 0.034375 0.03125
1 0.2796875 0.2796875 0.0359375 0.0359375
1 0.228125 0.25 0.046875 0.0234375
1 0.1953125 0.3015625 0.0625 0.0390625
1 0.2390625 0.365625 0.0421875 0.046875
1 0.146875 0.2765625 0.01875 0.0171875
1 0.0609375 0.21875 0.0328125 0.0234375
1 0.078125 0.209375 0.0171875 0.01875
0 0.3984375 0.4171875 0.0953125 0.140625
1 0.3875 0.4484375 0.0125 0.0078125
0 0.346875 0.39375 0.0453125 0.0390625
1 0.20625 0.3953125 0.028125 0.021875
0 0.1546875 0.41875 0.096875 0.103125
1 0.109375 0.3734375 0.028125 0.021875
0 0.090625 0.4046875 0.0796875 0.1
0 0.0140625 0.4109375 0.028125 0.103125
1 0.3203125 0.5171875 0.078125 0.0796875
1 0.1453125 0.5390625 0.03125 0.03125
1 0.015625 0.5453125 0.03125 0.01875
1 0.03046875 0.5625 0.0546875 0.0125
1 0.5953125 0.36875 0.0203125 0.028125
1 0.7296875 0.3671875 0.009375 0.009375
0 0.73125 0.209375 0.115625 0.2109375
0 0.63203125 0.165625 0.1046875 0.33125
1 0.0078125 0.7921875 0.0140625 0.0234375
1 0.03125 0.71875 0.025 0.0171875
1 0.209375 0.9796875 0.01875 0.0203125
1 0.25625 0.6734375 0.021875 0.0296875
1 0.321875 0.971875 0.021875 0.021875
1 0.34375 0.725 0.01875 0.0125
1 0.425 0.853125 0.0125 0.034375
1 0.35078125 0.575 0.0265625 0.0125
1 0.0390625 0.99296875 0.05 0.0140625
1 0.1359375 0.9546875 0.0140625 0.0109375
1 0.10625 0.6546875 0.0265625 0.028125
1 0.14375 0.721875 0.015625 0.0140625
1 0.134375 0.6890625 0.0171875 0.021875
1 0.1515625 0.6890625 0.021875 0.01875
1 0.1671875 0.6859375 0.015625 0.0125
1 0.00625 0.6953125 0.0125 0.0171875
1 0.0671875 0.590625 0.0171875 0.0171875
1 0.1015625 0.884375 0.015625 0.0125
1 0.0546875 0.890625 0.00625 0.0078125
0 0.065625 0.8390625 0.065625 0.0984375
0 0.1375 0.8296875 0.0484375 0.1625
1 0.153125 0.8359375 0.0125 0.01875
1 0.2046875 0.784375 0.0390625 0.0421875
1 0.1859375 0.79375 0.01875 0.01875
1 0.1609375 0.859375 0.05 0.0984375
0 0.2296875 0.834375 0.0828125 0.08125
0 0.3765625 0.8265625 0.0609375 0.103125
0 0.3171875 0.85 0.10625 0.0703125
1 0.3015625 0.8328125 0.0140625 0.01875
1 0.1859375 0.9640625 0.01875 0.0140625
1 0.196875 0.928125 0.078125 0.0640625
1 0.2359375 0.9734375 0.0125 0.0125
1 0.2125 0.9953125 0.03125 0.009375
1 0.3140625 0.99765625 0.01875 0.0046875
1 0.328125 0.9953125 0.025 0.009375
1 0.3328125 0.984375 0.0140625 0.009375
1 0.36875 0.9640625 0.015625 0.021875
1 0.3640625 0.9140625 0.015625 0.0203125
1 0.35625 0.9125 0.015625 0.01875
1 0.371875 0.99765625 0.0125 0.0046875
1 0.4109375 0.9953125 0.034375 0.009375
1 0.9453125 0.6109375 0.025 0.0359375
1 0.70390625 0.57734375 0.0359375 0.0171875
1 0.721875 0.6203125 0.0453125 0.0296875
1 0.625 0.6546875 0.0203125 0.021875
1 0.771875 0.57578125 0.015625 0.0140625
1 0.7734375 0.5890625 0.009375 0.0109375
1 0.7796875 0.6078125 0.0140625 0.0109375
1 0.59609375 0.75625 0.0328125 0.028125
1 0.625 0.790625 0.025 0.0328125
1 0.7671875 0.7390625 0.05 0.046875
1 0.8796875 0.8234375 0.0234375 0.021875
1 0.8234375 0.8703125 0.0328125 0.021875
1 0.8171875 0.90625 0.0125 0.015625
1 0.659375 0.8140625 0.0875 0.0921875
1 0.703125 0.8234375 0.0203125 0.00625
1 0.7 0.84375 0.0109375 0.0390625
1 0.684375 0.8375 0.0421875 0.028125
1 0.8484375 0.734375 0.0078125 0.0109375
1 0.953125 0.8140625 0.021875 0.0203125