1 0.5921875 0.42578125 0.015625 0.0234375
1 0.5 0.3234375 0.0203125 0.0125
1 0.5515625 0.27734375 0.096875 0.1296875
1 0.5515625 0.153125 0.096875 0.1375
1 0.4625 0.2078125 0.040625 0.0609375
1 0.5046875 0.05625 0.0640625 0.0484375
1 0.2421875 0.340625 0.0234375 0.0171875
1 0.2328125 0.2609375 0.0125 0.009375
1 0.184375 0.1484375 0.015625 0.0203125
0 0.3484375 0.3984375 0.1109375 0.1015625
1 0.296875 0.4375 0.0234375 0.0234375
1 0.40625 0.41875 0.0140625 0.0125
1 0.415625 0.365625 0.015625 0.0125
1 0.396875 0.334375 0.059375 0.0484375
0 0.35625 0.3046875 0.1234375 0.1078125
0 0.4078125 0.20625 0.1234375 0.09375
1 0.4171875 0.215625 0.009375 0.0125
0 0.3828125 0.1296875 0.165625 0.1015625
1 0.415625 0.0984375 0.0140625 0.0203125
1 0.4 0.08125 0.0078125 0.0296875
1 0.1984375 0.0421875 0.01875 0.01875
0 0.4171875 0.04375 0.1109375 0.0703125
0 0.39609375 0.01328125 0.1359375 0.0265625
1 0.0953125 0.01328125 0.034375 0.0265625
1 0.0703125 0.0921875 0.046875 0.034375
1 0.0328125 0.0375 0.015625 0.0203125
1 0.10625 0.2203125 0.0375 0.046875
1 0.125 0.1359375 0.0328125 0.0453125
1 0.1140625 0.1765625 0.0171875 0.0171875
1 0.1015625 0.421875 0.0140625 0.00625
1 0.025 0.43359375 0.05 0.0296875
1 0.18125 0.3578125 0.0171875 0.0171875
1 0.1671875 0.0296875 0.0125 0.0203125
1 0.0140625 0.0671875 0.015625 0.025
1 0.3234375 0.0640625 0.00625 0.0109375
1 0.46875 0.3015625 0.0078125 0.0078125
1 0.790625 0.1125 0.0578125 0.065625
1 0.740625 0.178125 0.0265625 0.0328125
1 0.7890625 0.3671875 0.0671875 0.0421875
0 0.7140625 0.19609375 0.228125 0.2734375
0 0.7046875 0.33515625 0.209375 0.2734375
0 0.67265625 0.51171875 0.1453125 0.0765625
1 0.759375 0.440625 0.015625 0.03125
1 0.60859375 0.43515625 0.0171875 0.0453125
1 0.690625 0.41875 0.01875 0.0390625
1 0.33984375 0.55234375 0.0078125 0.0046875
1 0.2015625 0.559375 0.0078125 0.009375
1 0.0171875 0.5890625 0.0109375 0.0078125
1 0.1828125 0.5953125 0.0078125 0.0078125
0 0.09609375 0.578125 0.1921875 0.05625
1 0.59375 0.625 0.0078125 0.0109375
1 0.1125 0.625 0.0078125 0.015625
1 0.2015625 0.665625 0.0078125 0.0078125
1 0.1515625 0.684375 0.0109375 0.0078125
0 0.0921875 0.7203125 0.1625 0.0421875
1 0.26875 0.75 0.0078125 0.0078125
1 0.59296875 0.7546875 0.0140625 0.040625
1 0.0953125 0.775 0.009375 0.0046875
1 0.0453125 0.784375 0.0078125 0.0078125
1 0.1046875 0.790625 0.009375 0.0078125
1 0.4734375 0.825 0.0078125 0.0109375
1 0.0140625 0.8875 0.0109375 0.0078125
1 0.353125 0.9296875 0.015625 0.0078125
1 0.065625 0.7328125 0.0109375 0.0171875
0 0.1296875 0.840625 0.1171875 0.1234375
1 0.1984375 0.8375 0.0109375 0.015625
1 0.1546875 0.8375 0.0078125 0.0109375
1 0.1359375 0.828125 0.0078125 0.0140625
1 0.1703125 0.8859375 0.0078125 0.009375
1 0.1671875 0.85625 0.0109375 0.0109375
1 0.178125 0.865625 0.0109375 0.009375
1 0.14375 0.8375 0.0109375 0.0109375
0 0.92890625 0.57109375 0.0828125 0.0421875
0 0.9703125 0.61171875 0.059375 0.1171875
0 0.9234375 0.696875 0.06875 0.196875
0 0.9046875 0.796875 0.1109375 0.1359375
0 0.9078125 0.9203125 0.0578125 0.040625
1 0.915625 0.88125 0.0421875 0.0328125
1 0.6546875 0.5828125 0.015625 0.0203125
1 0.6375 0.59375 0.021875 0.025
1 0.7453125 0.6421875 0.0203125 0.040625
1 0.628125 0.696875 0.03125 0.0234375
1 0.6421875 0.73125 0.0421875 0.0421875
1 0.6265625 0.7828125 0.05 0.0421875