1 0.1453125 0.4375 0.0328125 0.0515625
1 0.128125 0.3296875 0.0375 0.05625
0 0.1125 0.2015625 0.225 0.190625
0 0.2703125 0.31875 0.225 0.359375
1 0.1984375 0.071875 0.046875 0.0421875
0 0.91015625 0.51875 0.1703125 0.040625
1 0.80078125 0.51484375 0.0734375 0.0484375
0 0.59296875 0.51015625 0.0671875 0.0578125
1 0.6078125 0.3609375 0.0890625 0.084375
1 0.8265625 0.3203125 0.0484375 0.0453125
1 0.9203125 0.3234375 0.0375 0.078125
1 0.56640625 0.31875 0.0140625 0.034375
1 0.6875 0.0984375 0.06875 0.059375
1 0.8140625 0.0921875 0.0375 0.0578125
0 0.92578125 0.0375 0.1484375 0.075
1 0.76640625 0.01484375 0.0203125 0.0296875
1 0.63515625 0.51796875 0.0640625 0.0421875
1 0.3734375 0.9453125 0.0328125 0.028125
1 0.359375 0.7921875 0.0140625 0.0234375
1 0.234375 0.5453125 0.03125 0.0125
1 0.2203125 0.7 0.04375 0.028125
1 0.1984375 0.734375 0.0296875 0.01875
1 0.165625 0.95625 0.0296875 0.0203125
1 0.1625 0.8984375 0.0375 0.03125
1 0.1296875 0.734375 0.0515625 0.0484375
1 0.0984375 0.946875 0.0234375 0.0234375
1 0.0640625 0.9234375 0.0359375 0.0359375
1 0.05546875 0.9921875 0.0328125 0.015625
1 0.4125 0.95 0.0171875 0.021875
1 0.490625 0.9640625 0.034375 0.0578125
1 0.5265625 0.96875 0.0328125 0.028125
1 0.465625 0.975 0.025 0.015625
1 0.08125 0.6046875 0.03125 0.025
1 0.1875 0.66875 0.0234375 0.0171875
1 0.16875 0.65 0.0203125 0.021875
1 0.1828125 0.640625 0.0171875 0.0328125
1 0.0265625 0.7546875 0.021875 0.0296875
1 0.0359375 0.7484375 0.028125 0.040625
1 0.428125 0.5828125 0.0328125 0.0421875
1 0.5296875 0.6921875 0.0234375 0.0265625
1 0.50625 0.6453125 0.028125 0.0421875
1 0.4765625 0.5796875 0.028125 0.0359375
1 0.509375 0.58125 0.0296875 0.028125
1 0.48828125 0.5546875 0.0390625 0.03125
1 0.4046875 0.753125 0.028125 0.0234375
1 0.3875 0.6890625 0.025 0.0375
1 0.35625 0.65625 0.0359375 0.034375
1 0.4 0.809375 0.0171875 0.0203125
1 0.3625 0.8234375 0.0234375 0.025
1 0.2875 0.7578125 0.0359375 0.0234375
0 0.2875 0.88125 0.071875 0.1296875
0 0.31875 0.840625 0.1046875 0.153125
1 0.2578125 0.8046875 0.021875 0.015625
1 0.2453125 0.7796875 0.021875 0.0296875
1 0.2515625 0.9125 0.0234375 0.025
1 0.2515625 0.89375 0.0171875 0.0234375
1 0.4484375 0.9 0.0328125 0.0234375
0 0.478125 0.8578125 0.0828125 0.15625
1 0.5078125 0.79375 0.040625 0.053125
1 0.34375 0.6125 0.0234375 0.03125
1 0.4203125 0.66875 0.0328125 0.0421875
1 0.41875 0.634375 0.0359375 0.0390625
1 0.31875 0.6296875 0.0234375 0.03125
1 0.0984375 0.7890625 0.04375 0.0390625
0 0.0765625 0.8453125 0.121875 0.0734375
0 0.1953125 0.821875 0.1125 0.1296875
1 0.8859375 0.59375 0.053125 0.0390625
1 0.840625 0.6109375 0.01875 0.0203125
1 0.8234375 0.925 0.078125 0.065625
1 0.790625 0.6375 0.04375 0.0578125
1 0.771875 0.9546875 0.046875 0.0609375
0 0.6265625 0.8328125 0.1296875 0.115625
0 0.803125 0.8390625 0.1140625 0.165625
0 0.7171875 0.8484375 0.10625 0.14375
1 0.9015625 0.715625 0.0390625 0.05625
1 0.74140625 0.99453125 0.0453125 0.0109375
1 0.66015625 0.9953125 0.0203125 0.009375
1 0.9828125 0.759375 0.0265625 0.0390625
0 0.89375 0.8546875 0.1109375 0.1390625