1 0.42578125 0.003125 0.0265625 0.00625
0 0.68046875 0.02265625 0.1765625 0.0453125
1 0.4390625 0.0390625 0.0265625 0.0203125
1 0.515625 0.05 0.0171875 0.0125
1 0.3734375 0.0375 0.046875 0.046875
1 0.5984375 0.0546875 0.0140625 0.0359375
0 0.14453125 0.05546875 0.1109375 0.1109375
1 0.6609375 0.1234375 0.025 0.0234375
1 0.3875 0.15 0.0234375 0.0265625
1 0.2359375 0.178125 0.0171875 0.0140625
1 0.4734375 0.175 0.03125 0.05625
1 0.2328125 0.2015625 0.015625 0.01875
0 0.140625 0.1640625 0.1421875 0.09375
1 0.5546875 0.2265625 0.0203125 0.021875
1 0.2390625 0.2296875 0.015625 0.0265625
1 0.0296875 0.265625 0.0171875 0.0140625
1 0.2359375 0.2796875 0.0234375 0.009375
1 0.365625 0.2796875 0.034375 0.0296875
1 0.4328125 0.284375 0.0421875 0.0390625
1 0.271875 0.3 0.0234375 0.025
1 0.378125 0.3046875 0.0203125 0.0203125
0 0.15625 0.2609375 0.1203125 0.1140625
1 0.43125 0.346875 0.028125 0.034375
1 0.3328125 0.35 0.021875 0.0203125
1 0.3109375 0.3484375 0.0234375 0.021875
1 0.5171875 0.359375 0.0171875 0.028125
1 0.6171875 0.390625 0.028125 0.034375
1 0.4734375 0.4109375 0.015625 0.009375
1 0.4296875 0.425 0.03125 0.025
1 0.0421875 0.44375 0.028125 0.0296875
1 0.49375 0.44375 0.0328125 0.0203125
0 0.15 0.396875 0.1390625 0.1109375
1 0.690625 0.440625 0.025 0.028125
1 0.4625 0.4421875 0.03125 0.0234375
0 0.1796875 0.446875 0.0484375 0.0234375
1 0.24375 0.4453125 0.0265625 0.028125
1 0.434375 0.45 0.01875 0.0171875
1 0.684375 0.05390625 0.16875 0.1078125
1 0.7 0.115625 0.040625 0.034375
0 0.696875 0.384375 0.1234375 0.0828125
0 0.6890625 0.30078125 0.159375 0.1234375
0 0.68671875 0.20078125 0.1640625 0.1296875
1 0.0203125 0.240625 0.0296875 0.0328125
1 0.00546875 0.24609375 0.0109375 0.0234375
1 0.290625 0.4453125 0.0296875 0.0265625
1 0.2515625 0.4015625 0.0265625 0.0359375
1 0.2265625 0.3984375 0.025 0.0390625
1 0.98125 0.26640625 0.0375 0.0484375
1 0.7203125 0.809375 0.0125 0.0234375
1 0.7515625 0.73125 0.0140625 0.0078125
1 0.7265625 0.55625 0.0171875 0.0140625
1 0.753125 0.55 0.0125 0.0109375
1 0.471875 0.875 0.0203125 0.0265625
0 0.3796875 0.8515625 0.115625 0.1515625
0 0.36875 0.721875 0.3234375 0.2546875
1 0.475 0.6453125 0.0625 0.046875
1 0.5078125 0.6078125 0.0359375 0.05625
0 0.3765625 0.53203125 0.490625 0.0640625
0 0.4328125 0.5921875 0.30625 0.184375
1 0.1375 0.8125 0.0625 0.0671875
1 0.1078125 0.8296875 0.034375 0.0515625
1 0.1703125 0.646875 0.0421875 0.0328125
1 0.1609375 0.528125 0.0328125 0.040625
1 0.2625 0.509375 0.03125 0.01875
1 0.1359375 0.5703125 0.0203125 0.028125
1 0.1046875 0.51015625 0.03125 0.0203125
0 0.78828125 0.7515625 0.0390625 0.1125
0 0.78984375 0.6734375 0.0421875 0.084375
1 0.80625 0.6109375 0.034375 0.0171875
1 0.95625 0.6484375 0.0296875 0.053125
1 0.840625 0.7671875 0.06875 0.05
1 0.8359375 0.8 0.0140625 0.0234375
1 0.8109375 0.7296875 0.0171875 0.0171875
1 0.796875 0.7671875 0.0140625 0.0109375
1 0.78125 0.821875 0.015625 0.0140625
1 0.7953125 0.8609375 0.0390625 0.0328125
1 0.775 0.86328125 0.0125 0.0171875
1 0.925 0.8234375 0.0171875 0.015625
0 0.78828125 0.93515625 0.0390625 0.1015625
1 0.8828125 0.9765625 0.10625 0.046875