1 0.571875 0.0109375 0.03125 0.021875
1 0.4796875 0.0046875 0.0109375 0.009375
1 0.30234375 0.01953125 0.0296875 0.0390625
1 0.178125 0.028125 0.0515625 0.034375
1 0.6828125 0.0921875 0.01875 0.009375
1 0.0140625 0.1265625 0.0125 0.0140625
1 0.45625 0.134375 0.0078125 0.0109375
1 0.471875 0.234375 0.0171875 0.015625
1 0.6734375 0.25 0.05 0.0328125
1 0.49375 0.3515625 0.0328125 0.003125
1 0.54375 0.409375 0.0390625 0.04375
1 0.40234375 0.43203125 0.0046875 0.0140625
1 0.50625 0.1203125 0.0296875 0.015625
1 0.9171875 0.0171875 0.025 0.034375
1 0.94375 0.0296875 0.021875 0.0234375
1 0.975 0.065625 0.0203125 0.028125
1 0.771875 0.134375 0.034375 0.0375
1 0.815625 0.1578125 0.0296875 0.04375
1 0.95 0.1640625 0.0125 0.01875
1 0.971875 0.1875 0.0234375 0.015625
1 0.996875 0.26171875 0.00625 0.0203125
1 0.8578125 0.328125 0.025 0.028125
1 0.84375 0.3640625 0.021875 0.0328125
1 0.903125 0.321875 0.0484375 0.0515625
1 0.83125 0.315625 0.0640625 0.0359375
1 0.825 0.2140625 0.0375 0.0421875
1 0.8375 0.1796875 0.0109375 0.009375
1 0.865625 0.184375 0.0125 0.0078125
1 0.91875 0.196875 0.0140625 0.0078125
1 0.759375 0.36875 0.025 0.0203125
0 0.7484375 0.09765625 0.078125 0.1078125
0 0.725 0.2015625 0.03125 0.178125
0 0.75078125 0.3453125 0.0828125 0.159375
0 0.525 0.97421875 0.0875 0.0515625
0 0.553125 0.928125 0.090625 0.0953125
0 0.534375 0.8484375 0.134375 0.1
1 0.478125 0.875 0.025 0.0203125
1 0.5453125 0.759375 0.0328125 0.0296875
1 0.6 0.684375 0.0375 0.0375
1 0.5359375 0.7203125 0.0171875 0.0203125
1 0.5375 0.7 0.0171875 0.0234375
0 0.54375 0.609375 0.1828125 0.1453125
0 0.5453125 0.5375 0.109375 0.0984375
1 0.4671875 0.6125 0.0296875 0.0296875
1 0.4578125 0.59375 0.0171875 0.0234375
1 0.4796875 0.5890625 0.0203125 0.01875
1 0.4234375 0.621875 0.0234375 0.0171875
1 0.603125 0.7203125 0.0234375 0.025
1 0.390625 0.95625 0.01875 0.0359375
1 0.40625 0.96875 0.0234375 0.0265625
1 0.390625 0.7484375 0.04375 0.0234375
1 0.3390625 0.5625 0.0140625 0.0234375
1 0.2671875 0.9671875 0.0234375 0.025
1 0.31875 0.928125 0.0203125 0.021875
1 0.2859375 0.7984375 0.0234375 0.015625
1 0.3015625 0.734375 0.021875 0.021875
1 0.228125 0.55 0.0203125 0.0234375
1 0.178125 0.55 0.028125 0.021875
1 0.15625 0.725 0.0328125 0.0328125
1 0.153125 0.765625 0.0140625 0.034375
1 0.1609375 0.896875 0.0296875 0.028125
1 0.1578125 0.95625 0.0171875 0.0234375
1 0.09375 0.6859375 0.0375 0.0296875
1 0.078125 0.975 0.01875 0.0203125
0 0.04921875 0.94453125 0.0984375 0.1109375
0 0.04140625 0.5546875 0.0828125 0.11875
0 0.040625 0.68671875 0.08125 0.1265625
1 0.028125 0.4984375 0.0390625 0.0234375
1 0.05625 0.503125 0.015625 0.03125
1 0.33125 0.8859375 0.01875 0.0265625
0 0.0296875 0.86171875 0.059375 0.1015625
0 0.05234375 0.784375 0.1046875 0.096875
1 0.9640625 0.540625 0.00625 0.0203125
1 0.9640625 0.7953125 0.025 0.021875
1 0.759375 0.5890625 0.0390625 0.0203125