1 0.453125 0.215625 0.0296875 0.0109375
1 0.56640625 0.2890625 0.0046875 0.0125
1 0.184375 0.3171875 0.0125 0.0125
1 0.0875 0.378125 0.03125 0.01875
1 0.228125 0.3875 0.01875 0.015625
1 0.34375 0.403125 0.0234375 0.0296875
1 0.3921875 0.515625 0.0140625 0.0140625
1 0.1078125 0.521875 0.015625 0.0140625
1 0.48125 0.5125 0.0203125 0.0328125
1 0.396875 0.5328125 0.0234375 0.0234375
1 0.446875 0.5328125 0.0171875 0.021875
1 0.41875 0.6109375 0.0296875 0.0265625
1 0.5546875 0.603125 0.028125 0.025
1 0.4984375 0.59375 0.0203125 0.0171875
1 0.478125 0.5921875 0.025 0.0234375
1 0.46875 0.6703125 0.0125 0.0140625
1 0.515625 0.325 0.0265625 0.0125
1 0.4609375 0.26875 0.0515625 0.04375
1 0.3171875 0.5390625 0.021875 0.0140625
1 0.2296875 0.6890625 0.0140625 0.0109375
0 0.1984375 0.2953125 0.2890625 0.1671875
0 0.165625 0.4890625 0.33125 0.20625
0 0.18828125 0.6078125 0.1578125 0.221875
1 0.1578125 0.425 0.0140625 0.009375
1 0.178125 0.4921875 0.0140625 0.0203125
1 0.1625 0.553125 0.015625 0.01875
1 0.1484375 0.54375 0.0328125 0.059375
0 0.70625 0.5671875 0.25 0.1203125
0 0.7 0.353125 0.2625 0.3125
0 0.7 0.175 0.1828125 0.0625
1 0.665625 0.1203125 0.071875 0.0109375
1 0.915625 0.490625 0.0703125 0.0484375
1 0.8015625 0.5734375 0.0140625 0.0140625
1 0.9328125 0.303125 0.025 0.025
1 0.9859375 0.38125 0.0171875 0.0234375
1 0.953125 0.23125 0.028125 0.0265625
0 0.2015625 0.7984375 0.0609375 0.040625
1 0.715625 0.9609375 0.04375 0.021875
1 0.8046875 0.846875 0.0078125 0.01875