1 0.0859375 0.69296875 0.065625 0.0328125
1 0.0890625 0.5359375 0.065625 0.059375
1 0.13359375 0.0125 0.0171875 0.025
1 0.228125 0.04375 0.05 0.065625
1 0.3015625 0.115625 0.015625 0.01875
1 0.3203125 0.546875 0.034375 0.0546875
1 0.3421875 0.2328125 0.0375 0.0453125
1 0.3609375 0.5 0.05 0.0328125
1 0.3875 0.2921875 0.01875 0.0234375
1 0.384375 0.1609375 0.040625 0.028125
1 0.4046875 0.21875 0.021875 0.015625
1 0.4453125 0.6921875 0.0265625 0.015625
1 0.4609375 0.378125 0.015625 0.021875
1 0.4796875 0.2484375 0.021875 0.0390625
1 0.55 0.4890625 0.0484375 0.0125
1 0.540625 0.1796875 0.0484375 0.071875
1 0.5078125 0.20625 0.0359375 0.0421875
0 0.29375 0.396875 0.296875 0.134375
0 0.1453125 0.36875 0.1734375 0.203125
0 0.9671875 0.1296875 0.065625 0.0875
0 0.884375 0.1234375 0.15625 0.171875
0 0.7953125 0.1265625 0.13125 0.0796875
0 0.73125 0.1359375 0.0921875 0.1625
1 0.803125 0.175 0.0390625 0.046875
1 0.93359375 0.221875 0.1328125 0.11875
1 0.9296875 0.2921875 0.0921875 0.0984375
1 0.97578125 0.31328125 0.0484375 0.0421875
1 0.9265625 0.3640625 0.0671875 0.0515625
1 0.9625 0.4015625 0.0421875 0.0359375
1 0.72265625 0.38203125 0.0859375 0.0765625
0 0.93984375 0.67578125 0.1046875 0.0671875
1 0.9765625 0.6265625 0.0296875 0.0671875
0 0.871875 0.68828125 0.084375 0.0421875
0 0.746875 0.67109375 0.134375 0.0765625
1 0.7921875 0.496875 0.03125 0.0296875
1 0.7375 0.534375 0.0484375 0.05
1 0.6484375 0.8984375 0.05625 0.0515625
1 0.646875 0.8578125 0.034375 0.0359375
1 0.590625 0.9640625 0.0625 0.0515625
1 0.5546875 0.8359375 0.0421875 0.0453125
1 0.5578125 0.90625 0.040625 0.034375
1 0.48828125 0.734375 0.0515625 0.05
1 0.7109375 0.809375 0.0046875 0.0265625
1 0.73046875 0.98984375 0.0203125 0.0203125
1 0.7328125 0.825 0.0140625 0.025
1 0.75625 0.875 0.015625 0.015625
1 0.7953125 0.9921875 0.0171875 0.0125
1 0.696875 0.71953125 0.0125 0.0203125
1 0.703125 0.73125 0.015625 0.0140625
0 0.71484375 0.92109375 0.0703125 0.0609375
0 0.7890625 0.94375 0.05 0.1
0 0.75 0.9171875 0.0796875 0.0859375