1 0.253125 0.4859375 0.0375 0.0375
1 0.0265625 0.4484375 0.040625 0.025
1 0.3140625 0.43125 0.0296875 0.0390625
1 0.1984375 0.3640625 0.0453125 0.0234375
0 0.04296875 0.20390625 0.0859375 0.1640625
0 0.159375 0.1625 0.1390625 0.121875
1 0.090625 0.0796875 0.0359375 0.0390625
0 0.2625 0.1828125 0.0890625 0.096875
1 0.21875 0.2265625 0.0640625 0.0375
1 0.30625 0.265625 0.046875 0.05
1 0.1453125 0.3375 0.028125 0.0234375
1 0.9859375 0.140625 0.0171875 0.0140625
1 0.9046875 0.234375 0.0109375 0.0125
1 0.9046875 0.0875 0.0390625 0.0390625
1 0.8359375 0.3578125 0.0140625 0.028125
1 0.759375 0.065625 0.0203125 0.0203125
0 0.7625 0.3265625 0.1375 0.25625
0 0.653125 0.3078125 0.08125 0.1421875
0 0.5546875 0.259375 0.034375 0.0953125
1 0.5453125 0.3421875 0.0140625 0.0234375
1 0.9703125 0.246875 0.0171875 0.021875
1 0.95625 0.21875 0.046875 0.028125
0 0.9796875 0.3203125 0.040625 0.175
1 0.9421875 0.38125 0.0625 0.1
0 0.890625 0.3375 0.1015625 0.2140625
1 0.9140625 0.1078125 0.0140625 0.0140625
1 0.2875 0.98046875 0.0375 0.0390625
1 0.1484375 0.96875 0.0125 0.0078125
1 0.153125 0.978125 0.0109375 0.0171875
1 0.1640625 0.98671875 0.059375 0.0265625
1 0.09375 0.984375 0.015625 0.0234375
1 0.071875 0.99296875 0.009375 0.0140625
1 0.0671875 0.9875 0.0140625 0.0109375
1 0.0078125 0.990625 0.0125 0.0140625
1 0.0328125 0.9765625 0.015625 0.009375
1 0.2125 0.90625 0.040625 0.0390625
0 0.2765625 0.85 0.0609375 0.1640625
1 0.15625 0.8640625 0.009375 0.009375
0 0.175 0.840625 0.0828125 0.1890625
1 0.05625 0.7953125 0.0078125 0.0125
0 0.10625 0.85 0.1359375 0.128125
0 0.0296875 0.8359375 0.059375 0.10625
1 0.0078125 0.76015625 0.015625 0.0140625
1 0.0640625 0.7390625 0.0203125 0.0171875
1 0.0890625 0.7421875 0.0109375 0.0078125
1 0.103125 0.75 0.0109375 0.0109375
1 0.134375 0.6984375 0.046875 0.040625
1 0.0578125 0.6328125 0.025 0.0203125
1 0.0078125 0.646875 0.0078125 0.0078125
1 0.0125 0.5625 0.00625 0.0140625
1 0.109375 0.5765625 0.015625 0.0171875
1 0.1765625 0.60625 0.015625 0.0125
1 0.1984375 0.5796875 0.0515625 0.0296875
1 0.940625 0.65625 0.0296875 0.03125
1 0.875 0.61875 0.009375 0.03125
1 0.8109375 0.7921875 0.03125 0.0390625
1 0.7734375 0.796875 0.0203125 0.040625
1 0.740625 0.596875 0.0515625 0.0546875
1 0.715625 0.734375 0.0328125 0.025
1 0.6875 0.8265625 0.0390625 0.040625
1 0.6484375 0.765625 0.021875 0.0390625
1 0.6125 0.8640625 0.053125 0.0546875
1 0.5015625 0.6125 0.03125 0.0421875
0 0.53359375 0.9546875 0.1078125 0.090625
1 0.4765625 0.578125 0.015625 0.0296875
1 0.459375 0.9515625 0.028125 0.021875
1 0.45859375 0.99375 0.0546875 0.0125
0 0.67421875 0.95390625 0.1421875 0.0921875
0 0.7671875 0.9890625 0.065625 0.021875
0 0.8484375 0.96796875 0.14375 0.0640625
0 0.91796875 0.9640625 0.0796875 0.071875
1 0.8265625 0.846875 0.040625 0.0296875
1 0.8984375 0.8703125 0.0296875 0.0421875
1 0.8796875 0.853125 0.084375 0.0375
1 0.896875 0.778125 0.040625 0.059375
1 0.921875 0.5921875 0.040625 0.028125
1 0.928125 0.55546875 0.021875 0.0109375
1 0.7015625 0.7046875 0.0421875 0.034375
1 0.6515625 0.665625 0.078125 0.078125
1 0.475 0.7703125 0.0421875 0.0484375
1 0.45625 0.7171875 0.03125 0.0328125
1 0.50625 0.7984375 0.0375 0.0421875
1 0.5734375 0.78125 0.025 0.0546875
1 0.540625 0.74375 0.0203125 0.0265625
1 0.60625 0.6078125 0.040625 0.046875
1 0.5625 0.5796875 0.025 0.0359375