1 0.00546875 0.02734375 0.0109375 0.0109375
1 0.0046875 0.240625 0.009375 0.01875
1 0.1140625 0.0953125 0.03125 0.025
1 0.09375 0.0484375 0.034375 0.025
1 0.06875 0.14375 0.0609375 0.06875
1 0.2609375 0.046875 0.0046875 0.009375
1 0.3 0.221875 0.0375 0.0359375
0 0.08515625 0.08359375 0.1703125 0.1671875
0 0.16015625 0.1640625 0.3203125 0.16875
0 0.0265625 0.23125 0.021875 0.0390625
1 0.96171875 0.1765625 0.0765625 0.090625
1 0.921875 0.1015625 0.0390625 0.0484375
1 0.8859375 0.0203125 0.071875 0.040625
1 0.6859375 0.1734375 0.05625 0.06875
1 0.74375 0.215625 0.040625 0.0484375
1 0.5625 0.2796875 0.034375 0.034375
1 0.6078125 0.3171875 0.0359375 0.028125
0 0.96484375 0.275 0.0703125 0.115625
0 0.809375 0.2859375 0.1828125 0.096875
0 0.75 0.1203125 0.23125 0.240625
0 0.8453125 0.0625 0.309375 0.125
1 0.0875 0.896875 0.01875 0.0140625
0 0.1828125 0.8875 0.1578125 0.0828125
1 0.0140625 0.71875 0.021875 0.01875
1 0.3234375 0.7 0.0265625 0.00625
1 0.2046875 0.6921875 0.0265625 0.028125
1 0.303125 0.671875 0.009375 0.0078125
1 0.1296875 0.665625 0.0203125 0.0171875
1 0.3125 0.6046875 0.0171875 0.0265625
1 0.0015625 0.58515625 0.003125 0.0234375
1 0.0078125 0.5328125 0.015625 0.01875
1 0.0546875 0.5671875 0.0234375 0.0296875
1 0.00703125 0.6140625 0.0140625 0.025
1 0.096875 0.8828125 0.0265625 0.01875
1 0.1 0.89375 0.0140625 0.0125
1 0.115625 0.8390625 0.0171875 0.0078125
1 0.2625 0.8484375 0.0234375 0.0203125
1 0.2140625 0.8234375 0.0265625 0.0171875
1 0.2703125 0.7625 0.015625 0.0171875
1 0.071875 0.78125 0.025 0.015625
1 0.075 0.7984375 0.025 0.0203125
1 0.0984375 0.803125 0.01875 0.01875
1 0.1078125 0.81875 0.015625 0.0203125
1 0.13125 0.7984375 0.0203125 0.0234375
1 0.1375 0.8125 0.015625 0.0109375
1 0.1609375 0.8296875 0.01875 0.0171875
1 0.2125 0.8546875 0.0203125 0.015625
1 0.2140625 0.7828125 0.0203125 0.0234375
1 0.2265625 0.771875 0.01875 0.015625
0 0.1546875 0.778125 0.06875 0.0796875
1 0.0859375 0.7125 0.0140625 0.0125
1 0.1 0.7140625 0.015625 0.0234375
1 0.084375 0.725 0.015625 0.0109375
1 0.1109375 0.721875 0.0109375 0.01875
1 0.0671875 0.671875 0.028125 0.028125
0 0.1703125 0.6875 0.046875 0.1296875
1 0.215625 0.759375 0.01875 0.0171875
1 0.25625 0.703125 0.01875 0.01875
1 0.0875 0.515625 0.0234375 0.0234375
1 0.1 0.528125 0.0203125 0.0234375
1 0.14375 0.628125 0.021875 0.0203125
1 0.2390625 0.6921875 0.0296875 0.03125
1 0.23125 0.65625 0.0140625 0.015625
1 0.28125 0.6375 0.0171875 0.021875
1 0.2765625 0.71875 0.025 0.025
1 0.3140625 0.7234375 0.015625 0.015625
1 0.2546875 0.6734375 0.021875 0.0171875
1 0.271875 0.675 0.0140625 0.0140625
1 0.33125 0.653125 0.015625 0.021875
1 0.33125 0.5953125 0.015625 0.0171875
1 0.328125 0.4390625 0.021875 0.01875
1 0.259375 0.478125 0.015625 0.0140625
1 0.265625 0.4953125 0.015625 0.0171875
1 0.19375 0.6359375 0.0203125 0.021875
1 0.2078125 0.6328125 0.0234375 0.0171875
1 0.2265625 0.634375 0.00625 0.0171875
1 0.16875 0.61875 0.0171875 0.0109375
1 0.140625 0.590625 0.0109375 0.025
1 0.13125 0.5828125 0.0125 0.015625
0 0.128125 0.50625 0.0328125 0.0328125
0 0.2 0.5640625 0.1234375 0.1171875
0 0.1875 0.4734375 0.109375 0.0765625
0 0.19296875 0.43515625 0.0421875 0.0109375
1 0.4453125 0.878125 0.053125 0.06875
1 0.46640625 0.98046875 0.0328125 0.0390625
1 0.6328125 0.6078125 0.01875 0.06875
1 0.5671875 0.59375 0.015625 0.08125
1 0.4203125 0.7953125 0.0265625 0.0265625
0 0.534375 0.6765625 0.1734375 0.1703125
1 0.5 0.7953125 0.0203125 0.0125
1 0.59375 0.7546875 0.009375 0.0125
0 0.5453125 0.871875 0.109375 0.25625
0 0.54375 0.946875 0.175 0.10625