1 0.1046875 0.3421875 0.0859375 0.0640625
1 0.071875 0.4953125 0.0390625 0.0484375
1 0.15625 0.4265625 0.0265625 0.015625
1 0.171875 0.440625 0.01875 0.0296875
1 0.00703125 0.41953125 0.0140625 0.0484375
1 0.1640625 0.5640625 0.03125 0.034375
1 0.103125 0.70625 0.0203125 0.0234375
1 0.003125 0.6734375 0.00625 0.0125
1 0.0234375 0.7328125 0.03125 0.0265625
1 0.25 0.6140625 0.0390625 0.0265625
1 0.2734375 0.6578125 0.0125 0.0296875
1 0.2453125 0.6078125 0.0234375 0.0171875
1 0.2921875 0.4203125 0.0078125 0.0109375
1 0.4015625 0.39453125 0.015625 0.0296875
1 0.40625 0.3453125 0.00625 0.0125
1 0.3921875 0.4328125 0.0140625 0.0125
0 0.02109375 0.6453125 0.0421875 0.046875
0 0.03125 0.59375 0.0625 0.084375
0 0.02109375 0.27421875 0.0421875 0.1046875
0 0.02890625 0.23125 0.0578125 0.01875
1 0.61875 0.6203125 0.0625 0.0390625
1 0.6203125 0.5453125 0.0265625 0.0109375
1 0.43125 0.55625 0.0234375 0.059375
1 0.64375 0.5234375 0.0203125 0.01875
1 0.4640625 0.528125 0.0421875 0.0390625
1 0.9125 0.515625 0.0421875 0.0265625
1 0.6203125 0.509375 0.0359375 0.040625
1 0.478125 0.49375 0.040625 0.0265625
0 0.7484375 0.5296875 0.11875 0.134375
1 0.7703125 0.4671875 0.015625 0.0109375
1 0.9546875 0.475 0.021875 0.0265625
1 0.9296875 0.465625 0.015625 0.00625
1 0.9796875 0.49296875 0.040625 0.0703125
1 0.584375 0.465625 0.015625 0.0265625
1 0.98671875 0.4390625 0.0265625 0.03125
1 0.61875 0.4546875 0.028125 0.0359375
1 0.940625 0.428125 0.046875 0.025
1 0.596875 0.3921875 0.0171875 0.0078125
1 0.6328125 0.39375 0.0234375 0.028125
1 0.440625 0.384375 0.009375 0.0109375
1 0.553125 0.390625 0.0296875 0.0515625
1 0.6046875 0.3390625 0.0234375 0.009375
1 0.896875 0.3484375 0.0265625 0.03125
1 0.5046875 0.34375 0.0640625 0.0234375
1 0.575 0.3265625 0.009375 0.009375
1 0.6890625 0.328125 0.0359375 0.021875
1 0.45 0.325 0.0359375 0.034375
1 0.8921875 0.30625 0.03125 0.0171875
1 0.83125 0.278125 0.015625 0.015625
1 0.97578125 0.30859375 0.0484375 0.0921875
1 0.921875 0.271875 0.01875 0.04375
1 0.55 0.2546875 0.0359375 0.0265625
1 0.89375 0.253125 0.0296875 0.025
1 0.825 0.246875 0.01875 0.0203125
1 0.653125 0.2375 0.00625 0.0078125
1 0.9171875 0.2359375 0.025 0.015625
1 0.584375 0.234375 0.0359375 0.03125
1 0.5421875 0.225 0.0390625 0.028125
1 0.7984375 0.196875 0.0171875 0.009375
1 0.8921875 0.19375 0.009375 0.015625
1 0.5421875 0.2 0.01875 0.046875
1 0.8859375 0.1625 0.01875 0.01875
1 0.946875 0.184375 0.0484375 0.0609375
0 0.7375 0.134375 0.0390625 0.0125
1 0.5796875 0.14375 0.0546875 0.0296875
1 0.484375 0.1359375 0.0609375 0.0140625
0 0.7515625 0.2734375 0.090625 0.140625
0 0.7453125 0.1796875 0.1375 0.0796875
1 0.509375 0.540625 0.0296875 0.0125
1 0.5515625 0.5203125 0.0453125 0.0484375
1 0.4671875 0.2609375 0.0234375 0.0109375
1 0.4125 0.4671875 0.00625 0.028125
1 0.4515625 0.4015625 0.015625 0.0109375
1 0.41796875 0.64296875 0.0171875 0.0234375
1 0.99453125 0.240625 0.0109375 0.0125
1 0.915625 0.640625 0.0421875 0.0296875
1 0.753125 0.61875 0.0359375 0.0234375
1 0.80625 0.63125 0.0296875 0.0234375
1 0.84375 0.6390625 0.053125 0.03125
1 0.01484375 0.85703125 0.0296875 0.0140625
1 0.1390625 0.86875 0.028125 0.0171875
1 0.1484375 0.853125 0.021875 0.00625
1 0.04375 0.9265625 0.01875 0.0265625
1 0.05625 0.9453125 0.0203125 0.0203125
1 0.040625 0.978125 0.028125 0.0203125
1 0.096875 0.99375 0.028125 0.0125
0 0.01640625 0.965625 0.0328125 0.06875
1 0.2953125 0.996875 0.015625 0.00625
1 0.21171875 0.99296875 0.0296875 0.0140625
1 0.2140625 0.94375 0.028125 0.0234375
1 0.2359375 0.9578125 0.015625 0.03125
1 0.2359375 0.9375 0.015625 0.0109375
1 0.2625 0.928125 0.028125 0.015625
1 0.3453125 0.9140625 0.04375 0.0234375
1 0.346875 0.8796875 0.025 0.0265625
1 0.303125 0.8796875 0.0421875 0.0265625
1 0.246875 0.8859375 0.0421875 0.0484375
1 0.225 0.8875 0.015625 0.01875
1 0.196875 0.8578125 0.03125 0.015625
1 0.2546875 0.853125 0.028125 0.00625
1 0.8875 0.859375 0.01875 0.0078125