1 0.2765625 0.240625 0.0296875 0.028125
1 0.0421875 0.3171875 0.0234375 0.075
1 0.00546875 0.3109375 0.0109375 0.0125
1 0.1734375 0.3703125 0.021875 0.0265625
1 0.2515625 0.446875 0.0453125 0.021875
0 0.4953125 0.328125 0.1078125 0.2
1 0.56875 0.6203125 0.025 0.01875
1 0.534375 0.565625 0.028125 0.021875
1 0.521875 0.521875 0.0421875 0.0234375
1 0.39375 0.5375 0.0234375 0.0265625
1 0.546875 0.2453125 0.0140625 0.0328125
1 0.65234375 0.4859375 0.0265625 0.04375
1 0.6515625 0.103125 0.025 0.065625
1 0.6765625 0.1140625 0.0546875 0.0375
1 0.7046875 0.121875 0.0234375 0.0453125
1 0.7546875 0.15 0.034375 0.0390625
1 0.7875 0.11875 0.021875 0.0203125
1 0.8 0.1078125 0.0109375 0.0078125
1 0.815625 0.1546875 0.009375 0.009375
1 0.690625 0.1828125 0.053125 0.05625
1 0.7125 0.2859375 0.0328125 0.046875
1 0.70625 0.321875 0.021875 0.040625
1 0.65703125 0.33203125 0.0359375 0.0546875
1 0.7125 0.4125 0.040625 0.0578125
1 0.79375 0.39375 0.0234375 0.028125
1 0.803125 0.396875 0.0109375 0.0140625
1 0.821875 0.384375 0.0125 0.015625
1 0.7640625 0.4890625 0.0328125 0.0171875
1 0.74375 0.5078125 0.01875 0.0203125
1 0.6671875 0.5296875 0.015625 0.0171875
1 0.6546875 0.5109375 0.0109375 0.0140625
1 0.8109375 0.284375 0.03125 0.0359375
1 0.8578125 0.2921875 0.009375 0.009375
1 0.740625 0.0828125 0.040625 0.0390625
1 0.790625 0.065625 0.0328125 0.0265625
1 0.80625 0.0890625 0.0859375 0.075
1 0.81875 0.0640625 0.0390625 0.025
1 0.8203125 0.0703125 0.03125 0.0375
1 0.840625 0.321875 0.0140625 0.0125
1 0.85 0.440625 0.01875 0.01875
1 0.834375 0.4078125 0.0109375 0.0109375
1 0.9515625 0.0640625 0.0171875 0.0140625
1 0.975 0.084375 0.015625 0.0125
1 0.975 0.09375 0.0375 0.034375
1 0.9578125 0.1109375 0.065625 0.059375
0 0.921875 0.1078125 0.05 0.096875
1 0.94375 0.1328125 0.0421875 0.071875
1 0.9015625 0.159375 0.028125 0.0390625
1 0.928125 0.1984375 0.046875 0.0484375
0 0.940625 0.1640625 0.071875 0.0828125
1 0.9296875 0.2484375 0.0796875 0.0640625
1 0.8640625 0.2578125 0.0078125 0.0078125
1 0.984375 0.4875 0.0171875 0.0328125
1 0.934375 0.3859375 0.0203125 0.025
1 0.9203125 0.38125 0.028125 0.0484375
1 0.9234375 0.39375 0.0140625 0.0109375
1 0.8734375 0.2828125 0.0109375 0.009375
0 0.9546875 0.29296875 0.090625 0.0796875
0 0.93515625 0.3328125 0.1296875 0.13125
1 0.98125 0.396875 0.0109375 0.009375
0 0.946875 0.515625 0.1015625 0.1078125
1 0.909375 0.5671875 0.01875 0.021875
0 0.959375 0.565625 0.04375 0.025
1 0.6140625 0.96875 0.0078125 0.009375
1 0.6109375 0.9390625 0.00625 0.015625
1 0.4234375 0.89375 0.0109375 0.0078125
1 0.4796875 0.7765625 0.0328125 0.0296875
1 0.353125 0.7453125 0.0078125 0.009375
1 0.5125 0.728125 0.0171875 0.0234375
1 0.315625 0.7046875 0.021875 0.01875
1 0.18125 0.66875 0.0078125 0.0140625
0 0.24375 0.66015625 0.140625 0.0609375
0 0.22890625 0.85234375 0.2265625 0.2953125
1 0.159375 0.753125 0.01875 0.021875
1 0.203125 0.98125 0.0109375 0.0234375
0 0.2078125 0.790625 0.265625 0.253125
1 0.8171875 0.81875 0.025 0.0421875
1 0.825 0.84375 0.0140625 0.0171875
1 0.825 0.8296875 0.015625 0.0109375
1 0.8578125 0.8484375 0.0328125 0.01875