1 0.1421875 0.2515625 0.025 0.0140625
1 0.459375 0.26875 0.015625 0.021875
1 0.378125 0.284375 0.0203125 0.0234375
1 0.34375 0.28125 0.0171875 0.0125
1 0.009375 0.2859375 0.01875 0.021875
1 0.421875 0.2875 0.0171875 0.0171875
0 0.6046875 0.2953125 0.109375 0.109375
1 0.45 0.3 0.015625 0.0265625
1 0.2796875 0.325 0.0296875 0.0359375
1 0.2859375 0.2609375 0.0328125 0.040625
1 0.3046875 0.296875 0.028125 0.0203125
1 0.3484375 0.3046875 0.0140625 0.0125
1 0.34375 0.2515625 0.03125 0.025
1 0.1890625 0.2703125 0.021875 0.0296875
0 0.09921875 0.3078125 0.1265625 0.084375
0 0.078125 0.2421875 0.15625 0.08125
0 0.75 0.2265625 0.0328125 0.01875
1 0.925 0.2859375 0.121875 0.096875
1 0.8546875 0.321875 0.0453125 0.028125
1 0.88828125 0.334375 0.0609375 0.03125
0 0.72734375 0.34453125 0.1078125 0.0109375
0 0.7265625 0.278125 0.11875 0.0640625
1 0.68828125 0.3078125 0.0578125 0.06875
1 0.00234375 0.44609375 0.0046875 0.0234375
1 0.1546875 0.3796875 0.03125 0.0359375
0 0.15 0.45 0.1515625 0.16875
1 0.4390625 0.4140625 0.03125 0.03125
1 0.4453125 0.51875 0.021875 0.021875
1 0.434375 0.546875 0.078125 0.0625
1 0.4734375 0.51875 0.0328125 0.040625
1 0.453125 0.6734375 0.0234375 0.028125
1 0.4140625 0.75625 0.090625 0.034375
1 0.440625 0.715625 0.0234375 0.0203125
1 0.29453125 0.359375 0.0234375 0.01875
1 0.3171875 0.35546875 0.025 0.0109375
1 0.2453125 0.403125 0.0375 0.025
1 0.3171875 0.54375 0.028125 0.0234375
1 0.2875 0.540625 0.03125 0.040625
1 0.275 0.5140625 0.0203125 0.0203125
1 0.3234375 0.515625 0.0171875 0.021875
1 0.3125 0.5015625 0.0140625 0.015625
1 0.30625 0.515625 0.0203125 0.0234375
1 0.234375 0.5171875 0.01875 0.03125
1 0.2171875 0.50625 0.0171875 0.015625
1 0.196875 0.5125 0.0234375 0.0109375
1 0.0796875 0.496875 0.025 0.01875
1 0.0953125 0.5140625 0.0203125 0.0140625
1 0.084375 0.5390625 0.028125 0.025
1 0.084375 0.578125 0.028125 0.0234375
1 0.19375 0.578125 0.0265625 0.028125
1 0.1875 0.590625 0.0375 0.015625
1 0.221875 0.7046875 0.025 0.015625
1 0.14375 0.7578125 0.0234375 0.0296875
0 0.115625 0.65625 0.1890625 0.2328125
1 0.1890625 0.6921875 0.01875 0.0234375
1 0.1890625 0.7140625 0.0109375 0.0140625
1 0.059375 0.7453125 0.015625 0.0234375
1 0.103125 0.7375 0.0359375 0.0125
1 0.0390625 0.7546875 0.009375 0.00625
1 0.1546875 0.5390625 0.009375 0.0140625
1 0.159375 0.553125 0.009375 0.01875
1 0.278125 0.6125 0.046875 0.046875
1 0.2328125 0.6609375 0.0234375 0.025
1 0.3296875 0.6875 0.028125 0.025
1 0.3203125 0.66875 0.01875 0.0203125
1 0.61875 0.53125 0.05 0.046875
1 0.6015625 0.5828125 0.01875 0.0171875
1 0.61875 0.5921875 0.0203125 0.0234375
1 0.621875 0.440625 0.0515625 0.0390625
1 0.621875 0.4765625 0.0171875 0.0359375
1 0.56875 0.4359375 0.028125 0.0265625
1 0.609375 0.371875 0.0375 0.0296875
1 0.62578125 0.35859375 0.0265625 0.0171875
1 0.575 0.4796875 0.0140625 0.0140625
1 0.603125 0.640625 0.0203125 0.0203125
1 0.56875 0.63125 0.0484375 0.0484375
1 0.5484375 0.590625 0.03125 0.0453125
1 0.578125 0.753125 0.0671875 0.0390625
1 0.571875 0.715625 0.0171875 0.021875
1 0.5515625 0.7140625 0.021875 0.021875
1 0.6203125 0.7046875 0.03125 0.0421875
1 0.525 0.6734375 0.0265625 0.028125
1 0.5109375 0.69375 0.04375 0.0359375
1 0.4859375 0.6796875 0.015625 0.0203125
1 0.64375 0.753125 0.0296875 0.025
1 0.97734375 0.38984375 0.0453125 0.0359375
1 0.8890625 0.6609375 0.0109375 0.0078125
1 0.7328125 0.678125 0.0125 0.0109375
1 0.6890625 0.7109375 0.0046875 0.0125
1 0.990625 0.740625 0.01875 0.040625
0 0.95625 0.52265625 0.0875 0.1984375
1 0.8671875 0.6125 0.1890625 0.1609375
1 0.7140625 0.4984375 0.034375 0.028125