0 0.33203125 0.2484375 0.1140625 0.140625
1 0.3796875 0.30859375 0.01875 0.0421875
1 0.190625 0.309375 0.0453125 0.04375
1 0.325 0.20625 0.028125 0.0171875
1 0.303125 0.1109375 0.034375 0.040625
1 0.1078125 0.1109375 0.0328125 0.04375
1 0.20625 0.1453125 0.021875 0.0328125
1 0.02578125 0.15625 0.0515625 0.046875
1 0.15390625 0.00625 0.0265625 0.0125
1 0.0484375 0.2546875 0.025 0.0265625
1 0.3703125 0.1734375 0.021875 0.0265625
1 0.2875 0.0734375 0.046875 0.021875
1 0.1484375 0.125 0.021875 0.028125
1 0.02734375 0.00703125 0.0171875 0.0140625
1 0.3609375 0.0796875 0.0390625 0.0265625
0 0.3015625 0.3234375 0.046875 0.03125
1 0.934375 0.090625 0.028125 0.0078125
1 0.75625 0.1078125 0.0203125 0.0203125
1 0.7578125 0.128125 0.0140625 0.0109375
1 0.775 0.0765625 0.0375 0.028125
1 0.7515625 0.0515625 0.021875 0.034375
1 0.90078125 0.0109375 0.0359375 0.021875
0 0.5203125 0.159375 0.0953125 0.0703125
0 0.659375 0.09296875 0.290625 0.1859375
1 0.340625 0.99296875 0.0125 0.0140625
1 0.3421875 0.9875 0.015625 0.0125
1 0.3640625 0.9640625 0.034375 0.0234375
1 0.3046875 0.959375 0.025 0.0359375
1 0.275 0.940625 0.0265625 0.0203125
1 0.265625 0.971875 0.071875 0.05625
1 0.371875 0.8265625 0.01875 0.0171875
1 0.3625 0.85 0.025 0.015625
1 0.384375 0.87421875 0.009375 0.0203125
1 0.353125 0.8671875 0.0234375 0.0390625
1 0.2828125 0.765625 0.0171875 0.0140625
1 0.284375 0.7015625 0.021875 0.0125
1 0.3453125 0.5828125 0.015625 0.025
1 0.35 0.725 0.0171875 0.015625
1 0.33125 0.9546875 0.009375 0.009375
1 0.0640625 0.98359375 0.0375 0.0328125
1 0.0375 0.9609375 0.0390625 0.0390625
1 0.03125 0.9890625 0.0375 0.021875
1 0.0578125 0.7734375 0.0234375 0.021875
1 0.04375 0.790625 0.0546875 0.0578125
1 0.0359375 0.790625 0.0265625 0.0078125
1 0.0265625 0.7890625 0.015625 0.0203125
1 0.084375 0.83125 0.015625 0.015625
1 0.0828125 0.8453125 0.028125 0.021875
1 0.0671875 0.878125 0.0203125 0.0484375
1 0.053125 0.8484375 0.0890625 0.04375
1 0.059375 0.8578125 0.015625 0.009375
1 0.03671875 0.8734375 0.0734375 0.1125
1 0.00546875 0.87421875 0.0109375 0.0234375
1 0.00546875 0.77890625 0.0109375 0.0265625
1 0.0734375 0.5015625 0.03125 0.0265625
1 0.040625 0.5390625 0.028125 0.0265625
1 0.0375 0.5734375 0.0453125 0.0328125
1 0.0796875 0.6546875 0.01875 0.0265625
1 0.021875 0.7359375 0.0171875 0.0109375
1 0.1265625 0.7984375 0.015625 0.015625
1 0.16875 0.76875 0.0328125 0.021875
1 0.153125 0.68125 0.021875 0.034375
1 0.125 0.6625 0.028125 0.0359375
1 0.1875 0.5875 0.015625 0.015625
1 0.1703125 0.5796875 0.034375 0.025
1 0.303125 0.584375 0.0390625 0.040625
0 0.29609375 0.53984375 0.1859375 0.1046875
0 0.3078125 0.74609375 0.1625 0.2453125
0 0.29609375 0.87109375 0.1859375 0.2078125
0 0.1890625 0.990625 0.05625 0.01875
1 0.553125 0.5265625 0.0234375 0.015625
1 0.6484375 0.7953125 0.059375 0.0625
1 0.4234375 0.8609375 0.046875 0.0484375
1 0.475 0.88125 0.0171875 0.028125
1 0.4484375 0.896875 0.015625 0.01875
0 0.90625 0.925 0.0828125 0.0171875
1 0.76875 0.853125 0.034375 0.046875
1 0.8859375 0.8796875 0.128125 0.0953125
1 0.9296875 0.9 0.0328125 0.0265625
0 0.884375 0.7796875 0.0921875 0.0828125
1 0.9578125 0.7375 0.0296875 0.0328125
1 0.95 0.6921875 0.0296875 0.0109375
1 0.9484375 0.7140625 0.015625 0.015625
1 0.75625 0.6625 0.0484375 0.04375
1 0.8765625 0.6890625 0.0484375 0.0078125
1 0.8703125 0.73125 0.0546875 0.034375
1 0.7703125 0.7328125 0.021875 0.03125
1 0.9375 0.5703125 0.0453125 0.015625
1 0.934375 0.5984375 0.04375 0.034375
1 0.9921875 0.565625 0.015625 0.021875
1 0.99765625 0.6578125 0.0046875 0.015625
1 0.8390625 0.6328125 0.1171875 0.0453125
1 0.846875 0.609375 0.040625 0.034375
1 0.909375 0.5828125 0.1359375 0.0375
1 0.78125 0.4453125 0.028125 0.0375
0 0.896875 0.5265625 0.1 0.05
0 0.93046875 0.46640625 0.1390625 0.0734375
1 0.834375 0.49375 0.0390625 0.021875
1 0.5453125 0.6296875 0.046875 0.04375
1 0.40234375 0.640625 0.0265625 0.03125
1 0.39921875 0.61484375 0.0203125 0.0171875
1 0.5109375 0.7890625 0.03125 0.0234375
1 0.446875 0.7515625 0.0234375 0.0265625
1 0.5578125 0.7015625 0.028125 0.028125
1 0.3984375 0.78125 0.01875 0.025