1 0.4375 0.346875 0.0140625 0.025
1 0.4359375 0.09375 0.0234375 0.0375
0 0.3984375 0.05 0.0546875 0.021875
0 0.3921875 0.4359375 0.05625 0.034375
1 0.3375 0.3328125 0.028125 0.021875
1 0.23125 0.3921875 0.0375 0.034375
1 0.2234375 0.3359375 0.01875 0.0328125
1 0.203125 0.271875 0.0234375 0.01875
0 0.1828125 0.353125 0.0703125 0.0703125
0 0.25625 0.515625 0.0390625 0.028125
1 0.365625 0.30625 0.0234375 0.025
1 0.365625 0.3265625 0.0203125 0.01875
1 0.325 0.4171875 0.015625 0.028125
1 0.3296875 0.2671875 0.015625 0.01875
1 0.4140625 0.534375 0.021875 0.0140625
0 0.43515625 0.240625 0.0296875 0.05
0 0.3796875 0.15625 0.1359375 0.1453125
0 0.33125 0.2296875 0.0359375 0.0453125
0 0.271875 0.2609375 0.0765625 0.0546875
1 0.29375 0.284375 0.015625 0.01875
0 0.1859375 0.184375 0.0828125 0.15
0 0.2703125 0.1296875 0.084375 0.096875
0 0.265625 0.45625 0.0359375 0.0296875
0 0.30625 0.4515625 0.0421875 0.0359375
1 0.2171875 0.0390625 0.01875 0.01875
1 0.3046875 0.0453125 0.01875 0.0203125
0 0.29765625 0.0171875 0.0703125 0.034375
1 0.2953125 0.071875 0.01875 0.015625
1 0.1640625 0.0703125 0.0234375 0.0375
1 0.671875 0.584375 0.0046875 0.0078125
1 0.671875 0.14375 0.00625 0.0109375
1 0.51875 0.1953125 0.0171875 0.0140625
1 0.496875 0.4828125 0.0078125 0.015625
1 0.45234375 0.38125 0.0046875 0.00625
1 0.7828125 0.6 0.021875 0.01875
1 0.684375 0.50625 0.025 0.0234375
1 0.65 0.484375 0.0375 0.015625
1 0.5671875 0.4578125 0.09375 0.1109375
1 0.5921875 0.3890625 0.0609375 0.034375
1 0.61875 0.36875 0.0296875 0.0328125
0 0.715625 0.2203125 0.15625 0.3625
1 0.7328125 0.03828125 0.121875 0.0765625
0 0.5203125 0.18984375 0.140625 0.3796875
1 0.2015625 0.9765625 0.0234375 0.0296875
1 0.28125 0.94375 0.0234375 0.021875
1 0.15 0.8421875 0.015625 0.015625
1 0.2265625 0.775 0.025 0.0390625
1 0.25625 0.7875 0.0296875 0.025
1 0.36875 0.7640625 0.05 0.028125
1 0.00859375 0.6875 0.0171875 0.03125
1 0.04140625 0.64453125 0.0359375 0.0296875
1 0.09375 0.671875 0.046875 0.0234375
1 0.1265625 0.634375 0.0625 0.009375
1 0.175 0.6453125 0.01875 0.0171875
1 0.2609375 0.703125 0.0328125 0.0234375
1 0.24375 0.7125 0.0171875 0.01875
0 0.71015625 0.94453125 0.0640625 0.1109375
0 0.6609375 0.9484375 0.0234375 0.0390625
1 0.9109375 0.7109375 0.0265625 0.021875
1 0.9234375 0.6765625 0.028125 0.0140625
0 0.94921875 0.94765625 0.1015625 0.1046875
0 0.8984375 0.9515625 0.1953125 0.078125