1 0.175 0.3125 0.0125 0.0109375
1 0.21875 0.3078125 0.0140625 0.0078125
1 0.4765625 0.1828125 0.00625 0.009375
1 0.075 0.2140625 0.0390625 0.0328125
1 0.13125 0.1828125 0.1515625 0.0609375
1 0.0671875 0.24375 0.0203125 0.0328125
1 0.0625 0.125 0.0125 0.05
1 0.6625 0.3046875 0.01875 0.0234375
1 0.7375 0.18125 0.03125 0.046875
1 0.8875 0.1453125 0.00625 0.0109375
0 0.82578125 0.25390625 0.3078125 0.1296875
1 0.8828125 0.2828125 0.0296875 0.0265625
1 0.87265625 0.3140625 0.0234375 0.009375
1 0.4171875 0.4390625 0.0078125 0.0125
1 0.19375 0.6328125 0.0375 0.028125
1 0.221875 0.6765625 0.0296875 0.0296875
1 0.3765625 0.9390625 0.025 0.0203125
1 0.3015625 0.6546875 0.0375 0.0453125
1 0.0484375 0.6578125 0.0234375 0.009375
0 0.00859375 0.7015625 0.0171875 0.0625
0 0.403125 0.6765625 0.1671875 0.396875
0 0.21875 0.78125 0.2765625 0.2484375
0 0.0796875 0.77890625 0.159375 0.2859375
0 0.81328125 0.89375 0.0796875 0.2125
0 0.915625 0.9 0.01875 0.06875
0 0.5109375 0.8953125 0.04375 0.1
1 0.8234375 0.509375 0.0234375 0.021875
1 0.4953125 0.7015625 0.0125 0.025
1 0.60625 0.7578125 0.0109375 0.0078125
1 0.546875 0.7078125 0.0171875 0.0078125