1 0.08125 0.5484375 0.0140625 0.0296875
1 0.08359375 0.00390625 0.0484375 0.0078125
1 0.1125 0.3296875 0.0109375 0.0078125
1 0.146875 0.528125 0.0203125 0.01875
1 0.2125 0.55625 0.0109375 0.0078125
1 0.2484375 0.025 0.0078125 0.009375
1 0.265625 0.1953125 0.0140625 0.0078125
1 0.2671875 0.4828125 0.0125 0.0359375
0 0.2109375 0.290625 0.125 0.2328125
0 0.09609375 0.23046875 0.1921875 0.3078125
1 0.1328125 0.134375 0.05 0.0484375
1 0.196875 0.1828125 0.025 0.03125
1 0.528125 0.0328125 0.015625 0.0109375
1 0.575 0.565625 0.0453125 0.0390625
1 0.578125 0.01328125 0.025 0.0265625
1 0.6 0.5484375 0.0828125 0.0546875
1 0.565625 0.2953125 0.1375 0.14375
1 0.6515625 0.2890625 0.021875 0.0234375
1 0.640625 0.3828125 0.0375 0.0203125
1 0.6765625 0.4890625 0.028125 0.0171875
1 0.70625 0.0296875 0.0125 0.0140625
1 0.715625 0.240625 0.0453125 0.0234375
1 0.7171875 0.334375 0.065625 0.0359375
1 0.7453125 0.4875 0.046875 0.046875
1 0.7578125 0.51875 0.040625 0.028125
1 0.825 0.55 0.0171875 0.0265625
1 0.846875 0.3 0.084375 0.0703125
1 0.8828125 0.515625 0.021875 0.03125
1 0.884375 0.2109375 0.0578125 0.0421875
1 0.9 0.48125 0.0328125 0.04375
1 0.909375 0.4171875 0.0375 0.046875
1 0.934375 0.1171875 0.025 0.0125
1 0.940625 0.5265625 0.01875 0.0359375
1 0.9609375 0.5265625 0.01875 0.015625
0 0.5203125 0.1296875 0.1546875 0.1734375
0 0.621875 0.103125 0.1046875 0.15625
0 0.8375 0.0921875 0.18125 0.1625
0 0.7328125 0.115625 0.1515625 0.153125
1 0.4953125 0.5546875 0.0609375 0.0546875
1 0.659375 0.240625 0.0546875 0.078125
1 0.8390625 0.2390625 0.0078125 0.025
1 0.9296875 0.321875 0.034375 0.0203125
1 0.7765625 0.4203125 0.1046875 0.0734375
1 0.796875 0.3609375 0.0625 0.0671875
1 0.6515625 0.4328125 0.028125 0.021875
1 0.678125 0.4375 0.025 0.0265625
1 0.49375 0.3640625 0.053125 0.0265625
1 0.45625 0.375 0.0265625 0.0265625
1 0.5015625 0.4359375 0.05 0.053125
1 0.4921875 0.4078125 0.040625 0.03125
1 0.88984375 0.57734375 0.0265625 0.0234375
1 0.853125 0.58203125 0.04375 0.0140625
1 0.9140625 0.0546875 0.0265625 0.046875
1 0.9234375 0.01796875 0.04375 0.0359375
1 0.1828125 0.771875 0.034375 0.021875
1 0.2546875 0.975 0.028125 0.0234375
1 0.31875 0.9640625 0.0203125 0.0578125
1 0.378125 0.840625 0.0109375 0.009375
1 0.390625 0.803125 0.0125 0.0078125
1 0.41171875 0.99765625 0.0078125 0.0046875
1 0.415625 0.878125 0.0125 0.015625
1 0.290625 0.8640625 0.0109375 0.0171875
1 0.265625 0.8453125 0.0453125 0.0578125
0 0.2078125 0.9328125 0.1671875 0.1125
0 0.34609375 0.8609375 0.1859375 0.278125
1 0.3015625 0.8421875 0.0125 0.025
1 0.3140625 0.8359375 0.0203125 0.015625
1 0.3 0.7875 0.0203125 0.01875
1 0.4484375 0.965625 0.0140625 0.009375
0 0.45625 0.79296875 0.034375 0.2765625
1 0.4859375 0.8703125 0.0125 0.0109375
1 0.5015625 0.778125 0.0109375 0.009375
1 0.6234375 0.8234375 0.0109375 0.009375
1 0.8140625 0.9015625 0.0078125 0.0109375
0 0.5484375 0.79375 0.11875 0.3171875
1 0.8390625 0.7203125 0.034375 0.028125
1 0.5125 0.84375 0.0109375 0.053125
0 0.7484375 0.815625 0.278125 0.10625