1 0.1515625 0.3296875 0.053125 0.06875
1 0.1734375 0.4390625 0.0328125 0.0515625
1 0.3390625 0.059375 0.01875 0.06875
1 0.2734375 0.0453125 0.015625 0.08125
1 0.59609375 0.48671875 0.0265625 0.0046875
1 0.1265625 0.246875 0.0265625 0.0265625
0 0.240625 0.128125 0.1734375 0.1703125
1 0.20625 0.246875 0.0203125 0.0125
1 0.3 0.20625 0.009375 0.0125
0 0.2515625 0.3390625 0.109375 0.2859375
0 0.25 0.4171875 0.175 0.14375
1 0.95625 0.2609375 0.025 0.034375
1 0.9703125 0.4109375 0.0125 0.0078125
1 0.796875 0.46875 0.009375 0.0109375
1 0.9171875 0.475 0.009375 0.0140625
1 0.6890625 0.2390625 0.021875 0.0140625
1 0.78125 0.2453125 0.015625 0.0140625
1 0.759375 0.265625 0.0140625 0.0171875
0 0.69140625 0.29609375 0.1640625 0.1296875
0 0.7375 0.36875 0.1375 0.240625
1 0.040625 0.8046875 0.01875 0.01875
1 0.2421875 0.8203125 0.025 0.034375
0 0.446875 0.98359375 0.0875 0.0328125
1 0.39921875 0.98359375 0.0296875 0.0328125
1 0.43125 0.9671875 0.0140625 0.0109375
1 0.4734375 0.9578125 0.0296875 0.0171875
1 0.3609375 0.90625 0.0671875 0.05
1 0.3953125 0.878125 0.0421875 0.0109375
1 0.4140625 0.859375 0.01875 0.01875
1 0.440625 0.746875 0.0453125 0.0453125
1 0.4609375 0.7578125 0.0109375 0.0140625
1 0.4140625 0.715625 0.0390625 0.025
0 0.51328125 0.77578125 0.1921875 0.1453125
0 0.47578125 0.86171875 0.2671875 0.2765625
1 0.9265625 0.9984375 0.0125 0.003125
1 0.7125 0.93125 0.015625 0.0171875
1 0.6734375 0.8203125 0.0421875 0.0296875
1 0.728125 0.8125 0.0234375 0.025
1 0.734375 0.790625 0.0203125 0.021875
1 0.63125 0.79375 0.01875 0.0203125
1 0.9125 0.7890625 0.0171875 0.021875
0 0.94453125 0.80859375 0.1109375 0.0703125
1 0.98359375 0.78203125 0.0328125 0.0234375
0 0.93671875 0.73515625 0.1265625 0.0703125
1 0.875 0.6765625 0.0109375 0.0171875
1 0.7625 0.6609375 0.028125 0.01875
0 0.9765625 0.6796875 0.046875 0.05625
1 0.7328125 0.6609375 0.0390625 0.01875
1 0.7390625 0.921875 0.0234375 0.015625
1 0.753125 0.8265625 0.0203125 0.0203125
1 0.8375 0.8234375 0.021875 0.0125
0 0.96953125 0.9671875 0.0609375 0.065625
0 0.95859375 0.9234375 0.0828125 0.1375