0 0.23671875 0.4359375 0.2453125 0.10625
0 0.2828125 0.28828125 0.153125 0.2609375
0 0.240625 0.115625 0.065625 0.159375
0 0.2515625 0.0328125 0.0171875 0.046875
1 0.2765625 0.11875 0.04375 0.0328125
1 0.18125 0.1546875 0.034375 0.03125
1 0.2015625 0.3609375 0.025 0.0171875
1 0.1921875 0.3453125 0.0203125 0.0140625
1 0.028125 0.0859375 0.0390625 0.025
1 0.1484375 0.159375 0.0234375 0.03125
1 0.1828125 0.1265625 0.028125 0.0125
1 0.3203125 0.140625 0.01875 0.0375
1 0.1765625 0.05 0.025 0.0328125
1 0.99375 0.35859375 0.0125 0.0140625
1 0.6828125 0.3421875 0.015625 0.021875
1 0.7640625 0.3265625 0.0203125 0.0234375
1 0.7984375 0.3296875 0.0171875 0.0125
1 0.7203125 0.3234375 0.0171875 0.0171875
1 0.4 0.134375 0.025 0.0359375
1 0.4859375 0.121875 0.0234375 0.0265625
1 0.790625 0.10625 0.040625 0.0265625
1 0.978125 0.0203125 0.0296875 0.0171875
0 0.521875 0.2875 0.1390625 0.1640625
0 0.5609375 0.146875 0.1703125 0.134375
0 0.503125 0.0546875 0.19375 0.109375
1 0.3890625 0.0828125 0.0125 0.015625
1 0.6921875 0.0765625 0.0171875 0.0171875
1 0.7015625 0.0625 0.034375 0.0359375
1 0.7203125 0.071875 0.0375 0.0328125
1 0.7453125 0.040625 0.0359375 0.034375
1 0.86796875 0.00390625 0.0171875 0.0078125
1 0.82734375 0.015625 0.0234375 0.03125
1 0.8515625 0.0140625 0.0234375 0.021875
1 0.809375 0.025 0.0109375 0.0203125
1 0.828125 0.0796875 0.0140625 0.0234375
1 0.6984375 0.1765625 0.021875 0.025
1 0.8765625 0.0875 0.028125 0.034375
1 0.8609375 0.071875 0.01875 0.021875
1 0.853125 0.090625 0.0296875 0.015625
1 0.8828125 0.1203125 0.021875 0.0203125
1 0.86875 0.1296875 0.01875 0.0234375
1 0.8578125 0.1328125 0.01875 0.028125
1 0.8421875 0.153125 0.0484375 0.040625
1 0.8625 0.184375 0.0296875 0.028125
1 0.7640625 0.2046875 0.015625 0.0125
1 0.7859375 0.23125 0.01875 0.028125
1 0.925 0.246875 0.021875 0.0171875
1 0.6921875 0.3109375 0.015625 0.0265625
1 0.8625 0.2859375 0.0296875 0.0359375
1 0.8609375 0.2484375 0.015625 0.0109375
1 0.85625 0.35 0.0328125 0.040625
1 0.8375 0.3140625 0.028125 0.0203125
1 0.79375 0.30625 0.0140625 0.0125
1 0.7984375 0.359375 0.03125 0.025
1 0.9796875 0.2015625 0.0171875 0.0234375
1 0.953125 0.340625 0.021875 0.0296875
1 0.03046875 0.996875 0.0078125 0.00625
1 0.1359375 0.990625 0.0109375 0.0125
1 0.18125 0.953125 0.00625 0.0125
1 0.1671875 0.9328125 0.0078125 0.01875
1 0.0453125 0.925 0.01875 0.01875
1 0.203125 0.8578125 0.0375 0.0359375
1 0.2296875 0.828125 0.015625 0.021875
1 0.0203125 0.809375 0.0078125 0.0078125
1 0.321875 0.7984375 0.0265625 0.0203125
1 0.18125 0.7890625 0.0125 0.00625
1 0.0828125 0.7671875 0.0171875 0.015625
1 0.021875 0.771875 0.00625 0.0125
1 0.015625 0.6140625 0.0046875 0.0109375
1 0.090625 0.6875 0.01875 0.0140625
1 0.209375 0.6203125 0.015625 0.0265625
1 0.203125 0.746875 0.03125 0.0375
0 0.246875 0.70078125 0.225 0.1640625
0 0.240625 0.91640625 0.2375 0.1515625
0 0.1515625 0.953125 0.084375 0.09375
1 0.5234375 0.859375 0.0078125 0.0109375
1 0.9625 0.853125 0.0359375 0.0265625
0 0.8203125 0.8875 0.315625 0.140625
1 0.865625 0.80625 0.0125 0.0234375
1 0.3703125 0.796875 0.021875 0.03125
1 0.98125 0.775 0.01875 0.0234375
1 0.5265625 0.728125 0.0234375 0.0265625
1 0.378125 0.7171875 0.00625 0.0109375
1 0.99296875 0.68125 0.0140625 0.025
1 0.775 0.6703125 0.046875 0.0140625
0 0.70625 0.7375 0.4234375 0.1625
1 0.675 0.6578125 0.0140625 0.0125
1 0.38125 0.6328125 0.0125 0.0125
1 0.7875 0.6265625 0.0078125 0.0078125
1 0.95 0.6203125 0.0109375 0.0109375
1 0.8328125 0.6125 0.028125 0.03125
1 0.3609375 0.57734375 0.003125 0.0109375
1 0.8671875 0.559375 0.009375 0.0046875
1 0.403125 0.54375 0.03125 0.025
1 0.8984375 0.5296875 0.0203125 0.0125
0 0.8140625 0.56796875 0.140625 0.1578125
1 0.4171875 0.5203125 0.0109375 0.009375
1 0.50625 0.5921875 0.025 0.034375
1 0.528125 0.5859375 0.015625 0.025
1 0.45625 0.8390625 0.025 0.0109375
1 0.3890625 0.86875 0.0171875 0.0140625
1 0.403125 0.6765625 0.0171875 0.0125
1 0.7859375 0.809375 0.0609375 0.0140625
1 0.73203125 0.48984375 0.0140625 0.0015625