0 0.17265625 0.04140625 0.1328125 0.0828125
0 0.1828125 0.175 0.1796875 0.0578125
1 0.3296875 0.040625 0.04375 0.0421875
1 0.95625 0.271875 0.03125 0.0375
1 0.8125 0.2234375 0.0484375 0.0390625
0 0.8265625 0.21953125 0.15625 0.1984375
0 0.84453125 0.21953125 0.2546875 0.1984375
1 0.7984375 0.2546875 0.015625 0.0484375
1 0.253125 0.6984375 0.0125 0.015625
1 0.446875 0.66171875 0.00625 0.0140625
1 0.340625 0.6640625 0.0125 0.0203125
1 0.0328125 0.6265625 0.0078125 0.0125
1 0.2734375 0.571875 0.0234375 0.015625
1 0.121875 0.5140625 0.015625 0.0078125
1 0.325 0.5078125 0.028125 0.0296875
1 0.265625 0.46875 0.0390625 0.0328125
1 0.3625 0.4359375 0.03125 0.0234375
1 0.075 0.4234375 0.03125 0.0328125
1 0.30625 0.3859375 0.021875 0.01875
1 0.403125 0.38125 0.01875 0.0453125
1 0.08125 0.3890625 0.034375 0.040625
1 0.0734375 0.4953125 0.025 0.01875
1 0.009375 0.55859375 0.01875 0.0328125
1 0.29375 0.55 0.021875 0.034375
1 0.3453125 0.525 0.0203125 0.025
0 0.1671875 0.475 0.096875 0.078125
0 0.1671875 0.5765625 0.0953125 0.121875
0 0.1765625 0.659375 0.171875 0.053125
1 0.153125 0.715625 0.0484375 0.034375
1 0.209375 0.7078125 0.028125 0.0203125
1 0.2859375 0.6953125 0.025 0.0171875
1 0.303125 0.6828125 0.015625 0.0234375
1 0.3109375 0.6046875 0.0171875 0.0203125
0 0.1828125 0.740625 0.0546875 0.090625
0 0.175 0.815625 0.13125 0.1109375
1 0.30625 0.8171875 0.03125 0.04375
1 0.1265625 0.803125 0.1265625 0.0484375
1 0.428125 0.746875 0.025 0.0234375
1 0.4171875 0.7640625 0.028125 0.015625
1 0.3671875 0.6828125 0.0171875 0.0234375
1 0.41875 0.7109375 0.03125 0.0234375
1 0.6546875 0.3796875 0.11875 0.0375
1 0.7671875 0.38125 0.0203125 0.0390625
1 0.9125 0.3875 0.0453125 0.053125
1 0.9015625 0.421875 0.0359375 0.05625
1 0.7203125 0.4765625 0.053125 0.025
1 0.709375 0.5609375 0.0375 0.0375
1 0.684375 0.51875 0.0265625 0.03125
0 0.6 0.7203125 0.2875 0.2375
0 0.5875 0.8046875 0.275 0.165625
1 0.459375 0.53984375 0.01875 0.0265625