1 0.1546875 0.0359375 0.0125 0.00625
1 0.1234375 0.034375 0.0234375 0.0140625
1 0.33515625 0.0359375 0.0484375 0.053125
0 0.28515625 0.0953125 0.1484375 0.190625
0 0.23046875 0.08984375 0.2578125 0.1796875
0 0.28671875 0.15390625 0.1453125 0.1109375
1 0.42109375 0.16171875 0.1234375 0.1734375
1 0.3640625 0.1921875 0.009375 0.05
1 0.4234375 0.0609375 0.0453125 0.046875
1 0.390625 0.0359375 0.0359375 0.0296875
1 0.5078125 0.20625 0.0328125 0.0265625
1 0.5234375 0.059375 0.0640625 0.0515625
1 0.59375 0.0859375 0.0359375 0.0671875
1 0.55 0.1109375 0.046875 0.040625
1 0.640625 0.1390625 0.059375 0.0765625
1 0.615625 0.0453125 0.0265625 0.0765625
1 0.525 0.31484375 0.0625 0.0484375
1 0.5765625 0.33203125 0.025 0.0140625
1 0.60625 0.32109375 0.0375 0.0359375
0 0.79375 0.01875 0.0546875 0.0296875
0 0.828125 0.053125 0.14375 0.0890625
0 0.8234375 0.1171875 0.121875 0.0828125
1 0.8203125 0.1703125 0.121875 0.078125
1 0.76875 0.2328125 0.078125 0.065625
0 0.82265625 0.2875 0.1390625 0.103125
1 0.7203125 0.290625 0.0375 0.0390625
1 0.9296875 0.2140625 0.059375 0.053125
1 0.965625 0.253125 0.06875 0.128125
1 0.953125 0.2921875 0.09375 0.090625
1 0.9359375 0.31953125 0.059375 0.0390625
1 0.96171875 0.334375 0.0390625 0.009375
1 0.940625 0.06875 0.0515625 0.0671875
1 0.965625 0.0328125 0.0453125 0.0328125
1 0.98515625 0.090625 0.0296875 0.05625
1 0.7359375 0.0296875 0.0390625 0.0421875
1 0.5421875 0.2859375 0.0359375 0.0265625
1 0.553125 0.1515625 0.0234375 0.0359375
1 0.5875 0.165625 0.0234375 0.0375
1 0.621875 0.2171875 0.0328125 0.021875
1 0.5 0.0890625 0.021875 0.028125
1 0.496875 0.1109375 0.01875 0.028125
1 0.6859375 0.021875 0.0359375 0.0375
1 0.36640625 0.30078125 0.0140625 0.0640625
1 0.2453125 0.865625 0.009375 0.0125
0 0.171875 0.8828125 0.109375 0.046875
1 0.171875 0.8515625 0.0203125 0.009375
1 0.328125 0.8390625 0.03125 0.0296875
1 0.1015625 0.7875 0.0171875 0.009375
1 0.125 0.765625 0.028125 0.0125
0 0.153125 0.7796875 0.109375 0.1078125
1 0.1265625 0.71875 0.0296875 0.0390625
1 0.35703125 0.6859375 0.0046875 0.01875
0 0.140625 0.65 0.0984375 0.13125
1 0.1046875 0.59375 0.025 0.015625
1 0.0734375 0.4984375 0.0234375 0.01875
1 0.33125 0.425 0.028125 0.0234375
1 0.3359375 0.3953125 0.025 0.03125
1 0.0359375 0.6 0.0125 0.021875
1 0.0140625 0.4140625 0.025 0.0234375
1 0.1125 0.4578125 0.021875 0.0171875
1 0.1015625 0.409375 0.0140625 0.015625
1 0.128125 0.41875 0.0140625 0.015625
1 0.1390625 0.5234375 0.0546875 0.0234375
1 0.0953125 0.5796875 0.021875 0.015625
1 0.053125 0.7765625 0.0109375 0.0203125
1 0.1078125 0.884375 0.0359375 0.040625
1 0.078125 0.5171875 0.01875 0.01875
1 0.1265625 0.5796875 0.015625 0.0125
1 0.2484375 0.60625 0.0171875 0.01875
1 0.2328125 0.5421875 0.015625 0.0109375
1 0.25625 0.553125 0.0234375 0.009375
1 0.1640625 0.4421875 0.021875 0.0109375
1 0.171875 0.4546875 0.0453125 0.0140625
1 0.1828125 0.4390625 0.0078125 0.015625
1 0.196875 0.43125 0.0140625 0.015625
1 0.2265625 0.4203125 0.01875 0.0203125
1 0.2734375 0.45625 0.0234375 0.009375
1 0.1859375 0.5078125 0.0203125 0.0203125
1 0.1828125 0.390625 0.0171875 0.0171875
1 0.1578125 0.4015625 0.015625 0.0171875
1 0.29375 0.425 0.0125 0.0109375
1 0.3 0.4109375 0.0109375 0.0140625
1 0.3265625 0.540625 0.021875 0.0234375
1 0.346875 0.5546875 0.01875 0.0234375
1 0.35703125 0.5515625 0.0046875 0.01875
1 0.35390625 0.5828125 0.0109375 0.0125
1 0.3390625 0.59375 0.015625 0.015625
1 0.353125 0.621875 0.0125 0.01875
1 0.321875 0.684375 0.0171875 0.021875
1 0.3453125 0.6875 0.0171875 0.015625
1 0.3453125 0.7140625 0.0234375 0.025
1 0.35 0.7265625 0.0125 0.0109375
1 0.353125 0.765625 0.0125 0.01875
1 0.35078125 0.7859375 0.0171875 0.01875
1 0.01171875 0.74765625 0.0234375 0.0265625
1 0.1734375 0.4734375 0.0453125 0.0359375
1 0.1203125 0.8453125 0.0515625 0.0390625
0 0.75 0.7875 0.1953125 0.15
0 0.759375 0.915625 0.159375 0.075
1 0.7046875 0.6484375 0.01875 0.06875
1 0.7 0.5671875 0.04375 0.05
1 0.64375 0.7203125 0.015625 0.046875
1 0.753125 0.446875 0.0265625 0.0265625
1 0.9796875 0.4765625 0.040625 0.034375
1 0.9859375 0.5234375 0.028125 0.034375
1 0.9890625 0.7234375 0.021875 0.0375
1 0.98671875 0.82265625 0.0265625 0.0453125
1 0.971875 0.8859375 0.0296875 0.021875
1 0.5359375 0.471875 0.0265625 0.0296875
1 0.55 0.6265625 0.025 0.0234375
1 0.5203125 0.628125 0.0234375 0.025
1 0.5578125 0.565625 0.0390625 0.0203125
1 0.54375 0.5765625 0.021875 0.0265625
1 0.6859375 0.6296875 0.015625 0.0171875