1 0.33515625 0.0015625 0.0078125 0.003125
1 0.4703125 0.0140625 0.0125 0.028125
1 0.0375 0.0984375 0.015625 0.021875
1 0.3015625 0.1140625 0.0203125 0.0125
1 0.178125 0.1453125 0.0125 0.0078125
1 0.4109375 0.15 0.0203125 0.025
1 0.153125 0.2421875 0.040625 0.034375
1 0.3484375 0.2421875 0.0609375 0.053125
1 0.371875 0.3625 0.034375 0.0125
1 0.175 0.3671875 0.009375 0.0140625
1 0.0671875 0.3984375 0.025 0.021875
1 0.3265625 0.4390625 0.0109375 0.0078125
1 0.515625 0.4375 0.0171875 0.03125
1 0.5609375 0.465625 0.0109375 0.0171875
1 0.465625 0.4828125 0.0625 0.04375
1 0.565625 0.1453125 0.0546875 0.0515625
1 0.60625 0.1703125 0.0234375 0.01875
1 0.58125 0.2 0.034375 0.0171875
0 0.24375 0.4046875 0.309375 0.125
0 0.234375 0.2203125 0.2203125 0.28125
1 0.2015625 0.1421875 0.0234375 0.009375
0 0.21328125 0.090625 0.2515625 0.18125
1 0.23125 0.0859375 0.009375 0.0203125
0 0.9796875 0.10859375 0.040625 0.2171875
0 0.9515625 0.2640625 0.08125 0.209375
1 0.934375 0.446875 0.040625 0.028125
1 0.7765625 0.3 0.0203125 0.0203125
1 0.0921875 0.6984375 0.0078125 0.0109375
1 0.5703125 0.7078125 0.0140625 0.01875
1 0.340625 0.7140625 0.009375 0.0078125
1 0.0515625 0.7390625 0.009375 0.0140625
1 0.540625 0.7421875 0.0296875 0.0234375
1 0.0609375 0.7546875 0.0109375 0.0140625
1 0.096875 0.8296875 0.0171875 0.0125
1 0.6078125 0.9265625 0.01875 0.0125
1 0.25 0.9359375 0.0140625 0.0078125
1 0.1234375 0.95 0.0109375 0.0078125
1 0.3015625 0.971875 0.015625 0.01875
0 0.06640625 0.890625 0.1328125 0.21875
0 0.07265625 0.74609375 0.1453125 0.1140625
1 0.8203125 0.9546875 0.0296875 0.0296875
1 0.6578125 0.98828125 0.03125 0.0234375