1 0.2640625 0.0578125 0.0125 0.009375
1 0.1390625 0.3796875 0.0140625 0.0140625
1 0.6109375 0.2703125 0.021875 0.015625
1 0.6203125 0.203125 0.0296875 0.0140625
1 0.528125 0.0984375 0.0265625 0.0375
1 0.4984375 0.1171875 0.015625 0.015625
1 0.465625 0.0578125 0.0140625 0.0125
1 0.484375 0.0515625 0.0203125 0.0265625
0 0.265625 0.02421875 0.25625 0.0484375
1 0.3828125 0.0109375 0.0125 0.0171875
1 0.346875 0.034375 0.0453125 0.0453125
1 0.31875 0.0625 0.015625 0.015625
1 0.15078125 0.00859375 0.0359375 0.0171875
1 0.2359375 0.090625 0.0234375 0.03125
1 0.2171875 0.09375 0.021875 0.01875
1 0.3203125 0.1515625 0.03125 0.025
0 0.190625 0.1734375 0.35625 0.2421875
1 0.0265625 0.3734375 0.046875 0.0265625
1 0.13125 0.3484375 0.025 0.0203125
1 0.0375 0.259375 0.0359375 0.0234375
1 0.0484375 0.2234375 0.0078125 0.0296875
0 0.2546875 0.2453125 0.34375 0.284375
1 0.3046875 0.375 0.0328125 0.025
1 0.4796875 0.2609375 0.03125 0.0328125
1 0.51875 0.3 0.025 0.0234375
1 0.9875 0.021875 0.0109375 0.0109375
0 0.871875 0.1703125 0.084375 0.0796875
1 0.7109375 0.26484375 0.084375 0.0828125
1 0.7171875 0.19140625 0.096875 0.0859375
1 0.753125 0.2234375 0.009375 0.009375
1 0.7625 0.0984375 0.0125 0.0109375
1 0.6875 0.0953125 0.0125 0.0078125
1 0.709375 0.45 0.0359375 0.065625
1 0.67578125 0.51484375 0.0140625 0.0296875
0 0.58125 0.975 0.0875 0.05
0 0.5984375 0.83984375 0.140625 0.1890625
0 0.578125 0.7171875 0.075 0.0484375
1 0.4140625 0.9015625 0.0171875 0.0140625
1 0.2578125 0.7046875 0.0390625 0.059375
1 0.246875 0.8265625 0.040625 0.0375
0 0.0875 0.7046875 0.1140625 0.1109375
0 0.078125 0.790625 0.1203125 0.053125
0 0.10625 0.8828125 0.146875 0.1453125
1 0.1796875 0.934375 0.0296875 0.0328125
1 0.25703125 0.99609375 0.0296875 0.0078125
1 0.2140625 0.921875 0.015625 0.0125
1 0.09375 0.9609375 0.0203125 0.03125
1 0.8484375 0.75 0.01875 0.01875
1 0.7359375 0.6390625 0.0140625 0.0109375
0 0.71328125 0.66640625 0.0890625 0.1328125
0 0.734375 0.753125 0.13125 0.05625