1 0.2578125 0.246875 0.00625 0.0203125
1 0.571875 0.2484375 0.009375 0.00625
1 0.425 0.215625 0.0296875 0.01875
1 0.1734375 0.1671875 0.015625 0.0078125
0 0.23203125 0.24765625 0.4640625 0.1234375
0 0.2078125 0.2046875 0.2 0.1234375
1 0.978125 0.2703125 0.01875 0.06875
1 0.9125 0.25625 0.015625 0.08125
0 0.87890625 0.28125 0.1734375 0.05625
1 0.0296875 0.7296875 0.025 0.0203125
0 0.01484375 0.646875 0.0296875 0.059375
1 0.0390625 0.340625 0.00625 0.009375
0 0.015625 0.34765625 0.03125 0.0765625
1 0.0078125 0.7140625 0.0109375 0.0109375
1 0.2828125 0.7 0.0265625 0.0328125
1 0.040625 0.7046875 0.009375 0.009375
1 0.0859375 0.7125 0.0125 0.0171875
1 0.4328125 0.696875 0.0078125 0.0125
1 0.1953125 0.64375 0.0109375 0.0109375
1 0.2140625 0.6015625 0.0125 0.0140625
1 0.2046875 0.5765625 0.0203125 0.0171875
1 0.2328125 0.578125 0.0234375 0.0265625
1 0.253125 0.565625 0.025 0.0171875
1 0.2671875 0.55625 0.0203125 0.0234375
1 0.2703125 0.5265625 0.015625 0.0203125
1 0.278125 0.540625 0.009375 0.0125
1 0.275 0.49375 0.0265625 0.0265625
1 0.2703125 0.471875 0.0265625 0.028125
1 0.2765625 0.4796875 0.015625 0.0171875
1 0.290625 0.4671875 0.0140625 0.0140625
1 0.2953125 0.4515625 0.0171875 0.0234375
1 0.3109375 0.453125 0.0171875 0.021875
1 0.2984375 0.4359375 0.0203125 0.0140625
1 0.178125 0.4734375 0.0234375 0.0296875
1 0.384375 0.3359375 0.025 0.021875
1 0.334375 0.403125 0.015625 0.01875
1 0.40625 0.39375 0.0375 0.03125
1 0.4109375 0.4140625 0.0140625 0.009375
1 0.3296875 0.4765625 0.0125 0.0109375
1 0.346875 0.4984375 0.0140625 0.015625
1 0.3265625 0.515625 0.015625 0.0125
1 0.321875 0.4984375 0.0140625 0.0078125
1 0.3234375 0.6359375 0.015625 0.0125
1 0.4015625 0.55625 0.015625 0.01875
1 0.4078125 0.5484375 0.0125 0.0171875
1 0.4015625 0.58125 0.0203125 0.0203125
1 0.61171875 0.6546875 0.0140625 0.015625
1 0.5734375 0.6140625 0.0203125 0.0265625
1 0.578125 0.3296875 0.01875 0.015625
0 0.49921875 0.3359375 0.1171875 0.053125
0 0.48125 0.66875 0.159375 0.1734375
0 0.4890625 0.565625 0.1265625 0.078125
0 0.4515625 0.434375 0.09375 0.0796875
0 0.5015625 0.4609375 0.0984375 0.084375
0 0.4859375 0.5 0.1015625 0.0609375
1 0.434375 0.746875 0.0671875 0.0421875
1 0.665625 0.803125 0.0203125 0.0171875
1 0.6671875 0.43125 0.015625 0.0140625
1 0.9078125 0.9203125 0.015625 0.0171875
0 0.7578125 0.4875 0.2203125 0.0765625
1 0.6765625 0.4484375 0.01875 0.034375
1 0.6953125 0.453125 0.0109375 0.025
1 0.7 0.528125 0.0203125 0.0171875
0 0.746875 0.6328125 0.18125 0.165625
0 0.7390625 0.8140625 0.1765625 0.228125
0 0.8296875 0.90625 0.0109375 0.0453125
1 0.934375 0.4703125 0.0078125 0.0078125
1 0.9015625 0.5078125 0.0078125 0.00625