1 0.09140625 0.02265625 0.0859375 0.0453125
1 0.06875 0.1578125 0.03125 0.0359375
1 0.025 0.159375 0.0421875 0.0234375
1 0.1171875 0.1921875 0.05 0.071875
1 0.1765625 0.171875 0.05 0.0421875
1 0.08125 0.1078125 0.0328125 0.025
1 0.43984375 0.41015625 0.1859375 0.1171875
0 0.578125 0.1109375 0.29375 0.171875
1 0.5171875 0.2671875 0.021875 0.0390625
1 0.578125 0.28125 0.009375 0.0265625
0 0.603125 0.40390625 0.2 0.1296875
1 0.959375 0.0203125 0.08125 0.040625
1 0.05625 0.7625 0.0265625 0.0171875
1 0.1078125 0.7375 0.0125 0.0125
1 0.05625 0.70625 0.0171875 0.0109375
1 0.2734375 0.584375 0.0125 0.015625
1 0.15 0.58125 0.0609375 0.0296875
1 0.109375 0.4890625 0.03125 0.0234375
1 0.075 0.484375 0.0328125 0.0234375
1 0.296875 0.4953125 0.025 0.0234375
1 0.325 0.65625 0.046875 0.0390625
1 0.45 0.6921875 0.04375 0.0625
1 0.3734375 0.715625 0.03125 0.028125
1 0.378125 0.840625 0.0609375 0.0453125
1 0.44375 0.8515625 0.0484375 0.0265625
1 0.6078125 0.796875 0.0296875 0.034375
1 0.603125 0.765625 0.0375 0.03125
1 0.6265625 0.6953125 0.0359375 0.0390625
1 0.6375 0.7375 0.03125 0.0359375
1 0.690625 0.746875 0.0375 0.03125
1 0.7390625 0.7703125 0.05 0.06875
1 0.7015625 0.8375 0.0453125 0.0546875
1 0.7421875 0.846875 0.0390625 0.0375
1 0.8265625 0.803125 0.0578125 0.0546875
1 0.8375 0.8484375 0.0515625 0.0375
1 0.9046875 0.834375 0.08125 0.0515625
1 0.9578125 0.8328125 0.0296875 0.040625
1 0.953125 0.7421875 0.078125 0.090625
1 0.9296875 0.65625 0.040625 0.034375
1 0.9328125 0.603125 0.0546875 0.0578125
1 0.965625 0.64375 0.046875 0.0390625
1 0.98203125 0.50859375 0.0359375 0.0390625
1 0.86875 0.5265625 0.034375 0.0515625
1 0.915625 0.5140625 0.01875 0.0203125
1 0.8546875 0.65 0.046875 0.028125
1 0.815625 0.6203125 0.028125 0.03125
1 0.75 0.640625 0.034375 0.046875
1 0.6921875 0.6375 0.059375 0.0546875
1 0.7234375 0.6296875 0.01875 0.0203125
1 0.8140625 0.7125 0.0640625 0.0515625
1 0.590625 0.47265625 0.03125 0.0078125
0 0.628125 0.5375 0.1140625 0.103125
0 0.521875 0.51640625 0.134375 0.0953125
0 0.5125 0.5875 0.1984375 0.103125
1 0.5578125 0.49375 0.0453125 0.0359375
1 0.534375 0.475 0.065625 0.0125
0 0.49375 0.746875 0.184375 0.20625
1 0.5328125 0.8453125 0.071875 0.040625
1 0.5921875 0.8296875 0.0421875 0.0296875
1 0.7296875 0.5859375 0.034375 0.0265625
1 0.4125 0.48046875 0.040625 0.0234375
1 0.38203125 0.478125 0.0296875 0.01875
1 0.3921875 0.640625 0.021875 0.0296875
1 0.409375 0.6109375 0.028125 0.015625
1 0.3390625 0.796875 0.0171875 0.0125
1 0.678125 0.47734375 0.015625 0.0171875
1 0.6546875 0.47734375 0.021875 0.0171875
1 0.7359375 0.48359375 0.05625 0.0296875
1 0.7140625 0.50625 0.0484375 0.0484375
1 0.9640625 0.5609375 0.0484375 0.028125
1 0.9671875 0.59375 0.028125 0.05