1 0.1546875 0.00703125 0.05 0.0140625
1 0.121875 0.125 0.046875 0.0296875
1 0.253125 0.2203125 0.034375 0.0328125
1 0.2078125 0.140625 0.01875 0.025
1 0.2234375 0.3015625 0.015625 0.028125
1 0.65078125 0.31875 0.0546875 0.021875
0 0.52890625 0.2296875 0.2359375 0.2
0 0.76328125 0.24453125 0.3453125 0.1703125
0 0.8875 0.3109375 0.103125 0.0375
1 0.7421875 0.3015625 0.025 0.0234375
1 0.71875 0.315625 0.028125 0.0234375
1 0.4453125 0.1 0.0328125 0.028125
1 0.65625 0.02265625 0.084375 0.0453125
1 0.609375 0.0140625 0.0203125 0.028125
0 0.83984375 0.2234375 0.1953125 0.2125
0 0.22734375 0.5265625 0.1046875 0.303125
0 0.4359375 0.840625 0.15 0.1609375
1 0.3765625 0.8265625 0.0328125 0.0515625
1 0.371875 0.7203125 0.015625 0.021875
1 0.409375 0.7296875 0.05625 0.0296875
1 0.4453125 0.740625 0.0296875 0.0328125
0 0.59375 0.828125 0.1171875 0.1390625
0 0.528125 0.8265625 0.0734375 0.2109375
1 0.64609375 0.96796875 0.0640625 0.0640625
1 0.703125 0.9484375 0.0609375 0.0484375
1 0.8515625 0.88125 0.015625 0.0109375
0 0.859375 0.821875 0.05 0.1109375
0 0.7796875 0.815625 0.125 0.1265625
0 0.7078125 0.8296875 0.096875 0.1359375
1 0.671875 0.9140625 0.0453125 0.0171875
1 0.8265625 0.875 0.0234375 0.01875
1 0.859375 0.7109375 0.0171875 0.0328125
1 0.865625 0.678125 0.034375 0.034375
1 0.7078125 0.7203125 0.028125 0.0265625
1 0.68125 0.5734375 0.0328125 0.0359375
1 0.6734375 0.6125 0.0234375 0.03125
1 0.703125 0.5640625 0.0234375 0.01875
1 0.7125 0.5703125 0.046875 0.025
1 0.7859375 0.61875 0.0515625 0.0640625
1 0.7671875 0.5578125 0.0578125 0.05625
1 0.8484375 0.58125 0.0421875 0.034375
1 0.8109375 0.575 0.0265625 0.0203125
1 0.871875 0.615625 0.028125 0.03125
1 0.86875 0.53125 0.034375 0.0359375
1 0.846875 0.5015625 0.0421875 0.046875
0 0.8390625 0.35 0.09375 0.040625
1 0.7375 0.409375 0.08125 0.065625
0 0.66640625 0.3578125 0.0828125 0.05625
0 0.56015625 0.34453125 0.1421875 0.0296875
1 0.559375 0.415625 0.0390625 0.0328125
1 0.4796875 0.4125 0.0296875 0.025
1 0.4421875 0.33828125 0.025 0.0171875
0 0.403125 0.34609375 0.0875 0.0328125
1 0.421875 0.4 0.0265625 0.025
1 0.384375 0.6453125 0.05 0.0515625
1 0.515625 0.578125 0.0234375 0.025