1 0.5703125 0.5359375 0.021875 0.0203125
1 0.5640625 0.434375 0.025 0.0203125
1 0.553125 0.115625 0.0203125 0.0234375
1 0.46875 0.0234375 0.0234375 0.0234375
1 0.4453125 0.290625 0.0171875 0.0171875
1 0.409375 0.0515625 0.01875 0.0234375
1 0.378125 0.08125 0.0140625 0.025
1 0.3109375 0.0875 0.015625 0.0171875
1 0.296875 0.3140625 0.0125 0.0109375
1 0.275 0.240625 0.0296875 0.0859375
1 0.26015625 0.009375 0.0203125 0.01875
1 0.22734375 0.0109375 0.0265625 0.021875
1 0.2015625 0.0671875 0.0125 0.0171875
1 0.1234375 0.28125 0.0109375 0.0140625
1 0.109375 0.4484375 0.021875 0.025
1 0.28125 0.390625 0.028125 0.0171875
1 0.215625 0.3953125 0.034375 0.0234375
1 0.4328125 0.40625 0.0265625 0.0328125
1 0.4421875 0.4375 0.0359375 0.0390625
1 0.5921875 0.4953125 0.03125 0.040625
0 0.14375 0.2203125 0.090625 0.1109375
0 0.184375 0.1796875 0.1484375 0.109375
0 0.40625 0.178125 0.225 0.1234375
0 0.55 0.2078125 0.1171875 0.1765625
1 0.3796875 0.253125 0.01875 0.01875
1 0.346875 0.2515625 0.0421875 0.046875
1 0.3171875 0.2828125 0.0125 0.0140625
1 0.565625 0.265625 0.0140625 0.01875
1 0.553125 0.2546875 0.015625 0.015625
1 0.5578125 0.084375 0.0125 0.0125
1 0.5484375 0.053125 0.0171875 0.0140625
1 0.54921875 0.009375 0.0140625 0.01875
1 0.2390625 0.0515625 0.015625 0.0171875
1 0.1625 0.1078125 0.0234375 0.0171875
1 0.95625 0.2421875 0.0328125 0.0359375
1 0.9078125 0.2453125 0.0140625 0.01875
1 0.86875 0.2640625 0.015625 0.025
1 0.8359375 0.2 0.01875 0.01875
1 0.834375 0.1640625 0.0140625 0.0203125
1 0.90546875 0.53828125 0.0515625 0.0234375
1 0.946875 0.50625 0.0328125 0.040625
1 0.95625 0.090625 0.0203125 0.021875
0 0.8890625 0.0609375 0.1265625 0.0546875
1 0.3796875 0.8921875 0.0265625 0.04375
1 0.3390625 0.89375 0.021875 0.0234375
1 0.3546875 0.9171875 0.009375 0.0109375
1 0.45859375 0.9515625 0.1234375 0.096875
1 0.515625 0.85 0.034375 0.075
1 0.21875 0.984375 0.0140625 0.015625
1 0.15625 0.98984375 0.040625 0.0203125
1 0.1359375 0.9609375 0.03125 0.0390625
1 0.14375 0.9359375 0.0171875 0.0203125
1 0.11875 0.9828125 0.01875 0.0203125
1 0.096875 0.965625 0.0140625 0.0125
1 0.0734375 0.96875 0.0265625 0.0390625
1 0.0421875 0.9484375 0.021875 0.021875
1 0.025 0.9890625 0.0375 0.021875
1 0.04375 0.98125 0.015625 0.01875
1 0.0234375 0.90625 0.034375 0.040625
1 0.009375 0.8109375 0.0046875 0.059375
1 0.0171875 0.8015625 0.0203125 0.021875
1 0.0296875 0.7640625 0.0453125 0.0171875
1 0.090625 0.8078125 0.0515625 0.0328125
1 0.1828125 0.84375 0.01875 0.0109375
1 0.3015625 0.8828125 0.0515625 0.05625
1 0.3203125 0.8859375 0.0140625 0.0078125
1 0.284375 0.771875 0.0203125 0.01875
1 0.2328125 0.746875 0.021875 0.0234375
1 0.275 0.70625 0.0265625 0.025
1 0.2421875 0.7890625 0.015625 0.015625
1 0.2421875 0.778125 0.015625 0.0140625
1 0.2390625 0.83125 0.0125 0.015625
1 0.2359375 0.8859375 0.015625 0.0109375
1 0.165625 0.8625 0.01875 0.0125
1 0.190625 0.90625 0.009375 0.0125
1 0.19375 0.89375 0.015625 0.0140625
1 0.1953125 0.8578125 0.0125 0.0140625
1 0.209375 0.8515625 0.0125 0.0171875
1 0.203125 0.8875 0.0109375 0.0140625
1 0.1953125 0.8765625 0.015625 0.0140625
1 0.4078125 0.8984375 0.0265625 0.0328125
1 0.5 0.778125 0.065625 0.0984375
1 0.471875 0.771875 0.01875 0.0203125
0 0.5140625 0.69375 0.0390625 0.1265625
1 0.5078125 0.5890625 0.0125 0.025
1 0.4921875 0.5734375 0.04375 0.0265625
1 0.45 0.5640625 0.0234375 0.01875
1 0.4578125 0.5875 0.0171875 0.015625
1 0.446875 0.55390625 0.015625 0.0078125
1 0.35625 0.575 0.05625 0.05
1 0.3046875 0.6390625 0.0234375 0.025
1 0.2765625 0.5828125 0.0390625 0.0375
0 0.4265625 0.684375 0.121875 0.165625
1 0.4078125 0.6421875 0.109375 0.128125
1 0.375 0.6875 0.0515625 0.1125
1 0.2953125 0.6625 0.03125 0.0203125
0 0.334375 0.6765625 0.0796875 0.1109375
1 0.1484375 0.671875 0.028125 0.025
1 0.134375 0.6515625 0.015625 0.01875
1 0.125 0.6625 0.0140625 0.0125
1 0.1171875 0.646875 0.0234375 0.021875
1 0.15 0.6875 0.0265625 0.0265625
1 0.1875 0.746875 0.0953125 0.1046875
1 0.28046875 0.559375 0.0203125 0.01875
1 0.3046875 0.55390625 0.021875 0.0078125
1 0.03125 0.5828125 0.0328125 0.0296875
1 0.05625 0.571875 0.0421875 0.0421875
1 0.05234375 0.55546875 0.0203125 0.0109375
1 0.121875 0.56875 0.0234375 0.01875
1 0.11640625 0.55546875 0.0265625 0.0109375
1 0.14453125 0.5578125 0.0296875 0.015625
1 0.2078125 0.578125 0.015625 0.034375
1 0.18359375 0.559375 0.0140625 0.01875
1 0.20234375 0.559375 0.0390625 0.01875
0 0.0328125 0.65625 0.0515625 0.0671875
1 0.065625 0.665625 0.028125 0.03125
1 0.059375 0.6390625 0.0125 0.0203125
1 0.0515625 0.64375 0.0203125 0.021875
1 0.021875 0.6890625 0.0171875 0.0140625
1 0.05625 0.6875 0.0453125 0.0578125
1 0.0375 0.715625 0.0203125 0.021875
0 0.103125 0.6734375 0.0625 0.1
1 0.1578125 0.6109375 0.125 0.0671875
1 0.1546875 0.5953125 0.04375 0.0671875
1 0.1625 0.80625 0.0125 0.015625
1 0.1375 0.775 0.009375 0.0125
1 0.1578125 0.7546875 0.0140625 0.015625
1 0.1390625 0.7484375 0.0125 0.015625
1 0.0546875 0.8640625 0.015625 0.015625
1 0.4015625 0.940625 0.0171875 0.015625
1 0.38125 0.9984375 0.015625 0.003125
1 0.4328125 0.865625 0.0109375 0.0125
1 0.4390625 0.89375 0.0125 0.0125
1 0.45 0.8765625 0.0109375 0.0125
1 0.3921875 0.7625 0.015625 0.021875
1 0.8953125 0.7546875 0.0125 0.05625
1 0.8796875 0.90625 0.009375 0.0078125
1 0.8375 0.9234375 0.01875 0.0203125
1 0.740625 0.8125 0.021875 0.03125
1 0.7125 0.8296875 0.0109375 0.0234375
1 0.6734375 0.8328125 0.028125 0.0359375
1 0.6265625 0.771875 0.025 0.028125
1 0.6359375 0.7765625 0.028125 0.0125
1 0.646875 0.8015625 0.021875 0.0234375
1 0.890625 0.671875 0.0171875 0.025
1 0.89375 0.7015625 0.015625 0.0234375
0 0.68671875 0.6796875 0.1546875 0.259375
1 0.6640625 0.571875 0.0359375 0.025
0 0.775 0.6953125 0.253125 0.290625
0 0.734375 0.6546875 0.2171875 0.2