1 0.4625 0.534375 0.0328125 0.025
1 0.4328125 0.528125 0.003125 0.009375
1 0.4578125 0.4859375 0.0078125 0.0109375
1 0.4890625 0.403125 0.0078125 0.00625
1 0.5390625 0.4640625 0.0546875 0.05625
1 0.5703125 0.365625 0.025 0.025
1 0.6125 0.290625 0.0125 0.009375
1 0.4390625 0.1265625 0.175 0.071875
1 0.3359375 0.1296875 0.0140625 0.009375
1 0.2796875 0.109375 0.034375 0.0375
1 0.35 0.2359375 0.028125 0.03125
1 0.35625 0.3015625 0.0359375 0.0328125
1 0.353125 0.31875 0.0109375 0.00625
1 0.3 0.35625 0.0078125 0.0078125
1 0.290625 0.4390625 0.028125 0.0328125
1 0.28125 0.3859375 0.0421875 0.0203125
1 0.340625 0.53125 0.0140625 0.0125
1 0.0375 0.54296875 0.06875 0.0140625
1 0.0375 0.4796875 0.009375 0.0078125
1 0.115625 0.4015625 0.0171875 0.0140625
1 0.0421875 0.3296875 0.065625 0.071875
1 0.053125 0.3734375 0.009375 0.0046875
1 0.015625 0.2984375 0.0078125 0.009375
1 0.196875 0.1171875 0.0421875 0.0515625
0 0.15 0.1921875 0.046875 0.1
0 0.253125 0.2078125 0.178125 0.121875
0 0.1953125 0.49296875 0.13125 0.1140625
0 0.2140625 0.3609375 0.2359375 0.2359375
0 0.86796875 0.50546875 0.2640625 0.0890625
0 0.89296875 0.34609375 0.2140625 0.1453125
0 0.8609375 0.184375 0.21875 0.096875
1 0.6234375 0.3515625 0.0078125 0.01875
1 0.8828125 0.45 0.0125 0.015625
1 0.13125 0.6015625 0.0234375 0.0203125
1 0.0140625 0.8890625 0.0203125 0.025
1 0.55 0.8734375 0.0234375 0.0265625
1 0.5 0.8671875 0.03125 0.0203125
1 0.3046875 0.7546875 0.0328125 0.025
1 0.165625 0.8109375 0.0359375 0.034375
1 0.1265625 0.8703125 0.0234375 0.0328125
1 0.00625 0.815625 0.0125 0.075
0 0.08046875 0.7453125 0.1609375 0.3
1 0.1078125 0.809375 0.0234375 0.028125
1 0.1140625 0.7875 0.0234375 0.0203125
0 0.11015625 0.6375 0.2203125 0.175
1 0.8015625 0.790625 0.015625 0.0171875
1 0.9703125 0.840625 0.0140625 0.0109375
0 0.90703125 0.97734375 0.0703125 0.0453125
1 0.871875 0.9671875 0.05625 0.03125
1 0.9015625 0.915625 0.015625 0.015625
1 0.878125 0.909375 0.0453125 0.0578125
1 0.9421875 0.828125 0.0359375 0.0703125
1 0.9296875 0.7765625 0.021875 0.021875
1 0.95 0.775 0.015625 0.01875
1 0.971875 0.7109375 0.0234375 0.028125
1 0.9734375 0.6265625 0.0109375 0.009375
1 0.9515625 0.603125 0.0109375 0.0203125
1 0.9359375 0.64375 0.015625 0.009375
1 0.9265625 0.6765625 0.0640625 0.0515625
1 0.8859375 0.6828125 0.0296875 0.034375
1 0.9 0.6484375 0.0984375 0.0625
1 0.83125 0.6625 0.03125 0.040625
0 0.928125 0.6015625 0.084375 0.0765625
1 0.9390625 0.7671875 0.028125 0.028125
0 0.9046875 0.753125 0.0875 0.08125
1 0.8078125 0.8625 0.0296875 0.025
1 0.8390625 0.796875 0.01875 0.0140625
1 0.8359375 0.7421875 0.0328125 0.025
1 0.7859375 0.7140625 0.05625 0.05625
1 0.6578125 0.61875 0.0140625 0.01875
1 0.7375 0.8109375 0.021875 0.0203125
1 0.71875 0.7859375 0.0234375 0.046875
1 0.709375 0.746875 0.021875 0.0234375
1 0.64375 0.8734375 0.05 0.040625