0 0.25625 0.403125 0.1046875 0.2953125
0 0.2265625 0.3296875 0.103125 0.3640625
0 0.1234375 0.39296875 0.246875 0.3328125
1 0.9546875 0.3359375 0.0671875 0.053125
1 0.9140625 0.4125 0.028125 0.0140625
0 0.93203125 0.3453125 0.1359375 0.240625
0 0.93828125 0.23671875 0.1234375 0.1921875
0 0.846875 0.3875 0.196875 0.1265625
0 0.7015625 0.346875 0.3640625 0.2015625
1 0.759375 0.1859375 0.0625 0.040625
1 0.49609375 0.55703125 0.0109375 0.0046875
0 0.4984375 0.4421875 0.015625 0.0171875
0 0.540625 0.303125 0.0984375 0.1984375
1 0.875 0.1171875 0.0234375 0.0265625
1 0.8640625 0.0328125 0.028125 0.028125
1 0.8734375 0.0078125 0.015625 0.0140625
1 0.615625 0.0234375 0.0171875 0.025
1 0.6609375 0.0234375 0.021875 0.0140625
1 0.659375 0.0109375 0.0171875 0.0171875
1 0.67734375 0.015625 0.0171875 0.03125
1 0.684375 0.0109375 0.028125 0.021875
1 0.496875 0.090625 0.0125 0.015625
1 0.51640625 0.01171875 0.0484375 0.0234375
0 0.12578125 0.9359375 0.1890625 0.128125
1 0.1390625 0.865625 0.0796875 0.059375
1 0.18125 0.8015625 0.075 0.1
1 0.0859375 0.8109375 0.0359375 0.0203125
1 0.01875 0.80390625 0.0375 0.0703125
1 0.1203125 0.7609375 0.0328125 0.0390625
1 0.0578125 0.71875 0.0796875 0.0484375
1 0.190625 0.725 0.0671875 0.0828125
1 0.1359375 0.6765625 0.0546875 0.09375
1 0.0265625 0.6640625 0.0359375 0.0625
1 0.0859375 0.58203125 0.08125 0.0453125
1 0.1734375 0.57265625 0.075 0.0265625
1 0.77890625 0.56953125 0.0265625 0.0203125
1 0.659375 0.5890625 0.03125 0.028125
1 0.6078125 0.8078125 0.03125 0.028125
1 0.68203125 0.996875 0.0109375 0.00625
1 0.8171875 0.8546875 0.059375 0.0953125
0 0.8796875 0.8359375 0.1171875 0.1
0 0.74375 0.8078125 0.0546875 0.0453125
1 0.7671875 0.8109375 0.0234375 0.021875
1 0.7828125 0.7921875 0.015625 0.0515625
1 0.70625 0.71875 0.0234375 0.03125
0 0.6609375 0.85 0.1109375 0.128125
0 0.58125 0.896875 0.109375 0.159375
0 0.5 0.87109375 0.121875 0.2265625
1 0.45390625 0.5765625 0.0296875 0.025
1 0.5140625 0.578125 0.021875 0.021875
1 0.5234375 0.6765625 0.0375 0.028125
1 0.54375 0.690625 0.0140625 0.0109375
1 0.69296875 0.56328125 0.0234375 0.0078125
1 0.6265625 0.6109375 0.015625 0.0171875
1 0.6171875 0.625 0.0140625 0.01875