0 0.51484375 0.23984375 0.0890625 0.1671875
1 0.55 0.04296875 0.01875 0.0171875
1 0.54765625 0.0046875 0.0234375 0.009375
0 0.51484375 0.3578125 0.0890625 0.0625
1 0.515625 0.33125 0.040625 0.01875
1 0.334375 0.3640625 0.034375 0.0234375
1 0.22265625 0.3734375 0.0296875 0.03125
1 0.1484375 0.3453125 0.03125 0.0296875
0 0.025 0.3609375 0.05 0.05625
0 0.046875 0.27421875 0.09375 0.1265625
0 0.02265625 0.1640625 0.0453125 0.140625
1 0.1171875 0.0078125 0.040625 0.015625
1 0.159375 0.0578125 0.0296875 0.025
1 0.09375 0.028125 0.0359375 0.0484375
1 0.25 0.0875 0.021875 0.0171875
1 0.22265625 0.009375 0.0328125 0.01875
1 0.0765625 0.1125 0.0265625 0.028125
0 0.03671875 0.05078125 0.0734375 0.1015625
0 0.525 0.1046875 0.06875 0.103125
0 0.5203125 0.146875 0.071875 0.075
1 0.8421875 0.0109375 0.0234375 0.015625
1 0.92890625 0.02109375 0.1265625 0.0421875
1 0.56875 0.05 0.015625 0.0203125
1 0.6625 0.134375 0.0109375 0.015625
0 0.725 0.2 0.109375 0.1
1 0.9359375 0.1421875 0.015625 0.015625
1 0.8828125 0.1546875 0.0734375 0.046875
1 0.84375 0.1578125 0.021875 0.034375
0 0.734375 0.059375 0.15 0.11875
1 0.7484375 0.1 0.025 0.028125
1 0.725 0.13125 0.0453125 0.0328125
1 0.44375 0.99765625 0.028125 0.0046875
1 0.5390625 0.946875 0.01875 0.0265625
1 0.5265625 0.928125 0.0203125 0.0203125
1 0.5421875 0.8953125 0.028125 0.0203125
1 0.4859375 0.875 0.028125 0.021875
1 0.459375 0.8546875 0.015625 0.0203125
1 0.54765625 0.853125 0.0234375 0.046875
1 0.53125 0.7703125 0.03125 0.025
1 0.453125 0.7703125 0.0296875 0.034375
1 0.51875 0.73125 0.078125 0.0703125
1 0.4859375 0.671875 0.0421875 0.040625
1 0.5375 0.684375 0.0390625 0.0265625
1 0.55078125 0.665625 0.0171875 0.025
1 0.553125 0.68984375 0.0125 0.0171875
1 0.4296875 0.5671875 0.0296875 0.0203125
1 0.4046875 0.6078125 0.04375 0.046875
1 0.3546875 0.628125 0.0203125 0.0234375
1 0.40625 0.7578125 0.04375 0.0609375
1 0.4203125 0.80625 0.0203125 0.015625
1 0.3546875 0.7015625 0.0375 0.025
1 0.3515625 0.68125 0.025 0.025
1 0.3546875 0.65625 0.0296875 0.0296875
1 0.3421875 0.640625 0.0140625 0.0234375
1 0.31875 0.709375 0.0359375 0.0515625
1 0.3015625 0.6921875 0.015625 0.0234375
1 0.2484375 0.58125 0.0421875 0.0328125
1 0.2125 0.6078125 0.0265625 0.01875
1 0.3265625 0.828125 0.0234375 0.01875
1 0.2875 0.8640625 0.015625 0.03125
1 0.3703125 0.86875 0.0296875 0.0359375
1 0.3984375 0.8578125 0.0203125 0.0203125
1 0.36875 0.9296875 0.028125 0.0234375
1 0.346875 0.915625 0.015625 0.03125
1 0.346875 0.9359375 0.015625 0.0109375
1 0.3203125 0.9453125 0.028125 0.015625
1 0.2375 0.959375 0.04375 0.0234375
1 0.2359375 0.98984375 0.025 0.0203125
1 0.27890625 0.98984375 0.0421875 0.0203125
1 0.33515625 0.98125 0.0421875 0.0375
1 0.3578125 0.9859375 0.015625 0.01875
1 0.1671875 0.9390625 0.01875 0.0171875
0 0.0921875 0.93125 0.171875 0.1375
1 0.1515625 0.8234375 0.0328125 0.0359375
0 0.090625 0.7828125 0.1375 0.1578125
1 0.1921875 0.7109375 0.0390625 0.0265625
1 0.2484375 0.728125 0.0171875 0.021875
1 0.053125 0.75 0.04375 0.05625
1 0.071875 0.71875 0.0234375 0.025
1 0.059375 0.6078125 0.03125 0.01875
1 0.0953125 0.590625 0.0296875 0.028125
1 0.146875 0.6078125 0.0390625 0.0375
1 0.1546875 0.6421875 0.0390625 0.034375
1 0.15 0.56875 0.04375 0.0265625
0 0.1046875 0.65625 0.1609375 0.1484375
0 0.9484375 0.46953125 0.103125 0.1140625
1 0.7125 0.640625 0.0078125 0.0125
1 0.70625 0.66875 0.0171875 0.015625
1 0.6421875 0.6703125 0.0078125 0.0140625
1 0.79375 0.6984375 0.01875 0.0171875
1 0.625 0.709375 0.009375 0.00625
1 0.7875 0.7328125 0.0125 0.0109375
1 0.70625 0.7546875 0.0515625 0.0453125
1 0.715625 0.884375 0.0125 0.0125
1 0.75 0.8875 0.0125 0.01875
1 0.85625 0.9265625 0.0453125 0.0265625
0 0.940625 0.9125 0.0921875 0.05625
0 0.98203125 0.52265625 0.0359375 0.1359375
1 0.934375 0.5359375 0.0234375 0.0125
0 0.9296875 0.63828125 0.140625 0.2046875
0 0.9671875 0.76171875 0.065625 0.1703125
0 0.94296875 0.86015625 0.1140625 0.0984375
1 0.7203125 0.859375 0.04375 0.0453125
1 0.746875 0.853125 0.0171875 0.0125
1 0.7609375 0.7578125 0.0234375 0.03125
1 0.571875 0.753125 0.025 0.021875
1 0.5703125 0.80546875 0.021875 0.0171875
1 0.56328125 0.88671875 0.0078125 0.0140625