1 0.1015625 0.1125 0.034375 0.0390625
1 0.09375 0.1203125 0.028125 0.0140625
1 0.1390625 0.1359375 0.021875 0.021875
1 0.140625 0.0703125 0.03125 0.0234375
1 0.1421875 0.2171875 0.021875 0.0234375
1 0.1640625 0.215625 0.0390625 0.015625
1 0.1546875 0.2015625 0.0171875 0.021875
1 0.109375 0.1828125 0.0109375 0.015625
1 0.00234375 0.090625 0.0046875 0.015625
1 0.015625 0.0953125 0.015625 0.0140625
0 0.0359375 0.153125 0.071875 0.175
0 0.028125 0.296875 0.05625 0.11875
1 0.0765625 0.3 0.1015625 0.115625
1 0.0796875 0.3 0.0046875 0.0234375
1 0.1296875 0.31875 0.0203125 0.0171875
1 0.06875 0.484375 0.0234375 0.0203125
1 0.0796875 0.4328125 0.0171875 0.0203125
1 0.075 0.5328125 0.0328125 0.0328125
0 0.01171875 0.51796875 0.0234375 0.0953125
1 0.2 0.1390625 0.0171875 0.0171875
1 0.2203125 0.109375 0.034375 0.03125
1 0.25 0.0921875 0.046875 0.0390625
1 0.2046875 0.0609375 0.0140625 0.0078125
1 0.25 0.1171875 0.0171875 0.015625
1 0.24375 0.171875 0.0109375 0.0078125
1 0.234375 0.1734375 0.0234375 0.0265625
1 0.1859375 0.271875 0.0234375 0.021875
1 0.240625 0.2578125 0.0328125 0.021875
1 0.21875 0.2296875 0.046875 0.0390625
1 0.25625 0.2328125 0.0140625 0.0125
1 0.16875 0.3296875 0.0046875 0.01875
1 0.1859375 0.346875 0.025 0.034375
1 0.2359375 0.346875 0.0265625 0.025
1 0.2671875 0.3484375 0.025 0.015625
1 0.275 0.375 0.0203125 0.0125
1 0.275 0.4109375 0.0171875 0.00625
1 0.2875 0.4203125 0.028125 0.01875
1 0.3125 0.390625 0.0125 0.01875
1 0.23125 0.4453125 0.0140625 0.0125
1 0.2546875 0.4515625 0.021875 0.0234375
1 0.228125 0.4921875 0.015625 0.0171875
1 0.240625 0.484375 0.0203125 0.021875
1 0.2984375 0.453125 0.0484375 0.0328125
1 0.2796875 0.5078125 0.0453125 0.0453125
1 0.2765625 0.5265625 0.0171875 0.0140625
1 0.296875 0.4890625 0.028125 0.0203125
1 0.2859375 0.4765625 0.0234375 0.0234375
1 0.29375 0.33125 0.0671875 0.053125
1 0.2953125 0.3015625 0.0140625 0.0140625
1 0.346875 0.3078125 0.0171875 0.01875
1 0.321875 0.265625 0.0234375 0.0125
1 0.34375 0.265625 0.0359375 0.034375
1 0.3421875 0.2796875 0.015625 0.0078125
1 0.3203125 0.1328125 0.0171875 0.025
1 0.303125 0.171875 0.0515625 0.04375
1 0.321875 0.1484375 0.0234375 0.0203125
1 0.2953125 0.175 0.009375 0.009375
1 0.309375 0.1828125 0.0078125 0.015625
1 0.3390625 0.3578125 0.021875 0.015625
1 0.3703125 0.3625 0.0140625 0.0140625
1 0.3640625 0.375 0.0234375 0.0140625
1 0.35 0.4171875 0.028125 0.040625
1 0.3625 0.4078125 0.009375 0.015625
1 0.3671875 0.425 0.025 0.0375
1 0.3578125 0.471875 0.028125 0.0265625
1 0.34375 0.5046875 0.025 0.025
1 0.3546875 0.5125 0.028125 0.034375
1 0.4046875 0.5203125 0.0171875 0.0234375
1 0.4078125 0.5 0.0390625 0.0265625
1 0.415625 0.5 0.0125 0.0125
1 0.4265625 0.440625 0.021875 0.0375
1 0.425 0.4546875 0.028125 0.015625
1 0.396875 0.275 0.03125 0.0515625
1 0.45 0.23125 0.0125 0.0109375
1 0.4546875 0.29375 0.0296875 0.021875
1 0.4453125 0.2953125 0.015625 0.0265625
1 0.4546875 0.3109375 0.0296875 0.0140625
1 0.4578125 0.3484375 0.0375 0.040625
1 0.4375 0.3484375 0.0359375 0.0296875
1 0.4578125 0.371875 0.021875 0.021875
1 0.3625 0.140625 0.0296875 0.0234375
1 0.3828125 0.1484375 0.021875 0.025
1 0.3921875 0.1671875 0.0234375 0.028125
1 0.38125 0.1640625 0.0109375 0.015625
1 0.36875 0.1828125 0.015625 0.015625
1 0.4375 0.13125 0.0234375 0.015625
1 0.48671875 0.1546875 0.0265625 0.028125
1 0.4984375 0.15234375 0.003125 0.0109375
1 0.475 0.059375 0.0109375 0.0046875
1 0.465625 0.1015625 0.0109375 0.0109375
1 0.378125 0.11875 0.0078125 0.0109375
0 0.490625 0.32734375 0.01875 0.0390625
1 0.49453125 0.35078125 0.0109375 0.0140625
1 0.4859375 0.3375 0.003125 0.0109375
1 0.48984375 0.37265625 0.0203125 0.0296875
1 0.4859375 0.4203125 0.0140625 0.01875
1 0.4953125 0.42578125 0.009375 0.0296875
0 0.49140625 0.45546875 0.0171875 0.0859375
1 0.49140625 0.50546875 0.0171875 0.0296875
1 0.490625 0.55 0.01875 0.009375
1 0.1609375 0.5671875 0.021875 0.01875
1 0.8359375 0.625 0.009375 0.009375
1 0.9453125 0.621875 0.009375 0.009375
1 0.903125 0.578125 0.0296875 0.0390625
1 0.81875 0.55 0.01875 0.0125
1 0.6734375 0.55 0.0125 0.0234375
1 0.528125 0.534375 0.0171875 0.025
1 0.8390625 0.5171875 0.0171875 0.0171875
1 0.8046875 0.515625 0.0171875 0.025
1 0.859375 0.478125 0.0078125 0.0109375
1 0.7015625 0.4953125 0.040625 0.0453125
1 0.909375 0.4484375 0.03125 0.021875
1 0.79375 0.4546875 0.0578125 0.0515625
1 0.9421875 0.4109375 0.028125 0.0515625
1 0.90625 0.3890625 0.0109375 0.0078125
1 0.79375 0.375 0.025 0.009375
1 0.8953125 0.378125 0.0171875 0.021875
1 0.721875 0.3671875 0.0203125 0.0296875
1 0.9609375 0.3546875 0.0234375 0.03125
1 0.521875 0.3375 0.015625 0.0109375
1 0.978125 0.309375 0.0296875 0.028125
1 0.89375 0.31875 0.065625 0.0515625
1 0.9875 0.2703125 0.01875 0.0203125
1 0.9625 0.265625 0.015625 0.0265625
1 0.9875 0.23828125 0.025 0.0140625
1 0.70625 0.2390625 0.009375 0.0109375
1 0.5203125 0.2375 0.0375 0.0375
1 0.5140625 0.1484375 0.0265625 0.0328125
1 0.5953125 0.1296875 0.0359375 0.015625
1 0.6203125 0.15 0.0640625 0.0484375
0 0.625 0.2875 0.1421875 0.1515625
0 0.6140625 0.5265625 0.0984375 0.1109375
0 0.596875 0.60625 0.1703125 0.0859375
0 0.5734375 0.4359375 0.0890625 0.134375
0 0.640625 0.3921875 0.08125 0.134375
1 0.5828125 0.19375 0.03125 0.021875
0 0.60625 0.2125 0.109375 0.0921875
1 0.7375 0.540625 0.0359375 0.01875
1 0.75 0.521875 0.0265625 0.028125
1 0.7171875 0.5296875 0.00625 0.0125
1 0.9875 0.51796875 0.025 0.0234375
1 0.9703125 0.45625 0.025 0.0296875
1 0.9796875 0.4796875 0.0265625 0.021875
1 0.984375 0.3640625 0.03125 0.046875
1 0.7734375 0.140625 0.0359375 0.03125
1 0.825 0.190625 0.0546875 0.0453125
0 0.8328125 0.1453125 0.1015625 0.046875
1 0.91875 0.246875 0.0484375 0.05625
0 0.921875 0.1703125 0.134375 0.096875
0 0.1875 0.890625 0.0234375 0.00625
1 0.4875 0.88203125 0.025 0.0234375
1 0.4484375 0.8796875 0.021875 0.028125
1 0.1328125 0.8578125 0.0078125 0.0203125
1 0.225 0.8640625 0.0375 0.0421875
1 0.0796875 0.8421875 0.0125 0.015625
1 0.440625 0.771875 0.0234375 0.0234375
1 0.4921875 0.76171875 0.015625 0.0265625
1 0.165625 0.765625 0.0203125 0.025
1 0.3734375 0.7484375 0.0078125 0.0140625
1 0.21875 0.7484375 0.021875 0.0390625
1 0.0203125 0.71875 0.03125 0.025
1 0.228125 0.7 0.021875 0.009375
1 0.46953125 0.6875 0.0265625 0.015625
1 0.15546875 0.69296875 0.0453125 0.0265625
1 0.1140625 0.8453125 0.025 0.03125
0 0.11484375 0.76171875 0.0796875 0.1640625
1 0.05625 0.7546875 0.084375 0.0703125
1 0.265625 0.8171875 0.034375 0.025
1 0.1125 0.871875 0.0109375 0.015625
0 0.0921875 0.8796875 0.0625 0.0296875
1 0.0625 0.88125 0.0140625 0.0078125
1 0.353125 0.7640625 0.0234375 0.01875
1 0.3625 0.78125 0.040625 0.046875
1 0.378125 0.8484375 0.0421875 0.04375
1 0.34375 0.8578125 0.03125 0.0296875
1 0.49375 0.69140625 0.0125 0.0234375
1 0.88359375 0.99375 0.0453125 0.0125
1 0.99453125 0.9921875 0.0109375 0.015625
1 0.834375 0.975 0.0078125 0.0140625
1 0.8109375 0.965625 0.0078125 0.0125
1 0.90625 0.971875 0.025 0.0296875
1 0.5375 0.9484375 0.009375 0.0125
1 0.971875 0.9390625 0.0046875 0.0140625
1 0.6609375 0.8921875 0.01875 0.0359375
1 0.69375 0.875 0.0125 0.0140625
1 0.621875 0.86875 0.015625 0.009375
1 0.5859375 0.85625 0.009375 0.015625
1 0.703125 0.85625 0.0234375 0.0203125
1 0.840625 0.8734375 0.0625 0.0578125
1 0.9953125 0.84921875 0.009375 0.0171875
1 0.7765625 0.83125 0.0078125 0.00625
1 0.7109375 0.8359375 0.015625 0.0171875
1 0.6234375 0.8359375 0.01875 0.01875
1 0.6796875 0.81875 0.0140625 0.0078125
1 0.9796875 0.81875 0.009375 0.021875
1 0.6203125 0.815625 0.059375 0.04375
1 0.9453125 0.7828125 0.0203125 0.021875
1 0.99609375 0.7765625 0.0078125 0.025
1 0.9765625 0.7546875 0.021875 0.0234375
1 0.925 0.75 0.0109375 0.0140625
1 0.5609375 0.7453125 0.0125 0.021875
1 0.74375 0.734375 0.0140625 0.0203125
1 0.51015625 0.75859375 0.0203125 0.0765625
1 0.9453125 0.6859375 0.021875 0.0125
1 0.8984375 0.8515625 0.0359375 0.046875
1 0.9109375 0.8703125 0.01875 0.021875
0 0.63984375 0.73828125 0.1578125 0.1171875
1 0.51875 0.99375 0.028125 0.0125
0 0.60703125 0.95625 0.1484375 0.0875