1 0.3046875 0.23671875 0.04375 0.0265625
1 0.259375 0.053125 0.0234375 0.015625
1 0.2234375 0.1109375 0.0171875 0.0265625
1 0.5171875 0.1640625 0.00625 0.0046875
1 0.6671875 0.18125 0.025 0.0140625
0 0.48515625 0.03515625 0.0703125 0.0703125
1 0.634375 0.0203125 0.096875 0.040625
0 0.5390625 0.03671875 0.1375 0.0734375
0 0.79765625 0.009375 0.0359375 0.01875
0 0.71953125 0.03828125 0.1359375 0.0765625
1 0.3234375 0.9828125 0.0296875 0.028125
1 0.196875 0.9125 0.0140625 0.0546875
1 0.21875 0.6765625 0.04375 0.0390625
1 0.2328125 0.6625 0.025 0.0296875
1 0.4484375 0.71875 0.003125 0.009375
1 0.4421875 0.6171875 0.015625 0.0375
1 0.309375 0.253125 0.0078125 0.0046875
0 0.25 0.5875 0.121875 0.2203125
0 0.334375 0.615625 0.20625 0.2859375
1 0.3296875 0.50625 0.009375 0.009375
1 0.3546875 0.7625 0.00625 0.009375
1 0.3859375 0.31875 0.0140625 0.0234375
1 0.2234375 0.296875 0.0078125 0.0125
1 0.7125 0.9578125 0.05625 0.065625
1 0.696875 0.934375 0.009375 0.025
1 0.6984375 0.9015625 0.0234375 0.028125
1 0.590625 0.953125 0.0328125 0.0265625
0 0.4859375 0.9609375 0.071875 0.078125
0 0.7921875 0.94453125 0.11875 0.1109375
1 0.7421875 0.99140625 0.015625 0.0171875
1 0.45859375 0.7625 0.0171875 0.01875
1 0.5171875 0.7640625 0.01875 0.0140625
1 0.6328125 0.803125 0.046875 0.0359375
1 0.7 0.8078125 0.0125 0.028125
1 0.63125 0.6765625 0.0265625 0.03125
1 0.6421875 0.6484375 0.0046875 0.0140625
1 0.66875 0.659375 0.009375 0.01875
1 0.6890625 0.653125 0.0390625 0.034375
1 0.5703125 0.54375 0.009375 0.0140625
1 0.6109375 0.503125 0.0078125 0.0125
1 0.6234375 0.496875 0.0171875 0.015625
0 0.7734375 0.41875 0.0703125 0.0703125
1 0.484375 0.38125 0.015625 0.0171875
0 0.46484375 0.4375 0.0296875 0.146875
0 0.5234375 0.4234375 0.1265625 0.078125
1 0.7265625 0.3375 0.01875 0.028125
0 0.7046875 0.434375 0.1375 0.125
1 0.628125 0.3578125 0.015625 0.0140625
1 0.54375 0.2609375 0.0078125 0.0125
1 0.84375 0.25546875 0.015625 0.0109375
1 0.58125 0.796875 0.0203125 0.01875