1 0.21875 0.2921875 0.0125 0.009375
0 0.2015625 0.21875 0.046875 0.109375
1 0.2328125 0.21875 0.009375 0.0203125
1 0.2453125 0.375 0.0296875 0.03125
1 0.2953125 0.4296875 0.0125 0.0078125
1 0.296875 0.1484375 0.009375 0.0171875
1 0.31875 0.171875 0.0125 0.028125
0 0.3046875 0.2 0.1078125 0.109375
1 0.365625 0.1734375 0.0390625 0.0296875
1 0.3984375 0.4078125 0.01875 0.0109375
1 0.4609375 0.44453125 0.01875 0.0296875
1 0.4921875 0.44765625 0.03125 0.0234375
0 0.434375 0.1875 0.13125 0.0984375
1 0.490625 0.1515625 0.015625 0.025
1 0.465625 0.0234375 0.0203125 0.021875
1 0.49921875 0.02578125 0.0203125 0.0296875
1 0.484375 0.0828125 0.021875 0.0125
1 0.3875 0.040625 0.0234375 0.0171875
1 0.503125 0.1421875 0.0125 0.021875
1 0.3015625 0.00390625 0.015625 0.0078125
1 0.275 0.0078125 0.021875 0.015625
1 0.3609375 0.021875 0.015625 0.0265625
1 0.3078125 0.1 0.0203125 0.0109375
1 0.2 0.1546875 0.040625 0.0359375
1 0.50390625 0.1734375 0.0109375 0.015625
1 0.478125 0.2953125 0.01875 0.0171875
1 0.5015625 0.403125 0.0125 0.015625
1 0.490625 0.3859375 0.015625 0.015625
1 0.4625 0.403125 0.01875 0.0171875
1 0.453125 0.4140625 0.021875 0.0140625
1 0.4 0.36875 0.021875 0.0171875
1 0.396875 0.3921875 0.015625 0.0171875
1 0.3703125 0.3921875 0.025 0.0234375
1 0.3578125 0.396875 0.0109375 0.0125
1 0.375 0.4296875 0.015625 0.025
1 0.31875 0.403125 0.01875 0.0171875
1 0.3140625 0.4203125 0.015625 0.015625
1 0.2984375 0.3984375 0.01875 0.0171875
1 0.25625 0.0109375 0.0125 0.0171875
1 0.328125 0.0390625 0.0171875 0.0203125
1 0.3359375 0.0546875 0.0265625 0.03125
1 0.42578125 0.0078125 0.0203125 0.015625
1 0.440625 0.0203125 0.0140625 0.021875
1 0.2390625 0.1671875 0.0390625 0.0515625
1 0.5875 0.053125 0.0390625 0.0359375
1 0.5765625 0.02421875 0.134375 0.0484375
1 0.6890625 0.41875 0.0078125 0.0140625
1 0.753125 0.0921875 0.021875 0.0296875
0 0.65703125 0.4265625 0.2234375 0.065625
1 0.759375 0.00703125 0.021875 0.0140625
0 0.25859375 0.571875 0.1515625 0.225
0 0.40390625 0.6 0.2109375 0.178125
1 0.3578125 0.50625 0.0171875 0.025
1 0.3734375 0.496875 0.0140625 0.0203125
1 0.4234375 0.95625 0.0328125 0.0484375
1 0.5015625 0.75 0.015625 0.034375
1 0.215625 0.971875 0.034375 0.0265625
0 0.959375 0.61640625 0.08125 0.1765625
1 0.9765625 0.590625 0.0265625 0.021875
1 0.9296875 0.590625 0.03125 0.03125
1 0.8984375 0.6109375 0.028125 0.028125
0 0.8203125 0.625 0.13125 0.284375
1 0.9671875 0.9171875 0.03125 0.0328125
1 0.9578125 0.9609375 0.025 0.0375
1 0.99296875 0.98515625 0.0140625 0.0265625
1 0.9421875 0.99375 0.01875 0.0125
1 0.7875 0.921875 0.025 0.0328125
1 0.79375 0.98125 0.0203125 0.0265625
1 0.75 0.975 0.0234375 0.0234375
1 0.7359375 0.9453125 0.0234375 0.0234375
1 0.70390625 0.99296875 0.0421875 0.0140625
1 0.8421875 0.6484375 0.021875 0.025
1 0.8109375 0.6859375 0.0328125 0.0375
1 0.8125 0.7265625 0.015625 0.0234375
1 0.79375 0.8078125 0.0296875 0.0296875
1 0.8484375 0.7921875 0.015625 0.0203125
1 0.5796875 0.9015625 0.0390625 0.0484375
1 0.7546875 0.5375 0.0328125 0.034375
1 0.7296875 0.515625 0.0203125 0.0234375
1 0.6953125 0.515625 0.0265625 0.0359375
1 0.725 0.5921875 0.03125 0.034375
1 0.7625 0.58125 0.0265625 0.0359375
1 0.6859375 0.6765625 0.0234375 0.025
1 0.7109375 0.696875 0.028125 0.0234375
1 0.7359375 0.69375 0.0203125 0.025
1 0.7421875 0.790625 0.0328125 0.0390625
1 0.7359375 0.821875 0.0390625 0.0359375
1 0.7140625 0.7875 0.0375 0.04375
1 0.6921875 0.81875 0.0453125 0.0484375
1 0.6796875 0.8796875 0.0203125 0.0328125
1 0.665625 0.9265625 0.0265625 0.0296875
1 0.5640625 0.98984375 0.04375 0.0203125
1 0.559375 0.7796875 0.0203125 0.028125
0 0.571875 0.7328125 0.08125 0.0453125
1 0.63125 0.7515625 0.0203125 0.03125
0 0.61953125 0.6125 0.1546875 0.30625
0 0.5921875 0.6625 0.11875 0.2328125