1 0.5484375 0.365625 0.0203125 0.015625
1 0.4953125 0.3484375 0.0140625 0.0078125
1 0.03125 0.5921875 0.025 0.034375
1 0.071875 0.421875 0.0109375 0.0234375
1 0.0875 0.4296875 0.028125 0.0171875
1 0.1109375 0.421875 0.025 0.021875
1 0.153125 0.440625 0.0171875 0.0125
1 0.0875 0.40625 0.028125 0.03125
1 0.1125 0.403125 0.015625 0.0109375
1 0.140625 0.4984375 0.040625 0.0484375
1 0.2640625 0.421875 0.015625 0.015625
1 0.425 0.3828125 0.0359375 0.04375
1 0.4359375 0.3671875 0.034375 0.0203125
1 0.44375 0.353125 0.025 0.0171875
1 0.428125 0.359375 0.0203125 0.0359375
0 0.3109375 0.30625 0.396875 0.1734375
1 0.4109375 0.3625 0.0140625 0.01875
1 0.44921875 0.58515625 0.0390625 0.0484375
0 0.3875 0.55546875 0.3625 0.1078125
0 0.378125 0.4125 0.209375 0.2265625
1 0.825 0.5921875 0.021875 0.0203125
0 0.68984375 0.321875 0.1796875 0.178125
1 0.3515625 0.746875 0.0890625 0.075
0 0.33125 0.8609375 0.253125 0.1125
1 0.578125 0.865625 0.0125 0.015625
1 0.078125 0.64375 0.01875 0.0171875
1 0.1859375 0.6921875 0.0265625 0.0203125
1 0.1125 0.7546875 0.025 0.0234375
1 0.1953125 0.71875 0.015625 0.0125
1 0.00859375 0.76640625 0.0171875 0.0296875
1 0.0421875 0.9140625 0.0171875 0.0078125
1 0.2 0.9125 0.0203125 0.0109375
1 0.3953125 0.684375 0.0140625 0.0171875
1 0.403125 0.646875 0.0125 0.0125
1 0.44375 0.8921875 0.025 0.025
0 0.3296875 0.65546875 0.15625 0.0921875
1 0.98828125 0.67578125 0.0234375 0.0296875
1 0.9453125 0.675 0.0421875 0.034375
1 0.97890625 0.87109375 0.0421875 0.0390625
1 0.8171875 0.8625 0.028125 0.0265625
1 0.7546875 0.83125 0.0375 0.0375
0 0.696875 0.84921875 0.19375 0.0828125
0 0.69296875 0.71796875 0.1859375 0.2171875
0 0.61015625 0.85234375 0.0203125 0.0390625
0 0.609375 0.8859375 0.01875 0.009375
0 0.8453125 0.6625 0.0953125 0.040625
0 0.70859375 0.6859375 0.2171875 0.153125