1 0.1140625 0.140625 0.0234375 0.046875
1 0.1359375 0.15 0.0296875 0.034375
1 0.190625 0.2421875 0.0140625 0.0359375
1 0.10234375 0.35859375 0.2046875 0.1328125
1 0.428125 0.2328125 0.0484375 0.0390625
1 0.453125 0.540625 0.053125 0.090625
1 0.4671875 0.3359375 0.01875 0.015625
1 0.3453125 0.2109375 0.028125 0.03125
1 0.3578125 0.121875 0.065625 0.046875
1 0.340625 0.5078125 0.00625 0.015625
1 0.1921875 0.5828125 0.0140625 0.015625
0 0.221875 0.559375 0.125 0.13125
1 0.19375 0.5109375 0.015625 0.0171875
1 0.09921875 0.46953125 0.1984375 0.1390625
1 0.0734375 0.5671875 0.009375 0.0078125
0 0.2140625 0.234375 0.2390625 0.2703125
0 0.2671875 0.3484375 0.2125 0.246875
1 0.2796875 0.434375 0.0140625 0.009375
0 0.2515625 0.496875 0.184375 0.25625
0 0.315625 0.6078125 0.0125 0.034375
1 0.290625 0.303125 0.025 0.028125
1 0.28125 0.303125 0.0140625 0.0234375
1 0.921875 0.40625 0.0328125 0.0234375
0 0.784375 0.38125 0.078125 0.06875
1 0.95625 0.3390625 0.034375 0.034375
0 0.6984375 0.3890625 0.11875 0.11875
1 0.7109375 0.2171875 0.025 0.0234375
1 0.8 0.196875 0.0546875 0.03125
1 0.953125 0.06875 0.0265625 0.028125
1 0.975 0.0328125 0.0140625 0.0234375
0 0.72890625 0.06953125 0.1453125 0.1390625
1 0.7484375 0.140625 0.0765625 0.0921875
1 0.740625 0.25 0.0328125 0.028125
1 0.746875 0.2109375 0.01875 0.015625
1 0.996875 0.11171875 0.00625 0.0296875
1 0.2890625 0.896875 0.009375 0.0078125
1 0.15625 0.921875 0.0625 0.053125
1 0.1484375 0.878125 0.0140625 0.00625
0 0.09296875 0.9375 0.1859375 0.125
0 0.7421875 0.7953125 0.1265625 0.14375
0 0.715625 0.8625 0.109375 0.06875
1 0.996875 0.69765625 0.00625 0.0328125