1 0.51484375 0.40625 0.0078125 0.021875
1 0.496875 0.3859375 0.0359375 0.0203125
1 0.50390625 0.35234375 0.0296875 0.0265625
1 0.1890625 0.4140625 0.05 0.03125
1 0.1828125 0.321875 0.03125 0.0375
1 0.19375 0.3234375 0.0375 0.0453125
1 0.1703125 0.29375 0.021875 0.0328125
1 0.1828125 0.2578125 0.0328125 0.028125
1 0.215625 0.28125 0.0390625 0.01875
1 0.246875 0.3015625 0.0359375 0.034375
1 0.3 0.3953125 0.0296875 0.0265625
1 0.296875 0.30625 0.0234375 0.0265625
1 0.2640625 0.2765625 0.0296875 0.0234375
1 0.225 0.2140625 0.0421875 0.034375
1 0.190625 0.2140625 0.03125 0.021875
1 0.2203125 0.2625 0.0421875 0.0203125
1 0.31875 0.2984375 0.015625 0.015625
1 0.453125 0.42265625 0.03125 0.0140625
1 0.440625 0.3875 0.0203125 0.0296875
1 0.4171875 0.3625 0.0265625 0.01875
1 0.4953125 0.3265625 0.028125 0.0234375
1 0.496875 0.3046875 0.01875 0.0234375
1 0.4765625 0.29375 0.025 0.0265625
1 0.484375 0.13125 0.0203125 0.0328125
1 0.36875 0.29375 0.034375 0.025
1 0.3453125 0.29375 0.0234375 0.034375
1 0.29375 0.278125 0.015625 0.0171875
1 0.2609375 0.2453125 0.0125 0.0296875
1 0.3734375 0.1984375 0.0609375 0.06875
1 0.4 0.1484375 0.0546875 0.05625
1 0.4125 0.1671875 0.015625 0.0234375
1 0.325 0.2015625 0.03125 0.0234375
1 0.1875 0.096875 0.025 0.0234375
1 0.2234375 0.1765625 0.021875 0.03125
1 0.2046875 0.06875 0.034375 0.0359375
1 0.2796875 0.1328125 0.028125 0.025
1 0.221875 0.1078125 0.0203125 0.021875
1 0.184375 0.0171875 0.0265625 0.0328125
1 0.29375 0.0625 0.0109375 0.0203125
1 0.321875 0.05625 0.01875 0.015625
1 0.3265625 0.04375 0.028125 0.0234375
1 0.34375 0.0859375 0.01875 0.0140625
1 0.28828125 0.0125 0.0234375 0.025
0 0.44140625 0.0296875 0.0984375 0.059375
1 0.490625 0.0046875 0.028125 0.009375
1 0.3671875 0.3734375 0.0203125 0.015625
1 0.3890625 0.3921875 0.015625 0.021875
0 0.74453125 0.39765625 0.0703125 0.0640625
0 0.93203125 0.40546875 0.1359375 0.0484375
1 0.9421875 0.2875 0.025 0.0234375
1 0.8234375 0.359375 0.01875 0.01875
1 0.9625 0.034375 0.0234375 0.015625
1 0.3578125 0.5171875 0.0171875 0.00625
1 0.3234375 0.4765625 0.015625 0.0078125
1 0.284375 0.928125 0.0390625 0.0375
1 0.228125 0.7359375 0.0171875 0.0171875
1 0.2203125 0.63125 0.0078125 0.0078125
1 0.215625 0.7609375 0.05 0.021875
1 0.1734375 0.7171875 0.0125 0.0125
1 0.1640625 0.4734375 0.015625 0.0171875
1 0.1484375 0.5328125 0.053125 0.0546875
1 0.121875 0.71875 0.009375 0.0109375
1 0.046875 0.98359375 0.053125 0.0328125
1 0.00546875 0.4734375 0.0109375 0.021875
1 0.1 0.975 0.0421875 0.028125
1 0.1625 0.865625 0.0625 0.05
1 0.2125 0.9859375 0.046875 0.028125
1 0.1703125 0.9359375 0.03125 0.0328125
1 0.215625 0.9203125 0.0203125 0.01875
1 0.3015625 0.878125 0.0265625 0.025
1 0.26875 0.875 0.0265625 0.0203125
1 0.3875 0.9140625 0.009375 0.0390625
1 0.421875 0.909375 0.028125 0.028125
1 0.453125 0.9375 0.028125 0.046875
1 0.2578125 0.8171875 0.040625 0.0265625
0 0.06875 0.7390625 0.11875 0.1421875
0 0.02421875 0.72421875 0.0484375 0.1453125
1 0.0734375 0.8375 0.0125 0.0390625
1 0.471875 0.621875 0.025 0.0171875
1 0.4515625 0.5328125 0.0265625 0.0328125
1 0.209375 0.515625 0.0234375 0.0265625
1 0.246875 0.5046875 0.0609375 0.0234375
1 0.334375 0.6765625 0.0234375 0.025
1 0.4265625 0.7421875 0.025 0.0125
1 0.4140625 0.7078125 0.0359375 0.04375
0 0.346875 0.7234375 0.11875 0.0671875
1 0.3859375 0.7640625 0.046875 0.0484375
0 0.4546875 0.7046875 0.059375 0.0546875
1 0.2125 0.7234375 0.06875 0.0359375
1 0.190625 0.5859375 0.015625 0.0328125
1 0.1 0.446875 0.015625 0.015625
1 0.115625 0.61875 0.0390625 0.0421875
1 0.01015625 0.57421875 0.0203125 0.0171875
1 0.0453125 0.4859375 0.046875 0.0609375
1 0.99765625 0.546875 0.0046875 0.021875
1 0.996875 0.62890625 0.00625 0.0234375
1 0.9640625 0.7390625 0.0234375 0.0171875
1 0.9609375 0.6171875 0.0203125 0.021875
1 0.890625 0.7046875 0.015625 0.0140625
1 0.8765625 0.8421875 0.028125 0.0234375
1 0.8625 0.7296875 0.009375 0.00625
1 0.846875 0.959375 0.015625 0.0234375
1 0.8390625 0.4765625 0.0265625 0.015625
1 0.8421875 0.8640625 0.0234375 0.0234375
1 0.7765625 0.7203125 0.025 0.0265625
1 0.75 0.459375 0.0046875 0.0078125
1 0.7421875 0.5234375 0.01875 0.021875
1 0.7390625 0.7234375 0.0109375 0.0234375
1 0.91875 0.9453125 0.03125 0.0296875
0 0.8875 0.925 0.05 0.1265625
1 0.9125 0.825 0.01875 0.028125
0 0.95703125 0.90703125 0.0859375 0.1859375
1 0.8984375 0.9328125 0.0109375 0.021875
0 0.7953125 0.9078125 0.0734375 0.06875
0 0.7578125 0.91015625 0.05 0.1796875
1 0.75 0.6765625 0.00625 0.0109375
1 0.88125 0.5875 0.03125 0.0265625
1 0.921875 0.5015625 0.0265625 0.025
1 0.93125 0.4921875 0.021875 0.009375
1 0.759375 0.565625 0.0109375 0.0265625
0 0.78046875 0.44921875 0.0578125 0.0390625