1 0.4484375 0.103125 0.01875 0.028125
1 0.3265625 0.009375 0.034375 0.01875
1 0.08984375 0.009375 0.0609375 0.01875
1 0.2765625 0.11875 0.01875 0.0265625
1 0.2328125 0.146875 0.071875 0.0640625
1 0.196875 0.1859375 0.0734375 0.071875
1 0.28125 0.228125 0.040625 0.025
1 0.559375 0.2203125 0.046875 0.025
1 0.5140625 0.25625 0.0265625 0.0203125
1 0.390625 0.2359375 0.025 0.0265625
1 0.9625 0.0171875 0.05625 0.034375
1 0.9828125 0.015625 0.009375 0.021875
1 0.85625 0.1765625 0.0078125 0.0125
1 0.925 0.178125 0.009375 0.009375
1 0.94375 0.196875 0.028125 0.0375
1 0.8796875 0.259375 0.0640625 0.053125
1 0.9953125 0.29453125 0.009375 0.0296875
1 0.978125 0.315625 0.0109375 0.0125
1 0.1296875 0.3875 0.021875 0.0140625
1 0.134375 0.809375 0.0171875 0.009375
1 0.1671875 0.9265625 0.0234375 0.0234375
1 0.18046875 0.36640625 0.0296875 0.0140625
1 0.190625 0.784375 0.0328125 0.0234375
1 0.1859375 0.56875 0.021875 0.0265625
1 0.21875 0.59375 0.0125 0.0203125
1 0.275 0.925 0.025 0.025
1 0.296875 0.5921875 0.0234375 0.0203125
1 0.39375 0.9109375 0.0234375 0.0171875
1 0.40625 0.840625 0.0171875 0.025
0 0.3765625 0.45 0.0984375 0.15
1 0.4484375 0.896875 0.021875 0.0265625
1 0.4765625 0.990625 0.0359375 0.0140625
1 0.46875 0.9609375 0.009375 0.0078125
1 0.4796875 0.846875 0.0234375 0.0109375
1 0.5390625 0.9203125 0.03125 0.015625
1 0.5421875 0.5578125 0.03125 0.015625
1 0.56875 0.6765625 0.015625 0.0125
1 0.5734375 0.875 0.021875 0.025
1 0.6078125 0.834375 0.009375 0.0171875
1 0.6046875 0.5265625 0.01875 0.0234375
0 0.571875 0.45 0.0953125 0.11875
1 0.625 0.878125 0.0203125 0.0265625
1 0.63125 0.825 0.009375 0.00625
1 0.634375 0.465625 0.015625 0.015625
1 0.628125 0.37265625 0.03125 0.0265625
0 0.1640625 0.465625 0.0875 0.1328125
0 0.2078125 0.4828125 0.1203125 0.1234375
1 0.425 0.765625 0.0484375 0.0421875
1 0.3984375 0.7578125 0.0359375 0.0375
1 0.4609375 0.44375 0.065625 0.0625
0 0.48125 0.4984375 0.0609375 0.046875
1 0.5453125 0.5328125 0.0359375 0.025
1 0.56875 0.5375 0.025 0.0328125
1 0.7078125 0.5546875 0.025 0.053125
1 0.7203125 0.5921875 0.009375 0.0078125
1 0.7703125 0.4484375 0.0421875 0.0328125
0 0.7328125 0.8515625 0.1625 0.15
0 0.725 0.73203125 0.15 0.2828125