1 0.3421875 0.2203125 0.015625 0.025
1 0.3296875 0.1875 0.025 0.0234375
1 0.3453125 0.26484375 0.009375 0.0203125
1 0.340625 0.3984375 0.01875 0.015625
1 0.340625 0.428125 0.01875 0.034375
1 0.34140625 0.5203125 0.0171875 0.03125
1 0.340625 0.5203125 0.0140625 0.0125
1 0.2765625 0.165625 0.015625 0.00625
1 0.2609375 0.1421875 0.01875 0.0140625
1 0.2453125 0.1109375 0.025 0.021875
1 0.2296875 0.1265625 0.01875 0.021875
1 0.2703125 0.0703125 0.0078125 0.01875
1 0.240625 0.065625 0.0140625 0.0203125
1 0.2140625 0.071875 0.028125 0.025
1 0.1671875 0.084375 0.015625 0.0125
1 0.15625 0.0640625 0.0234375 0.0171875
1 0.153125 0.0640625 0.0203125 0.015625
1 0.253125 0.2328125 0.0359375 0.034375
1 0.25 0.390625 0.015625 0.0078125
1 0.2234375 0.4140625 0.009375 0.015625
1 0.209375 0.5078125 0.0046875 0.0078125
1 0.190625 0.4875 0.015625 0.009375
1 0.19375 0.5453125 0.021875 0.0203125
1 0.1640625 0.5296875 0.0234375 0.0171875
1 0.14375 0.521875 0.025 0.025
1 0.1390625 0.50625 0.046875 0.0484375
1 0.1265625 0.4671875 0.021875 0.0234375
1 0.0984375 0.5015625 0.01875 0.01875
1 0.1609375 0.36875 0.0203125 0.0203125
1 0.1703125 0.3546875 0.025 0.0234375
1 0.1578125 0.3484375 0.0109375 0.015625
1 0.15 0.34375 0.0140625 0.009375
1 0.1109375 0.34375 0.0125 0.015625
1 0.1171875 0.3609375 0.021875 0.021875
1 0.1359375 0.3609375 0.01875 0.01875
1 0.1234375 0.346875 0.0171875 0.009375
1 0.0890625 0.346875 0.015625 0.0140625
1 0.109375 0.2953125 0.0390625 0.0546875
1 0.1484375 0.36875 0.009375 0.0046875
1 0.0984375 0.1828125 0.034375 0.03125
1 0.128125 0.184375 0.015625 0.0140625
1 0.1390625 0.1921875 0.115625 0.134375
0 0.09765625 0.2546875 0.1953125 0.09375
1 0.0953125 0.1359375 0.0171875 0.0171875
1 0.09375 0.0796875 0.021875 0.0234375
1 0.034375 0.54375 0.0140625 0.01875
1 0.040625 0.53125 0.009375 0.015625
1 0.0125 0.3609375 0.0171875 0.0234375
1 0.01875 0.278125 0.025 0.0203125
1 0.009375 0.221875 0.015625 0.0125
1 0.00859375 0.20234375 0.0171875 0.0328125
1 0.0046875 0.2140625 0.009375 0.028125
1 0.0234375 0.06875 0.0296875 0.0234375
0 0.11171875 0.40703125 0.2234375 0.3140625
0 0.11796875 0.45234375 0.2359375 0.2578125
1 0.39375 0.1171875 0.0234375 0.0265625
1 0.55 0.1234375 0.0265625 0.0296875
1 0.6546875 0.1171875 0.0328125 0.0234375
1 0.5328125 0.171875 0.0234375 0.0234375
0 0.7921875 0.1421875 0.078125 0.06875
0 0.371875 0.12578125 0.04375 0.1109375
1 0.6203125 0.184375 0.034375 0.034375
0 0.878125 0.134375 0.11875 0.11875
1 0.5265625 0.2078125 0.0125 0.0140625
1 0.496875 0.21875 0.0171875 0.0171875
1 0.36328125 0.2359375 0.0265625 0.0125
1 0.865625 0.30625 0.025 0.0234375
1 0.453125 0.3140625 0.021875 0.015625
1 0.7765625 0.3265625 0.0546875 0.03125
1 0.35546875 0.3390625 0.0109375 0.015625
1 0.409375 0.353125 0.0140625 0.0234375
1 0.4328125 0.3796875 0.025 0.0234375
1 0.6234375 0.4546875 0.0265625 0.028125
1 0.6015625 0.490625 0.0140625 0.0234375
0 0.846875 0.4546875 0.1453125 0.1421875
1 0.5375 0.5234375 0.01875 0.01875
1 0.428125 0.521875 0.021875 0.025
1 0.4 0.54375 0.015625 0.0265625
1 0.871875 0.55625 0.028125 0.0140625
0 0.36328125 0.52890625 0.0265625 0.0796875
1 0.375 0.5765625 0.01875 0.0109375
1 0.5421875 0.5703125 0.025 0.0234375
1 0.828125 0.3828125 0.0765625 0.0921875
1 0.8359375 0.2734375 0.0328125 0.028125
1 0.8296875 0.3125 0.01875 0.015625
1 0.571875 0.4109375 0.0203125 0.0296875
1 0.509375 0.41875 0.034375 0.0328125
1 0.478125 0.503125 0.0234375 0.0265625
1 0.4203125 0.40625 0.0328125 0.03125
1 0.3921875 0.45625 0.0359375 0.028125
1 0.44375 0.55625 0.0296875 0.025
1 0.35625 0.4625 0.0125 0.01875
1 0.38125 0.3921875 0.015625 0.025
1 0.36015625 0.3765625 0.0203125 0.025
1 0.365625 0.3953125 0.03125 0.03125
1 0.3859375 0.2703125 0.0234375 0.0234375
1 0.4 0.184375 0.0171875 0.0203125
1 0.4140625 0.2078125 0.0234375 0.021875
1 0.3890625 0.203125 0.0265625 0.028125
1 0.1453125 0.93125 0.034375 0.0390625
1 0.2234375 0.94375 0.01875 0.0375
1 0.33359375 0.96328125 0.0328125 0.0296875
1 0.33984375 0.93984375 0.0203125 0.0203125
1 0.9390625 0.834375 0.034375 0.021875
1 0.790625 0.840625 0.0125 0.015625
1 0.39375 0.8859375 0.0328125 0.009375
1 0.59375 0.896875 0.01875 0.0140625
1 0.35546875 0.96015625 0.0109375 0.0140625
1 0.534375 0.98125 0.0265625 0.0078125
1 0.375 0.9859375 0.0375 0.0265625
1 0.9140625 0.9765625 0.034375 0.01875
1 0.928125 0.98515625 0.009375 0.0296875
1 0.91875 0.9890625 0.0234375 0.0171875
1 0.90390625 0.9921875 0.0203125 0.015625
1 0.953125 0.9921875 0.0078125 0.0078125
1 0.97109375 0.99453125 0.0078125 0.0109375
1 0.8828125 0.8421875 0.0203125 0.025
1 0.9234375 0.8953125 0.01875 0.03125
1 0.9109375 0.9171875 0.01875 0.015625
0 0.853125 0.865625 0.05625 0.0953125
1 0.8046875 0.9234375 0.0171875 0.021875
1 0.84375 0.915625 0.0421875 0.03125
1 0.8203125 0.9421875 0.015625 0.015625
1 0.8125 0.928125 0.0421875 0.0140625
0 0.78671875 0.91484375 0.2421875 0.1703125
1 0.671875 0.896875 0.040625 0.034375
1 0.6828125 0.834375 0.015625 0.0328125
1 0.6453125 0.834375 0.0328125 0.0390625
1 0.6265625 0.8703125 0.0140625 0.034375
1 0.66328125 0.98359375 0.0265625 0.0328125
1 0.51953125 0.99140625 0.0234375 0.0171875
1 0.440625 0.865625 0.034375 0.025
1 0.35625 0.91796875 0.0125 0.0171875
1 0.359375 0.87890625 0.01875 0.0390625
1 0.3625 0.846875 0.0234375 0.025
1 0.353125 0.83828125 0.00625 0.0328125