0 0.23359375 0.4171875 0.0859375 0.04375
1 0.196875 0.375 0.0609375 0.0375
1 0.228125 0.3546875 0.040625 0.04375
0 0.2265625 0.2859375 0.1640625 0.075
1 0.30625 0.1890625 0.025 0.0265625
0 0.2515625 0.128125 0.1125 0.125
1 0.2609375 0.165625 0.015625 0.015625
0 0.2390625 0.071875 0.1359375 0.0671875
1 0.43125 0.1765625 0.0296875 0.0328125
1 0.44453125 0.12421875 0.0109375 0.0234375
1 0.43828125 0.4203125 0.0234375 0.025
1 0.4328125 0.384375 0.01875 0.0234375
1 0.43515625 0.2953125 0.0296875 0.025
1 0.425 0.3390625 0.0234375 0.0171875
1 0.678125 0.03125 0.0234375 0.0234375
1 0.634375 0.0609375 0.0109375 0.0109375
1 0.48125 0.0875 0.0234375 0.028125
1 0.68125 0.0796875 0.0234375 0.0265625
1 0.5484375 0.1 0.015625 0.0234375
1 0.6328125 0.11875 0.0375 0.0296875
1 0.778125 0.16875 0.0390625 0.046875
1 0.9078125 0.2109375 0.021875 0.0140625
1 0.4734375 0.2828125 0.0109375 0.0109375
1 0.9640625 0.290625 0.01875 0.0265625
1 0.640625 0.2796875 0.025 0.021875
1 0.6875 0.2953125 0.021875 0.0296875
1 0.8203125 0.2859375 0.0203125 0.03125
1 0.675 0.3609375 0.0140625 0.0234375
1 0.459375 0.3921875 0.015625 0.0109375
1 0.5765625 0.40625 0.0109375 0.03125
1 0.6515625 0.390625 0.034375 0.034375
1 0.915625 0.425 0.015625 0.0171875
1 0.8515625 0.171875 0.015625 0.0265625
1 0.8765625 0.1625 0.01875 0.0390625
1 0.9203125 0.1140625 0.025 0.009375
0 0.8625 0.096875 0.16875 0.1875
1 0.8046875 0.1875 0.015625 0.0234375
1 0.79375 0.2203125 0.015625 0.01875
0 0.9 0.28125 0.1671875 0.165625
0 0.8421875 0.3921875 0.0625 0.053125
1 0.959375 0.35625 0.021875 0.0234375
0 0.86796875 0.4203125 0.0921875 0.0375
1 0.5203125 0.0578125 0.0265625 0.015625
1 0.58125 0.190625 0.028125 0.028125
1 0.6171875 0.1796875 0.0296875 0.0390625
1 0.5671875 0.4046875 0.01875 0.0125
1 0.43828125 0.4984375 0.0234375 0.025
1 0.40625 0.5140625 0.0328125 0.04375
1 0.3859375 0.528125 0.021875 0.034375
1 0.35625 0.5203125 0.0171875 0.0171875
1 0.365625 0.559375 0.0203125 0.0359375
1 0.3328125 0.55 0.0265625 0.034375
0 0.42109375 0.634375 0.0578125 0.11875
0 0.42421875 0.80546875 0.0515625 0.0734375
1 0.3984375 0.8671875 0.040625 0.05
1 0.3015625 0.8734375 0.0375 0.03125
1 0.303125 0.8625 0.0453125 0.0375
1 0.2734375 0.8859375 0.0328125 0.021875
1 0.2375 0.8734375 0.028125 0.0328125
1 0.2609375 0.840625 0.01875 0.0390625
1 0.28125 0.809375 0.034375 0.0359375
1 0.375 0.75625 0.0265625 0.0296875
1 0.2859375 0.759375 0.0265625 0.0234375
1 0.25625 0.7921875 0.0234375 0.0296875
1 0.19375 0.83125 0.034375 0.0421875
1 0.19375 0.865625 0.021875 0.03125
1 0.2421875 0.8359375 0.0203125 0.0421875
1 0.278125 0.7375 0.015625 0.015625
1 0.4140625 0.603125 0.0375 0.03125
1 0.3671875 0.615625 0.0296875 0.0203125
1 0.3421875 0.6390625 0.01875 0.0265625
1 0.30625 0.5609375 0.0234375 0.028125
1 0.284375 0.559375 0.0234375 0.01875
1 0.2734375 0.5796875 0.0265625 0.025
1 0.2703125 0.4765625 0.0484375 0.01875
1 0.07734375 0.4515625 0.0203125 0.025
1 0.046875 0.5265625 0.0234375 0.025
1 0.1109375 0.571875 0.0328125 0.0203125
1 0.2734375 0.6875 0.025 0.034375
1 0.2734375 0.7109375 0.034375 0.0234375
1 0.2578125 0.7625 0.0171875 0.015625
1 0.225 0.7953125 0.0296875 0.0125
1 0.178125 0.6828125 0.06875 0.0609375
1 0.128125 0.65625 0.05625 0.0546875
1 0.146875 0.64375 0.0234375 0.015625
1 0.18125 0.73125 0.0234375 0.03125
1 0.0765625 0.86875 0.0234375 0.025
1 0.15625 0.8328125 0.03125 0.021875
1 0.0484375 0.8515625 0.0359375 0.034375
1 0.1125 0.7765625 0.025 0.028125
1 0.0875 0.834375 0.021875 0.0203125
1 0.00625 0.87109375 0.0125 0.0265625
1 0.0421875 0.7625 0.0203125 0.0109375
1 0.0359375 0.734375 0.015625 0.01875
1 0.0234375 0.7296875 0.0234375 0.028125
1 0.065625 0.7125 0.0140625 0.01875
0 0.01953125 0.61328125 0.0390625 0.0984375
1 0.353125 0.6890625 0.015625 0.0203125
1 0.371875 0.6671875 0.021875 0.015625
0 0.5796875 0.47734375 0.1 0.0765625
0 0.63125 0.5953125 0.10625 0.0953125
0 0.559375 0.6640625 0.065625 0.1203125
0 0.80625 0.509375 0.1203125 0.121875
0 0.85546875 0.45390625 0.0890625 0.0296875
1 0.928125 0.490625 0.040625 0.0234375
1 0.946875 0.45625 0.0421875 0.0296875
1 0.8578125 0.5609375 0.0453125 0.0390625
1 0.9390625 0.54375 0.0296875 0.015625
1 0.4796875 0.59375 0.05625 0.0484375
1 0.515625 0.634375 0.0484375 0.0484375
1 0.521875 0.590625 0.025 0.0265625
0 0.825 0.8046875 0.19375 0.1
0 0.8515625 0.70625 0.16875 0.1015625
0 0.83125 0.65625 0.059375 0.05
1 0.6625 0.6875 0.0390625 0.0609375
1 0.625 0.68125 0.015625 0.0296875
1 0.609375 0.7296875 0.03125 0.0203125
1 0.59375 0.7671875 0.028125 0.0359375
1 0.640625 0.775 0.0421875 0.0640625
1 0.653125 0.815625 0.0265625 0.0546875
1 0.47109375 0.7734375 0.0421875 0.034375
1 0.45859375 0.7046875 0.0171875 0.021875
1 0.45859375 0.6609375 0.0171875 0.015625
1 0.9484375 0.7484375 0.059375 0.046875
1 0.89375 0.8265625 0.0328125 0.040625
1 0.4765625 0.8203125 0.053125 0.059375
1 0.5765625 0.7953125 0.0171875 0.0171875
1 0.6796875 0.453125 0.009375 0.015625