0 0.0671875 0.03828125 0.134375 0.0765625
0 0.03671875 0.04296875 0.0734375 0.0859375
0 0.07265625 0.1234375 0.1453125 0.1
1 0.0609375 0.1890625 0.021875 0.0125
1 0.1125 0.25 0.0203125 0.025
1 0.015625 0.196875 0.0234375 0.0078125
0 0.0296875 0.26953125 0.059375 0.1578125
0 0.04609375 0.3625 0.0921875 0.053125
0 0.0625 0.35625 0.125 0.065625
1 0.2328125 0.328125 0.0203125 0.0203125
1 0.2890625 0.334375 0.0234375 0.0234375
1 0.284375 0.3625 0.0296875 0.0296875
1 0.1640625 0.35625 0.0109375 0.0078125
1 0.13984375 0.3828125 0.0234375 0.0125
1 0.2328125 0.0453125 0.034375 0.0390625
1 0.2265625 0.096875 0.0171875 0.0140625
1 0.23125 0.1125 0.0234375 0.0234375
1 0.321875 0.128125 0.0625 0.0640625
1 0.3140625 0.2 0.03125 0.0296875
1 0.275 0.2296875 0.0125 0.01875
1 0.3359375 0.321875 0.0125 0.01875
1 0.4140625 0.3390625 0.009375 0.034375
1 0.85 0.384375 0.0375 0.009375
1 0.7375 0.3734375 0.015625 0.03125
1 0.7578125 0.3609375 0.03125 0.0140625
1 0.675 0.3625 0.025 0.0296875
1 0.5671875 0.35625 0.065625 0.0390625
1 0.6125 0.3578125 0.0390625 0.05625
1 0.4890625 0.3375 0.0484375 0.0328125
1 0.825 0.3265625 0.0328125 0.025
1 0.7125 0.3296875 0.0484375 0.05
1 0.609375 0.3 0.0203125 0.0328125
1 0.8484375 0.2890625 0.040625 0.0609375
1 0.7984375 0.26875 0.0078125 0.0234375
1 0.6484375 0.265625 0.0234375 0.0265625
1 0.853125 0.2578125 0.015625 0.0125
1 0.4671875 0.2640625 0.025 0.0359375
1 0.75 0.240625 0.0234375 0.025
1 0.7765625 0.221875 0.01875 0.00625
1 0.696875 0.2 0.0296875 0.0578125
1 0.8265625 0.2 0.0078125 0.01875
1 0.890625 0.2171875 0.025 0.0546875
1 0.459375 0.18125 0.034375 0.0453125
1 0.4734375 0.1515625 0.03125 0.015625
1 0.8015625 0.103125 0.021875 0.0140625
1 0.95625 0.1015625 0.03125 0.0390625
1 0.9046875 0.0984375 0.0328125 0.046875
1 0.778125 0.08125 0.0734375 0.015625
1 0.6375 0.0828125 0.028125 0.0171875
1 0.428125 0.10859375 0.01875 0.0703125
1 0.475 0.0890625 0.075 0.03125
1 0.48046875 0.35078125 0.1234375 0.0765625
1 0.53203125 0.37265625 0.0515625 0.0328125
1 0.80859375 0.36953125 0.0546875 0.0390625
1 0.78359375 0.38125 0.0296875 0.015625
1 0.98515625 0.215625 0.0296875 0.075
1 0.9875 0.1796875 0.025 0.028125
1 0.9796875 0.371875 0.040625 0.034375
1 0.89921875 0.38125 0.0265625 0.015625
1 0.92890625 0.3765625 0.0234375 0.025
1 0.86875 0.365625 0.025 0.03125
1 0.89375 0.28125 0.05625 0.075
0 0.93359375 0.340625 0.1328125 0.071875
0 0.9453125 0.278125 0.053125 0.08125
1 0.9296875 0.2421875 0.0171875 0.0234375
1 0.953125 0.225 0.0296875 0.0140625
0 0.3015625 0.85 0.146875 0.0796875
0 0.303125 0.9375 0.165625 0.096875
0 0.04609375 0.97734375 0.0921875 0.0453125
0 0.021875 0.87578125 0.04375 0.0953125
0 0.0625 0.8078125 0.065625 0.1203125
1 0.1421875 0.878125 0.05625 0.0484375
1 0.21875 0.9140625 0.034375 0.0390625
1 0.10625 0.8375 0.0484375 0.0484375
1 0.1 0.88125 0.025 0.0265625
1 0.2390625 0.9953125 0.034375 0.009375
1 0.390625 0.98984375 0.05625 0.0203125
0 0.309375 0.69375 0.13125 0.0734375
1 0.00234375 0.78984375 0.0046875 0.0296875
1 0.0140625 0.74140625 0.028125 0.0203125
1 0.028125 0.7046875 0.028125 0.0359375
1 0.153125 0.6984375 0.046875 0.034375
1 0.1671875 0.7671875 0.0265625 0.021875
1 0.1671875 0.8109375 0.0265625 0.015625
1 0.15625 0.6515625 0.0765625 0.059375
1 0.3609375 0.653125 0.05 0.03125
1 0.40703125 0.634375 0.0234375 0.034375
1 0.2625 0.63125 0.06875 0.025
1 0.0453125 0.6765625 0.0171875 0.0171875
1 0.3953125 0.7125 0.046875 0.059375
0 0.6953125 0.6390625 0.0609375 0.271875
0 0.671875 0.8703125 0.15625 0.0921875
1 0.83125 0.95625 0.0234375 0.0328125
1 0.44375 0.55625 0.028125 0.015625