1 0.2 0.2609375 0.028125 0.040625
0 0.25625 0.27890625 0.10625 0.0796875
1 0.0828125 0.24375 0.04375 0.009375
1 0.0515625 0.31328125 0.0625 0.0109375
1 0.0578125 0.2953125 0.0234375 0.0234375
1 0.02265625 0.28203125 0.0453125 0.0734375
1 0.50625 0.0140625 0.01875 0.0265625
1 0.4984375 0.0484375 0.0171875 0.0203125
0 0.8421875 0.0609375 0.03125 0.025
0 0.315625 0.05703125 0.0125 0.0578125
1 0.384375 0.1265625 0.0125 0.015625
1 0.321875 0.21875 0.025 0.015625
1 0.3625 0.21875 0.0453125 0.0546875
0 0.31640625 0.2375 0.0140625 0.0625
1 0.31328125 0.28515625 0.0078125 0.0296875
1 0.375 0.2859375 0.034375 0.0296875
1 0.9625 0.1078125 0.025 0.0140625
1 0.9640625 0.065625 0.046875 0.03125
1 0.9703125 0.01875 0.0234375 0.015625
1 0.90625 0.1203125 0.034375 0.028125
1 0.9234375 0.19375 0.0546875 0.0375
1 0.93125 0.1671875 0.025 0.0203125
0 0.76640625 0.021875 0.1421875 0.04375
0 0.75390625 0.0640625 0.1359375 0.128125
0 0.7671875 0.1671875 0.09375 0.121875
1 0.84375 0.19375 0.0640625 0.05
1 0.625 0.0515625 0.046875 0.053125
1 0.58125 0.0453125 0.0421875 0.053125
1 0.659375 0.2625 0.0296875 0.0546875
1 0.7421875 0.25 0.03125 0.0171875
1 0.7546875 0.28125 0.0265625 0.025
1 0.815625 0.2546875 0.025 0.028125
1 0.31875 0.12109375 0.01875 0.0359375
1 0.146875 0.6703125 0.0390625 0.053125
1 0.1140625 0.7046875 0.028125 0.046875
1 0.128125 0.7484375 0.0203125 0.0234375
1 0.215625 0.7703125 0.021875 0.0296875
1 0.1203125 0.8125 0.0359375 0.0234375
1 0.1078125 0.8609375 0.0078125 0.0296875
1 0.125 0.859375 0.0203125 0.025
1 0.221875 0.896875 0.015625 0.0265625
1 0.075 0.9625 0.0359375 0.0421875
1 0.30078125 0.5421875 0.0171875 0.04375
1 0.30625 0.56875 0.00625 0.03125
1 0.296875 0.59296875 0.025 0.0265625
1 0.30703125 0.64140625 0.0046875 0.0171875
0 0.28984375 0.8609375 0.0390625 0.14375
1 0.30625 0.9671875 0.00625 0.01875
1 0.1171875 0.6921875 0.0453125 0.0109375
1 0.2546875 0.7609375 0.01875 0.0171875
0 0.2953125 0.959375 0.028125 0.06875
1 0.384375 0.3953125 0.015625 0.009375
1 0.621875 0.4265625 0.0328125 0.0359375
1 0.7453125 0.4609375 0.171875 0.146875
1 0.8453125 0.503125 0.04375 0.0296875
1 0.39375 0.559375 0.0078125 0.0078125
1 0.9 0.565625 0.0109375 0.0078125
1 0.4828125 0.559375 0.0375 0.046875
1 0.41875 0.578125 0.0171875 0.034375
1 0.99765625 0.5875 0.0046875 0.01875
1 0.6296875 0.60625 0.034375 0.040625
1 0.446875 0.6234375 0.0390625 0.025
1 0.459375 0.709375 0.04375 0.0421875
1 0.6625 0.728125 0.0125 0.0109375
1 0.615625 0.771875 0.0375 0.03125
1 0.371875 0.75 0.08125 0.0859375
0 0.70625 0.715625 0.2265625 0.2234375
1 0.321875 0.8125 0.025 0.03125
1 0.725 0.846875 0.015625 0.009375
0 0.7109375 0.8546875 0.0609375 0.1171875
1 0.8796875 0.446875 0.046875 0.034375
1 0.884375 0.4703125 0.01875 0.00625
1 0.865625 0.6921875 0.015625 0.021875
1 0.8578125 0.6796875 0.0125 0.009375
1 0.7796875 0.7765625 0.03125 0.028125
1 0.3578125 0.9046875 0.025 0.01875
1 0.328125 0.909375 0.021875 0.0078125
1 0.5296875 0.6671875 0.0765625 0.0703125
1 0.5515625 0.54375 0.06875 0.0953125