1 0.4796875 0.1796875 0.059375 0.0625
1 0.45 0.1640625 0.046875 0.065625
1 0.196875 0.16875 0.053125 0.0671875
1 0.2734375 0.209375 0.0140625 0.028125
0 0.20625 0.1828125 0.240625 0.153125
0 0.0984375 0.1765625 0.1921875 0.1390625
0 0.2484375 0.2765625 0.1265625 0.196875
0 0.20703125 0.309375 0.2015625 0.140625
1 0.046875 0.35625 0.040625 0.046875
1 0.6859375 0.090625 0.0296875 0.021875
1 0.7421875 0.1078125 0.015625 0.028125
0 0.8125 0.084375 0.025 0.11875
1 0.628125 0.19375 0.0296875 0.0421875
1 0.840625 0.21875 0.0171875 0.021875
1 0.784375 0.2328125 0.00625 0.0109375
1 0.7046875 0.2640625 0.0171875 0.0234375
1 0.6375 0.290625 0.0328125 0.0171875
1 0.81328125 0.33984375 0.0984375 0.0796875
0 0.91484375 0.27421875 0.1703125 0.2109375
0 0.93203125 0.1890625 0.1359375 0.33125
1 0.6015625 0.2703125 0.0234375 0.0140625
1 0.4546875 0.8421875 0.0328125 0.0203125
1 0.4375 0.7609375 0.03125 0.015625
1 0.521875 0.38203125 0.015625 0.0046875
1 0.459375 0.771875 0.00625 0.00625
1 0.490625 0.840625 0.0109375 0.0078125
1 0.2375 0.440625 0.015625 0.0078125
1 0.215625 0.4375 0.00625 0.0078125
1 0.24375 0.50625 0.0140625 0.0171875
1 0.265625 0.6 0.0328125 0.0265625
1 0.225 0.671875 0.0078125 0.0125
1 0.1515625 0.828125 0.0140625 0.0078125
1 0.153125 0.6296875 0.00625 0.0046875
1 0.159375 0.578125 0.0109375 0.0125
1 0.0625 0.5390625 0.053125 0.084375
1 0.0859375 0.6515625 0.046875 0.06875
1 0.0703125 0.7890625 0.0140625 0.0125
1 0.103125 0.865625 0.0078125 0.00625
1 0.025 0.875 0.0375 0.03125
0 0.03203125 0.8265625 0.0640625 0.084375
1 0.0203125 0.8375 0.040625 0.065625
0 0.03203125 0.628125 0.0640625 0.2
1 0.0546875 0.66875 0.0125 0.021875
0 0.02734375 0.4859375 0.0546875 0.15625
0 0.00625 0.8484375 0.0125 0.065625
1 0.790625 0.615625 0.01875 0.028125
0 0.8390625 0.615625 0.0734375 0.028125
1 0.6109375 0.7265625 0.03125 0.03125
0 0.8328125 0.7328125 0.09375 0.05
1 0.83125 0.8921875 0.00625 0.0265625
1 0.8046875 0.89375 0.03125 0.01875
1 0.596875 0.953125 0.0265625 0.009375
0 0.828125 0.9484375 0.109375 0.0796875
0 0.81875 0.97890625 0.08125 0.0421875
1 0.9421875 0.9140625 0.0109375 0.0078125
1 0.840625 0.81875 0.0234375 0.03125
1 0.8375 0.7 0.09375 0.0265625
1 0.590625 0.74375 0.021875 0.034375
1 0.59140625 0.909375 0.0234375 0.028125
1 0.6 0.8765625 0.0234375 0.028125
1 0.58203125 0.8890625 0.0046875 0.0125
1 0.6546875 0.953125 0.0328125 0.0265625
1 0.690625 0.959375 0.0171875 0.025
1 0.70078125 0.99140625 0.0296875 0.0171875
1 0.6875 0.99140625 0.025 0.0171875
1 0.6578125 0.99296875 0.025 0.0140625
1 0.7265625 0.884375 0.025 0.015625