1 0.2203125 0.2171875 0.0125 0.0171875
1 0.2484375 0.2875 0.034375 0.01875
1 0.240625 0.3234375 0.0296875 0.0171875
1 0.20546875 0.36015625 0.0421875 0.0171875
1 0.175 0.246875 0.028125 0.040625
1 0.1515625 0.2265625 0.0109375 0.0265625
1 0.1203125 0.2515625 0.0046875 0.0078125
1 0.25859375 0.20078125 0.0203125 0.0234375
1 0.03125 0.2625 0.021875 0.0234375
0 0.4890625 0.071875 0.2265625 0.1
1 0.725 0.1609375 0.0140625 0.00625
1 0.571875 0.1875 0.00625 0.0078125
1 0.54375 0.1953125 0.0234375 0.01875
1 0.3203125 0.228125 0.034375 0.05
1 0.30625 0.29375 0.0109375 0.0171875
1 0.7921875 0.2875 0.028125 0.0375
1 0.7375 0.309375 0.0125 0.0328125
1 0.6578125 0.3203125 0.01875 0.021875
1 0.521875 0.33125 0.0203125 0.0140625
1 0.790625 0.3546875 0.009375 0.0171875
0 0.546875 0.28828125 0.196875 0.1609375
1 0.97421875 0.0796875 0.0515625 0.115625
1 0.0703125 0.6859375 0.015625 0.021875
1 0.2109375 0.7328125 0.0125 0.0078125
1 0.1859375 0.8296875 0.040625 0.034375
1 0.2078125 0.9546875 0.009375 0.0140625
1 0.1 0.9859375 0.025 0.021875
0 0.1953125 0.96484375 0.146875 0.0703125
0 0.2125 0.8078125 0.1125 0.28125
1 0.234375 0.7296875 0.0234375 0.009375
0 0.19453125 0.67421875 0.1484375 0.1890625
1 0.2640625 0.6734375 0.009375 0.0203125
1 0.9109375 0.5796875 0.0109375 0.00625
1 0.3 0.5921875 0.015625 0.0140625
1 0.365625 0.5890625 0.04375 0.025
1 0.725 0.5984375 0.0375 0.0171875
1 0.7703125 0.6421875 0.021875 0.0296875
1 0.8171875 0.6328125 0.015625 0.0265625
1 0.9546875 0.65625 0.0296875 0.028125
1 0.8203125 0.65 0.021875 0.0171875
1 0.71875 0.6546875 0.0171875 0.021875
1 0.3203125 0.6390625 0.0453125 0.0515625
1 0.96875 0.671875 0.0171875 0.021875
1 0.690625 0.66875 0.0296875 0.0125
1 0.359375 0.678125 0.0234375 0.0265625
1 0.6984375 0.6921875 0.05 0.0390625
1 0.36875 0.6921875 0.03125 0.0296875
1 0.3734375 0.70625 0.0296875 0.021875
1 0.4109375 0.7359375 0.0203125 0.01875
1 0.5640625 0.7359375 0.0171875 0.0171875
1 0.509375 0.734375 0.021875 0.0203125
1 0.2734375 0.728125 0.009375 0.0375
1 0.27421875 0.759375 0.0109375 0.00625
1 0.378125 0.759375 0.0078125 0.0078125
1 0.346875 0.78125 0.0421875 0.04375
1 0.309375 0.790625 0.0203125 0.034375
1 0.2890625 0.8453125 0.0109375 0.0375
1 0.43125 0.8578125 0.021875 0.015625
1 0.4140625 0.8765625 0.025 0.021875
1 0.3859375 0.86875 0.0203125 0.025
1 0.4484375 0.8796875 0.034375 0.0171875
1 0.46875 0.89375 0.0171875 0.0109375
1 0.3296875 0.921875 0.028125 0.0375
1 0.7234375 0.9296875 0.021875 0.03125
1 0.36875 0.971875 0.025 0.021875
0 0.5671875 0.90625 0.2296875 0.171875
1 0.996875 0.98828125 0.00625 0.0203125
1 0.9609375 0.921875 0.0359375 0.0296875
1 0.9671875 0.853125 0.0484375 0.021875
1 0.896875 0.753125 0.040625 0.0265625
1 0.921875 0.75 0.025 0.0328125
1 0.9234375 0.7046875 0.0296875 0.0375
1 0.965625 0.7171875 0.0296875 0.0234375
1 0.940625 0.7390625 0.025 0.015625
1 0.85859375 0.98515625 0.0390625 0.0296875
1 0.71640625 0.9921875 0.0328125 0.015625
1 0.7359375 0.98359375 0.04375 0.0328125
1 0.7359375 0.996875 0.03125 0.00625
1 0.7046875 0.96875 0.04375 0.0390625
1 0.7015625 0.7453125 0.0328125 0.03125
1 0.68125 0.740625 0.015625 0.040625
1 0.671875 0.7234375 0.01875 0.015625
1 0.7359375 0.796875 0.0375 0.0265625
1 0.6921875 0.825 0.034375 0.05
1 0.7 0.8109375 0.059375 0.034375
1 0.7125 0.7953125 0.0171875 0.021875
1 0.721875 0.8875 0.01875 0.0328125
1 0.7015625 0.859375 0.015625 0.021875
1 0.7109375 0.8703125 0.00625 0.0109375
1 0.7125 0.8375 0.015625 0.015625
1 0.68125 0.8953125 0.03125 0.0265625
1 0.6875 0.8640625 0.0234375 0.040625
0 0.509375 0.59375 0.1265625 0.0359375
0 0.56875 0.66875 0.2578125 0.18125
1 0.6046875 0.9484375 0.03125 0.021875
1 0.671875 0.921875 0.01875 0.0296875
1 0.61875 0.9515625 0.0171875 0.0453125
1 0.61875 0.9890625 0.0265625 0.021875
1 0.546875 0.99140625 0.0375 0.0171875
1 0.42109375 0.984375 0.0328125 0.03125
1 0.44296875 0.996875 0.0359375 0.00625
1 0.453125 0.9859375 0.0234375 0.028125
1 0.4203125 0.9390625 0.0390625 0.028125
1 0.428125 0.9578125 0.0390625 0.0265625
1 0.434375 0.9640625 0.0265625 0.021875
1 0.49375 0.9703125 0.025 0.0328125
1 0.45625 0.96875 0.0390625 0.0328125
1 0.4390625 0.9265625 0.028125 0.009375
1 0.5046875 0.9453125 0.0546875 0.0484375
1 0.5546875 0.9046875 0.03125 0.01875
1 0.5796875 0.915625 0.028125 0.0390625
1 0.475 0.86875 0.0265625 0.0296875
1 0.45 0.8546875 0.03125 0.0265625
1 0.4671875 0.8359375 0.034375 0.0296875
1 0.4234375 0.7796875 0.0234375 0.0421875
1 0.4375 0.7921875 0.0140625 0.034375
1 0.4578125 0.7984375 0.0078125 0.0328125
1 0.4609375 0.76875 0.025 0.015625
1 0.4296875 0.7328125 0.015625 0.0359375
1 0.446875 0.7109375 0.0328125 0.0171875
1 0.4484375 0.7359375 0.04375 0.0234375
1 0.465625 0.7359375 0.03125 0.05
1 0.4640625 0.690625 0.0328125 0.034375
1 0.475 0.7203125 0.0171875 0.015625
1 0.5703125 0.71875 0.0359375 0.0171875
1 0.5328125 0.6765625 0.025 0.0171875
1 0.4453125 0.678125 0.0265625 0.0265625
1 0.4796875 0.6109375 0.096875 0.0515625
1 0.3484375 0.9 0.0390625 0.0421875
1 0.3390625 0.8625 0.0453125 0.0375
1 0.309375 0.846875 0.0328125 0.034375
1 0.27109375 0.9640625 0.0046875 0.015625
1 0.2953125 0.9953125 0.03125 0.009375
1 0.2859375 0.9796875 0.0125 0.0234375
1 0.33125 0.9734375 0.0125 0.009375
1 0.3515625 0.9859375 0.0140625 0.0140625
1 0.984375 0.9703125 0.0109375 0.0140625