1 0.00234375 0.128125 0.0046875 0.025
1 0.025 0.121875 0.0234375 0.028125
1 0.0375 0.2046875 0.0296875 0.025
1 0.00703125 0.34375 0.0140625 0.0375
1 0.0078125 0.39765625 0.015625 0.0265625
1 0.0203125 0.36875 0.0265625 0.028125
1 0.0453125 0.35625 0.04375 0.040625
1 0.0265625 0.3140625 0.028125 0.040625
1 0.0875 0.3203125 0.0453125 0.05625
1 0.1171875 0.3078125 0.05625 0.0671875
1 0.125 0.3625 0.0609375 0.065625
1 0.075 0.3625 0.0265625 0.021875
1 0.09375 0.3484375 0.0359375 0.034375
0 0.32421875 0.43515625 0.1390625 0.0296875
0 0.321875 0.3875 0.1265625 0.1046875
1 0.2140625 0.34375 0.0734375 0.0640625
1 0.271875 0.340625 0.0171875 0.028125
1 0.2390625 0.284375 0.05 0.0546875
1 0.2859375 0.2703125 0.053125 0.0390625
1 0.325 0.325 0.0234375 0.046875
1 0.3671875 0.334375 0.0671875 0.0578125
1 0.371875 0.25625 0.0359375 0.0375
1 0.3703125 0.2171875 0.0328125 0.0453125
1 0.2578125 0.1578125 0.0296875 0.034375
1 0.2234375 0.134375 0.065625 0.0625
1 0.190625 0.1609375 0.0421875 0.053125
1 0.1984375 0.2421875 0.0359375 0.0453125
1 0.1625 0.215625 0.0625 0.0859375
1 0.075 0.1890625 0.0265625 0.046875
1 0.1328125 0.1546875 0.0765625 0.0484375
1 0.11875 0.11875 0.021875 0.0265625
1 0.3828125 0.13125 0.08125 0.053125
1 0.390625 0.1828125 0.0546875 0.046875
1 0.421875 0.31875 0.03125 0.021875
1 0.3796875 0.2890625 0.0265625 0.0203125
1 0.4484375 0.2859375 0.0328125 0.05625
1 0.465625 0.3015625 0.028125 0.05625
1 0.47109375 0.253125 0.0171875 0.021875
1 0.46484375 0.17109375 0.0296875 0.1140625
1 0.4328125 0.165625 0.025 0.0203125
1 0.4640625 0.1984375 0.03125 0.0375
1 0.36484375 0.43125 0.0390625 0.0375
1 0.4078125 0.43828125 0.03125 0.0234375
1 0.45234375 0.440625 0.0296875 0.01875
1 0.453125 0.4265625 0.009375 0.0125
1 0.46015625 0.38984375 0.0390625 0.0921875
1 0.4578125 0.3640625 0.0203125 0.0140625
1 0.4265625 0.3859375 0.040625 0.059375
1 0.47109375 0.16953125 0.0171875 0.0140625
1 0.0109375 0.25 0.021875 0.021875
0 0.3328125 0.15625 0.121875 0.0984375
0 0.315625 0.2359375 0.0859375 0.103125
1 0.7140625 0.28125 0.0484375 0.0546875
1 0.678125 0.334375 0.03125 0.0375
0 0.8296875 0.31796875 0.340625 0.1046875
1 0.8171875 0.0828125 0.0296875 0.01875
0 0.9296875 0.08203125 0.140625 0.1640625
1 0.8515625 0.225 0.0265625 0.03125
1 0.2859375 0.8828125 0.0296875 0.0171875
1 0.028125 0.79375 0.0359375 0.0390625
1 0.01171875 0.80703125 0.0234375 0.1421875
1 0.39375 0.6921875 0.0140625 0.0078125
1 0.0671875 0.628125 0.0296875 0.021875
0 0.42421875 0.72265625 0.1109375 0.2234375
1 0.0734375 0.9265625 0.0078125 0.009375
0 0.3546875 0.88828125 0.25 0.2234375
1 0.80625 0.79375 0.059375 0.0625
1 0.9796875 0.7078125 0.0171875 0.028125
0 0.5484375 0.6640625 0.0828125 0.0171875
1 0.6859375 0.7359375 0.034375 0.046875
1 0.56875 0.709375 0.128125 0.0953125
1 0.525 0.6890625 0.0328125 0.0265625
0 0.5703125 0.809375 0.0921875 0.0828125
1 0.496875 0.8515625 0.0296875 0.0328125
1 0.5046875 0.896875 0.0296875 0.0109375
1 0.50625 0.875 0.015625 0.015625
1 0.6984375 0.9265625 0.0484375 0.04375
1 0.578125 0.9 0.0484375 0.0078125
1 0.584375 0.8578125 0.0546875 0.034375
1 0.684375 0.85625 0.021875 0.03125
1 0.5203125 0.98671875 0.04375 0.0265625
1 0.615625 0.95625 0.1171875 0.0453125
1 0.6078125 0.9796875 0.040625 0.034375
1 0.54609375 0.99375 0.1328125 0.0125
1 0.909375 0.959375 0.046875 0.04375
1 0.94375 0.8 0.03125 0.0234375
1 0.99765625 0.83671875 0.0046875 0.0265625
1 0.896875 0.8875 0.028125 0.028125