0 0.75234375 0.0359375 0.2546875 0.071875
0 0.72734375 0.0578125 0.2203125 0.115625
1 0.6171875 0.09375 0.040625 0.03125
1 0.475 0.75 0.0125 0.025
1 0.4875 0.6765625 0.0375 0.0375
1 0.653125 0.6671875 0.0390625 0.028125
1 0.7828125 0.6625 0.015625 0.021875
1 0.8375 0.6546875 0.0328125 0.0390625
1 0.815625 0.6140625 0.0390625 0.025
1 0.6765625 0.5734375 0.040625 0.0265625
1 0.9546875 0.478125 0.028125 0.0171875
1 0.9265625 0.4734375 0.021875 0.01875
1 0.7546875 0.4625 0.0703125 0.0625
1 0.9546875 0.3921875 0.01875 0.015625
1 0.878125 0.3765625 0.0109375 0.009375
1 0.6453125 0.3296875 0.0171875 0.0203125
1 0.9375 0.3265625 0.0171875 0.03125
1 0.6265625 0.321875 0.0234375 0.01875
1 0.765625 0.3578125 0.0203125 0.021875
1 0.8078125 0.3515625 0.0203125 0.0171875
1 0.778125 0.353125 0.0203125 0.0359375
1 0.81875 0.4109375 0.01875 0.034375
1 0.8109375 0.384375 0.01875 0.0203125
0 0.9828125 0.8109375 0.034375 0.03125
1 0.94375 0.753125 0.0453125 0.0859375
1 0.7796875 0.6296875 0.0390625 0.0484375
1 0.909375 0.5453125 0.0265625 0.034375
1 0.815625 0.81875 0.0078125 0.0109375
1 0.80625 0.8125 0.021875 0.0203125
1 0.8171875 0.7734375 0.0265625 0.03125
1 0.7515625 0.784375 0.0453125 0.034375
1 0.7828125 0.78125 0.01875 0.034375
1 0.66875 0.54375 0.03125 0.034375
1 0.684375 0.6671875 0.0359375 0.0296875
1 0.696875 0.609375 0.0453125 0.053125
1 0.696875 0.634375 0.0265625 0.025
0 0.98125 0.3109375 0.0375 0.025
0 0.98203125 0.7 0.0359375 0.140625
0 0.9828125 0.59921875 0.034375 0.1234375
0 0.98203125 0.4921875 0.0359375 0.078125
1 0.9765625 0.44375 0.046875 0.04375
0 0.54765625 0.36796875 0.1578125 0.1390625
0 0.5609375 0.43515625 0.184375 0.1109375
0 0.5453125 0.5609375 0.134375 0.178125
1 0.5953125 0.6453125 0.0453125 0.0296875
0 0.5359375 0.765625 0.096875 0.1171875
0 0.6421875 0.775 0.1421875 0.1015625
0 0.55625 0.7328125 0.046875 0.05
0 0.553125 0.815625 0.075 0.0203125
1 0.4859375 0.8015625 0.034375 0.046875
1 0.7125 0.803125 0.04375 0.040625
1 0.675 0.703125 0.0375 0.04375
1 0.6703125 0.7421875 0.0453125 0.034375