1 0.25625 0.075 0.125 0.0953125
1 0.33125 0.084375 0.0375 0.0390625
1 0.3625 0.1125 0.0265625 0.021875
1 0.3921875 0.0765625 0.0359375 0.03125
1 0.4109375 0.01171875 0.021875 0.0234375
1 0.01953125 0.296875 0.0390625 0.0625
1 0.065625 0.2890625 0.0359375 0.0359375
0 0.1421875 0.10703125 0.090625 0.2140625
0 0.0828125 0.07578125 0.165625 0.1515625
1 0.6734375 0.0359375 0.025 0.0203125
1 0.68125 0.30625 0.0171875 0.021875
1 0.7859375 0.2984375 0.021875 0.0125
1 0.80625 0.2796875 0.0171875 0.0265625
1 0.8265625 0.2953125 0.0296875 0.0328125
1 0.828125 0.0421875 0.025 0.028125
1 0.96328125 0.021875 0.0421875 0.04375
1 0.9890625 0.0640625 0.021875 0.03125
1 0.7515625 0.33671875 0.03125 0.0265625
1 0.5609375 0.2015625 0.0359375 0.0484375
1 0.915625 0.3046875 0.021875 0.0171875
1 0.915625 0.328125 0.028125 0.03125
1 0.9890625 0.2828125 0.0078125 0.0171875
0 0.59375 0.08359375 0.128125 0.1671875
0 0.7171875 0.07890625 0.375 0.1578125
1 0.99375 0.00859375 0.0125 0.0171875
1 0.990625 0.0296875 0.0171875 0.028125
1 0.9921875 0.16875 0.015625 0.021875
1 0.99296875 0.19375 0.0140625 0.025
1 0.74375 0.134375 0.0328125 0.03125
1 0.765625 0.0921875 0.01875 0.0234375
1 0.75625 0.0828125 0.009375 0.028125
1 0.8046875 0.084375 0.028125 0.046875
1 0.7921875 0.0734375 0.0171875 0.0265625
1 0.1671875 0.571875 0.0140625 0.01875
1 0.1875 0.5234375 0.0234375 0.0234375
1 0.278125 0.871875 0.0078125 0.015625
1 0.2796875 0.5078125 0.00625 0.0125
1 0.2640625 0.9 0.046875 0.0765625
1 0.34375 0.428125 0.015625 0.0078125
1 0.4234375 0.9875 0.040625 0.021875
1 0.44375 0.9359375 0.046875 0.059375
1 0.5078125 0.896875 0.0109375 0.0203125
1 0.5078125 0.6609375 0.0140625 0.009375
1 0.51328125 0.35390625 0.0265625 0.0078125
1 0.49375 0.5421875 0.028125 0.03125
1 0.453125 0.5421875 0.046875 0.0484375
1 0.46875 0.51875 0.0359375 0.021875
1 0.51953125 0.6640625 0.0203125 0.03125
1 0.3890625 0.6671875 0.0515625 0.0390625
1 0.3734375 0.6046875 0.0515625 0.0609375
1 0.4296875 0.734375 0.0140625 0.01875
0 0.38671875 0.73828125 0.2859375 0.3578125
1 0.3984375 0.9078125 0.0125 0.0203125
0 0.315625 0.784375 0.1859375 0.2171875
1 0.2265625 0.9140625 0.034375 0.0234375
1 0.203125 0.8234375 0.0328125 0.0375
0 0.2015625 0.7484375 0.0875 0.4
1 0.3265625 0.678125 0.01875 0.015625
1 0.3046875 0.66875 0.015625 0.021875
0 0.60078125 0.8875 0.1421875 0.178125
0 0.715625 0.8328125 0.159375 0.065625
0 0.7984375 0.84375 0.046875 0.0171875
1 0.7125 0.86875 0.0328125 0.04375
1 0.6765625 0.7734375 0.03125 0.034375
1 0.7453125 0.6203125 0.025 0.0390625
1 0.6453125 0.5796875 0.0265625 0.0234375
1 0.6734375 0.3890625 0.0328125 0.0328125
1 0.78125 0.3984375 0.034375 0.0375
1 0.671875 0.740625 0.03125 0.0234375
1 0.7046875 0.775 0.0125 0.028125
1 0.690625 0.9125 0.0375 0.01875
1 0.78125 0.76875 0.0328125 0.025
1 0.603125 0.3609375 0.01875 0.0203125