1 0.19375 0.2671875 0.0171875 0.046875
1 0.178125 0.365625 0.0375 0.046875
1 0.2703125 0.1390625 0.0421875 0.0296875
1 0.1421875 0.440625 0.0171875 0.04375
1 0.1890625 0.5546875 0.046875 0.034375
1 0.06875 0.634375 0.0421875 0.0203125
1 0.0375 0.134375 0.0421875 0.0296875
1 0.0625 0.1296875 0.0234375 0.021875
1 0.0484375 0.1859375 0.0109375 0.0359375
1 0.078125 0.1859375 0.028125 0.0328125
1 0.146875 0.3765625 0.025 0.0234375
1 0.0234375 0.20625 0.0265625 0.01875
1 0.0171875 0.221875 0.0265625 0.03125
1 0.0234375 0.2703125 0.021875 0.0125
1 0.0203125 0.31796875 0.040625 0.2203125
1 0.04375 0.375 0.021875 0.021875
1 0.0234375 0.390625 0.0140625 0.015625
1 0.05625 0.3078125 0.0171875 0.0171875
1 0.0375 0.325 0.00625 0.0125
1 0.0484375 0.3234375 0.0125 0.0296875
1 0.121875 0.328125 0.0203125 0.0171875
1 0.1203125 0.309375 0.0375 0.0171875
1 0.134375 0.41875 0.0140625 0.01875
1 0.0359375 0.5375 0.0203125 0.0234375
1 0.01875 0.584375 0.021875 0.0109375
1 0.025 0.4828125 0.0078125 0.021875
1 0.0734375 0.4578125 0.0234375 0.0234375
1 0.0703125 0.475 0.0171875 0.0109375
1 0.1140625 0.6296875 0.0359375 0.0328125
1 0.184375 0.5796875 0.009375 0.0109375
0 0.496875 0.14921875 0.14375 0.0609375
1 0.5140625 0.146875 0.0453125 0.0421875
0 0.49609375 0.23125 0.1453125 0.203125
1 0.5171875 0.20625 0.025 0.03125
1 0.525 0.2890625 0.015625 0.009375
1 0.46875 0.3640625 0.028125 0.0375
0 0.4859375 0.4453125 0.165625 0.240625
1 0.51875 0.3921875 0.0265625 0.0234375
0 0.4953125 0.6078125 0.0828125 0.0765625
1 0.3828125 0.6359375 0.0140625 0.0140625
0 0.4109375 0.6203125 0.09375 0.05
1 0.078125 0.303125 0.1078125 0.3109375
1 0.0953125 0.4265625 0.0203125 0.021875
1 0.3796875 0.45 0.0203125 0.021875
1 0.38125 0.4640625 0.025 0.009375
0 0.99140625 0.421875 0.0171875 0.11875
1 0.9671875 0.2875 0.0171875 0.021875
1 0.971875 0.165625 0.05625 0.08125
1 0.7609375 0.025 0.0328125 0.025
1 0.6078125 0.3515625 0.01875 0.04375
1 0.6390625 0.3765625 0.028125 0.021875
0 0.86640625 0.075 0.2046875 0.15
1 0.9734375 0.0046875 0.025 0.009375
0 0.7734375 0.16796875 0.409375 0.3359375
0 0.75625 0.3171875 0.375 0.33125
1 0.025 0.71875 0.0109375 0.0125
1 0.7515625 0.940625 0.00625 0.0125
1 0.9953125 0.86171875 0.009375 0.0265625
1 0.978125 0.9921875 0.0109375 0.015625
1 0.6 0.9578125 0.025 0.0234375
0 0.71953125 0.89921875 0.2515625 0.2015625
1 0.57578125 0.890625 0.0140625 0.015625
0 0.6546875 0.846875 0.06875 0.096875
1 0.709375 0.9296875 0.0125 0.0140625