1 0.4546875 0.5171875 0.046875 0.04375
1 0.315625 0.490625 0.0296875 0.03125
1 0.34375 0.390625 0.025 0.0265625
1 0.103125 0.4421875 0.046875 0.065625
1 0.21875 0.39375 0.0265625 0.0328125
1 0.1125 0.3640625 0.040625 0.03125
1 0.240625 0.3 0.0328125 0.0453125
1 0.271875 0.3265625 0.0125 0.0296875
1 0.2734375 0.3 0.0234375 0.01875
1 0.446875 0.1359375 0.046875 0.034375
1 0.08125 0.1625 0.0359375 0.04375
0 0.06875 0.2484375 0.0109375 0.040625
0 0.1 0.21875 0.0734375 0.0109375
1 0.3109375 0.025 0.015625 0.021875
0 0.1453125 0.459375 0.1640625 0.0609375
0 0.1078125 0.440625 0.0890625 0.0578125
0 0.24375 0.2625 0.3125 0.26875
0 0.43046875 0.2671875 0.2578125 0.278125
0 0.496875 0.23203125 0.125 0.3421875
1 0.934375 0.4859375 0.0421875 0.0375
1 0.8046875 0.4109375 0.01875 0.015625
1 0.771875 0.321875 0.0234375 0.025
1 0.7921875 0.3484375 0.0453125 0.034375
1 0.8125 0.3125 0.034375 0.0375
1 0.825 0.171875 0.053125 0.065625
1 0.9421875 0.0578125 0.0125 0.015625
0 0.56796875 0.16328125 0.0171875 0.0515625
0 0.96953125 0.41171875 0.0609375 0.2296875
0 0.6359375 0.403125 0.153125 0.271875
1 0.546875 0.61328125 0.025 0.0484375
1 0.4734375 0.946875 0.0328125 0.0515625
0 0.4859375 0.9515625 0.146875 0.096875
0 0.34609375 0.928125 0.2453125 0.14375
1 0.690625 0.6921875 0.0390625 0.0453125
1 0.7546875 0.6453125 0.0484375 0.03125
1 0.7421875 0.703125 0.0265625 0.0234375
1 0.91875 0.7265625 0.0515625 0.0578125
1 0.9046875 0.5609375 0.03125 0.0265625
1 0.71328125 0.54765625 0.0484375 0.0171875
1 0.7421875 0.86875 0.0328125 0.0515625
1 0.7171875 0.84375 0.0265625 0.0359375