1 0.3796875 0.396875 0.0140625 0.0171875
1 0.14375 0.328125 0.0140625 0.015625
1 0.0609375 0.1828125 0.009375 0.009375
1 0.3171875 0.146875 0.0140625 0.0109375
1 0.053125 0.115625 0.0078125 0.0140625
1 0.38125 0.09453125 0.015625 0.0109375
1 0.1046875 0.1859375 0.0171875 0.021875
1 0.028125 0.0984375 0.0125 0.01875
1 0.009375 0.09921875 0.01875 0.0203125
1 0.1609375 0.165625 0.0109375 0.0171875
0 0.184375 0.1765625 0.125 0.175
0 0.15 0.3 0.1 0.03125
1 0.1828125 0.2640625 0.05 0.0375
1 0.115625 0.2796875 0.0140625 0.015625
1 0.2265625 0.425 0.025 0.0234375
0 0.146875 0.4671875 0.090625 0.04375
0 0.240625 0.4296875 0.2125 0.1015625
1 0.5890625 0.3046875 0.0328125 0.0453125
1 0.4 0.2515625 0.021875 0.01875
1 0.9578125 0.25 0.05 0.03125
1 0.921875 0.196875 0.0296875 0.0203125
1 0.4375 0.171875 0.0125 0.0234375
1 0.925 0.1609375 0.0203125 0.0265625
1 0.80625 0.1515625 0.0203125 0.04375
1 0.4890625 0.1390625 0.03125 0.01875
1 0.965625 0.13125 0.0140625 0.015625
1 0.55 0.1265625 0.0296875 0.01875
1 0.8234375 0.0828125 0.0328125 0.0203125
1 0.7328125 0.034375 0.0359375 0.0390625
1 0.4359375 0.3 0.0328125 0.040625
1 0.4921875 0.171875 0.0234375 0.0234375
1 0.5890625 0.225 0.0375 0.028125
1 0.5859375 0.01484375 0.046875 0.0296875
1 0.58125 0.034375 0.0359375 0.0234375
1 0.5703125 0.0703125 0.021875 0.025
1 0.59375 0.0625 0.0359375 0.0234375
1 0.6 0.05 0.025 0.025
0 0.76015625 0.08671875 0.2828125 0.1734375
0 0.725 0.2265625 0.221875 0.20625
1 0.7328125 0.075 0.0296875 0.0328125
1 0.8234375 0.3125 0.028125 0.03125
1 0.8875 0.2921875 0.0453125 0.071875
1 0.8578125 0.315625 0.0375 0.025
1 0.93125 0.05625 0.0296875 0.0453125
1 0.91875 0.0296875 0.034375 0.0390625
1 0.2171875 0.99375 0.0265625 0.0078125
1 0.3734375 0.9875 0.03125 0.025
1 0.3734375 0.9125 0.021875 0.01875
1 0.15625 0.9109375 0.03125 0.025
1 0.3765625 0.8890625 0.0140625 0.0078125
1 0.253125 0.878125 0.0265625 0.0296875
1 0.153125 0.878125 0.0203125 0.028125
1 0.075 0.88125 0.0453125 0.05625
1 0.2671875 0.821875 0.0625 0.03125
1 0.2125 0.80625 0.0546875 0.0578125
1 0.146875 0.7484375 0.0359375 0.0328125
1 0.2078125 0.7484375 0.04375 0.0484375
1 0.3765625 0.68125 0.025 0.0125
1 0.3078125 0.68125 0.0296875 0.025
1 0.08671875 0.98359375 0.0265625 0.0328125
1 0.23125 0.9828125 0.0234375 0.0171875
1 0.240625 0.9484375 0.0515625 0.0609375
1 0.08125 0.75625 0.040625 0.04375
1 0.1 0.7359375 0.021875 0.025
1 0.2140625 0.6640625 0.015625 0.0140625
1 0.303125 0.8328125 0.0125 0.0234375
1 0.334375 0.840625 0.0203125 0.03125
1 0.3265625 0.8671875 0.0390625 0.0296875
1 0.3140625 0.8875 0.0171875 0.025
1 0.3171875 0.815625 0.0265625 0.015625
1 0.315625 0.7765625 0.0234375 0.0453125
1 0.7140625 0.78125 0.0171875 0.0203125
1 0.771875 0.746875 0.0140625 0.015625
1 0.98515625 0.4921875 0.0296875 0.00625
1 0.99375 0.67890625 0.0125 0.0171875
1 0.96875 0.734375 0.034375 0.0296875
1 0.9890625 0.709375 0.021875 0.028125
1 0.984375 0.68671875 0.03125 0.0328125
1 0.9859375 0.7671875 0.009375 0.0171875
1 0.99609375 0.75703125 0.0078125 0.0140625
1 0.9421875 0.6328125 0.0171875 0.0234375
1 0.99140625 0.6140625 0.0171875 0.015625
1 0.9671875 0.5890625 0.025 0.021875
0 0.746875 0.7734375 0.3671875 0.11875
1 0.8 0.7828125 0.01875 0.0140625
1 0.759375 0.765625 0.021875 0.015625
1 0.7859375 0.746875 0.015625 0.0125
1 0.80625 0.7375 0.0171875 0.0203125
1 0.784375 0.7 0.03125 0.0359375
0 0.7890625 0.6296875 0.1515625 0.16875
1 0.4671875 0.759375 0.0140625 0.0109375
1 0.490625 0.753125 0.0375 0.0359375
1 0.5 0.665625 0.03125 0.03125
1 0.49375 0.5609375 0.021875 0.021875
1 0.5046875 0.5328125 0.078125 0.0625
1 0.465625 0.5609375 0.0328125 0.040625
1 0.5015625 0.81875 0.065625 0.028125
1 0.64375 0.7234375 0.0234375 0.025
1 0.621875 0.734375 0.025 0.0328125
1 0.69375 0.6765625 0.0375 0.025
1 0.621875 0.5359375 0.028125 0.0234375
1 0.6515625 0.5390625 0.03125 0.040625
1 0.6640625 0.565625 0.0203125 0.0203125
1 0.615625 0.5640625 0.0171875 0.021875
1 0.6265625 0.578125 0.0140625 0.015625
1 0.6328125 0.5640625 0.0203125 0.0234375
1 0.7046875 0.5625 0.01875 0.03125
1 0.721875 0.5734375 0.0171875 0.015625
1 0.7421875 0.5671875 0.0234375 0.0109375
1 0.859375 0.5828125 0.025 0.01875
1 0.84375 0.565625 0.0203125 0.0140625
1 0.8546875 0.540625 0.028125 0.025
1 0.8546875 0.5015625 0.028125 0.0234375
1 0.74453125 0.50234375 0.0265625 0.0265625
1 0.7515625 0.49296875 0.0375 0.0078125
0 0.82265625 0.5140625 0.1890625 0.05
1 0.784375 0.540625 0.009375 0.0140625
1 0.7796875 0.5265625 0.009375 0.01875
1 0.39296875 0.73828125 0.0078125 0.0265625
1 0.39765625 0.5 0.0171875 0.021875