1 0.01015625 0.26875 0.0203125 0.021875
1 0.103125 0.209375 0.0390625 0.0375
0 0.30703125 0.26328125 0.3046875 0.1546875
0 0.3 0.415625 0.25625 0.334375
1 0.2640625 0.4046875 0.03125 0.034375
1 0.225 0.428125 0.01875 0.01875
1 0.1796875 0.4609375 0.0328125 0.021875
0 0.3140625 0.5734375 0.153125 0.1125
1 0.3890625 0.45 0.0265625 0.0234375
1 0.071875 0.43125 0.03125 0.028125
1 0.44296875 0.60234375 0.0328125 0.0234375
1 0.325 0.2 0.046875 0.025
1 0.584375 0.55 0.0140625 0.0046875
1 0.6984375 0.2171875 0.0140625 0.0046875
1 0.4703125 0.21328125 0.021875 0.0328125
1 0.5109375 0.421875 0.021875 0.0296875
1 0.5578125 0.4296875 0.0375 0.03125
1 0.553125 0.5109375 0.0390625 0.0328125
1 0.584375 0.35625 0.0234375 0.028125
1 0.678125 0.38125 0.0125 0.0109375
0 0.809375 0.4765625 0.234375 0.1828125
1 0.7390625 0.3359375 0.009375 0.0046875
1 0.765625 0.334375 0.025 0.021875
1 0.8125 0.2484375 0.0734375 0.0359375
1 0.7578125 0.2625 0.0625 0.01875
1 0.7421875 0.221875 0.0421875 0.0171875
0 0.8421875 0.1515625 0.1890625 0.221875
1 0.8828125 0.240625 0.0203125 0.0265625
1 0.934375 0.5046875 0.0234375 0.0359375
1 0.1609375 0.9515625 0.0171875 0.0234375
1 0.3765625 0.884375 0.015625 0.0125
1 0.015625 0.8375 0.025 0.021875
1 0.046875 0.875 0.0328125 0.025
1 0.14375 0.9859375 0.04375 0.028125
1 0.2875 0.9421875 0.0328125 0.0296875
0 0.30625 0.9078125 0.30625 0.184375
1 0.0078125 0.921875 0.015625 0.01875
1 0.8765625 0.7515625 0.0125 0.015625
0 0.74921875 0.7109375 0.1859375 0.1625
0 0.71875 0.71015625 0.271875 0.1609375
1 0.7296875 0.6421875 0.0109375 0.0078125