1 0.3890625 0.121875 0.0171875 0.0203125
1 0.3828125 0.0578125 0.0421875 0.0546875
1 0.3828125 0.00625 0.015625 0.0125
1 0.0921875 0.215625 0.021875 0.021875
0 0.04140625 0.15078125 0.0828125 0.0984375
0 0.046875 0.09453125 0.09375 0.0546875
0 0.05703125 0.04296875 0.1140625 0.0796875
1 0.99296875 0.28203125 0.0140625 0.0453125
1 0.95 0.321875 0.046875 0.0390625
1 0.915625 0.3140625 0.0296875 0.034375
1 0.89375 0.346875 0.0234375 0.034375
1 0.828125 0.2671875 0.0265625 0.028125
0 0.909375 0.1265625 0.159375 0.1578125
1 0.803125 0.44375 0.0484375 0.040625
1 0.940625 0.4109375 0.05625 0.05
1 0.96953125 0.46015625 0.0234375 0.0171875
0 0.89765625 0.434375 0.0765625 0.06875
1 0.8703125 0.4578125 0.021875 0.021875
1 0.5234375 0.46171875 0.040625 0.0140625
1 0.7109375 0.434375 0.03125 0.0203125
1 0.58125 0.2859375 0.0359375 0.0375
1 0.528125 0.059375 0.0375 0.0234375
1 0.1265625 0.5015625 0.01875 0.015625
1 0.3859375 0.5078125 0.009375 0.0125
1 0.396875 0.565625 0.0421875 0.0421875
1 0.3640625 0.584375 0.0359375 0.0390625
1 0.296875 0.6265625 0.028125 0.0125
1 0.3640625 0.625 0.021875 0.015625
1 0.1453125 0.628125 0.0265625 0.0140625
1 0.3765625 0.6640625 0.0328125 0.0484375
1 0.4609375 0.6828125 0.015625 0.021875
1 0.325 0.7921875 0.0515625 0.0203125
1 0.4546875 0.81015625 0.028125 0.0359375
1 0.31875 0.47421875 0.03125 0.0109375
1 0.4640625 0.54296875 0.009375 0.0140625
1 0.4359375 0.55625 0.0390625 0.03125
0 0.24140625 0.47890625 0.0640625 0.0203125
1 0.228125 0.5 0.015625 0.03125
1 0.2765625 0.49375 0.075 0.021875
1 0.3 0.5546875 0.0390625 0.025
0 0.2375 0.5296875 0.115625 0.075
1 0.13984375 0.47109375 0.0203125 0.0046875
1 0.2890625 0.6765625 0.015625 0.015625
1 0.2609375 0.5953125 0.1640625 0.0515625
1 0.2453125 0.5921875 0.028125 0.0140625
1 0.2 0.58125 0.015625 0.0171875
0 0.2625 0.6703125 0.0984375 0.1625
1 0.3734375 0.7703125 0.0140625 0.0171875
1 0.328125 0.7625 0.05 0.03125
1 0.3015625 0.7765625 0.009375 0.0125
1 0.2953125 0.778125 0.0125 0.01875
1 0.303125 0.8296875 0.0203125 0.0109375
0 0.234375 0.7265625 0.140625 0.08125
0 0.215625 0.7953125 0.0984375 0.08125
1 0.028125 0.4734375 0.025 0.009375
1 0.1296875 0.5390625 0.0140625 0.015625
1 0.09375 0.5125 0.01875 0.015625
1 0.0953125 0.4890625 0.0125 0.015625
1 0.1 0.5578125 0.0578125 0.025
1 0.01875 0.7703125 0.0375 0.059375
1 0.01015625 0.82421875 0.0203125 0.0234375
1 0.87109375 0.4796875 0.0578125 0.021875
1 0.8765625 0.571875 0.0234375 0.053125
1 0.809375 0.5734375 0.090625 0.0890625
1 0.8625 0.728125 0.0328125 0.034375
1 0.8234375 0.740625 0.03125 0.0390625
1 0.7875 0.7703125 0.0765625 0.0453125
1 0.74375 0.7953125 0.034375 0.015625
1 0.834375 0.7859375 0.0234375 0.040625
1 0.8390625 0.84375 0.0375 0.046875
1 0.8046875 0.8703125 0.0359375 0.0375
1 0.8671875 0.88125 0.025 0.0296875
1 0.7859375 0.8375 0.0359375 0.065625
1 0.7390625 0.8609375 0.0453125 0.046875
1 0.75 0.909375 0.0390625 0.04375
1 0.8015625 0.9109375 0.0609375 0.028125
1 0.7203125 0.9359375 0.0265625 0.03125
1 0.7453125 0.9515625 0.071875 0.04375
1 0.7953125 0.9546875 0.034375 0.0265625
1 0.5859375 0.93125 0.0203125 0.0265625
1 0.6234375 0.8859375 0.09375 0.08125
1 0.6640625 0.8625 0.0671875 0.053125
1 0.65625 0.834375 0.0578125 0.0421875
1 0.4984375 0.96171875 0.059375 0.0203125
1 0.546875 0.96875 0.0484375 0.0078125
1 0.540625 0.9578125 0.0203125 0.028125
1 0.4828125 0.94453125 0.028125 0.0484375
1 0.5015625 0.91875 0.0515625 0.0546875
1 0.50625 0.884375 0.071875 0.046875
1 0.47578125 0.8765625 0.0140625 0.046875
1 0.48125 0.8578125 0.025 0.028125
1 0.4875 0.6578125 0.0375 0.103125
1 0.478125 0.6875 0.01875 0.053125
1 0.49375 0.7671875 0.05 0.075
1 0.546875 0.784375 0.04375 0.059375
1 0.640625 0.7203125 0.0109375 0.0421875
0 0.5671875 0.734375 0.1109375 0.1671875
1 0.478125 0.7296875 0.0171875 0.0265625
1 0.503125 0.7265625 0.0265625 0.046875
1 0.5125 0.6265625 0.0578125 0.0703125
1 0.475 0.578125 0.0125 0.046875
1 0.634375 0.6 0.040625 0.078125
1 0.6390625 0.6390625 0.0359375 0.009375
0 0.6 0.5515625 0.0546875 0.1234375
1 0.6453125 0.5828125 0.0265625 0.0703125
1 0.6734375 0.55625 0.09375 0.06875
1 0.6265625 0.53125 0.03125 0.06875
1 0.48828125 0.53203125 0.0390625 0.0453125
1 0.5375 0.528125 0.05625 0.0625
1 0.565625 0.509375 0.109375 0.08125
0 0.546875 0.475 0.06875 0.0125
1 0.725 0.634375 0.0421875 0.0203125