0 0.321875 0.3703125 0.175 0.290625
1 0.2734375 0.540625 0.0828125 0.065625
1 0.40390625 0.5421875 0.0109375 0.071875
1 0.4671875 0.103125 0.06875 0.05
1 0.64375 0.478125 0.0484375 0.0546875
1 0.6078125 0.53125 0.03125 0.0375
0 0.79453125 0.51484375 0.4109375 0.1046875
1 0.746875 0.2796875 0.0296875 0.01875
0 0.89453125 0.21640625 0.2109375 0.2890625
0 0.853125 0.078125 0.140625 0.06875
1 0.984375 0.25625 0.03125 0.04375
1 0.78125 0.421875 0.0265625 0.03125
1 0.246875 0.9125 0.0140625 0.0171875
1 0.2703125 0.7265625 0.034375 0.009375
1 0.246875 0.68125 0.0234375 0.034375
1 0.08125 0.6375 0.0203125 0.025
1 0.3453125 0.628125 0.0140625 0.015625
1 0.1203125 0.6328125 0.021875 0.034375
0 0.0703125 0.8265625 0.140625 0.259375
1 0.1265625 0.85625 0.0265625 0.0359375
1 0.171875 0.86875 0.03125 0.046875
1 0.15625 0.884375 0.01875 0.0390625
1 0.1375 0.9359375 0.015625 0.01875
1 0.153125 0.9390625 0.03125 0.028125
1 0.1265625 0.8953125 0.0515625 0.046875
0 0.0453125 0.63828125 0.090625 0.0984375
1 0.034375 0.6375 0.0265625 0.01875
1 0.1515625 0.65625 0.0375 0.0515625
1 0.178125 0.65 0.03125 0.021875
1 0.1734375 0.63125 0.0375 0.0390625
1 0.259375 0.65 0.0234375 0.0296875
1 0.2515625 0.634375 0.0203125 0.021875
1 0.2515625 0.6234375 0.0140625 0.01875
1 0.2796875 0.63125 0.01875 0.015625
1 0.2203125 0.71875 0.021875 0.0140625
1 0.1890625 0.70625 0.0140625 0.01875
1 0.2484375 0.834375 0.021875 0.025
1 0.2734375 0.8765625 0.03125 0.03125
1 0.3671875 0.9375 0.04375 0.0390625
1 0.3796875 0.89375 0.0328125 0.0265625
1 0.403125 0.88046875 0.0125 0.0421875
1 0.3671875 0.8171875 0.034375 0.03125
1 0.3484375 0.8609375 0.04375 0.0390625
1 0.3234375 0.86875 0.0234375 0.0203125
1 0.3125 0.8890625 0.0171875 0.015625
1 0.3109375 0.9078125 0.0140625 0.0171875
1 0.45 0.9078125 0.0296875 0.0390625
1 0.5296875 0.878125 0.0234375 0.0203125
1 0.5171875 0.8359375 0.0390625 0.0296875
1 0.571875 0.8546875 0.015625 0.0171875
0 0.6484375 0.884375 0.1484375 0.128125
1 0.6359375 0.93125 0.0421875 0.034375
1 0.8328125 0.9 0.0328125 0.0265625
1 0.865625 0.8625 0.0390625 0.05
1 0.8515625 0.9671875 0.01875 0.040625
1 0.740625 0.8953125 0.01875 0.0171875
1 0.8359375 0.8375 0.01875 0.015625
1 0.66875 0.8328125 0.028125 0.0234375
1 0.99140625 0.8765625 0.0171875 0.028125
1 0.90625 0.9765625 0.0171875 0.0140625
1 0.565625 0.825 0.015625 0.009375
1 0.9875 0.8421875 0.01875 0.0234375
0 0.6625 0.9609375 0.50625 0.078125