1 0.025 0.4796875 0.009375 0.009375
1 0.028125 0.58671875 0.009375 0.0046875
1 0.071875 0.546875 0.0390625 0.0296875
1 0.0828125 0.059375 0.0234375 0.0234375
1 0.1 0.4625 0.0125 0.01875
1 0.1 0.3171875 0.0234375 0.0125
1 0.115625 0.171875 0.025 0.0171875
1 0.1328125 0.4828125 0.0171875 0.0171875
1 0.134375 0.4484375 0.025 0.0171875
1 0.171875 0.503125 0.0109375 0.0078125
1 0.1546875 0.3453125 0.0453125 0.040625
1 0.1703125 0.096875 0.0234375 0.009375
1 0.2015625 0.071875 0.015625 0.0125
1 0.2015625 0.553125 0.021875 0.03125
1 0.1953125 0.4375 0.0515625 0.0578125
1 0.2328125 0.0375 0.0625 0.059375
1 0.23828125 0.58046875 0.0515625 0.0171875
1 0.2609375 0.55 0.0078125 0.0109375
1 0.275 0.4375 0.009375 0.025
1 0.271875 0.5390625 0.021875 0.0171875
1 0.2828125 0.365625 0.0296875 0.0203125
1 0.3015625 0.090625 0.0140625 0.0234375
1 0.3125 0.165625 0.0109375 0.015625
1 0.346875 0.1125 0.01875 0.015625
1 0.33125 0.5375 0.0515625 0.065625
1 0.3640625 0.140625 0.00625 0.0109375
1 0.4109375 0.35 0.0109375 0.009375
1 0.4125 0.1640625 0.0375 0.0375
1 0.5015625 0.1578125 0.0328125 0.0265625
1 0.5203125 0.2390625 0.015625 0.0359375
1 0.4390625 0.00546875 0.040625 0.0109375
1 0.290625 0.0859375 0.021875 0.025
1 0.1375 0.0515625 0.0234375 0.0375
1 0.13359375 0.01796875 0.0890625 0.0359375
1 0.11875 0.1140625 0.0140625 0.01875
1 0.128125 0.134375 0.0203125 0.01875
1 0.05 0.103125 0.0125 0.01875
1 0.03125 0.121875 0.015625 0.015625
1 0.0078125 0.078125 0.0140625 0.025
1 0.0046875 0.040625 0.0078125 0.00625
1 0.490625 0.103125 0.075 0.0671875
1 0.5 0.2640625 0.0484375 0.0640625
0 0.3625 0.26875 0.1515625 0.1421875
0 0.1234375 0.2578125 0.1109375 0.0984375
0 0.04375 0.240625 0.0859375 0.1703125
0 0.2140625 0.2171875 0.134375 0.0890625
0 0.2578125 0.284375 0.134375 0.08125
1 0.45625 0.2265625 0.021875 0.03125
0 0.4375 0.25 0.0921875 0.109375
1 0.109375 0.38125 0.01875 0.0359375
1 0.128125 0.39375 0.028125 0.0265625
1 0.1203125 0.3609375 0.0125 0.00625
1 0.509375 0.4171875 0.03125 0.0359375
1 0.459375 0.46875 0.0453125 0.0546875
0 0.5046875 0.4765625 0.046875 0.1015625
1 0.403125 0.5625 0.05625 0.0484375
0 0.4796875 0.54375 0.096875 0.090625
1 0.9578125 0.2890625 0.0125 0.015625
1 0.978125 0.2875 0.0125 0.00625
1 0.978125 0.1375 0.04375 0.034375
1 0.2046875 0.7640625 0.01875 0.0296875
1 0.134375 0.59296875 0.015625 0.0078125
1 0.21875 0.7078125 0.0546875 0.046875
1 0.1484375 0.809375 0.053125 0.046875
1 0.1671875 0.953125 0.0203125 0.00625
1 0.3984375 0.8734375 0.0140625 0.028125
1 0.421875 0.953125 0.021875 0.025
1 0.421875 0.8609375 0.0578125 0.0296875
1 0.9484375 0.83125 0.0375 0.034375
1 0.9578125 0.9609375 0.03125 0.03125
1 0.8984375 0.9171875 0.0375 0.040625
1 0.8453125 0.95625 0.0765625 0.0765625
1 0.8875 0.803125 0.028125 0.04375
1 0.821875 0.9078125 0.0609375 0.0546875
1 0.74296875 0.89375 0.0484375 0.04375
1 0.9359375 0.9265625 0.0140625 0.0203125
0 0.859375 0.6796875 0.28125 0.18125
0 0.7890625 0.675 0.140625 0.171875