1 0.521875 0.00859375 0.021875 0.0171875
0 0.62578125 0.3796875 0.0671875 0.084375
0 0.63515625 0.33125 0.0484375 0.109375
0 0.60078125 0.2625 0.1171875 0.1125
0 0.60546875 0.19921875 0.1078125 0.0859375
0 0.625 0.1234375 0.06875 0.103125
0 0.5921875 0.04296875 0.134375 0.0859375
1 0.578125 0.3296875 0.0140625 0.015625
1 0.5375 0.3125 0.0125 0.009375
1 0.4390625 0.2765625 0.0296875 0.0328125
1 0.4125 0.2828125 0.0140625 0.0140625
1 0.378125 0.2640625 0.0140625 0.0078125
1 0.4625 0.3890625 0.0296875 0.025
1 0.421875 0.40625 0.025 0.0234375
1 0.3953125 0.3859375 0.0203125 0.0203125
1 0.4234375 0.3625 0.01875 0.021875
1 0.3921875 0.353125 0.0109375 0.0078125
1 0.4078125 0.209375 0.015625 0.0140625
1 0.3875 0.2046875 0.0078125 0.0078125
1 0.2109375 0.2359375 0.0265625 0.0203125
1 0.2421875 0.2765625 0.015625 0.0140625
1 0.2125 0.36875 0.0171875 0.0171875
1 0.14375 0.396875 0.0265625 0.025
1 0.09375 0.3890625 0.0390625 0.040625
1 0.0796875 0.4015625 0.034375 0.03125
1 0.03125 0.415625 0.0109375 0.003125
0 0.1140625 0.328125 0.0890625 0.078125
0 0.1171875 0.23125 0.0734375 0.1
1 0.2125 0.1109375 0.0171875 0.0203125
1 0.2265625 0.0890625 0.0203125 0.021875
1 0.1859375 0.0171875 0.015625 0.01875
0 0.1125 0.1546875 0.1125 0.109375
1 0.0671875 0.1078125 0.0125 0.0078125
1 0.1109375 0.0765625 0.0140625 0.0171875
1 0.2828125 0.1734375 0.009375 0.01875
1 0.053125 0.2453125 0.021875 0.0203125
1 0.0578125 0.225 0.0203125 0.015625
1 0.0296875 0.1140625 0.0328125 0.03125
1 0.0046875 0.09453125 0.009375 0.0265625
1 0.028125 0.0265625 0.0296875 0.0265625
0 0.08984375 0.03203125 0.1265625 0.0640625
1 0.771875 0.625 0.0328125 0.01875
1 0.1625 0.6859375 0.0140625 0.015625
1 0.084375 0.6953125 0.0125 0.0171875
1 0.04375 0.7390625 0.0140625 0.0140625
1 0.1203125 0.7703125 0.01875 0.0171875
1 0.0234375 0.790625 0.0203125 0.0203125
1 0.371875 0.81875 0.03125 0.0328125
1 0.01640625 0.828125 0.0328125 0.05
1 0.25625 0.884375 0.009375 0.015625
1 0.1421875 0.9328125 0.0078125 0.0109375
1 0.5421875 0.9359375 0.015625 0.015625
1 0.1578125 0.940625 0.01875 0.01875
1 0.3296875 0.9515625 0.009375 0.0109375
1 0.59609375 0.990625 0.0265625 0.01875
1 0.6421875 0.7625 0.0328125 0.0328125
1 0.59375 0.7640625 0.078125 0.08125
1 0.559375 0.7265625 0.025 0.01875
1 0.5390625 0.8828125 0.0203125 0.0203125
0 0.28828125 0.98046875 0.1046875 0.0390625
1 0.228125 0.9640625 0.0171875 0.00625
0 0.3171875 0.8578125 0.134375 0.096875
1 0.353125 0.865625 0.0234375 0.025
0 0.3015625 0.771875 0.15 0.1
0 0.3421875 0.7015625 0.096875 0.0796875
1 0.246875 0.959375 0.015625 0.0375
1 0.9921875 0.9109375 0.015625 0.021875
1 0.9796875 0.9125 0.0234375 0.0109375
1 0.9671875 0.8625 0.0109375 0.01875
1 0.98828125 0.775 0.0234375 0.03125
1 0.984375 0.721875 0.0109375 0.009375
1 0.99375 0.7234375 0.0125 0.015625
1 0.9609375 0.6765625 0.01875 0.021875
1 0.9609375 0.6578125 0.0140625 0.0125
1 0.8890625 0.6515625 0.00625 0.003125
1 0.8828125 0.703125 0.0234375 0.021875
1 0.86875 0.6765625 0.01875 0.015625
1 0.8875 0.7640625 0.0078125 0.003125
1 0.9203125 0.9203125 0.0171875 0.015625
1 0.93125 0.8875 0.01875 0.0171875
1 0.9234375 0.978125 0.053125 0.0296875
1 0.8890625 0.984375 0.009375 0.0234375
1 0.878125 0.9765625 0.015625 0.0171875
1 0.69765625 0.99375 0.0453125 0.0125
1 0.68125 0.9609375 0.009375 0.0140625
1 0.740625 0.91875 0.0359375 0.04375
1 0.7265625 0.9328125 0.021875 0.0203125
1 0.6875 0.8484375 0.021875 0.021875
1 0.6734375 0.8328125 0.0171875 0.0234375
1 0.68125 0.796875 0.04375 0.04375
1 0.690625 0.765625 0.040625 0.05625
1 0.6921875 0.721875 0.021875 0.0234375
1 0.709375 0.684375 0.009375 0.0078125
1 0.70625 0.7578125 0.0078125 0.0046875
1 0.85234375 0.65390625 0.0140625 0.0078125
1 0.83046875 0.65703125 0.0046875 0.0140625
1 0.8296875 0.7734375 0.0140625 0.0203125
1 0.8140625 0.8078125 0.0078125 0.0046875
0 0.8515625 0.7484375 0.1140625 0.059375
0 0.85 0.896875 0.0765625 0.15625
1 0.8046875 0.9765625 0.00625 0.0046875
0 0.84375 0.9796875 0.121875 0.040625
1 0.834375 0.8265625 0.015625 0.0140625
1 0.9296875 0.7875 0.0140625 0.01875