1 0.1171875 0.4015625 0.0203125 0.0296875
1 0.15625 0.3234375 0.0078125 0.0125
0 0.0796875 0.125 0.159375 0.228125
1 0.01328125 0.3640625 0.0265625 0.028125
1 0.36875 0.05625 0.0078125 0.0078125
1 0.3703125 0.09375 0.009375 0.0078125
1 0.45 0.0234375 0.0078125 0.0125
1 0.50703125 0.0046875 0.0203125 0.009375
1 0.5328125 0.0375 0.025 0.03125
1 0.553125 0.21875 0.025 0.0203125
1 0.5609375 0.4890625 0.0171875 0.021875
1 0.58125 0.1296875 0.0265625 0.046875
1 0.6078125 0.0453125 0.0203125 0.028125
1 0.665625 0.48125 0.021875 0.0125
1 0.6859375 0.4625 0.0171875 0.0265625
1 0.70625 0.478125 0.0296875 0.0328125
1 0.7078125 0.225 0.025 0.028125
1 0.7015625 0.0078125 0.04375 0.015625
1 0.79609375 0.01171875 0.0140625 0.0234375
1 0.8203125 0.1390625 0.0296875 0.0390625
1 0.84375 0.203125 0.0421875 0.0484375
1 0.871875 0.246875 0.028125 0.03125
1 0.8875 0.1484375 0.009375 0.015625
1 0.63125 0.521875 0.03125 0.03125
0 0.384375 0.1234375 0.0390625 0.0890625
1 0.440625 0.384375 0.0359375 0.0484375
1 0.7953125 0.4875 0.021875 0.0171875
1 0.7953125 0.5109375 0.028125 0.03125
1 0.86875 0.465625 0.0078125 0.0171875
0 0.4515625 0.2140625 0.171875 0.271875
1 0.490625 0.1578125 0.03125 0.03125
1 0.51875 0.153125 0.0140625 0.0171875
1 0.5109375 0.165625 0.0203125 0.015625
0 0.5890625 0.203125 0.3921875 0.275
1 0.8046875 0.11875 0.0140625 0.0109375
1 0.796875 0.1296875 0.0140625 0.015625
1 0.8765625 0.1921875 0.0171875 0.0171875
1 0.8703125 0.2125 0.0171875 0.028125
1 0.884375 0.1609375 0.0140625 0.0203125
1 0.878125 0.3515625 0.0265625 0.021875
1 0.875 0.3765625 0.01875 0.025
1 0.6234375 0.3171875 0.0328125 0.03125
1 0.6453125 0.275 0.01875 0.0234375
1 0.6359375 0.265625 0.009375 0.028125
1 0.684375 0.2671875 0.028125 0.046875
1 0.671875 0.25625 0.0171875 0.0265625
1 0.878125 0.00703125 0.01875 0.0140625
1 0.878125 0.028125 0.0265625 0.0375
1 0.58515625 0.00390625 0.0328125 0.0078125
1 0.56171875 0.01328125 0.0328125 0.0265625
1 0.5859375 0.0171875 0.0203125 0.015625
0 0.29140625 0.7421875 0.1171875 0.1375
0 0.0625 0.7453125 0.125 0.06875
1 0.178125 0.7625 0.0828125 0.0875
1 0.33671875 0.9203125 0.0265625 0.0375
1 0.20625 0.965625 0.01875 0.021875
1 0.159375 0.9359375 0.028125 0.0140625
1 0.01796875 0.696875 0.0359375 0.046875
1 0.52265625 0.54296875 0.0328125 0.0078125
1 0.6890625 0.6765625 0.009375 0.0140625
1 0.6828125 0.68125 0.00625 0.01875
1 0.584375 0.6625 0.028125 0.021875
1 0.540625 0.6640625 0.028125 0.025
1 0.49375 0.6796875 0.015625 0.01875
1 0.7765625 0.7109375 0.015625 0.0140625
1 0.728125 0.725 0.0140625 0.0171875
1 0.71875 0.7453125 0.0203125 0.025
1 0.71875 0.728125 0.040625 0.0109375
1 0.6421875 0.7015625 0.028125 0.028125
1 0.4703125 0.6875 0.01875 0.0140625
1 0.5171875 0.64375 0.009375 0.00625
1 0.4640625 0.66875 0.009375 0.015625
1 0.4703125 0.70625 0.0125 0.0125
1 0.5359375 0.778125 0.0140625 0.040625
1 0.521875 0.7859375 0.0171875 0.01875
1 0.546875 0.821875 0.025 0.021875
1 0.5765625 0.7875 0.028125 0.0265625
1 0.6015625 0.784375 0.0203125 0.028125
1 0.74375 0.746875 0.015625 0.0078125
1 0.759375 0.75 0.0109375 0.0109375
1 0.8046875 0.7625 0.003125 0.0046875
1 0.771875 0.7984375 0.0125 0.0109375
1 0.4375 0.8125 0.021875 0.025
1 0.4421875 0.7 0.0453125 0.05
1 0.35390625 0.9203125 0.0078125 0.03125
1 0.4046875 0.875 0.025 0.0265625
1 0.4109375 0.8984375 0.009375 0.0125
1 0.4125 0.9140625 0.015625 0.0140625
1 0.40625 0.9453125 0.0515625 0.0625
1 0.4375 0.8515625 0.01875 0.0140625
1 0.7234375 0.8765625 0.03125 0.021875
0 0.6359375 0.87109375 0.340625 0.2578125
1 0.65625 0.8109375 0.0109375 0.0125
1 0.6390625 0.9125 0.015625 0.0109375
0 0.45546875 0.85703125 0.2109375 0.2796875
1 0.475 0.79375 0.01875 0.0234375
0 0.39921875 0.88046875 0.0984375 0.2171875