0 0.46875 0.0125 0.1375 0.025
1 0.5421875 0.153125 0.021875 0.003125
1 0.49609375 0.27890625 0.0390625 0.0203125
1 0.2859375 0.2546875 0.01875 0.0265625
1 0.41875 0.146875 0.0328125 0.040625
1 0.309375 0.221875 0.0140625 0.015625
1 0.2796875 0.190625 0.04375 0.0265625
1 0.23125 0.15625 0.015625 0.015625
1 0.2203125 0.225 0.0125 0.009375
1 0.175 0.11875 0.021875 0.0265625
1 0.3703125 0.24375 0.0140625 0.01875
1 0.0875 0.26640625 0.059375 0.0453125
1 0.1140625 0.284375 0.028125 0.009375
1 0.1296875 0.265625 0.003125 0.0125
1 0.2078125 0.1015625 0.034375 0.034375
0 0.88515625 0.18203125 0.2296875 0.2140625
0 0.75546875 0.14453125 0.2203125 0.2890625
1 0.8765625 0.103125 0.103125 0.0828125
1 0.3171875 0.4390625 0.0375 0.03125
1 0.1875 0.3546875 0.0171875 0.0234375
1 0.2890625 0.3015625 0.015625 0.015625
1 0.0375 0.5265625 0.015625 0.0140625
1 0.00625 0.57890625 0.0125 0.0515625
1 0.06875 0.4671875 0.0078125 0.009375
1 0.065625 0.4734375 0.0296875 0.0234375
1 0.009375 0.625 0.0109375 0.009375
1 0.2421875 0.896875 0.0171875 0.0078125
0 0.265625 0.8125 0.2328125 0.1453125
1 0.2109375 0.5828125 0.0140625 0.0109375
1 0.215625 0.7140625 0.0109375 0.0109375
0 0.14140625 0.765625 0.2828125 0.425
0 0.0296875 0.79921875 0.059375 0.3546875
1 0.696875 0.5609375 0.0109375 0.01875
1 0.7171875 0.9765625 0.015625 0.0171875
1 0.7140625 0.9 0.0234375 0.0234375
1 0.728125 0.8390625 0.009375 0.0109375
1 0.746875 0.4546875 0.025 0.0203125
1 0.75 0.484375 0.01875 0.0296875
1 0.7671875 0.3203125 0.01875 0.021875
1 0.74375 0.7953125 0.1046875 0.103125
1 0.796875 0.4234375 0.0203125 0.015625
1 0.8515625 0.4265625 0.0140625 0.0125
1 0.8703125 0.7984375 0.0171875 0.0171875
1 0.925 0.9828125 0.0203125 0.0203125
1 0.9375 0.7921875 0.0078125 0.0125
1 0.94375 0.81875 0.034375 0.01875
1 0.9703125 0.8640625 0.053125 0.0234375
1 0.7234375 0.5015625 0.034375 0.0328125
0 0.7125 0.4859375 0.040625 0.0515625
1 0.696875 0.521875 0.0109375 0.0203125
1 0.8390625 0.5359375 0.0734375 0.0515625
1 0.859375 0.584375 0.0375 0.075
1 0.884375 0.340625 0.046875 0.0390625
1 0.9515625 0.3140625 0.0234375 0.0234375
1 0.7484375 0.365625 0.034375 0.04375
1 0.921875 0.4359375 0.040625 0.0640625
1 0.9765625 0.3390625 0.028125 0.059375
1 0.97109375 0.5484375 0.0578125 0.08125
1 0.96953125 0.49609375 0.0609375 0.0609375
1 0.9984375 0.5125 0.003125 0.021875
1 0.98203125 0.53359375 0.0359375 0.0265625
1 0.965625 0.6 0.0171875 0.01875
1 0.9546875 0.59375 0.01875 0.01875
1 0.9296875 0.565625 0.09375 0.0921875
1 0.865625 0.64375 0.0515625 0.0375
1 0.8109375 0.6265625 0.04375 0.0296875
1 0.75625 0.58125 0.05625 0.0484375
1 0.740625 0.31171875 0.03125 0.0453125
1 0.99453125 0.66953125 0.0109375 0.0359375
1 0.778125 0.878125 0.04375 0.0328125
1 0.784375 0.6515625 0.1203125 0.1265625
1 0.8078125 0.7484375 0.0609375 0.0625
1 0.8515625 0.7578125 0.0625 0.040625
1 0.8390625 0.7359375 0.0453125 0.05625
1 0.8734375 0.734375 0.059375 0.0421875
1 0.95625 0.69375 0.0765625 0.0484375
1 0.903125 0.675 0.0390625 0.034375
1 0.834375 0.6703125 0.021875 0.0296875
1 0.775 0.7171875 0.0328125 0.0515625
1 0.753125 0.74375 0.046875 0.046875
1 0.8859375 0.9296875 0.0703125 0.0640625
1 0.8203125 0.9203125 0.071875 0.0484375
1 0.7734375 0.9484375 0.05625 0.034375
0 0.79921875 0.98046875 0.1234375 0.0390625
0 0.7328125 0.98046875 0.08125 0.0390625
1 0.8625 0.503125 0.0203125 0.03125
1 0.915625 0.4671875 0.015625 0.0390625
0 0.8328125 0.4828125 0.146875 0.09375
1 0.9875 0.7421875 0.025 0.03125
1 0.95 0.7796875 0.0234375 0.0546875
1 0.9265625 0.746875 0.025 0.040625
1 0.95625 0.734375 0.084375 0.0625
1 0.8828125 0.8671875 0.028125 0.025
1 0.8609375 0.88125 0.0140625 0.0453125