0 0.28125 0.46171875 0.1 0.2140625
1 0.3703125 0.2328125 0.00625 0.0140625
1 0.396875 0.3859375 0.0078125 0.00625
1 0.4046875 0.4140625 0.01875 0.0234375
1 0.496875 0.165625 0.0375 0.028125
1 0.51015625 0.2203125 0.0171875 0.0125
0 0.46796875 0.4109375 0.1015625 0.196875
0 0.959375 0.121875 0.08125 0.140625
0 0.78125 0.1328125 0.125 0.1171875
1 0.7859375 0.2078125 0.0296875 0.0296875
1 0.8078125 0.3453125 0.0234375 0.0265625
1 0.88125 0.4296875 0.0359375 0.034375
1 0.8984375 0.478125 0.03125 0.03125
1 0.91953125 0.55078125 0.0421875 0.0359375
1 0.85 0.515625 0.0328125 0.021875
1 0.859375 0.4921875 0.03125 0.0234375
1 0.51171875 0.7640625 0.0140625 0.025
1 0.4796875 0.8265625 0.0375 0.0328125
0 0.16015625 0.98125 0.0609375 0.0375
0 0.30703125 0.9890625 0.0984375 0.021875
0 0.43359375 0.97109375 0.0828125 0.0578125
1 0.7078125 0.5875 0.025 0.03125
1 0.7546875 0.5765625 0.025 0.015625
1 0.978125 0.740625 0.0296875 0.034375
1 0.953125 0.7640625 0.0625 0.053125
1 0.75625 0.734375 0.009375 0.0046875
1 0.58125 0.7734375 0.0359375 0.0375
1 0.9578125 0.95625 0.0125 0.009375
1 0.95 0.97890625 0.065625 0.0421875
1 0.99453125 0.8328125 0.0109375 0.025
1 0.684375 0.8375 0.06875 0.0625
1 0.621875 0.971875 0.0046875 0.0046875
0 0.93828125 0.64921875 0.1234375 0.1609375
0 0.7953125 0.60625 0.31875 0.075
0 0.6390625 0.68125 0.16875 0.225