0 0.3609375 0.1328125 0.1 0.2265625
1 0.2453125 0.215625 0.0078125 0.00625
1 0.2375 0.1875 0.01875 0.0234375
1 0.1015625 0.165625 0.0140625 0.0203125
0 0.11171875 0.17578125 0.2234375 0.1671875
1 0.9265625 0.15 0.0265625 0.0328125
1 0.8546875 0.109375 0.0125 0.0078125
1 0.6984375 0.0359375 0.0078125 0.0140625
1 0.896875 0.0375 0.0046875 0.00625
1 0.9484375 0.04375 0.0125 0.0109375
0 0.67890625 0.69921875 0.2390625 0.3046875
0 0.7703125 0.66875 0.1125 0.24375
1 0.753125 0.4015625 0.053125 0.0625
1 0.7484375 0.4453125 0.065625 0.0328125
1 0.709375 0.415625 0.034375 0.0421875
1 0.72265625 0.275 0.0359375 0.03125
1 0.584375 0.8890625 0.0421875 0.0390625
1 0.6296875 0.8859375 0.040625 0.028125
1 0.596875 0.99296875 0.03125 0.0140625
1 0.6171875 0.6875 0.0359375 0.040625
1 0.5796875 0.6859375 0.0359375 0.03125
1 0.6875 0.446875 0.0234375 0.040625
1 0.640625 0.5390625 0.040625 0.046875