1 0.259375 0.5046875 0.0296875 0.0296875
1 0.246875 0.4703125 0.0203125 0.0125
1 0.253125 0.453125 0.034375 0.01875
1 0.2546875 0.3921875 0.03125 0.0171875
1 0.26875 0.4625 0.0234375 0.0265625
1 0.259375 0.378125 0.0203125 0.0109375
1 0.2875 0.36875 0.03125 0.03125
1 0.325 0.425 0.0265625 0.025
1 0.4203125 0.3890625 0.046875 0.0484375
1 0.4234375 0.4328125 0.03125 0.0390625
1 0.43125 0.45 0.0140625 0.0140625
1 0.4953125 0.42890625 0.028125 0.0359375
1 0.3546875 0.4609375 0.009375 0.025
0 0.38125 0.3625 0.1078125 0.1828125
0 0.3375 0.34375 0.0734375 0.071875
1 0.4859375 0.4 0.040625 0.0453125
0 0.4859375 0.37265625 0.046875 0.0390625
1 0.240625 0.284375 0.003125 0.0109375
1 0.2515625 0.2625 0.0140625 0.0125
1 0.2453125 0.2109375 0.0125 0.009375
1 0.325 0.125 0.0296875 0.0140625
1 0.2421875 0.0765625 0.0109375 0.0203125
1 0.2796875 0.00546875 0.015625 0.0109375
1 0.2453125 0.00859375 0.01875 0.0171875
1 0.3625 0.1328125 0.01875 0.0203125
1 0.378125 0.190625 0.021875 0.01875
1 0.45 0.225 0.046875 0.0359375
1 0.4234375 0.2625 0.009375 0.009375
1 0.4953125 0.009375 0.0140625 0.0109375
1 0.7359375 0.0140625 0.0078125 0.009375
1 0.671875 0.05625 0.0265625 0.0375
0 0.621875 0.378125 0.146875 0.259375
1 0.53671875 0.52734375 0.0171875 0.0046875
0 0.5703125 0.39375 0.121875 0.271875
0 0.765625 0.38125 0.1109375 0.153125
1 0.34375 0.93125 0.0140625 0.0484375
1 0.29375 0.975 0.0625 0.05
1 0.0609375 0.615625 0.015625 0.015625
1 0.10625 0.6171875 0.03125 0.053125
0 0.2390625 0.7703125 0.11875 0.3
0 0.06875 0.728125 0.1375 0.159375
1 0.93125 0.96875 0.0390625 0.046875
1 0.859375 0.89375 0.05625 0.04375
1 0.66875 0.9015625 0.05 0.0375
1 0.7359375 0.79375 0.0421875 0.0359375
0 0.8265625 0.803125 0.1140625 0.1109375
1 0.878125 0.825 0.0625 0.0671875
0 0.9609375 0.76796875 0.078125 0.1640625
1 0.90625 0.53515625 0.075 0.0109375
1 0.9515625 0.60625 0.040625 0.0453125
1 0.7578125 0.5765625 0.0328125 0.0546875
1 0.77265625 0.53671875 0.0328125 0.0140625
1 0.8734375 0.946875 0.028125 0.0375
0 0.659375 0.7703125 0.0375 0.1296875