1 0.4203125 0.3359375 0.0078125 0.0125
1 0.103125 0.328125 0.0421875 0.0390625
1 0.4 0.2703125 0.0078125 0.0125
1 0.08125 0.1734375 0.0203125 0.0390625
1 0.43125 0.159375 0.0109375 0.0125
1 0.33125 0.1546875 0.015625 0.0234375
1 0.31875 0.0203125 0.0203125 0.021875
1 0.296875 0.009375 0.0109375 0.0125
1 0.4046875 0.0046875 0.0125 0.009375
0 0.025 0.30859375 0.05 0.1046875
0 0.0234375 0.21953125 0.046875 0.2265625
0 0.03203125 0.11484375 0.0640625 0.2296875
0 0.54375 0.2234375 0.1515625 0.075
0 0.5890625 0.28125 0.121875 0.09375
0 0.546875 0.35625 0.1765625 0.121875
1 0.515625 0.484375 0.0265625 0.0296875
0 0.55625 0.515625 0.0875 0.10625
1 0.78515625 0.5640625 0.0296875 0.009375
1 0.6859375 0.4453125 0.028125 0.03125
1 0.8203125 0.50625 0.0140625 0.0265625
1 0.8453125 0.496875 0.0328125 0.028125
1 0.8546875 0.515625 0.0171875 0.0203125
1 0.8859375 0.4796875 0.01875 0.0234375
1 0.896875 0.4203125 0.0296875 0.0328125
1 0.82109375 0.56484375 0.0171875 0.0078125
1 0.98125 0.4890625 0.0328125 0.034375
1 0.9640625 0.4671875 0.015625 0.0203125
1 0.99140625 0.45390625 0.0171875 0.0296875
1 0.8328125 0.44375 0.0328125 0.0296875
1 0.8984375 0.290625 0.0296875 0.0265625
0 0.103125 0.66953125 0.20625 0.2015625
0 0.07890625 0.81875 0.1578125 0.178125
1 0.2734375 0.8765625 0.0640625 0.0484375
1 0.4546875 0.86484375 0.009375 0.0421875
1 0.46640625 0.86171875 0.0328125 0.0484375
1 0.565625 0.784375 0.0359375 0.034375
1 0.525 0.8640625 0.028125 0.01875
1 0.5640625 0.8703125 0.025 0.0421875
1 0.5453125 0.8484375 0.0578125 0.021875
1 0.5375 0.9078125 0.046875 0.0453125
1 0.5265625 0.965625 0.0359375 0.0265625
1 0.528125 0.9328125 0.0296875 0.0296875
0 0.8328125 0.8828125 0.334375 0.234375
1 0.76328125 0.96796875 0.0984375 0.0640625