1 0.2484375 0.2453125 0.028125 0.0390625
1 0.325 0.2421875 0.0203125 0.0234375
1 0.3078125 0.0359375 0.0453125 0.0234375
1 0.75 0.15859375 0.01875 0.0234375
1 0.7515625 0.1828125 0.009375 0.015625
1 0.64375 0.33125 0.0109375 0.0140625
1 0.734375 0.35 0.040625 0.0453125
1 0.7515625 0.37421875 0.015625 0.0234375
1 0.6359375 0.2484375 0.0484375 0.0546875
0 0.40234375 0.078125 0.1734375 0.15625
1 0.3328125 0.0953125 0.0265625 0.0078125
0 0.4203125 0.3453125 0.271875 0.1484375
0 0.43125 0.2421875 0.296875 0.2828125
1 0.5265625 0.290625 0.0140625 0.009375
1 0.3328125 0.2390625 0.0140625 0.0140625
0 0.4109375 0.03515625 0.075 0.0703125
1 0.79140625 0.0015625 0.0078125 0.003125
1 0.8 0.003125 0.015625 0.00625
1 0.76328125 0.009375 0.0078125 0.01875
1 0.7796875 0.1921875 0.009375 0.0109375
1 0.790625 0.165625 0.0125 0.015625
1 0.76328125 0.2046875 0.0078125 0.025
1 0.7671875 0.1921875 0.009375 0.0125
1 0.765625 0.2390625 0.0125 0.01875
1 0.7609375 0.24296875 0.003125 0.0171875
1 0.7640625 0.21484375 0.009375 0.0109375
1 0.76171875 0.2609375 0.0046875 0.03125
1 0.7734375 0.3296875 0.025 0.0359375
1 0.7640625 0.3484375 0.009375 0.01875
1 0.85 0.109375 0.0109375 0.0078125
1 0.7953125 0.2890625 0.0140625 0.0125
1 0.8703125 0.334375 0.025 0.015625
1 0.8578125 0.346875 0.015625 0.015625
1 0.875 0.3609375 0.0140625 0.0125
1 0.8890625 0.346875 0.0234375 0.0171875
1 0.909375 0.35 0.0296875 0.028125
1 0.9265625 0.284375 0.0140625 0.009375
1 0.890625 0.1984375 0.0125 0.0125
1 0.90625 0.21875 0.0140625 0.01875
1 0.915625 0.2171875 0.0234375 0.0078125
1 0.91875 0.21875 0.0078125 0.021875
1 0.946875 0.2234375 0.0265625 0.025
1 0.9484375 0.2140625 0.0140625 0.0125
1 0.9125 0.1703125 0.015625 0.0171875
1 0.86875 0.1 0.0171875 0.0203125
1 0.8859375 0.1 0.0140625 0.0125
1 0.8765625 0.0671875 0.0234375 0.003125
1 0.9109375 0.0828125 0.0390625 0.03125
1 0.9515625 0.0046875 0.01875 0.009375
1 0.959375 0.275 0.021875 0.0234375
1 0.9796875 0.303125 0.0171875 0.0125
1 0.9828125 0.3609375 0.0265625 0.0171875
1 0.953125 0.109375 0.025 0.0296875
1 0.9375 0.096875 0.0140625 0.0125
1 0.96875 0.0984375 0.0078125 0.0125
1 0.996875 0.1109375 0.00625 0.028125
1 0.9890625 0.07421875 0.021875 0.0328125
1 0.99609375 0.08671875 0.0078125 0.0140625
1 0.9734375 0.03125 0.0140625 0.009375
1 0.99609375 0.046875 0.0078125 0.021875
0 0.9421875 0.309375 0.115625 0.11875
0 0.97265625 0.18984375 0.0546875 0.1890625
0 0.92265625 0.059375 0.1546875 0.11875
1 0.5109375 0.9828125 0.0078125 0.0125
1 0.5234375 0.7890625 0.0125 0.0109375
1 0.2203125 0.8078125 0.0234375 0.0265625
0 0.3375 0.84375 0.246875 0.16875
1 0.30625 0.8265625 0.0140625 0.0125
0 0.2921875 0.90234375 0.209375 0.1953125
1 0.515625 0.8265625 0.0125 0.0046875
1 0.75625 0.9328125 0.00625 0.01875
1 0.75546875 0.946875 0.0078125 0.0125
1 0.784375 0.8546875 0.05 0.0546875
1 0.884375 0.7703125 0.03125 0.025
0 0.84375 0.8171875 0.09375 0.1296875
0 0.840625 0.928125 0.146875 0.1
0 0.8171875 0.9640625 0.10625 0.071875