1 0.0265625 0.496875 0.04375 0.0546875
1 0.175 0.3875 0.009375 0.0234375
1 0.178125 0.14375 0.0625 0.0578125
1 0.178125 0.440625 0.0171875 0.03125
0 0.26015625 0.4671875 0.2796875 0.165625
0 0.3390625 0.075 0.1171875 0.0546875
1 0.33125 0.153125 0.040625 0.05625
0 0.3125 0.25625 0.175 0.26875
1 0.40078125 0.35859375 0.0015625 0.0078125
1 0.99375 0.3296875 0.0125 0.0375
1 0.6796875 0.278125 0.0078125 0.0078125
1 0.6828125 0.259375 0.0203125 0.0171875
1 0.8515625 0.240625 0.015625 0.03125
1 0.6609375 0.2265625 0.00625 0.009375
1 0.6640625 0.1734375 0.009375 0.0078125
1 0.421875 0.14375 0.028125 0.01875
1 0.4734375 0.1296875 0.0171875 0.0390625
1 0.80625 0.115625 0.0125 0.0078125
1 0.8890625 0.08125 0.028125 0.0453125
1 0.5109375 0.028125 0.0140625 0.0109375
1 0.7625 0.03125 0.059375 0.0625
1 0.76484375 0.0046875 0.0390625 0.009375
0 0.52265625 0.0453125 0.2046875 0.090625
0 0.5375 0.196875 0.096875 0.334375
0 0.496875 0.3078125 0.19375 0.121875
1 0.190625 0.965625 0.00625 0.009375
1 0.15625 0.96875 0.0203125 0.0171875
1 0.015625 0.953125 0.0171875 0.021875
1 0.040625 0.928125 0.015625 0.0140625
1 0.39375 0.925 0.009375 0.015625
1 0.003125 0.8359375 0.00625 0.015625
1 0.0859375 0.8078125 0.0140625 0.015625
1 0.0484375 0.8125 0.01875 0.028125
1 0.39375 0.803125 0.0125 0.01875
1 0.1359375 0.803125 0.0125 0.0140625
1 0.0515625 0.78125 0.03125 0.0203125
1 0.10625 0.775 0.01875 0.0265625
1 0.0515625 0.7640625 0.015625 0.00625
1 0.003125 0.7875 0.00625 0.028125
1 0.0171875 0.77421875 0.034375 0.0265625
1 0.009375 0.8953125 0.01875 0.028125
1 0.0203125 0.903125 0.0265625 0.0328125
1 0.0703125 0.9453125 0.0234375 0.025
1 0.0890625 0.9765625 0.03125 0.046875
1 0.11875 0.9109375 0.121875 0.10625
1 0.1328125 0.928125 0.0125 0.0109375
1 0.103125 0.8734375 0.0203125 0.021875
1 0.1046875 0.846875 0.04375 0.034375
1 0.38671875 0.84296875 0.0265625 0.0171875
1 0.3765625 0.8296875 0.0125 0.0125
0 0.29765625 0.99375 0.0890625 0.0125
1 0.228125 0.8921875 0.01875 0.0109375
0 0.2859375 0.8796875 0.1640625 0.2375
1 0.696875 0.99453125 0.025 0.0109375
1 0.6328125 0.89375 0.03125 0.015625
1 0.8296875 0.875 0.009375 0.0125
1 0.8875 0.6703125 0.025 0.0140625
1 0.478125 0.709375 0.0515625 0.05
1 0.490625 0.8625 0.021875 0.0265625
1 0.5078125 0.859375 0.01875 0.0140625
1 0.8140625 0.915625 0.009375 0.0171875
1 0.8734375 0.85 0.0625 0.0328125
1 0.7671875 0.80625 0.0171875 0.0125
1 0.7890625 0.8390625 0.0296875 0.034375
1 0.64375 0.98359375 0.090625 0.0328125
1 0.5375 0.9265625 0.01875 0.01875
0 0.596875 0.9515625 0.2125 0.0890625
1 0.6875 0.903125 0.03125 0.021875
1 0.7046875 0.9390625 0.04375 0.0359375
0 0.56875 0.8390625 0.1015625 0.1765625
0 0.6390625 0.7890625 0.090625 0.103125
0 0.603125 0.6890625 0.1125 0.128125
0 0.5640625 0.634375 0.0828125 0.01875
1 0.703125 0.7421875 0.0171875 0.01875
1 0.7390625 0.715625 0.0796875 0.10625
1 0.7609375 0.6515625 0.028125 0.01875
1 0.7859375 0.64375 0.0203125 0.0140625
1 0.7671875 0.96875 0.10625 0.0625
1 0.740625 0.9703125 0.0484375 0.053125
1 0.828125 0.75625 0.028125 0.0234375
1 0.878125 0.6390625 0.028125 0.0171875
1 0.8515625 0.6484375 0.0125 0.046875
1 0.8625 0.646875 0.0421875 0.0234375
1 0.834375 0.6578125 0.0296875 0.034375
1 0.95 0.9875 0.01875 0.021875
1 0.98046875 0.9953125 0.0296875 0.009375
1 0.9796875 0.88125 0.0296875 0.0171875
1 0.984375 0.878125 0.009375 0.03125
1 0.9828125 0.8296875 0.0171875 0.0078125
1 0.9953125 0.84765625 0.009375 0.0296875