1 0.021875 0.159375 0.0171875 0.009375
1 0.0171875 0.2625 0.034375 0.05625
1 0.075 0.6046875 0.0265625 0.01875
1 0.0859375 0.0171875 0.0203125 0.0265625
1 0.1171875 0.0296875 0.0390625 0.04375
1 0.1609375 0.028125 0.015625 0.0171875
1 0.2421875 0.159375 0.0078125 0.015625
1 0.3375 0.0265625 0.021875 0.021875
0 0.04765625 0.35 0.0953125 0.375
1 0.140625 0.2703125 0.021875 0.0375
1 0.1140625 0.3265625 0.0234375 0.0453125
0 0.2296875 0.2828125 0.2390625 0.184375
0 0.325 0.30625 0.059375 0.1640625
1 0.3375 0.3109375 0.0328125 0.0296875
1 0.3390625 0.253125 0.03125 0.021875
1 0.2484375 0.3953125 0.025 0.028125
1 0.253125 0.4328125 0.03125 0.0359375
0 0.6328125 0.1 0.14375 0.1515625
0 0.5375 0.1046875 0.0375 0.13125
0 0.7765625 0.08125 0.1390625 0.1484375
1 0.8890625 0.10625 0.0703125 0.0578125
1 0.54921875 0.03671875 0.0609375 0.0734375
1 0.6703125 0.00859375 0.04375 0.0171875
1 0.71171875 0.0078125 0.0390625 0.015625
1 0.7171875 0.0703125 0.0375 0.0234375
1 0.8015625 0.009375 0.015625 0.01875
1 0.553125 0.3328125 0.0609375 0.090625
1 0.5359375 0.2171875 0.0203125 0.05
1 0.6203125 0.3953125 0.0265625 0.034375
1 0.53125 0.4234375 0.025 0.0375
1 0.865625 0.215625 0.03125 0.05625
1 0.803125 0.18125 0.0546875 0.046875
1 0.8640625 0.175 0.028125 0.046875
1 0.9203125 0.171875 0.0390625 0.025
1 0.840625 0.3890625 0.0375 0.046875
1 0.934375 0.384375 0.05 0.05
1 0.8890625 0.471875 0.0375 0.0640625
1 0.9234375 0.5109375 0.034375 0.0671875
1 0.884375 0.6125 0.0328125 0.0390625
1 0.8671875 0.3484375 0.025 0.028125
1 0.83125 0.2984375 0.0328125 0.03125
0 0.546875 0.61484375 0.05625 0.0421875
1 0.690625 0.26875 0.021875 0.028125
1 0.80625 0.265625 0.009375 0.015625
1 0.553125 0.484375 0.01875 0.0171875
1 0.3078125 0.8515625 0.115625 0.159375
1 0.3421875 0.6578125 0.071875 0.0375
1 0.1640625 0.8671875 0.059375 0.040625
1 0.04375 0.90234375 0.0875 0.1046875
1 0.459375 0.7 0.021875 0.025
1 0.421875 0.753125 0.03125 0.0578125
1 0.4046875 0.8140625 0.0125 0.0234375
1 0.3625 0.828125 0.0171875 0.0234375
1 0.3625 0.9265625 0.021875 0.0234375
1 0.4109375 0.921875 0.025 0.0421875
1 0.1671875 0.7390625 0.034375 0.0390625
1 0.196875 0.6640625 0.025 0.046875
1 0.1890625 0.64296875 0.03125 0.0078125
1 0.2828125 0.771875 0.015625 0.021875
1 0.1421875 0.6828125 0.03125 0.0234375
1 0.0703125 0.678125 0.034375 0.0375
1 0.1109375 0.846875 0.021875 0.021875
1 0.225 0.9328125 0.021875 0.03125
1 0.2453125 0.9140625 0.0265625 0.03125
1 0.215625 0.890625 0.0265625 0.028125
1 0.2421875 0.95 0.028125 0.0234375
1 0.1453125 0.9078125 0.025 0.03125
1 0.5625 0.7109375 0.01875 0.03125
1 0.675 0.7640625 0.03125 0.021875
1 0.7234375 0.73125 0.0375 0.0234375
1 0.7640625 0.7828125 0.0140625 0.0171875
1 0.8078125 0.734375 0.0109375 0.015625
1 0.8265625 0.7640625 0.0078125 0.0078125
1 0.8203125 0.79375 0.0359375 0.01875
1 0.85 0.8265625 0.0453125 0.0453125
0 0.8671875 0.98203125 0.20625 0.0359375
0 0.72578125 0.96328125 0.1515625 0.0734375
0 0.6515625 0.978125 0.090625 0.04375
1 0.52265625 0.80546875 0.0078125 0.0265625
1 0.5328125 0.92890625 0.028125 0.0359375
1 0.5703125 0.88125 0.0859375 0.1
1 0.95078125 0.659375 0.0578125 0.040625
1 0.959375 0.875 0.028125 0.0328125
1 0.915625 0.8625 0.0609375 0.0734375
1 0.875 0.8109375 0.028125 0.0453125
1 0.8921875 0.7625 0.0515625 0.0671875
1 0.7234375 0.9265625 0.0203125 0.0265625