1 0.115625 0.296875 0.009375 0.0171875
1 0.1328125 0.2859375 0.028125 0.03125
1 0.184375 0.0140625 0.0171875 0.0125
1 0.1828125 0.609375 0.0234375 0.03125
1 0.2078125 0.7046875 0.0234375 0.0328125
1 0.215625 0.60625 0.025 0.0203125
1 0.215625 0.5328125 0.0578125 0.0484375
1 0.25 0.2921875 0.0328125 0.0453125
1 0.28984375 0.00390625 0.0171875 0.0078125
1 0.3203125 0.290625 0.0171875 0.0234375
1 0.3484375 0.2625 0.0328125 0.009375
1 0.334375 0.409375 0.0359375 0.04375
1 0.340625 0.6140625 0.034375 0.0375
1 0.3578125 0.3234375 0.015625 0.0234375
1 0.3984375 0.76328125 0.021875 0.0109375
1 0.39375 0.4203125 0.028125 0.0140625
1 0.415625 0.684375 0.0125 0.0203125
1 0.434375 0.440625 0.0578125 0.046875
1 0.4734375 0.75859375 0.028125 0.0203125
1 0.4890625 0.3015625 0.04375 0.0421875
1 0.51875 0.68125 0.021875 0.0125
1 0.5359375 0.7109375 0.0078125 0.0078125
1 0.5453125 0.390625 0.053125 0.0390625
1 0.55 0.5859375 0.03125 0.025
1 0.5765625 0.1671875 0.025 0.03125
1 0.590625 0.3359375 0.0078125 0.0125
1 0.5953125 0.0828125 0.009375 0.015625
1 0.5953125 0.409375 0.01875 0.03125
1 0.60234375 0.4953125 0.0140625 0.025
1 0.60078125 0.36640625 0.0171875 0.0234375
1 0.528125 0.01875 0.0359375 0.0359375
1 0.5609375 0.0140625 0.0265625 0.025
1 0.55 0.1328125 0.040625 0.0265625
1 0.5375 0.1890625 0.01875 0.0203125
1 0.5171875 0.0984375 0.015625 0.0171875
1 0.4859375 0.125 0.0125 0.0140625
1 0.45 0.1765625 0.025 0.0265625
1 0.4140625 0.15 0.0265625 0.0234375
1 0.378125 0.1859375 0.0140625 0.0203125
1 0.3796875 0.10625 0.021875 0.009375
1 0.3796875 0.0828125 0.0171875 0.0125
1 0.4171875 0.10625 0.015625 0.01875
1 0.4546875 0.071875 0.0375 0.0328125
1 0.4515625 0.025 0.0171875 0.015625
1 0.5796875 0.2390625 0.01875 0.0109375
1 0.34375 0.028125 0.0484375 0.0421875
1 0.390625 0.30625 0.0171875 0.0203125
1 0.421875 0.00703125 0.015625 0.0140625
1 0.40078125 0.01015625 0.0390625 0.0203125
1 0.2140625 0.059375 0.040625 0.028125
1 0.19375 0.0828125 0.0265625 0.0109375
1 0.21875 0.1140625 0.0078125 0.0046875
1 0.571875 0.4515625 0.0125 0.03125
1 0.5171875 0.4796875 0.0109375 0.009375
1 0.5375 0.4234375 0.0203125 0.0203125
1 0.4890625 0.3859375 0.0203125 0.0234375
1 0.5 0.346875 0.0328125 0.040625
1 0.4703125 0.425 0.03125 0.025
1 0.3578125 0.5640625 0.025 0.0328125
1 0.3359375 0.55 0.034375 0.040625
1 0.4140625 0.403125 0.009375 0.0109375
1 0.2296875 0.203125 0.0234375 0.021875
1 0.290625 0.378125 0.0125 0.025
1 0.3109375 0.3484375 0.01875 0.0125
0 0.190625 0.4515625 0.20625 0.253125
1 0.14375 0.5140625 0.025 0.059375
1 0.1078125 0.534375 0.0375 0.0265625
1 0.1640625 0.465625 0.0359375 0.053125
1 0.2921875 0.4 0.01875 0.0234375
1 0.278125 0.4171875 0.01875 0.025
1 0.33125 0.6703125 0.0328125 0.04375
1 0.35625 0.6765625 0.0125 0.021875
1 0.28125 0.671875 0.053125 0.053125
1 0.2765625 0.6984375 0.0140625 0.009375
1 0.259375 0.725 0.03125 0.046875
1 0.0984375 0.6609375 0.00625 0.025
1 0.1109375 0.675 0.0125 0.0234375
1 0.1390625 0.6859375 0.0546875 0.0578125
1 0.1953125 0.7640625 0.0234375 0.0046875
1 0.2484375 0.7609375 0.0203125 0.0078125
1 0.215625 0.7625 0.028125 0.0125
1 0.296875 0.75859375 0.025 0.0203125
0 0.62265625 0.5640625 0.0265625 0.0875
0 0.71875 0.04609375 0.11875 0.0921875
1 0.62734375 0.04375 0.0359375 0.0875
1 0.628125 0.4703125 0.0296875 0.075
1 0.6796875 0.4703125 0.0265625 0.0671875
1 0.7703125 0.2015625 0.040625 0.0375
1 0.696875 0.3203125 0.021875 0.0296875
1 0.6328125 0.246875 0.01875 0.021875
1 0.7859375 0.4625 0.0234375 0.0296875
1 0.6453125 0.76015625 0.03125 0.0171875
1 0.740625 0.6984375 0.034375 0.03125
1 0.775 0.7453125 0.034375 0.034375
1 0.78125 0.35 0.025 0.0234375
1 0.625 0.71640625 0.03125 0.0296875
0 0.6828125 0.559375 0.121875 0.1359375
0 0.765625 0.540625 0.0890625 0.103125
1 0.153125 0.921875 0.0265625 0.03125
1 0.1796875 0.98046875 0.0375 0.0390625
1 0.06171875 0.99296875 0.0328125 0.0140625
1 0.0578125 0.9703125 0.025 0.028125
1 0.0515625 0.8359375 0.0203125 0.028125
1 0.190625 0.88125 0.025 0.03125
1 0.31875 0.921875 0.0234375 0.03125
1 0.284375 0.96875 0.034375 0.0375
1 0.11875 0.98125 0.0109375 0.021875
1 0.234375 0.9125 0.021875 0.0234375
1 0.4109375 0.9703125 0.025 0.028125
1 0.20078125 0.7734375 0.0234375 0.009375
1 0.1796875 0.840625 0.0125 0.0078125
1 0.75 0.8328125 0.009375 0.0078125