1 0.3140625 0.2609375 0.04375 0.0640625
0 0.0984375 0.384375 0.0484375 0.3234375
1 0.2265625 0.4015625 0.034375 0.03125
1 0.1421875 0.4453125 0.0375 0.0265625
0 0.48671875 0.46640625 0.0640625 0.1453125
1 0.490625 0.2671875 0.028125 0.0203125
0 0.42578125 0.31640625 0.1859375 0.3390625
0 0.234375 0.384375 0.2609375 0.259375
0 0.95546875 0.0390625 0.0890625 0.078125
1 0.9921875 0.10859375 0.015625 0.0296875
1 0.9765625 0.0984375 0.0296875 0.0328125
0 0.82734375 0.03984375 0.1171875 0.0796875
0 0.89296875 0.05859375 0.0734375 0.1171875
0 0.5625 0.0359375 0.05 0.071875
0 0.6421875 0.04296875 0.125 0.0859375
0 0.7140625 0.03828125 0.096875 0.0765625
1 0.5625 0.128125 0.0171875 0.0328125
1 0.55625 0.1609375 0.034375 0.034375
1 0.7140625 0.11875 0.028125 0.0265625
1 0.740625 0.265625 0.0328125 0.0359375
1 0.7484375 0.2265625 0.0234375 0.03125
1 0.71875 0.275 0.0234375 0.01875
1 0.709375 0.26875 0.046875 0.025
1 0.6359375 0.2203125 0.0515625 0.0640625
1 0.6546875 0.28125 0.0578125 0.05625
1 0.5734375 0.2578125 0.0421875 0.034375
1 0.6109375 0.2640625 0.0265625 0.0203125
1 0.55 0.2234375 0.028125 0.03125
1 0.553125 0.3078125 0.034375 0.0359375
1 0.575 0.3375 0.0421875 0.046875
0 0.5828125 0.5171875 0.09375 0.0984375
1 0.684375 0.4296875 0.08125 0.065625
0 0.68125 0.5375 0.075 0.0875
0 0.75390625 0.5265625 0.0828125 0.146875
0 0.8609375 0.5296875 0.1421875 0.1015625
1 0.8625 0.4234375 0.0390625 0.0328125
1 0.9421875 0.4265625 0.0296875 0.025
1 0.9796875 0.5015625 0.025 0.0203125
0 0.9875 0.5375 0.025 0.125
1 0.99296875 0.4390625 0.0140625 0.025
1 0.90625 0.2609375 0.0234375 0.025
1 0.26875 0.6796875 0.0390625 0.046875
1 0.3 0.76875 0.0421875 0.053125
1 0.3109375 0.8328125 0.0296875 0.0515625
1 0.25 0.8203125 0.0375 0.025
1 0.2109375 0.803125 0.0421875 0.03125
0 0.190625 0.9109375 0.0703125 0.1125
1 0.228125 0.6640625 0.0296875 0.0421875
1 0.3140625 0.61328125 0.046875 0.0265625
1 0.365625 0.7125 0.025 0.0171875
1 0.18125 0.99609375 0.05 0.0078125
1 0.390625 0.98125 0.046875 0.0265625
0 0.3234375 0.921875 0.1328125 0.0953125
1 0.3359375 0.8546875 0.0234375 0.0328125
0 0.4390625 0.915625 0.0859375 0.10625
1 0.475 0.9875 0.03125 0.025
0 0.49921875 0.928125 0.0390625 0.14375
1 0.41875 0.796875 0.01875 0.0359375
1 0.8640625 0.728125 0.0234375 0.0125
1 0.8515625 0.6078125 0.071875 0.015625
1 0.7859375 0.696875 0.0078125 0.0140625
1 0.6109375 0.721875 0.0140625 0.0171875
1 0.6046875 0.6953125 0.0109375 0.0125
1 0.7046875 0.6296875 0.0109375 0.0046875
1 0.9296875 0.9765625 0.0265625 0.0203125
0 0.77578125 0.95859375 0.2546875 0.0828125
1 0.7 0.97109375 0.046875 0.0578125
1 0.6625 0.940625 0.05625 0.0359375
0 0.56875 0.91328125 0.1 0.1734375
0 0.62890625 0.93125 0.2203125 0.1375