1 0.03125 0.02578125 0.0625 0.0453125
1 0.0484375 0.2859375 0.096875 0.059375
1 0.128125 0.2828125 0.046875 0.0453125
1 0.221875 0.346875 0.0453125 0.04375
1 0.290625 0.0828125 0.0578125 0.0390625
1 0.3203125 0.040625 0.046875 0.04375
0 0.4265625 0.14453125 0.1625 0.2890625
0 0.4109375 0.371875 0.278125 0.134375
0 0.41328125 0.415625 0.1796875 0.046875
1 0.30546875 0.42578125 0.0734375 0.0265625
1 0.51328125 0.2546875 0.0734375 0.1
1 0.53984375 0.12890625 0.0203125 0.0359375
1 0.7296875 0.3546875 0.015625 0.0078125
0 0.83046875 0.3765625 0.0953125 0.125
1 0.8640625 0.30625 0.01875 0.025
1 0.671875 0.2859375 0.015625 0.015625
1 0.896875 0.18125 0.0328125 0.015625
0 0.83984375 0.24140625 0.3203125 0.1796875
1 0.58125 0.1203125 0.0203125 0.0171875
1 0.671875 0.0828125 0.0171875 0.0171875
1 0.8453125 0.075 0.08125 0.075
1 0.6609375 0.0515625 0.0296875 0.0265625
0 0.81484375 0.0328125 0.0765625 0.065625
1 0.6109375 0.3671875 0.040625 0.040625
1 0.59375 0.425 0.015625 0.021875
1 0.596875 0.4 0.0265625 0.021875
0 0.90078125 0.3859375 0.1171875 0.10625
1 0.8671875 0.125 0.11875 0.0203125
0 0.8671875 0.0234375 0.046875 0.046875
1 0.8984375 0.0125 0.03125 0.025
1 0.1515625 0.509375 0.015625 0.01875
1 0.134375 0.5265625 0.028125 0.015625
0 0.278125 0.521875 0.18125 0.0625
1 0.1984375 0.565625 0.034375 0.034375
1 0.2875 0.56875 0.0390625 0.0234375
1 0.3359375 0.58125 0.0265625 0.0203125
1 0.3703125 0.571875 0.0328125 0.0171875
0 0.24375 0.6546875 0.1640625 0.109375
1 0.2515625 0.6046875 0.0671875 0.0625
0 0.2796875 0.7234375 0.0890625 0.096875
1 0.346875 0.7125 0.028125 0.0328125
1 0.1046875 0.9015625 0.021875 0.0296875
1 0.14375 0.653125 0.03125 0.0234375
1 0.04375 0.7484375 0.040625 0.03125
1 0.2046875 0.740625 0.0234375 0.025
1 0.20625 0.9578125 0.0296875 0.0265625
0 0.2625 0.8734375 0.09375 0.178125
0 0.25546875 0.96796875 0.1078125 0.0640625
1 0.3078125 0.915625 0.0171875 0.0296875
1 0.3578125 0.96875 0.059375 0.04375
1 0.3609375 0.678125 0.0375 0.0375
1 0.3828125 0.85 0.034375 0.025
1 0.3890625 0.7515625 0.0265625 0.01875
1 0.4546875 0.8484375 0.0671875 0.0859375
1 0.5 0.8984375 0.0578125 0.0546875
1 0.496875 0.95 0.028125 0.03125
1 0.4875 0.6765625 0.0328125 0.0234375
1 0.503125 0.690625 0.0203125 0.025
1 0.4859375 0.5609375 0.0609375 0.0671875
1 0.4953125 0.5234375 0.0640625 0.05
1 0.54140625 0.6296875 0.0171875 0.025
1 0.41875 0.5453125 0.0203125 0.0234375
1 0.015625 0.8453125 0.0265625 0.01875
1 0.2140625 0.8953125 0.03125 0.0265625
1 0.890625 0.9328125 0.021875 0.015625
1 0.8421875 0.8953125 0.0109375 0.0140625
1 0.9484375 0.8 0.0078125 0.0125
1 0.884375 0.7984375 0.025 0.0203125
0 0.6515625 0.92578125 0.159375 0.1484375
1 0.67578125 0.99765625 0.0078125 0.0046875
0 0.678125 0.79375 0.1828125 0.125
0 0.7078125 0.675 0.1984375 0.1125
1 0.734375 0.6265625 0.0078125 0.0078125
1 0.7515625 0.81875 0.00625 0.0109375
1 0.975 0.990625 0.025 0.01875