1 0.025 0.1328125 0.0078125 0.0109375
1 0.1421875 0.1890625 0.0296875 0.0328125
1 0.1734375 0.0625 0.009375 0.0078125
1 0.190625 0.221875 0.0234375 0.0171875
1 0.2140625 0.025 0.01875 0.021875
1 0.309375 0.3484375 0.03125 0.0390625
1 0.84375 0.33125 0.053125 0.0796875
1 0.9046875 0.31875 0.021875 0.03125
1 0.9828125 0.290625 0.03125 0.046875
1 0.7953125 0.271875 0.046875 0.05625
1 0.7359375 0.259375 0.01875 0.0125
1 0.5390625 0.37109375 0.046875 0.0171875
0 0.56171875 0.09921875 0.1453125 0.1984375
1 0.9234375 0.025 0.03125 0.0203125
1 0.89921875 0.0078125 0.0234375 0.015625
1 0.925 0.0734375 0.040625 0.0421875
1 0.9375 0.1578125 0.025 0.0265625
0 0.9578125 0.1171875 0.08125 0.1078125
0 0.8421875 0.115625 0.06875 0.1265625
0 0.79375 0.0734375 0.0640625 0.059375
0 0.7171875 0.1125 0.09375 0.0546875
1 0.690625 0.165625 0.0390625 0.046875
0 0.175 0.8609375 0.034375 0.0796875
1 0.246875 0.5765625 0.028125 0.0203125
1 0.3375 0.6765625 0.0234375 0.03125
1 0.359375 0.75 0.0234375 0.01875
0 0.334375 0.88125 0.0703125 0.134375
1 0.4015625 0.553125 0.0125 0.015625
1 0.4 0.7703125 0.0328125 0.0234375
1 0.421875 0.4375 0.0171875 0.021875
1 0.4625 0.51875 0.0140625 0.021875
1 0.4734375 0.4421875 0.028125 0.0203125
0 0.2265625 0.40703125 0.1 0.0546875
0 0.30546875 0.409375 0.0609375 0.059375
0 0.3484375 0.40078125 0.159375 0.0421875
0 0.45625 0.40703125 0.065625 0.0546875
1 0.3078125 0.484375 0.0296875 0.0390625
1 0.28125 0.4890625 0.0390625 0.05625
1 0.3265625 0.528125 0.0203125 0.0171875
1 0.3546875 0.7296875 0.0203125 0.01875
1 0.346875 0.7578125 0.0125 0.0140625
1 0.4703125 0.5703125 0.01875 0.0296875
1 0.465625 0.5875 0.015625 0.0125
1 0.265625 0.65 0.0265625 0.03125
1 0.1765625 0.89375 0.0140625 0.03125
1 0.1640625 0.9171875 0.009375 0.0046875
1 0.2953125 0.840625 0.0140625 0.025
0 0.4171875 0.90390625 0.14375 0.1015625
1 0.39375 0.903125 0.028125 0.0234375
1 0.4484375 0.94375 0.0609375 0.05
1 0.48125 0.95625 0.015625 0.046875
0 0.98125 0.4421875 0.0265625 0.103125
1 0.96015625 0.39765625 0.0421875 0.0359375
1 0.51640625 0.53671875 0.0546875 0.1171875
0 0.496875 0.4296875 0.015625 0.059375
1 0.7796875 0.6546875 0.03125 0.04375
1 0.8484375 0.64375 0.03125 0.0453125
1 0.8265625 0.5921875 0.021875 0.01875
1 0.8265625 0.5625 0.03125 0.0234375
1 0.9078125 0.63125 0.0234375 0.03125
1 0.928125 0.703125 0.0203125 0.009375
1 0.896875 0.7703125 0.04375 0.040625
1 0.546875 0.740625 0.034375 0.040625
1 0.5046875 0.87421875 0.03125 0.0328125
1 0.5796875 0.8828125 0.01875 0.01875
1 0.934375 0.8875 0.0390625 0.0359375
0 0.8953125 0.4609375 0.13125 0.1546875
1 0.91875 0.49375 0.059375 0.0859375
1 0.8171875 0.4796875 0.0515625 0.115625
1 0.7921875 0.4234375 0.0609375 0.0859375
0 0.746875 0.4546875 0.0984375 0.1328125
0 0.67734375 0.4625 0.0984375 0.165625
1 0.6734375 0.5625 0.046875 0.075
0 0.5765625 0.47265625 0.13125 0.1859375
1 0.53125 0.4390625 0.05625 0.08125
0 0.9484375 0.9609375 0.09375 0.071875
1 0.9234375 0.96640625 0.14375 0.0671875
1 0.79921875 0.96875 0.1296875 0.0625
0 0.69609375 0.965625 0.1078125 0.06875
0 0.63125 0.9578125 0.109375 0.084375
1 0.5734375 0.97265625 0.05625 0.0546875
1 0.50390625 0.96875 0.0296875 0.0625
0 0.52578125 0.96015625 0.0734375 0.0796875