1 0.05625 0.309375 0.046875 0.0296875
1 0.065625 0.234375 0.034375 0.0390625
1 0.0765625 0.2609375 0.01875 0.021875
1 0.053125 0.0859375 0.0296875 0.0234375
1 0.0625 0.115625 0.05 0.034375
1 0.071875 0.15 0.025 0.025
1 0.1171875 0.215625 0.03125 0.0359375
1 0.1296875 0.25625 0.040625 0.0359375
1 0.1375 0.184375 0.0671875 0.05625
1 0.1578125 0.140625 0.0515625 0.03125
0 0.1875 0.134375 0.1515625 0.1375
1 0.2765625 0.153125 0.0421875 0.0359375
1 0.225 0.2265625 0.0484375 0.04375
1 0.16875 0.2421875 0.059375 0.05625
1 0.1375 0.2984375 0.03125 0.0296875
1 0.1765625 0.33125 0.0359375 0.0484375
1 0.0671875 0.378125 0.065625 0.04375
1 0.1359375 0.3546875 0.0625 0.0703125
1 0.0640625 0.4109375 0.021875 0.0234375
0 0.240625 0.38046875 0.334375 0.1765625
1 0.00390625 0.340625 0.0078125 0.021875
1 0.00859375 0.37734375 0.0171875 0.0140625
1 0.3203125 0.4640625 0.03125 0.009375
1 0.3734375 0.45625 0.03125 0.025
1 0.40859375 0.45234375 0.0484375 0.0328125
1 0.43671875 0.45546875 0.0421875 0.0265625
1 0.521875 0.3484375 0.021875 0.03125
1 0.534375 0.28046875 0.03125 0.0453125
1 0.4375 0.3515625 0.0609375 0.0375
1 0.4484375 0.390625 0.03125 0.025
1 0.4015625 0.384375 0.03125 0.0265625
1 0.3921875 0.325 0.0359375 0.034375
1 0.3953125 0.296875 0.0359375 0.0234375
1 0.40625 0.2578125 0.0828125 0.0453125
1 0.425 0.2828125 0.03125 0.0234375
1 0.278125 0.2578125 0.0453125 0.040625
1 0.39375 0.2171875 0.028125 0.0265625
1 0.384375 0.1484375 0.03125 0.05
1 0.428125 0.1484375 0.034375 0.0703125
1 0.365625 0.109375 0.04375 0.040625
1 0.371875 0.0828125 0.0390625 0.0265625
1 0.409375 0.0859375 0.0390625 0.0421875
1 0.440625 0.0875 0.0234375 0.040625
1 0.53125 0.07109375 0.0375 0.0140625
1 0.5359375 0.1671875 0.0265625 0.03125
1 0.5328125 0.2109375 0.0328125 0.05625
1 0.3125 0.084375 0.028125 0.040625
1 0.52109375 0.4609375 0.0234375 0.015625
1 0.609375 0.0921875 0.0546875 0.04375
1 0.61875 0.1671875 0.01875 0.0140625
1 0.609375 0.234375 0.025 0.01875
1 0.6609375 0.259375 0.0140625 0.009375
1 0.6140625 0.290625 0.0546875 0.0390625
1 0.6015625 0.3453125 0.0265625 0.01875
1 0.696875 0.425 0.0125 0.01875
1 0.9921875 0.29375 0.0125 0.0125
1 0.9015625 0.4453125 0.0125 0.0109375
1 0.5828125 0.434375 0.0390625 0.01875
1 0.6234375 0.46015625 0.015625 0.0171875
0 0.03359375 0.97421875 0.0671875 0.0515625
1 0.2828125 0.89375 0.0515625 0.0390625
1 0.3890625 0.903125 0.0484375 0.0671875
1 0.5390625 0.89375 0.021875 0.04375
1 0.4484375 0.8234375 0.0484375 0.05
1 0.53515625 0.97890625 0.0296875 0.0265625
1 0.371875 0.99296875 0.059375 0.0140625
1 0.115625 0.7375 0.0515625 0.0328125
0 0.1125 0.91484375 0.225 0.1703125
0 0.07890625 0.77890625 0.1578125 0.2046875
0 0.10234375 0.61015625 0.2046875 0.2453125
0 0.95859375 0.75546875 0.0828125 0.0796875
1 0.6390625 0.746875 0.021875 0.0234375
1 0.8875 0.9640625 0.0078125 0.0109375