0 0.36875 0.146875 0.296875 0.2375
0 0.515625 0.159375 0.228125 0.31875
0 0.16015625 0.13515625 0.0984375 0.2703125
1 0.5078125 0.00625 0.05 0.0125
1 0.640625 0.19609375 0.021875 0.0640625
1 0.7640625 0.284375 0.0125 0.0140625
1 0.8328125 0.290625 0.0140625 0.0109375
1 0.8484375 0.36875 0.0109375 0.0125
1 0.84296875 0.021875 0.0203125 0.04375
1 0.709375 0.1265625 0.0078125 0.00625
1 0.721875 0.159375 0.0078125 0.003125
1 0.78046875 0.003125 0.0109375 0.00625
1 0.76875 0.00078125 0.009375 0.0015625
1 0.759375 0.2875 0.00625 0.0078125
1 0.83125 0.3546875 0.0078125 0.0109375
1 0.8203125 0.3859375 0.00625 0.0046875
0 0.79375 0.3296875 0.1203125 0.08125
0 0.72578125 0.30625 0.1921875 0.153125
1 0.309375 0.7140625 0.0171875 0.0296875
1 0.39765625 0.46171875 0.0390625 0.0234375
1 0.5 0.821875 0.0078125 0.0140625
1 0.5640625 0.4953125 0.021875 0.0296875
0 0.46796875 0.8984375 0.2234375 0.203125
1 0.265625 0.5015625 0.009375 0.0078125
0 0.2359375 0.82890625 0.359375 0.3421875
0 0.14921875 0.90625 0.1890625 0.1875
1 0.778125 0.4734375 0.0171875 0.0171875
1 0.7828125 0.4859375 0.0140625 0.0140625
1 0.825 0.503125 0.01875 0.0125
1 0.9953125 0.965625 0.009375 0.01875
1 0.9421875 0.909375 0.025 0.028125
1 0.8140625 0.953125 0.0171875 0.015625
1 0.97421875 0.55 0.0515625 0.2
1 0.8703125 0.5203125 0.196875 0.140625
0 0.875 0.6 0.2484375 0.1828125
0 0.9734375 0.59921875 0.053125 0.2140625