1 0.015625 0.0421875 0.015625 0.009375
1 0.028125 0.2921875 0.01875 0.015625
1 0.03125 0.0890625 0.0390625 0.0546875
1 0.1828125 0.05 0.0265625 0.028125
1 0.2046875 0.1796875 0.0125 0.0203125
1 0.19375 0.2421875 0.08125 0.0625
1 0.2296875 0.2109375 0.0265625 0.0390625
1 0.23359375 0.28125 0.0359375 0.0375
1 0.2375 0.0359375 0.0296875 0.053125
0 0.2375 0.0078125 0.028125 0.015625
1 0.0234375 0.178125 0.0125 0.01875
1 0.0515625 0.2703125 0.0234375 0.0234375
1 0.096875 0.246875 0.01875 0.021875
1 0.11171875 0.28828125 0.0171875 0.0234375
1 0.07890625 0.27578125 0.0390625 0.0484375
1 0.1 0.2875 0.015625 0.0109375
1 0.92265625 0.02265625 0.0359375 0.0453125
1 0.684375 0.00390625 0.025 0.0078125
1 0.6953125 0.059375 0.0140625 0.0109375
1 0.5515625 0.125 0.021875 0.015625
1 0.534375 0.184375 0.01875 0.0203125
1 0.4625 0.16875 0.015625 0.03125
0 0.43125 0.1953125 0.03125 0.1
0 0.5078125 0.240625 0.1046875 0.1
1 0.525 0.2859375 0.0171875 0.0140625
1 0.565625 0.2546875 0.0390625 0.0546875
0 0.6453125 0.2078125 0.125 0.184375
0 0.7421875 0.234375 0.1328125 0.13125
0 0.8421875 0.2359375 0.1390625 0.0953125
0 0.89375 0.23046875 0.096875 0.1390625
1 0.3015625 0.3359375 0.03125 0.034375
1 0.3078125 0.30390625 0.021875 0.0078125
1 0.1625 0.3265625 0.0484375 0.0484375
1 0.1859375 0.38125 0.0234375 0.0265625
1 0.11484375 0.31015625 0.0546875 0.0203125
1 0.0703125 0.384375 0.034375 0.0328125
1 0.221875 0.509375 0.021875 0.025
1 0.1015625 0.4640625 0.0609375 0.0796875
1 0.13125 0.534375 0.0328125 0.015625
1 0.0796875 0.5875 0.053125 0.0796875
0 0.084375 0.6515625 0.0640625 0.0734375
0 0.1984375 0.6453125 0.078125 0.1015625
1 0.18125 0.6671875 0.0390625 0.0203125
0 0.28125 0.675 0.1234375 0.140625
0 0.36171875 0.646875 0.0953125 0.19375
1 0.1953125 0.8484375 0.03125 0.0296875
1 0.2875 0.81875 0.0671875 0.0703125
1 0.3609375 0.8875 0.028125 0.0453125
1 0.35625 0.9265625 0.0359375 0.0265625
1 0.346875 0.971875 0.028125 0.0453125
1 0.71875 0.5078125 0.0125 0.0125
1 0.928125 0.5046875 0.0359375 0.01875
1 0.82734375 0.30546875 0.0078125 0.0109375
0 0.58125 0.6671875 0.14375 0.1875
0 0.665625 0.6828125 0.2 0.1640625
0 0.95078125 0.64921875 0.0984375 0.0953125
0 0.85 0.659375 0.3 0.209375
1 0.99453125 0.75859375 0.0109375 0.0296875
1 0.934375 0.91875 0.015625 0.0203125