0 0.578125 0.1703125 0.021875 0.0125
0 0.02578125 0.19140625 0.0515625 0.0578125
1 0.578125 0.2640625 0.034375 0.040625
0 0.04453125 0.22890625 0.0890625 0.0921875
1 0.034375 0.3125 0.0078125 0.0203125
1 0.1203125 0.321875 0.03125 0.034375
1 0.203125 0.3578125 0.028125 0.028125
1 0.45 0.3625 0.040625 0.04375
1 0.371875 0.39375 0.01875 0.015625
0 0.0359375 0.40234375 0.071875 0.0328125
0 0.55859375 0.34765625 0.1421875 0.1421875
1 0.3453125 0.26875 0.0234375 0.015625
1 0.3765625 0.284375 0.0203125 0.021875
1 0.1390625 0.40625 0.021875 0.025
1 0.0765625 0.415625 0.01875 0.00625
1 0.0765625 0.40625 0.0234375 0.021875
1 0.0578125 0.3890625 0.0203125 0.0265625
1 0.04375 0.340625 0.01875 0.03125
1 0.26875 0.2765625 0.0265625 0.0203125
1 0.3109375 0.296875 0.0234375 0.025
1 0.38125 0.21875 0.0296875 0.0203125
1 0.3609375 0.2296875 0.0265625 0.0265625
1 0.3296875 0.221875 0.040625 0.0375
1 0.3203125 0.203125 0.025 0.021875
1 0.30625 0.35 0.0328125 0.01875
1 0.3109375 0.3890625 0.0265625 0.0296875
1 0.0234375 0.2828125 0.0234375 0.03125
1 0.6125 0.290625 0.03125 0.028125
1 0.603125 0.2703125 0.028125 0.0234375
1 0.5828125 0.2140625 0.0234375 0.0203125
1 0.546875 0.234375 0.0296875 0.0234375
1 0.5640625 0.2296875 0.025 0.021875
1 0.559375 0.2484375 0.040625 0.0265625
1 0.1640625 0.334375 0.00625 0.01875
1 0.1203125 0.1828125 0.0203125 0.028125
1 0.1421875 0.1859375 0.0203125 0.025
1 0.13125 0.25 0.0203125 0.0328125
1 0.1328125 0.2328125 0.03125 0.0140625
1 0.18125 0.234375 0.0265625 0.0234375
1 0.603125 0.171875 0.021875 0.015625
0 0.74453125 0.28359375 0.0609375 0.2703125
0 0.76875 0.053125 0.15625 0.0921875
1 0.99140625 0.3671875 0.0171875 0.015625
1 0.6 0.678125 0.025 0.01875
1 0.525 0.6078125 0.0078125 0.015625
1 0.1390625 0.4359375 0.0265625 0.028125
1 0.1765625 0.6390625 0.0203125 0.03125
1 0.1515625 0.6875 0.028125 0.0203125
1 0.153125 0.821875 0.009375 0.009375
0 0.3109375 0.8234375 0.2109375 0.115625
1 0.334375 0.6640625 0.0109375 0.01875
0 0.3796875 0.60625 0.3828125 0.3421875
0 0.36171875 0.52890625 0.2921875 0.2203125
1 0.9984375 0.97421875 0.003125 0.0140625
0 0.9125 0.98515625 0.115625 0.0296875
1 0.9796875 0.9734375 0.0046875 0.0078125
1 0.96875 0.9703125 0.0078125 0.0078125
1 0.9234375 0.93125 0.025 0.0296875
1 0.9265625 0.8703125 0.0234375 0.021875
1 0.9109375 0.8703125 0.0109375 0.0109375
1 0.978125 0.86875 0.0296875 0.0296875
1 0.98671875 0.875 0.0265625 0.021875
0 0.921875 0.925 0.0875 0.0875
1 0.95 0.9125 0.0265625 0.021875
0 0.9078125 0.7421875 0.128125 0.1296875
1 0.8609375 0.7140625 0.0234375 0.0265625
1 0.875 0.7390625 0.015625 0.015625
1 0.8515625 0.7234375 0.0109375 0.0234375
1 0.7796875 0.640625 0.0109375 0.0125
1 0.771875 0.66875 0.0109375 0.009375
1 0.790625 0.6921875 0.009375 0.00625
1 0.8703125 0.65 0.021875 0.0203125
1 0.984375 0.66640625 0.03125 0.0359375
0 0.921875 0.6390625 0.1203125 0.1390625
1 0.7453125 0.609375 0.0109375 0.009375
1 0.7359375 0.6640625 0.015625 0.0171875
1 0.7875 0.7671875 0.0109375 0.0078125
1 0.7875 0.7515625 0.0265625 0.021875
1 0.753125 0.7859375 0.00625 0.0109375
1 0.6953125 0.8484375 0.009375 0.00625
1 0.859375 0.8875 0.0234375 0.0203125
1 0.84375 0.8046875 0.028125 0.0265625