0 0.13203125 0.56640625 0.0359375 0.0265625
0 0.1609375 0.4265625 0.03125 0.025
1 0.040625 0.3796875 0.025 0.0140625
1 0.0390625 0.421875 0.046875 0.03125
1 0.0328125 0.46875 0.0234375 0.015625
1 0.096875 0.3671875 0.034375 0.028125
1 0.0796875 0.29375 0.0546875 0.0375
1 0.071875 0.3203125 0.025 0.0203125
0 0.2359375 0.5 0.1421875 0.1140625
0 0.2484375 0.428125 0.1359375 0.1390625
0 0.2359375 0.3203125 0.09375 0.121875
1 0.159375 0.29375 0.0640625 0.05
1 0.378125 0.4359375 0.046875 0.053125
1 0.409375 0.4421875 0.01875 0.053125
1 0.34375 0.225 0.0296875 0.0546875
1 0.2609375 0.2375 0.03125 0.0171875
1 0.2484375 0.20625 0.0265625 0.025
1 0.1875 0.2328125 0.025 0.028125
0 0.25625 0.56328125 0.128125 0.0328125
1 0.5359375 0.1140625 0.0359375 0.04375
1 0.7 0.3109375 0.0671875 0.053125
0 0.8734375 0.309375 0.103125 0.0984375
0 0.878125 0.171875 0.2015625 0.1015625
0 0.8859375 0.08125 0.1484375 0.1140625
1 0.9796875 0.0546875 0.03125 0.0625
1 0.01015625 0.7328125 0.0203125 0.09375
1 0.02890625 0.94609375 0.0578125 0.0640625
1 0.0828125 0.959375 0.046875 0.034375
1 0.1046875 0.8078125 0.071875 0.0703125
1 0.0796875 0.890625 0.0453125 0.053125
1 0.0375 0.6515625 0.05 0.0484375
1 0.0125 0.6375 0.0171875 0.0265625
1 0.034375 0.5984375 0.028125 0.03125
1 0.090625 0.7171875 0.0171875 0.034375
1 0.1328125 0.74375 0.028125 0.034375
1 0.109375 0.771875 0.0296875 0.04375
1 0.1890625 0.80625 0.0390625 0.0390625
1 0.175 0.8609375 0.0640625 0.075
0 0.2484375 0.8609375 0.0765625 0.1328125
0 0.20625 0.9359375 0.0765625 0.059375
1 0.08984375 0.98828125 0.0359375 0.0234375
1 0.20625 0.98828125 0.046875 0.0234375
1 0.2921875 0.8734375 0.0453125 0.034375
0 0.240625 0.7171875 0.0859375 0.103125
1 0.30390625 0.98046875 0.0515625 0.0390625
1 0.378125 0.875 0.075 0.0515625
1 0.40390625 0.815625 0.0296875 0.06875
1 0.4140625 0.7546875 0.009375 0.01875
1 0.378125 0.753125 0.0265625 0.03125
1 0.334375 0.703125 0.0765625 0.0546875
1 0.4140625 0.678125 0.009375 0.059375
1 0.2671875 0.6125 0.04375 0.046875
1 0.12109375 0.59921875 0.0671875 0.0390625
1 0.1515625 0.66875 0.175 0.1109375
1 0.178125 0.7359375 0.05 0.071875
1 0.3671875 0.58828125 0.01875 0.0171875
1 0.4 0.90703125 0.0375 0.0546875
1 0.38671875 0.9609375 0.0640625 0.078125
1 0.9390625 0.98828125 0.01875 0.0234375
1 0.7171875 0.959375 0.0203125 0.0296875
1 0.775 0.95625 0.03125 0.0375
1 0.625 0.9203125 0.0390625 0.028125
1 0.9390625 0.9234375 0.0484375 0.0515625
1 0.7265625 0.8921875 0.0234375 0.0234375
1 0.75 0.8578125 0.0359375 0.0359375
1 0.671875 0.85 0.0328125 0.0328125
1 0.59453125 0.98359375 0.0390625 0.0328125
1 0.99765625 0.98046875 0.0046875 0.0234375
1 0.91875 0.8203125 0.0296875 0.021875
1 0.925 0.8296875 0.040625 0.028125
1 0.884375 0.8921875 0.0390625 0.04375
0 0.828125 0.8703125 0.0734375 0.121875
0 0.85078125 0.96640625 0.1296875 0.0671875