1 0.06015625 0.00625 0.0140625 0.0125
1 0.15 0.003125 0.0109375 0.0046875
1 0.2421875 0.0546875 0.0171875 0.0234375
1 0.2859375 0.0625 0.015625 0.0203125
1 0.465625 0.025 0.034375 0.025
1 0.3046875 0.159375 0.021875 0.021875
1 0.196875 0.1234375 0.015625 0.0171875
1 0.1359375 0.1296875 0.009375 0.0046875
1 0.125 0.1765625 0.0203125 0.015625
1 0.065625 0.109375 0.015625 0.01875
1 0.440625 0.35625 0.0125 0.015625
1 0.25625 0.328125 0.0078125 0.0078125
1 0.1609375 0.2984375 0.015625 0.0140625
1 0.178125 0.240625 0.0265625 0.0484375
1 0.084375 0.2453125 0.0171875 0.0234375
1 0.0609375 0.2296875 0.003125 0.00625
1 0.0203125 0.371875 0.0171875 0.0125
1 0.003125 0.3734375 0.00625 0.0125
1 0.12578125 0.346875 0.0421875 0.065625
1 0.1484375 0.3375 0.0109375 0.028125
1 0.175 0.3125 0.0125 0.0296875
0 0.07109375 0.3296875 0.1421875 0.1
0 0.184375 0.33203125 0.1125 0.0953125
0 0.39921875 0.3375 0.1796875 0.084375
0 0.934375 0.1828125 0.115625 0.128125
0 0.7765625 0.1875 0.1015625 0.1828125
1 0.7171875 0.221875 0.0265625 0.0296875
1 0.8890625 0.35 0.021875 0.0140625
1 0.87890625 0.371875 0.0234375 0.015625
1 0.8640625 0.340625 0.01875 0.0171875
1 0.8125 0.2875 0.0203125 0.0296875
0 0.628125 0.1609375 0.11875 0.146875
0 0.55625 0.1921875 0.1 0.14375
1 0.5765625 0.2671875 0.0234375 0.025
0 0.50078125 0.20390625 0.0234375 0.0828125
0 0.4140625 0.496875 0.1375 0.146875
0 0.3171875 0.515625 0.121875 0.1921875
0 0.2515625 0.4828125 0.084375 0.1640625
0 0.1734375 0.490625 0.121875 0.18125
0 0.0859375 0.484375 0.071875 0.165625
1 0.4203125 0.99453125 0.015625 0.0109375
0 0.13984375 0.978125 0.1328125 0.04375
1 0.178125 0.75625 0.015625 0.015625
0 0.5515625 0.6375 0.0796875 0.084375
1 0.646875 0.7984375 0.0828125 0.0859375
1 0.5734375 0.803125 0.0859375 0.1203125
1 0.6046875 0.75625 0.009375 0.009375
1 0.83125 0.8 0.065625 0.0359375
1 0.896875 0.8484375 0.0296875 0.04375
1 0.9078125 0.8953125 0.009375 0.0125
1 0.8953125 0.9328125 0.0328125 0.0234375
1 0.8875 0.97421875 0.046875 0.0515625
1 0.865625 0.971875 0.046875 0.05625
1 0.90625 0.99609375 0.0125 0.0078125