1 0.0171875 0.48125 0.025 0.0234375
1 0.1484375 0.2640625 0.0546875 0.0546875
1 0.178125 0.2140625 0.03125 0.028125
1 0.175 0.2453125 0.025 0.025
1 0.0171875 0.1828125 0.0296875 0.028125
1 0.2296875 0.0765625 0.034375 0.040625
1 0.4015625 0.19375 0.015625 0.0375
1 0.3859375 0.365625 0.01875 0.0265625
1 0.3390625 0.415625 0.0296875 0.03125
1 0.39921875 0.39296875 0.0203125 0.0421875
1 0.3703125 0.5234375 0.03125 0.03125
1 0.1640625 0.496875 0.0390625 0.040625
1 0.40390625 0.25625 0.0109375 0.025
1 0.2796875 0.271875 0.0296875 0.021875
1 0.3421875 0.0484375 0.0390625 0.021875
1 0.39375 0.084375 0.03125 0.0328125
1 0.009375 0.0765625 0.01875 0.01875
1 0.9296875 0.54375 0.0140625 0.021875
1 0.903125 0.534375 0.0234375 0.0234375
1 0.9390625 0.51875 0.0171875 0.01875
1 0.98828125 0.46640625 0.0234375 0.0203125
1 0.8734375 0.4671875 0.01875 0.021875
1 0.884375 0.384375 0.0390625 0.0375
1 0.8921875 0.3625 0.015625 0.0171875
1 0.8640625 0.6421875 0.0234375 0.009375
1 0.7515625 0.6125 0.0203125 0.0171875
1 0.7578125 0.56875 0.0234375 0.0296875
1 0.8609375 0.53125 0.0234375 0.0265625
1 0.8328125 0.5484375 0.0125 0.015625
1 0.7828125 0.5578125 0.01875 0.0203125
1 0.7703125 0.55 0.0140625 0.0203125
1 0.7875 0.5390625 0.0265625 0.0234375
1 0.7640625 0.5625 0.015625 0.0234375
1 0.825 0.528125 0.0125 0.0125
1 0.76875 0.503125 0.0328125 0.0375
1 0.6765625 0.5078125 0.021875 0.0296875
1 0.628125 0.4890625 0.025 0.015625
1 0.828125 0.496875 0.0296875 0.0234375
1 0.834375 0.45625 0.0171875 0.0296875
1 0.7375 0.459375 0.034375 0.028125
1 0.65625 0.440625 0.0296875 0.0234375
1 0.746875 0.340625 0.03125 0.015625
1 0.7875 0.3640625 0.021875 0.025
1 0.7453125 0.4171875 0.021875 0.021875
1 0.6484375 0.38125 0.01875 0.0265625
1 0.61875 0.396875 0.0265625 0.0140625
1 0.66875 0.36875 0.0109375 0.021875
1 0.70625 0.3625 0.015625 0.0203125
1 0.6625 0.3171875 0.03125 0.015625
1 0.6296875 0.33125 0.03125 0.028125
1 0.771875 0.4171875 0.0234375 0.01875
1 0.7578125 0.4 0.01875 0.0203125
1 0.8265625 0.3265625 0.01875 0.0234375
1 0.81875 0.296875 0.015625 0.0203125
1 0.7734375 0.2890625 0.009375 0.015625
1 0.6359375 0.284375 0.0234375 0.028125
1 0.8765625 0.1921875 0.015625 0.0203125
1 0.84375 0.203125 0.01875 0.021875
1 0.7953125 0.1625 0.0234375 0.01875
1 0.7796875 0.1859375 0.021875 0.01875
1 0.7640625 0.1734375 0.0375 0.0265625
1 0.7703125 0.1578125 0.034375 0.0140625
1 0.765625 0.1890625 0.0171875 0.015625
1 0.6453125 0.23125 0.025 0.0296875
1 0.6265625 0.228125 0.0265625 0.0234375
1 0.6421875 0.2609375 0.0125 0.0140625
1 0.5953125 0.1984375 0.015625 0.01875
1 0.653125 0.6390625 0.0125 0.0140625
0 0.584375 0.5890625 0.125 0.1140625
1 0.54375 0.6109375 0.0296875 0.0171875
0 0.5328125 0.640625 0.0203125 0.0125
1 0.5375 0.634375 0.009375 0.015625
1 0.4125 0.31640625 0.00625 0.0265625
1 0.490625 0.309375 0.0203125 0.0203125
1 0.4671875 0.303125 0.0234375 0.0265625
1 0.4875 0.515625 0.0296875 0.0265625
1 0.49375 0.459375 0.015625 0.015625
0 0.553125 0.515625 0.146875 0.0859375
0 0.54375 0.4296875 0.109375 0.125
0 0.553125 0.3328125 0.1265625 0.103125
1 0.6171875 0.315625 0.0203125 0.0265625
1 0.5171875 0.35 0.0140625 0.0203125
1 0.4953125 0.3453125 0.0140625 0.025
1 0.4734375 0.35 0.015625 0.028125
1 0.4859375 0.3421875 0.00625 0.0234375
1 0.609375 0.25625 0.009375 0.0125
0 0.55625 0.2375 0.1484375 0.1
1 0.540625 0.23125 0.0125 0.009375
0 0.54375 0.190625 0.1609375 0.1078125
0 0.565625 0.140625 0.1078125 0.040625
1 0.8359375 0.621875 0.025 0.028125
1 0.4015625 0.88671875 0.015625 0.0140625
1 0.246875 0.9734375 0.015625 0.015625
1 0.2484375 0.9328125 0.01875 0.025
1 0.2875 0.8 0.021875 0.0234375
1 0.2484375 0.8125 0.01875 0.0296875
1 0.2125 0.821875 0.05 0.046875
1 0.2953125 0.784375 0.0203125 0.0203125
1 0.3171875 0.8421875 0.0125 0.0125
1 0.4 0.74375 0.01875 0.01875
1 0.40703125 0.73203125 0.0046875 0.0203125
1 0.390625 0.7125 0.028125 0.0171875
1 0.3171875 0.71015625 0.028125 0.0203125
1 0.20390625 0.9984375 0.0140625 0.003125
1 0.06875 0.9296875 0.034375 0.0546875
0 0.08671875 0.89921875 0.1734375 0.2015625
1 0.090625 0.75625 0.0046875 0.015625
0 0.10234375 0.7328125 0.2046875 0.065625
1 0.08125 0.8109375 0.0203125 0.0515625
1 0.24375 0.709375 0.009375 0.0125
1 0.9953125 0.784375 0.009375 0.021875
1 0.7734375 0.9671875 0.0453125 0.0296875
1 0.8046875 0.9203125 0.015625 0.0125
1 0.8328125 0.7359375 0.0078125 0.0078125
1 0.6640625 0.753125 0.0078125 0.009375
1 0.746875 0.7953125 0.0046875 0.0140625
0 0.790625 0.8859375 0.15 0.19375
1 0.521875 0.878125 0.0125 0.015625
1 0.428125 0.8578125 0.00625 0.0125
1 0.41328125 0.8484375 0.0078125 0.015625
1 0.425 0.8484375 0.0046875 0.0078125
1 0.509375 0.8453125 0.009375 0.0140625
1 0.5734375 0.9046875 0.0109375 0.0125
1 0.61875 0.8171875 0.0140625 0.01875
1 0.5765625 0.8109375 0.0203125 0.0203125