1 0.1875 0.3453125 0.015625 0.009375
1 0.203125 0.321875 0.009375 0.009375
1 0.028125 0.3203125 0.03125 0.0296875
1 0.0640625 0.04375 0.0078125 0.0140625
1 0.290625 0.0453125 0.0234375 0.0265625
1 0.2234375 0.4109375 0.0203125 0.0234375
1 0.21875 0.4296875 0.0203125 0.0125
1 0.065625 0.5234375 0.0546875 0.0203125
0 0.175 0.4078125 0.3453125 0.28125
0 0.21171875 0.20234375 0.4234375 0.3140625
0 0.1859375 0.09375 0.215625 0.1421875
0 0.47421875 0.2234375 0.0484375 0.028125
1 0.5921875 0.440625 0.0984375 0.1015625
1 0.6875 0.3125 0.053125 0.0546875
1 0.6578125 0.3140625 0.0234375 0.0328125
1 0.675 0.2640625 0.0203125 0.0453125
1 0.703125 0.2546875 0.04375 0.0453125
1 0.728125 0.2265625 0.0296875 0.0328125
1 0.7375 0.4296875 0.040625 0.0375
1 0.7015625 0.4390625 0.0296875 0.0390625
1 0.71875 0.51875 0.0296875 0.0234375
1 0.55234375 0.55 0.0234375 0.01875
0 0.46953125 0.50546875 0.0390625 0.0828125
1 0.45390625 0.428125 0.0078125 0.034375
1 0.98671875 0.39765625 0.0265625 0.0234375
1 0.8546875 0.2421875 0.0421875 0.03125
1 0.709375 0.3546875 0.0296875 0.0265625
0 0.9765625 0.275 0.046875 0.128125
1 0.825 0.31875 0.025 0.0140625
1 0.79375 0.25 0.0265625 0.0125
1 0.815625 0.259375 0.0171875 0.0234375
1 0.7484375 0.24375 0.01875 0.0234375
1 0.6734375 0.5015625 0.0234375 0.025
1 0.4984375 0.553125 0.025 0.0125
1 0.578125 0.4984375 0.028125 0.0203125
1 0.5484375 0.490625 0.0234375 0.0171875
1 0.4828125 0.2734375 0.0296875 0.0265625
1 0.5421875 0.3875 0.0265625 0.0265625
1 0.171875 0.84375 0.0171875 0.01875
1 0.1984375 0.8375 0.0328125 0.03125
1 0.184375 0.890625 0.0125 0.0125
1 0.225 0.89375 0.040625 0.0453125
1 0.3125 0.85625 0.046875 0.0390625
1 0.371875 0.8265625 0.0765625 0.0265625
1 0.428125 0.76875 0.0234375 0.01875
1 0.34375 0.765625 0.0125 0.0171875
1 0.321875 0.95 0.0265625 0.0234375
1 0.3390625 0.921875 0.0234375 0.01875
1 0.4296875 0.9453125 0.028125 0.01875
1 0.43203125 0.98671875 0.0359375 0.0265625
1 0.3578125 0.6703125 0.0234375 0.025
1 0.2421875 0.690625 0.0203125 0.0140625
1 0.2625 0.6890625 0.025 0.0265625
1 0.2109375 0.73125 0.0265625 0.03125
1 0.23125 0.8109375 0.025 0.015625
1 0.103125 0.8875 0.025 0.0359375
1 0.1375 0.93125 0.0265625 0.028125
1 0.184375 0.98828125 0.040625 0.0234375
1 0.44375 0.64375 0.0125 0.01875
0 0.0828125 0.9609375 0.1375 0.078125
0 0.1015625 0.6578125 0.103125 0.0453125
1 0.0875 0.671875 0.021875 0.0109375
1 0.0140625 0.7921875 0.0140625 0.0140625
1 0.0265625 0.73125 0.025 0.0203125
1 0.025 0.9640625 0.0203125 0.021875
0 0.0921875 0.7828125 0.103125 0.2109375
1 0.0609375 0.7046875 0.071875 0.05
1 0.97421875 0.90703125 0.0515625 0.0703125
1 0.95 0.875 0.06875 0.0390625
1 0.9765625 0.965625 0.046875 0.059375
1 0.653125 0.8796875 0.0796875 0.0765625
1 0.690625 0.76875 0.028125 0.0359375
1 0.6375 0.7296875 0.0625 0.0453125
1 0.45546875 0.85078125 0.0109375 0.1359375
1 0.5625 0.9453125 0.0625 0.0328125
1 0.4984375 0.96875 0.04375 0.021875
0 0.903125 0.77578125 0.19375 0.1390625