1 0.2359375 0.109375 0.040625 0.0734375
1 0.0953125 0.0765625 0.0265625 0.0296875
1 0.0765625 0.1890625 0.021875 0.0171875
1 0.0875 0.2234375 0.0203125 0.0234375
1 0.096875 0.2640625 0.0125 0.015625
1 0.16875 0.2625 0.021875 0.0390625
1 0.1578125 0.2015625 0.0234375 0.0265625
1 0.1765625 0.215625 0.021875 0.025
1 0.153125 0.2390625 0.0125 0.015625
1 0.19375 0.225 0.03125 0.0296875
1 0.0953125 0.1859375 0.025 0.0375
1 0.0859375 0.1609375 0.0140625 0.015625
1 0.19296875 0.01640625 0.0203125 0.0328125
0 0.228125 0.209375 0.075 0.203125
1 0.25625 0.259375 0.0171875 0.01875
1 0.1859375 0.3359375 0.0546875 0.028125
1 0.1140625 0.353125 0.059375 0.03125
1 0.02265625 0.26875 0.0453125 0.084375
0 0.04140625 0.20703125 0.0828125 0.1234375
1 0.0625 0.1625 0.00625 0.0109375
1 0.03515625 0.31171875 0.0703125 0.1140625
1 0.99375 0.084375 0.0125 0.06875
0 0.96640625 0.03359375 0.0671875 0.0671875
1 0.9796875 0.1640625 0.0390625 0.03125
1 0.7171875 0.1 0.0671875 0.1
1 0.6578125 0.128125 0.0703125 0.0890625
1 0.6859375 0.18125 0.0328125 0.03125
1 0.7421875 0.19375 0.08125 0.090625
1 0.815625 0.2203125 0.05 0.06875
1 0.7171875 0.2796875 0.0328125 0.05
1 0.7515625 0.334375 0.053125 0.0609375
1 0.7640625 0.2625 0.0984375 0.0609375
0 0.8578125 0.2546875 0.1296875 0.1296875
1 0.940625 0.2703125 0.03125 0.0296875
1 0.9796875 0.309375 0.040625 0.0375
1 0.9921875 0.2515625 0.015625 0.028125
0 0.84921875 0.35 0.1671875 0.0375
1 0.80625 0.328125 0.046875 0.0296875
0 0.75859375 0.059375 0.2234375 0.11875
1 0.675 0.3203125 0.03125 0.0265625
1 0.99453125 0.33046875 0.0109375 0.0234375
0 0.89453125 0.04140625 0.1140625 0.0828125
0 0.8484375 0.1109375 0.1515625 0.1109375
1 0.19453125 0.38359375 0.0578125 0.0296875
0 0.1125 0.72265625 0.225 0.1421875
1 0.0765625 0.6890625 0.04375 0.0140625
1 0.17109375 0.96953125 0.0734375 0.0609375
0 0.2046875 0.75 0.178125 0.18125
1 0.2640625 0.8828125 0.025 0.0234375
0 0.709375 0.671875 0.009375 0.0609375
1 0.725 0.615625 0.040625 0.0234375
1 0.73203125 0.99296875 0.0578125 0.0140625
1 0.85625 0.753125 0.00625 0.0109375
1 0.8734375 0.55625 0.03125 0.040625
1 0.884375 0.771875 0.0234375 0.03125
1 0.9015625 0.4546875 0.0171875 0.0125
1 0.8984375 0.6515625 0.0265625 0.03125
1 0.9328125 0.690625 0.0546875 0.0375
1 0.95625 0.7265625 0.0078125 0.0109375
1 0.9609375 0.4046875 0.0484375 0.0546875
1 0.99296875 0.97109375 0.0140625 0.0578125
1 0.896875 0.75 0.0171875 0.0171875
0 0.75625 0.78125 0.103125 0.3921875
0 0.859375 0.7875 0.2234375 0.3078125
0 0.9640625 0.73984375 0.071875 0.2265625
1 0.92265625 0.94140625 0.1546875 0.1171875
1 0.85703125 0.97109375 0.1421875 0.0578125