1 0.28125 0.3 0.0171875 0.0125
1 0.47890625 0.134375 0.0203125 0.01875
1 0.2125 0.3203125 0.021875 0.0203125
0 0.05859375 0.48984375 0.1171875 0.1046875
0 0.0546875 0.396875 0.109375 0.05
1 0.0875 0.4390625 0.05 0.025
1 0.0953125 0.3890625 0.078125 0.071875
1 0.2359375 0.0921875 0.0296875 0.021875
1 0.19375 0.0921875 0.01875 0.0203125
1 0.275 0.1375 0.025 0.0265625
1 0.26875 0.0578125 0.021875 0.021875
0 0.05625 0.06875 0.1125 0.10625
1 0.046875 0.0796875 0.0109375 0.0125
1 0.025 0.078125 0.0203125 0.0140625
0 0.0203125 0.0234375 0.025 0.015625
0 0.075 0.16796875 0.15 0.1453125
0 0.0671875 0.315625 0.1171875 0.096875
0 0.0625 0.2328125 0.0984375 0.090625
1 0.203125 0.2375 0.01875 0.021875
1 0.23125 0.203125 0.0234375 0.0140625
1 0.2921875 0.2 0.0359375 0.0265625
1 0.2953125 0.2875 0.0265625 0.021875
1 0.2953125 0.259375 0.021875 0.0203125
1 0.3421875 0.0671875 0.01875 0.0171875
1 0.3546875 0.209375 0.0203125 0.0203125
1 0.3265625 0.2171875 0.0171875 0.0140625
1 0.384375 0.2546875 0.021875 0.0203125
1 0.3875 0.2171875 0.0296875 0.0265625
1 0.3890625 0.159375 0.0234375 0.025
1 0.44375 0.2359375 0.0125 0.021875
1 0.4015625 0.3328125 0.0171875 0.0234375
1 0.33125 0.1671875 0.01875 0.021875
1 0.421875 0.05 0.025 0.0234375
1 0.3578125 0.41875 0.0234375 0.015625
1 0.365625 0.4453125 0.021875 0.021875
1 0.3390625 0.3828125 0.0109375 0.0125
1 0.3828125 0.359375 0.0265625 0.015625
1 0.4609375 0.4125 0.0109375 0.0203125
1 0.4828125 0.153125 0.0125 0.01875
1 0.3390625 0.4390625 0.015625 0.0125
1 0.371875 0.4640625 0.0171875 0.0125
1 0.4 0.3921875 0.0203125 0.0171875
1 0.415625 0.384375 0.03125 0.0265625
1 0.3640625 0.29375 0.0265625 0.0203125
1 0.38125 0.2796875 0.021875 0.0140625
0 0.8171875 0.01640625 0.171875 0.0328125
0 0.828125 0.2015625 0.125 0.1546875
1 0.9875 0.06875 0.021875 0.0359375
0 0.878125 0.3140625 0.1828125 0.0484375
1 0.009375 0.771875 0.009375 0.0140625
1 0.0296875 0.8703125 0.015625 0.015625
1 0.065625 0.8296875 0.0296875 0.0125
1 0.028125 0.9109375 0.01875 0.025
1 0.0796875 0.7203125 0.0140625 0.01875
1 0.090625 0.7875 0.0375 0.0453125
1 0.06875 0.8125 0.03125 0.0171875
1 0.071875 0.840625 0.0140625 0.0125
1 0.15 0.7015625 0.0140625 0.0046875
1 0.209375 0.76875 0.0125 0.003125
1 0.2078125 0.9140625 0.034375 0.0546875
0 0.378125 0.7828125 0.11875 0.1375
1 0.3421875 0.721875 0.0125 0.015625
0 0.265625 0.89453125 0.325 0.2109375
1 0.3234375 0.9640625 0.090625 0.0703125
1 0.828125 0.840625 0.0046875 0.015625
1 0.84375 0.6546875 0.0078125 0.0125
0 0.625 0.70703125 0.209375 0.2765625
1 0.6765625 0.7921875 0.025 0.05625
0 0.75 0.93125 0.090625 0.0546875
0 0.6265625 0.89375 0.1203125 0.128125
0 0.703125 0.859375 0.2703125 0.1796875
0 0.7953125 0.9484375 0.028125 0.01875