1 0.3625 0.23203125 0.0125 0.0328125
1 0.3234375 0.18125 0.0515625 0.0546875
1 0.21875 0.103125 0.03125 0.0109375
1 0.99609375 0.21640625 0.0078125 0.0296875
1 0.8890625 0.1453125 0.0125 0.0078125
1 0.8890625 0.075 0.015625 0.040625
1 0.80859375 0.30078125 0.0359375 0.0171875
1 0.7265625 0.2 0.015625 0.0234375
1 0.7515625 0.26640625 0.1125 0.0859375
1 0.603125 0.0203125 0.015625 0.0109375
0 0.5375 0.0828125 0.1 0.109375
1 0.5953125 0.29375 0.015625 0.015625
1 0.97265625 0.3 0.0171875 0.01875
1 0.9390625 0.2890625 0.05 0.040625
1 0.5828125 0.240625 0.046875 0.0734375
1 0.5796875 0.2015625 0.034375 0.021875
0 0.796875 0.11875 0.109375 0.178125
0 0.6859375 0.0921875 0.134375 0.15
1 0.6375 0.10625 0.028125 0.025
1 0.60625 0.0828125 0.0328125 0.0453125
1 0.778125 0.153125 0.0359375 0.065625
0 0.9609375 0.1078125 0.0578125 0.08125
0 0.97734375 0.09609375 0.0453125 0.0515625
1 0.23125 0.5359375 0.0171875 0.0265625
1 0.228125 0.91875 0.021875 0.0296875
1 0.20625 0.484375 0.0125 0.0125
1 0.175 0.5359375 0.0109375 0.0171875
1 0.140625 0.6109375 0.0203125 0.0140625
1 0.1140625 0.846875 0.0125 0.0078125
1 0.1140625 0.7765625 0.015625 0.040625
1 0.115625 0.6296875 0.025 0.021875
1 0.09375 0.6890625 0.021875 0.015625
1 0.053125 0.31875 0.015625 0.0125
1 0.05 0.4421875 0.0296875 0.0609375
1 0.19765625 0.99609375 0.0171875 0.0078125
1 0.1640625 0.98515625 0.05 0.0296875
0 0.03828125 0.8203125 0.0765625 0.178125
1 0.01015625 0.8546875 0.0203125 0.065625
0 0.1859375 0.809375 0.0578125 0.08125
0 0.209375 0.7984375 0.059375 0.0515625
0 0.421875 0.8578125 0.10625 0.146875
1 0.4859375 0.834375 0.0234375 0.025
0 0.5203125 0.86875 0.11875 0.059375
0 0.653125 0.8546875 0.1453125 0.103125
1 0.7453125 0.703125 0.0796875 0.09375
1 0.69375 0.778125 0.03125 0.0265625
1 0.5234375 0.9453125 0.0296875 0.03125
1 0.45 0.9125 0.0359375 0.040625
1 0.409375 0.4640625 0.028125 0.0234375
1 0.38125 0.453125 0.0140625 0.0171875
0 0.4265625 0.33515625 0.09375 0.0515625
0 0.3828125 0.35 0.028125 0.08125
1 0.75625 0.5640625 0.03125 0.0265625
1 0.7203125 0.6046875 0.05 0.0375
1 0.7765625 0.38125 0.0234375 0.040625
1 0.71875 0.921875 0.0578125 0.034375
0 0.7328125 0.8734375 0.1078125 0.1609375
0 0.521875 0.3453125 0.06875 0.071875
1 0.64375 0.3328125 0.1875 0.046875