1 0.375 0.23125 0.009375 0.0078125
1 0.375 0.00703125 0.03125 0.0140625
1 0.365625 0.3015625 0.0109375 0.0171875
1 0.321875 0.1296875 0.0078125 0.0234375
1 0.29375 0.1 0.0453125 0.028125
1 0.290625 0.1328125 0.015625 0.0109375
1 0.2109375 0.1015625 0.0109375 0.0109375
1 0.10625 0.3078125 0.009375 0.0078125
1 0.10625 0.1421875 0.0140625 0.015625
1 0.0796875 0.175 0.01875 0.0171875
1 0.078125 0.3328125 0.0171875 0.0125
1 0.0828125 0.13125 0.046875 0.0421875
1 0.04375 0.115625 0.0140625 0.0140625
1 0.046875 0.35546875 0.059375 0.0265625
1 0.00234375 0.34296875 0.0046875 0.0140625
1 0.0984375 0.1828125 0.0359375 0.03125
0 0.0453125 0.22109375 0.090625 0.1203125
1 0.203125 0.1421875 0.03125 0.0234375
0 0.1359375 0.228125 0.1 0.0921875
0 0.25625 0.2265625 0.1921875 0.15625
0 0.375 0.2046875 0.0796875 0.128125
1 0.32421875 0.359375 0.0796875 0.01875
1 0.315625 0.3453125 0.034375 0.04375
1 0.74375 0.1921875 0.05625 0.0328125
1 0.7765625 0.353125 0.05 0.03125
1 0.74453125 0.36171875 0.0296875 0.0140625
1 0.715625 0.35625 0.028125 0.0078125
1 0.77734375 0.0125 0.0234375 0.025
0 0.59921875 0.39453125 0.0203125 0.0515625
1 0.590625 0.6796875 0.0234375 0.0234375
1 0.5609375 0.6359375 0.0109375 0.0109375
1 0.534375 0.4828125 0.028125 0.0234375
1 0.5421875 0.6828125 0.0265625 0.0234375
1 0.521875 0.55 0.0234375 0.015625
1 0.503125 0.634375 0.0296875 0.0375
1 0.453125 0.7796875 0.046875 0.0390625
1 0.4546875 0.440625 0.0296875 0.03125
1 0.4109375 0.909375 0.0140625 0.021875
1 0.3390625 0.475 0.0109375 0.0109375
1 0.33125 0.965625 0.0265625 0.01875
1 0.3421875 0.6421875 0.021875 0.025
1 0.3265625 0.6890625 0.0296875 0.021875
1 0.3359375 0.821875 0.03125 0.0203125
1 0.2609375 0.6765625 0.0234375 0.0140625
1 0.2296875 0.4609375 0.0109375 0.015625
1 0.215625 0.578125 0.03125 0.0109375
1 0.23125 0.653125 0.034375 0.034375
1 0.196875 0.9171875 0.0171875 0.015625
1 0.121875 0.459375 0.009375 0.0078125
1 0.1375 0.775 0.0453125 0.046875
1 0.1078125 0.9625 0.021875 0.0328125
1 0.1046875 0.7453125 0.025 0.0265625
1 0.45 0.853125 0.0265625 0.015625
1 0.459375 0.878125 0.0390625 0.01875
1 0.5078125 0.921875 0.009375 0.025
0 0.5203125 0.8640625 0.178125 0.16875
1 0.434375 0.80625 0.0234375 0.015625
1 0.4015625 0.7953125 0.01875 0.015625
0 0.340625 0.9015625 0.165625 0.1671875
0 0.2296875 0.84375 0.053125 0.0625
1 0.265625 0.9609375 0.0234375 0.021875
0 0.1796875 0.8703125 0.0796875 0.0921875
0 0.128125 0.8546875 0.071875 0.11875
1 0.0984375 0.7921875 0.0109375 0.028125
1 0.1453125 0.828125 0.0265625 0.021875
1 0.5640625 0.521875 0.015625 0.0265625
1 0.43125 0.5828125 0.028125 0.028125
1 0.4421875 0.61875 0.0390625 0.0296875
1 0.2171875 0.56875 0.0125 0.01875
0 0.5484375 0.38828125 0.078125 0.0390625
0 0.3609375 0.38359375 0.0875 0.0296875
0 0.1140625 0.38046875 0.040625 0.0234375
1 0.746875 0.5875 0.028125 0.05
1 0.740625 0.81875 0.0140625 0.0140625
1 0.75625 0.671875 0.0515625 0.0453125
1 0.7046875 0.5765625 0.0234375 0.0171875
1 0.671875 0.7828125 0.0171875 0.0125
1 0.6703125 0.6703125 0.0140625 0.0078125
1 0.6765625 0.8453125 0.04375 0.0234375
1 0.66875 0.825 0.0296875 0.0234375
1 0.6421875 0.46875 0.0078125 0.0078125
1 0.6421875 0.5796875 0.028125 0.0234375
1 0.63515625 0.734375 0.0515625 0.05625
0 0.62421875 0.5578125 0.0296875 0.15625
1 0.659375 0.528125 0.025 0.0328125
1 0.75234375 0.9859375 0.0328125 0.028125
1 0.62421875 0.9734375 0.0296875 0.05