1 0.5859375 0.1328125 0.034375 0.040625
1 0.3953125 0.121875 0.0234375 0.0359375
1 0.2421875 0.1484375 0.0078125 0.0078125
0 0.2734375 0.0578125 0.221875 0.115625
1 0.8125 0.1296875 0.009375 0.00625
1 0.74375 0.140625 0.0296875 0.0234375
1 0.625 0.1546875 0.015625 0.0171875
1 0.675 0.1703125 0.0390625 0.0390625
1 0.99609375 0.1875 0.0078125 0.015625
1 0.796875 0.2578125 0.0140625 0.0125
1 0.690625 0.2453125 0.0390625 0.0390625
1 0.8859375 0.2609375 0.015625 0.0171875
1 0.7953125 0.321875 0.0265625 0.040625
1 0.6375 0.3328125 0.0375 0.025
1 0.8203125 0.33828125 0.040625 0.0421875
1 0.77578125 0.35546875 0.0203125 0.0078125
1 0.62109375 0.353125 0.0140625 0.0125
0 0.92109375 0.3359375 0.1484375 0.046875
1 0.99609375 0.21796875 0.0078125 0.0203125
1 0.9609375 0.265625 0.0234375 0.0265625
1 0.909375 0.3 0.03125 0.0234375
1 0.896875 0.240625 0.0265625 0.0265625
1 0.928125 0.275 0.04375 0.0328125
1 0.915625 0.25625 0.03125 0.0234375
1 0.734375 0.3046875 0.021875 0.021875
1 0.7453125 0.290625 0.0140625 0.0171875
1 0.778125 0.215625 0.028125 0.0265625
1 0.7640625 0.2234375 0.01875 0.009375
1 0.784375 0.16875 0.015625 0.0109375
1 0.765625 0.1640625 0.0234375 0.0171875
1 0.6828125 0.2921875 0.0265625 0.025
1 0.659375 0.2890625 0.015625 0.015625
1 0.6875 0.1203125 0.0203125 0.028125
1 0.6625 0.1140625 0.0359375 0.0328125
1 0.6125 0.2375 0.00625 0.0109375
1 0.65625 0.234375 0.0171875 0.015625
0 0.909375 0.1921875 0.165625 0.10625
0 0.921875 0.1203125 0.14375 0.04375
1 0.85625 0.253125 0.04375 0.0390625
1 0.8359375 0.2328125 0.0375 0.028125
1 0.221875 0.578125 0.028125 0.009375
1 0.4515625 0.5859375 0.028125 0.0078125
1 0.2625 0.56875 0.0328125 0.04375
1 0.5421875 0.5796875 0.0421875 0.0296875
1 0.4015625 0.6359375 0.025 0.021875
1 0.453125 0.640625 0.028125 0.034375
1 0.39375 0.6796875 0.025 0.0234375
1 0.3625 0.671875 0.03125 0.040625
1 0.275 0.690625 0.0203125 0.0203125
1 0.1203125 0.6921875 0.015625 0.028125
1 0.5765625 0.715625 0.028125 0.0265625
1 0.4609375 0.7453125 0.03125 0.021875
1 0.3828125 0.7421875 0.015625 0.028125
1 0.265625 0.7546875 0.021875 0.025
1 0.1796875 0.76875 0.0125 0.0109375
1 0.2453125 0.7828125 0.028125 0.0203125
1 0.2671875 0.8234375 0.0234375 0.028125
1 0.571875 0.8484375 0.015625 0.0203125
1 0.384375 0.8734375 0.015625 0.0171875
1 0.1984375 0.96875 0.0265625 0.0046875
1 0.015625 0.9890625 0.0234375 0.0203125
1 0.1828125 0.990625 0.025 0.0140625
1 0.59296875 0.88203125 0.0328125 0.0546875
1 0.5515625 0.8671875 0.0140625 0.0109375
1 0.5390625 0.965625 0.0125 0.0125
1 0.5796875 0.8328125 0.025 0.0140625
1 0.5 0.759375 0.01875 0.01875
1 0.290625 0.890625 0.0234375 0.0203125
1 0.1703125 0.8078125 0.01875 0.0203125
1 0.290625 0.9546875 0.025 0.0125
1 0.2765625 0.9609375 0.0140625 0.015625
1 0.1875 0.8703125 0.0234375 0.0171875
1 0.203125 0.8703125 0.025 0.021875
1 0.4046875 0.8234375 0.025 0.015625
1 0.459375 0.890625 0.01875 0.0125
1 0.4296875 0.95625 0.0203125 0.0078125
1 0.3890625 0.65 0.025 0.015625
1 0.303125 0.7484375 0.0203125 0.021875
1 0.2921875 0.725 0.015625 0.021875
1 0.159375 0.684375 0.0203125 0.0140625
1 0.1359375 0.7546875 0.01875 0.025
0 0.075 0.56875 0.1078125 0.046875
1 0.034375 0.609375 0.0296875 0.01875
1 0.015625 0.6328125 0.0265625 0.04375
0 0.0609375 0.6375 0.0640625 0.1140625
1 0.0796875 0.6921875 0.021875 0.028125
0 0.0734375 0.7578125 0.140625 0.1015625
1 0.1015625 0.7859375 0.04375 0.0296875
1 0.02578125 0.8078125 0.0515625 0.05
0 0.0890625 0.8421875 0.1 0.14375
0 0.08515625 0.94765625 0.0609375 0.1046875
0 0.08984375 0.98359375 0.0859375 0.0328125
1 0.94375 0.5828125 0.0078125 0.0234375
1 0.9078125 0.59375 0.0359375 0.04375
0 0.8203125 0.8609375 0.0921875 0.046875
0 0.81875 0.8109375 0.1703125 0.0875
0 0.821875 0.6703125 0.1125 0.103125
0 0.80625 0.575 0.05 0.028125
1 0.75 0.5578125 0.0296875 0.0234375
1 0.9921875 0.471875 0.015625 0.0125
0 0.825 0.453125 0.1046875 0.140625
1 0.7171875 0.478125 0.021875 0.0234375
1 0.63125 0.88125 0.03125 0.0046875
1 0.6671875 0.8625 0.0265625 0.021875
1 0.6546875 0.775 0.034375 0.0453125
1 0.61640625 0.609375 0.0140625 0.015625
0 0.84609375 0.36171875 0.0515625 0.0046875