1 0.3046875 0.18125 0.009375 0.0140625
1 0.36875 0.2828125 0.0265625 0.0265625
0 0.15625 0.284375 0.1578125 0.096875
0 0.259375 0.1078125 0.3 0.215625
0 0.20390625 0.08828125 0.3390625 0.1765625
1 0.79375 0.303125 0.053125 0.0328125
1 0.9765625 0.421875 0.0296875 0.015625
1 0.8734375 0.2890625 0.0671875 0.0546875
1 0.9203125 0.3015625 0.0578125 0.0390625
1 0.9546875 0.159375 0.0484375 0.0515625
1 0.61875 0.1515625 0.059375 0.0453125
1 0.7015625 0.2453125 0.04375 0.0390625
1 0.5703125 0.096875 0.0359375 0.0359375
1 0.5578125 0.146875 0.03125 0.0203125
0 0.56796875 0.2109375 0.1578125 0.178125
0 0.5125 0.3671875 0.046875 0.125
0 0.53984375 0.1109375 0.1015625 0.2
1 0.2296875 0.5921875 0.025 0.021875
1 0.45 0.6296875 0.015625 0.0140625
1 0.06875 0.69375 0.1375 0.140625
1 0.48046875 0.80703125 0.0171875 0.0328125
1 0.0140625 0.8171875 0.028125 0.065625
1 0.096875 0.8703125 0.009375 0.015625
1 0.05 0.8859375 0.0546875 0.0390625
1 0.4125 0.9296875 0.0125 0.0234375
1 0.4015625 0.9765625 0.0125 0.0296875
1 0.4125 0.9015625 0.0234375 0.0203125
1 0.3640625 0.9453125 0.0109375 0.01875
0 0.23125 0.6671875 0.1859375 0.1359375
1 0.2125 0.7421875 0.03125 0.028125
0 0.20859375 0.9578125 0.1984375 0.084375
0 0.225 0.8703125 0.121875 0.128125
1 0.0328125 0.740625 0.0171875 0.021875
1 0.08125 0.7546875 0.015625 0.009375
1 0.0734375 0.790625 0.00625 0.0140625
1 0.0171875 0.5953125 0.034375 0.028125
1 0.634375 0.6359375 0.0140625 0.015625
0 0.6734375 0.6390625 0.05 0.0234375
1 0.496875 0.7265625 0.015625 0.021875
1 0.96875 0.9046875 0.009375 0.0125
0 0.6703125 0.9734375 0.109375 0.053125
1 0.9453125 0.7734375 0.015625 0.0140625
1 0.984375 0.8640625 0.009375 0.0171875
1 0.925 0.9296875 0.0625 0.0328125
1 0.996875 0.940625 0.00625 0.034375
1 0.9890625 0.78046875 0.021875 0.1203125
1 0.8140625 0.64375 0.0234375 0.025
1 0.7796875 0.6578125 0.0078125 0.0109375
1 0.7984375 0.7109375 0.034375 0.03125
1 0.8484375 0.7921875 0.01875 0.021875
1 0.8171875 0.7734375 0.0296875 0.03125
1 0.78125 0.940625 0.0234375 0.028125
1 0.81875 0.8984375 0.0296875 0.0171875
1 0.8140625 0.9015625 0.009375 0.03125
1 0.815625 0.95 0.0171875 0.0078125
1 0.8 0.93125 0.0140625 0.0296875
1 0.6109375 0.66875 0.0171875 0.0203125
1 0.5515625 0.6734375 0.115625 0.0859375
1 0.7375 0.7328125 0.0328125 0.059375
0 0.6625 0.7375 0.1234375 0.18125
1 0.6390625 0.9203125 0.0296875 0.0375
1 0.6515625 0.95625 0.0171875 0.03125
1 0.65 0.953125 0.0265625 0.0125
0 0.659375 0.8609375 0.09375 0.1078125
1 0.49453125 0.78828125 0.0109375 0.0578125
1 0.590625 0.9390625 0.003125 0.0515625
1 0.575 0.9125 0.1109375 0.103125
1 0.6078125 0.8515625 0.0328125 0.028125
1 0.5625 0.9765625 0.03125 0.03125
1 0.571875 0.99375 0.05 0.0125
1 0.7796875 0.9859375 0.040625 0.028125
1 0.76640625 0.9921875 0.0265625 0.015625
1 0.73203125 0.99375 0.0390625 0.0125