1 0.01875 0.11875 0.015625 0.0109375
1 0.0125 0.33125 0.025 0.01875
1 0.1296875 0.1859375 0.03125 0.025
1 0.109375 0.1390625 0.034375 0.025
1 0.084375 0.234375 0.0609375 0.06875
1 0.2765625 0.1375 0.0046875 0.009375
1 0.315625 0.3125 0.0375 0.0359375
1 0.3640625 0.209375 0.03125 0.06875
0 0.09296875 0.12890625 0.1859375 0.2578125
0 0.16796875 0.2546875 0.3359375 0.16875
0 0.0421875 0.321875 0.021875 0.0390625
1 0.4 0.26328125 0.040625 0.0296875
1 0.390625 0.29453125 0.021875 0.0171875
1 0.61875 0.0859375 0.0453125 0.075
1 0.559375 0.084375 0.053125 0.05625
1 0.553125 0.025 0.034375 0.01875
1 0.55 0.05 0.015625 0.025
1 0.5328125 0.1578125 0.0265625 0.021875
1 0.5453125 0.1390625 0.0203125 0.021875
1 0.534375 0.1796875 0.0234375 0.015625
1 0.61875 0.2859375 0.01875 0.03125
1 0.565625 0.2734375 0.028125 0.021875
1 0.696875 0.2546875 0.03125 0.03125
0 0.6875 0.153125 0.125 0.1796875
1 0.853125 0.25 0.0625 0.0734375
1 0.8171875 0.2953125 0.046875 0.015625
1 0.8171875 0.1375 0.01875 0.021875
1 0.959375 0.2546875 0.0359375 0.04375
1 0.96875 0.14921875 0.0625 0.0390625
1 0.9125 0.1640625 0.0125 0.021875
1 0.884375 0.16875 0.03125 0.0171875
1 0.9671875 0.0171875 0.046875 0.034375
1 0.725 0.2375 0.0203125 0.0359375
1 0.78125 0.015625 0.146875 0.03125
1 0.00234375 0.878125 0.0046875 0.025
0 0.34296875 0.6890625 0.0734375 0.0875
0 0.346875 0.79921875 0.065625 0.1046875
0 0.32578125 0.88359375 0.1078125 0.0671875
1 0.246875 0.8984375 0.015625 0.0234375
1 0.4359375 0.609375 0.040625 0.0453125
1 0.484375 0.734375 0.0859375 0.059375
1 0.5203125 0.7125 0.0359375 0.0484375
1 0.4015625 0.7109375 0.0296875 0.0328125
1 0.515625 0.575 0.04375 0.071875
1 0.60625 0.6515625 0.028125 0.0234375
1 0.628125 0.728125 0.0359375 0.028125
1 0.628125 0.7640625 0.04375 0.028125
1 0.603125 0.9296875 0.0484375 0.0578125
1 0.52734375 0.990625 0.0546875 0.01875
0 0.8171875 0.665625 0.1171875 0.0953125
1 0.9625 0.5890625 0.075 0.1
0 0.8359375 0.8921875 0.134375 0.125
1 0.82734375 0.96484375 0.1265625 0.0703125
1 0.9859375 0.8140625 0.028125 0.040625
1 0.896875 0.7953125 0.0390625 0.0359375
1 0.83125 0.8359375 0.0359375 0.04375
1 0.9921875 0.66328125 0.015625 0.0359375
1 0.98984375 0.92265625 0.0203125 0.0296875
1 0.4921875 0.6625 0.0265625 0.0234375