0 0.58671875 0.1828125 0.0640625 0.10625
1 0.54609375 0.2296875 0.0859375 0.059375
1 0.5828125 0.2375 0.071875 0.04375
1 0.6109375 0.02890625 0.015625 0.0578125
1 0.553125 0.01796875 0.059375 0.0359375
1 0.521875 0.1203125 0.0375 0.0359375
1 0.553125 0.078125 0.03125 0.034375
1 0.478125 0.0734375 0.040625 0.05625
1 0.5171875 0.0625 0.0234375 0.034375
1 0.4546875 0.096875 0.0375 0.0640625
1 0.490625 0.1953125 0.053125 0.05625
1 0.45625 0.2 0.053125 0.084375
1 0.43828125 0.2421875 0.0390625 0.034375
1 0.396875 0.24375 0.046875 0.03125
1 0.3359375 0.240625 0.0375 0.0375
1 0.34375 0.16875 0.0828125 0.046875
1 0.3515625 0.084375 0.0578125 0.0515625
1 0.4390625 0.065625 0.046875 0.065625
1 0.27578125 0.25078125 0.0484375 0.0171875
1 0.2578125 0.19375 0.0859375 0.0625
1 0.3859375 0.0203125 0.046875 0.040625
1 0.265625 0.115625 0.0578125 0.078125
1 0.25 0.071875 0.025 0.0625
1 0.27421875 0.0328125 0.0484375 0.065625
1 0.334375 0.01953125 0.040625 0.0390625
0 0.1703125 0.103125 0.146875 0.1453125
1 0.225 0.0875 0.0140625 0.0484375
1 0.1015625 0.0703125 0.0515625 0.0703125
1 0.1046875 0.028125 0.046875 0.05625
1 0.08046875 0.01171875 0.0640625 0.0234375
1 0.16171875 0.02734375 0.0515625 0.0546875
1 0.090625 0.25546875 0.028125 0.0078125
0 0.1265625 0.25 0.075 0.01875
1 0.0671875 0.06875 0.021875 0.03125
1 0.0703125 0.103125 0.053125 0.0640625
1 0.02265625 0.0875 0.0453125 0.0375
1 0.00859375 0.11796875 0.0171875 0.0390625
1 0.0109375 0.16328125 0.021875 0.0390625
1 0.0484375 0.1984375 0.0359375 0.040625
1 0.04375 0.171875 0.0375 0.059375
0 0.825 0.0234375 0.109375 0.046875
0 0.815625 0.0484375 0.08125 0.0625
1 0.8484375 0.0953125 0.05625 0.0296875
1 0.8125 0.1046875 0.05625 0.10625
1 0.928125 0.0703125 0.0359375 0.0328125
1 0.65078125 0.0125 0.0328125 0.025
1 0.6875 0.01875 0.0171875 0.025
1 0.6859375 0.103125 0.0296875 0.0234375
1 0.6984375 0.05625 0.0296875 0.0265625
1 0.684375 0.0640625 0.025 0.0421875
1 0.6546875 0.0640625 0.025 0.0359375
1 0.6734375 0.078125 0.0140625 0.0359375
1 0.121875 0.5109375 0.0234375 0.015625
1 0.2171875 0.7796875 0.059375 0.0625
1 0.0078125 0.84453125 0.015625 0.0484375
1 0.04375 0.865625 0.0171875 0.028125
1 0.0171875 0.88125 0.015625 0.01875
0 0.475 0.909375 0.0828125 0.0171875
1 0.575 0.75 0.015625 0.021875
1 0.61328125 0.76015625 0.0109375 0.0359375
1 0.60625 0.7890625 0.015625 0.0125
1 0.3375 0.8375 0.034375 0.046875
1 0.4546875 0.8640625 0.128125 0.0953125
1 0.4984375 0.884375 0.0328125 0.0265625
0 0.453125 0.7640625 0.0921875 0.0828125
1 0.5265625 0.721875 0.0296875 0.0328125
1 0.51875 0.6765625 0.0296875 0.0109375
1 0.5171875 0.6984375 0.015625 0.015625
1 0.325 0.646875 0.0484375 0.04375
1 0.4453125 0.6734375 0.0484375 0.0078125
1 0.4390625 0.715625 0.0546875 0.034375
1 0.3390625 0.7171875 0.021875 0.03125
1 0.50625 0.5546875 0.0453125 0.015625
1 0.503125 0.5828125 0.04375 0.034375
1 0.5859375 0.5 0.03125 0.0609375
1 0.565625 0.55 0.025 0.021875
1 0.575 0.6421875 0.021875 0.015625
1 0.4078125 0.6171875 0.1171875 0.0453125
1 0.415625 0.59375 0.040625 0.034375
1 0.478125 0.5671875 0.1359375 0.0375
1 0.35 0.4296875 0.028125 0.0375
0 0.465625 0.5109375 0.1 0.05
0 0.5078125 0.4515625 0.15625 0.0734375
1 0.403125 0.478125 0.0390625 0.021875
1 0.1140625 0.6140625 0.046875 0.04375
1 0.0796875 0.7734375 0.03125 0.0234375
1 0.015625 0.7359375 0.0234375 0.0265625
1 0.1265625 0.6859375 0.028125 0.028125
1 0.7328125 0.503125 0.03125 0.0265625
1 0.7578125 0.6234375 0.028125 0.03125
1 0.9765625 0.675 0.028125 0.03125
1 0.621875 0.740625 0.00625 0.01875
1 0.9875 0.465625 0.025 0.059375
0 0.97734375 0.40234375 0.0453125 0.1171875
0 0.9765625 0.5390625 0.0453125 0.0546875
1 0.9796875 0.515625 0.021875 0.0234375
1 0.9609375 0.5 0.0515625 0.015625
1 0.8875 0.5765625 0.03125 0.0234375
0 0.97734375 0.62109375 0.0453125 0.1109375
0 0.96328125 0.796875 0.0734375 0.15
1 0.7453125 0.83125 0.025 0.0359375
1 0.746875 0.76875 0.021875 0.021875
1 0.7 0.715625 0.01875 0.009375
1 0.6796875 0.7265625 0.0328125 0.0234375
1 0.8453125 0.759375 0.028125 0.0375
1 0.859375 0.7390625 0.0109375 0.0140625
1 0.725 0.5890625 0.0234375 0.0234375
1 0.625 0.58359375 0.0125 0.0265625
1 0.625 0.61875 0.0125 0.0125
1 0.63125 0.4421875 0.01875 0.015625
1 0.6984375 0.6546875 0.0171875 0.01875
1 0.7796875 0.65625 0.0171875 0.015625
1 0.79375 0.665625 0.01875 0.0140625