1 0.3375 0.109375 0.021875 0.028125
0 0.31171875 0.08828125 0.2546875 0.1765625
0 0.384375 0.08984375 0.109375 0.1796875
1 0.44296875 0.0890625 0.0078125 0.025
1 0.63125 0.071875 0.0234375 0.0390625
1 0.5515625 0.1171875 0.015625 0.0328125
1 0.825 0.1734375 0.01875 0.0125
1 0.678125 0.109375 0.0234375 0.028125
0 0.109375 0.7484375 0.190625 0.184375
1 0.0390625 0.8 0.0734375 0.084375
1 0.103125 0.83125 0.0859375 0.103125
1 0.015625 0.7359375 0.0265625 0.046875
1 0.028125 0.703125 0.0421875 0.0421875
0 0.21875 0.759375 0.0875 0.1546875
0 0.3109375 0.7578125 0.153125 0.0734375
0 0.3796875 0.78125 0.09375 0.1375
1 0.2765625 0.8375 0.134375 0.0921875
1 0.24375 0.8140625 0.04375 0.0328125
1 0.3140625 0.8046875 0.0609375 0.0484375
1 0.40859375 0.8203125 0.0609375 0.090625
1 0.1734375 0.528125 0.025 0.028125
1 0.2671875 0.5953125 0.0140625 0.015625
1 0.3671875 0.5640625 0.0359375 0.0375
1 0.40625 0.575 0.0203125 0.0203125
0 0.41015625 0.26015625 0.0578125 0.1609375
0 0.33359375 0.22890625 0.1578125 0.0984375
1 0.2578125 0.3203125 0.0328125 0.0296875
0 0.159375 0.24921875 0.115625 0.1390625
1 0.0921875 0.371875 0.06875 0.05625
0 0.0265625 0.25625 0.05 0.153125
0 0.06796875 0.2375 0.0890625 0.115625
1 0.01640625 0.1890625 0.0296875 0.01875
1 0.1171875 0.2625 0.0453125 0.0421875
1 0.978125 0.990625 0.034375 0.01875
1 0.73125 0.746875 0.0109375 0.0109375
0 0.7953125 0.43125 0.146875 0.259375
1 0.7109375 0.5828125 0.0171875 0.009375
1 0.5265625 0.628125 0.009375 0.009375
0 0.640625 0.4734375 0.328125 0.3234375
1 0.4796875 0.6609375 0.0140625 0.0140625
0 0.9390625 0.434375 0.1109375 0.153125
0 0.5 0.359375 0.0609375 0.125