1 0.2015625 0.3171875 0.01875 0.0296875
1 0.2640625 0.5046875 0.028125 0.0265625
1 0.31875 0.2671875 0.028125 0.03125
1 0.496875 0.1359375 0.0140625 0.0125
1 0.525 0.3859375 0.0171875 0.015625
1 0.5296875 0.2078125 0.009375 0.0078125
1 0.5328125 0.30390625 0.0125 0.0078125
1 0.52578125 0.5390625 0.0265625 0.021875
1 0.403125 0.0921875 0.0296875 0.0234375
1 0.3328125 0.071875 0.0203125 0.028125
1 0.390625 0.1125 0.0203125 0.025
1 0.3421875 0.1015625 0.01875 0.0171875
1 0.290625 0.10625 0.021875 0.03125
1 0.325 0.1453125 0.0171875 0.0203125
1 0.259375 0.0625 0.0390625 0.01875
1 0.2046875 0.0375 0.0375 0.0265625
1 0.5140625 0.1578125 0.0140625 0.0234375
1 0.2625 0.2890625 0.0296875 0.01875
0 0.1703125 0.33125 0.0484375 0.0796875
0 0.21875 0.3921875 0.0984375 0.15
1 0.1921875 0.315625 0.01875 0.0234375
0 0.2828125 0.3625 0.078125 0.16875
0 0.365625 0.35 0.0921875 0.1375
0 0.4265625 0.346875 0.1015625 0.1296875
1 0.184375 0.5 0.028125 0.0265625
1 0.1921875 0.5421875 0.015625 0.015625
1 0.221875 0.5359375 0.0109375 0.0078125
1 0.221875 0.515625 0.015625 0.015625
1 0.2828125 0.503125 0.0171875 0.0234375
1 0.3734375 0.5078125 0.0265625 0.0203125
1 0.36171875 0.54765625 0.0171875 0.0046875
1 0.34453125 0.53984375 0.0265625 0.0203125
1 0.4875 0.53828125 0.025 0.0234375
1 0.471875 0.4015625 0.015625 0.0109375
1 0.49375 0.3546875 0.0203125 0.021875
1 0.53203125 0.5171875 0.0140625 0.021875
1 0.52734375 0.534375 0.0234375 0.015625
1 0.53515625 0.43984375 0.0078125 0.0203125
1 0.5359375 0.40234375 0.00625 0.0203125
1 0.4515625 0.43125 0.01875 0.015625
1 0.4796875 0.36875 0.0171875 0.0140625
1 0.5953125 0.14375 0.0265625 0.0234375
0 0.55703125 0.20625 0.0359375 0.184375
1 0.690625 0.078125 0.0453125 0.040625
1 0.7703125 0.159375 0.0109375 0.009375
1 0.83125 0.171875 0.05 0.0546875
0 0.9 0.2328125 0.10625 0.153125
0 0.9515625 0.24375 0.01875 0.04375
1 0.8015625 0.234375 0.053125 0.046875
1 0.7515625 0.234375 0.0328125 0.046875
1 0.7390625 0.225 0.06875 0.046875
1 0.859375 0.178125 0.053125 0.0859375
1 0.9046875 0.53671875 0.0375 0.0265625
1 0.846875 0.396875 0.028125 0.034375
0 0.6609375 0.2015625 0.1359375 0.165625
1 0.6140625 0.253125 0.0546875 0.0734375
0 0.5984375 0.2171875 0.0640625 0.125
0 0.2609375 0.5828125 0.14375 0.065625
0 0.19375 0.565625 0.06875 0.03125
1 0.21875 0.8421875 0.034375 0.0328125
1 0.253125 0.8828125 0.0265625 0.03125
1 0.3125 0.840625 0.0296875 0.03125
1 0.3578125 0.81875 0.0328125 0.028125
1 0.5296875 0.99453125 0.01875 0.0109375
1 0.4 0.975 0.0234375 0.03125
1 0.4328125 0.99453125 0.028125 0.0109375
1 0.2828125 0.9515625 0.0296875 0.0265625
1 0.29453125 0.99140625 0.0265625 0.0171875
1 0.3484375 0.978125 0.028125 0.0234375
1 0.9796875 0.88125 0.0125 0.009375
1 0.8 0.8421875 0.015625 0.0078125
1 0.8421875 0.7953125 0.0359375 0.0359375
1 0.8875 0.821875 0.0078125 0.0078125
1 0.70625 0.84375 0.0859375 0.0875
1 0.653125 0.84375 0.0203125 0.0171875
1 0.6296875 0.809375 0.0859375 0.0921875
1 0.6296875 0.9515625 0.021875 0.0515625
0 0.6765625 0.61484375 0.18125 0.1296875
1 0.7640625 0.5953125 0.0171875 0.0140625
1 0.765625 0.6078125 0.0046875 0.0109375
1 0.6015625 0.63125 0.0234375 0.0171875
1 0.59375 0.646875 0.0078125 0.0078125
1 0.8546875 0.746875 0.059375 0.0421875
1 0.8421875 0.7171875 0.0265625 0.0296875
1 0.8109375 0.7015625 0.003125 0.0125
1 0.890625 0.640625 0.05 0.0484375
1 0.98125 0.75390625 0.0375 0.0640625
0 0.95078125 0.6109375 0.0984375 0.121875
1 0.975 0.58125 0.0078125 0.0078125
0 0.86953125 0.66875 0.2609375 0.2375
1 0.6921875 0.6671875 0.003125 0.0109375