1 0.16015625 0.47421875 0.0109375 0.0109375
1 0.17109375 0.471875 0.0078125 0.015625
1 0.19375 0.4578125 0.0125 0.0109375
0 0.259375 0.37109375 0.165625 0.2171875
1 0.3078125 0.4578125 0.0140625 0.028125
1 0.3 0.446875 0.01875 0.0171875
1 0.315625 0.4265625 0.01875 0.0046875
1 0.303125 0.3875 0.00625 0.0125
1 0.0984375 0.409375 0.0234375 0.021875
1 0.10625 0.359375 0.0140625 0.0140625
0 0.0859375 0.4203125 0.103125 0.10625
0 0.0625 0.3265625 0.05625 0.0171875
1 0.16875 0.3921875 0.025 0.0265625
1 0.4609375 0.44375 0.05625 0.071875
0 0.3953125 0.38203125 0.1875 0.1828125
1 0.18125 0.33125 0.0078125 0.0046875
1 0.1796875 0.3046875 0.00625 0.0078125
1 0.040625 0.0140625 0.0109375 0.0109375
1 0.184375 0.05 0.015625 0.01875
1 0.11953125 0.00546875 0.0140625 0.0109375
1 0.103125 0.0625 0.0171875 0.009375
1 0.103125 0.1953125 0.046875 0.0421875
1 0.178125 0.1921875 0.034375 0.04375
1 0.2984375 0.2328125 0.015625 0.0171875
1 0.3796875 0.0375 0.028125 0.0203125
0 0.5734375 0.3453125 0.16875 0.26875
0 0.775 0.3265625 0.090625 0.05625
1 0.715625 0.3890625 0.028125 0.0265625
1 0.771875 0.3015625 0.03125 0.0375
1 0.44140625 0.98046875 0.0484375 0.0390625
1 0.425 0.80625 0.0203125 0.021875
1 0.3453125 0.8859375 0.028125 0.0390625
1 0.3328125 0.65625 0.025 0.0171875
0 0.36328125 0.51796875 0.1546875 0.0765625
1 0.2140625 0.575 0.0328125 0.0375
0 0.2328125 0.5234375 0.11875 0.0875
1 0.1453125 0.6703125 0.0234375 0.040625
1 0.11875 0.71875 0.0140625 0.0171875
0 0.12578125 0.5015625 0.1078125 0.04375
1 0.0734375 0.8796875 0.0265625 0.0234375
1 0.0640625 0.6953125 0.0234375 0.034375
1 0.0421875 0.609375 0.01875 0.0140625
1 0.015625 0.7203125 0.0234375 0.03125
1 0.00390625 0.6484375 0.0078125 0.015625
0 0.0125 0.5390625 0.025 0.11875
1 0.309375 0.865625 0.0203125 0.0140625
1 0.26875 0.8984375 0.015625 0.0140625
1 0.234375 0.8765625 0.021875 0.028125
1 0.2703125 0.890625 0.0265625 0.0296875
1 0.271875 0.96875 0.04375 0.0328125
1 0.00859375 0.91171875 0.0171875 0.0234375
1 0.015625 0.8609375 0.0171875 0.015625
0 0.05078125 0.9890625 0.1015625 0.021875
0 0.12265625 0.9625 0.1421875 0.075
1 0.0375 0.6953125 0.021875 0.0203125
1 0.2796875 0.74375 0.01875 0.015625
1 0.278125 0.7265625 0.015625 0.021875
1 0.29375 0.7546875 0.0171875 0.0234375
1 0.315625 0.7046875 0.0328125 0.0296875
1 0.3921875 0.696875 0.015625 0.0140625
1 0.146875 0.7015625 0.0234375 0.015625
1 0.1859375 0.7015625 0.0203125 0.0140625
1 0.1203125 0.8171875 0.0125 0.0203125
1 0.175 0.7828125 0.0109375 0.0171875
1 0.134375 0.7265625 0.0140625 0.015625
1 0.2234375 0.659375 0.0171875 0.021875
1 0.203125 0.65 0.015625 0.0171875
1 0.2484375 0.609375 0.015625 0.0234375
1 0.2640625 0.653125 0.0140625 0.0171875
1 0.0578125 0.6609375 0.0203125 0.0140625
1 0.071875 0.55 0.0234375 0.0125
1 0.03125 0.559375 0.0171875 0.0171875
1 0.1421875 0.5640625 0.015625 0.0234375
1 0.2515625 0.559375 0.0171875 0.01875
1 0.34375 0.5890625 0.0203125 0.015625
1 0.4046875 0.54375 0.028125 0.028125
1 0.2296875 0.5546875 0.0171875 0.0203125
1 0.0390625 0.5359375 0.01875 0.01875
1 0.025 0.51875 0.01875 0.03125
1 0.025 0.5890625 0.0359375 0.0203125
1 0.8046875 0.8671875 0.0359375 0.0328125
1 0.778125 0.6171875 0.0328125 0.025
1 0.7671875 0.7359375 0.021875 0.021875
1 0.721875 0.6515625 0.021875 0.01875
1 0.7171875 0.7390625 0.021875 0.0234375
1 0.7171875 0.703125 0.01875 0.0125
1 0.665625 0.7515625 0.01875 0.0171875
1 0.6609375 0.7171875 0.0328125 0.0390625
1 0.6421875 0.9703125 0.0171875 0.0234375
1 0.6078125 0.8703125 0.0171875 0.015625
1 0.5640625 0.8640625 0.028125 0.0265625
1 0.55625 0.8421875 0.0171875 0.009375
1 0.534375 0.721875 0.0296875 0.0125
1 0.540625 0.584375 0.009375 0.0078125
1 0.53125 0.8515625 0.01875 0.01875
1 0.515625 0.6921875 0.0265625 0.028125
1 0.70625 0.496875 0.0140625 0.028125
1 0.615625 0.4859375 0.01875 0.0125
1 0.7171875 0.628125 0.0171875 0.021875
1 0.790625 0.721875 0.0203125 0.021875
1 0.7953125 0.746875 0.025 0.0265625
1 0.76875 0.9703125 0.04375 0.0421875
1 0.69375 0.8890625 0.0328125 0.034375
1 0.828125 0.978125 0.015625 0.015625
1 0.85078125 0.978125 0.0453125 0.04375
1 0.57109375 0.99453125 0.0328125 0.0109375
1 0.5671875 0.9453125 0.0265625 0.0171875
1 0.590625 0.9734375 0.028125 0.0203125
0 0.83828125 0.87265625 0.1578125 0.2546875
0 0.765625 0.8234375 0.30625 0.3296875
0 0.8078125 0.8171875 0.2234375 0.0625
0 0.58125 0.84921875 0.184375 0.2484375
0 0.5421875 0.81796875 0.10625 0.0796875