1 0.2640625 0.0734375 0.0265625 0.03125
1 0.2640625 0.1515625 0.034375 0.046875
0 0.2125 0.4484375 0.0953125 0.1171875
0 0.28828125 0.440625 0.1171875 0.1375
0 0.35625 0.4421875 0.103125 0.134375
0 0.40546875 0.453125 0.0765625 0.1125
0 0.47421875 0.47421875 0.1109375 0.0703125
1 0.428125 0.3359375 0.0234375 0.0328125
1 0.4359375 0.159375 0.021875 0.0234375
1 0.3859375 0.0921875 0.021875 0.0265625
1 0.546875 0.4703125 0.0296875 0.0453125
1 0.56640625 0.503125 0.0390625 0.0125
1 0.5828125 0.3515625 0.015625 0.01875
1 0.5875 0.365625 0.028125 0.021875
1 0.603125 0.096875 0.040625 0.040625
1 0.6109375 0.346875 0.0359375 0.021875
1 0.6359375 0.4421875 0.053125 0.0375
1 0.625 0.1703125 0.028125 0.0578125
1 0.6359375 0.3328125 0.01875 0.0234375
1 0.653125 0.0390625 0.0484375 0.0765625
1 0.690625 0.4484375 0.0296875 0.025
1 0.73125 0.471875 0.0265625 0.0171875
1 0.725 0.3640625 0.0578125 0.0484375
1 0.72421875 0.49140625 0.0671875 0.0359375
1 0.784375 0.48125 0.05 0.05625
1 0.8125 0.25 0.0125 0.025
1 0.821875 0.415625 0.01875 0.0265625
1 0.846875 0.4796875 0.0125 0.01875
1 0.74375 0.1421875 0.0265625 0.0609375
1 0.7296875 0.175 0.0234375 0.0515625
1 0.7078125 0.1546875 0.0734375 0.0703125
1 0.6703125 0.2265625 0.071875 0.078125
1 0.6890625 0.203125 0.0171875 0.0296875
1 0.7109375 0.2265625 0.0296875 0.0296875
0 0.8375 0.24375 0.0296875 0.071875
1 0.8015625 0.2890625 0.0234375 0.0578125
1 0.79375 0.3296875 0.11875 0.1265625
0 0.73125 0.259375 0.2125 0.0984375
1 0.5390625 0.19921875 0.01875 0.0421875
0 0.56796875 0.24921875 0.0765625 0.1953125
1 0.53359375 0.2625 0.0078125 0.009375
1 0.6 0.1703125 0.0234375 0.0140625
1 0.66875 0.359375 0.0484375 0.059375
1 0.5359375 0.44609375 0.0125 0.0390625
1 0.6 0.4796875 0.08125 0.059375
1 0.7953125 0.40625 0.0328125 0.03125
1 0.7734375 0.4234375 0.0375 0.0421875
1 0.809375 0.39375 0.028125 0.021875
1 0.85 0.4546875 0.00625 0.015625
1 0.68125 0.4734375 0.021875 0.025
1 0.70625 0.49921875 0.04375 0.0203125
1 0.690625 0.46484375 0.121875 0.0890625
1 0.275 0.53125 0.0234375 0.040625
1 0.3625 0.7359375 0.0265625 0.0453125
1 0.471875 0.73125 0.0390625 0.0421875
1 0.43125 0.7609375 0.01875 0.01875
1 0.4859375 0.828125 0.0328125 0.0390625
0 0.240625 0.8828125 0.0921875 0.1578125
0 0.3296875 0.9328125 0.084375 0.0828125
1 0.3171875 0.8515625 0.021875 0.0265625
0 0.3921875 0.8859375 0.1171875 0.0703125
0 0.45390625 0.9390625 0.1515625 0.06875
1 0.9203125 0.634375 0.04375 0.0625
1 0.94375 0.73125 0.0671875 0.0640625
1 0.940625 0.76875 0.015625 0.0515625
1 0.946875 0.859375 0.0109375 0.015625
1 0.8015625 0.7546875 0.0171875 0.025
0 0.73125 0.7578125 0.0125 0.015625
1 0.734375 0.8453125 0.01875 0.0421875
1 0.8796875 0.9703125 0.025 0.03125
1 0.9265625 0.95 0.025 0.034375
1 0.83125 0.925 0.06875 0.0609375
0 0.90390625 0.875 0.1921875 0.25
0 0.8109375 0.8515625 0.16875 0.296875
0 0.74375 0.8828125 0.0390625 0.021875