1 0.525 0.16875 0.1859375 0.128125
0 0.3875 0.453125 0.29375 0.13125
1 0.4484375 0.3171875 0.021875 0.0390625
1 0.3875 0.303125 0.009375 0.0265625
0 0.3625 0.165625 0.2 0.159375
0 0.9640625 0.48046875 0.071875 0.0765625
0 0.9734375 0.43125 0.053125 0.096875
1 0.9125 0.3953125 0.0265625 0.0359375
0 0.97265625 0.30390625 0.0546875 0.1046875
0 0.96484375 0.24765625 0.0703125 0.0390625
1 0.928125 0.2890625 0.034375 0.0203125
1 0.8203125 0.3234375 0.040625 0.0375
1 0.8265625 0.2921875 0.028125 0.028125
1 0.753125 0.49765625 0.1875 0.0421875
1 0.790625 0.4984375 0.028125 0.040625
1 0.59375 0.6 0.021875 0.0203125
1 0.25625 0.725 0.03125 0.0171875
1 0.5125 0.7296875 0.0171875 0.0171875
1 0.275 0.7828125 0.01875 0.0234375
1 0.2984375 0.8234375 0.0078125 0.015625
1 0.4796875 0.8390625 0.0109375 0.0125
1 0.015625 0.84375 0.01875 0.0125
1 0.51953125 0.996875 0.0140625 0.00625
1 0.521875 0.63125 0.1109375 0.0671875
0 0.41875 0.565625 0.0640625 0.0296875
1 0.415625 0.7453125 0.015625 0.0171875
1 0.371875 0.753125 0.028125 0.028125
1 0.428125 0.7078125 0.053125 0.0390625
1 0.496875 0.8109375 0.0203125 0.025
0 0.4765625 0.7765625 0.0828125 0.05625
1 0.5578125 0.9578125 0.00625 0.009375
0 0.471875 0.890625 0.1125 0.078125
1 0.428125 0.90625 0.0046875 0.021875
0 0.42578125 0.965625 0.1109375 0.06875
1 0.2796875 0.5953125 0.0296875 0.0375
1 0.26875 0.6171875 0.0234375 0.03125
1 0.2625 0.85625 0.0296875 0.0296875
1 0.1796875 0.65625 0.0328125 0.0234375
1 0.028125 0.784375 0.015625 0.01875
1 0.0328125 0.821875 0.0203125 0.0234375
1 0.0046875 0.90625 0.009375 0.025
1 0.0328125 0.95 0.034375 0.028125
1 0.1171875 0.98125 0.01875 0.03125
1 0.1265625 0.75 0.0234375 0.0375
1 0.153125 0.8484375 0.015625 0.025
1 0.93125 0.7265625 0.0328125 0.0765625
1 0.98046875 0.7625 0.0390625 0.0375
1 0.9734375 0.77734375 0.053125 0.0328125
1 0.975 0.5796875 0.0375 0.0234375
1 0.88125 0.59375 0.0203125 0.03125
0 0.8578125 0.6921875 0.11875 0.1859375
0 0.86953125 0.5546875 0.1453125 0.071875
1 0.75 0.640625 0.046875 0.0375