1 0.115625 0.378125 0.0390625 0.0296875
0 0.03359375 0.3328125 0.0671875 0.134375
1 0.00703125 0.32265625 0.0140625 0.0265625
0 0.09296875 0.20234375 0.1859375 0.1421875
1 0.06484375 0.0125 0.0328125 0.025
1 0.228125 0.0140625 0.03125 0.028125
1 0.203125 0.2 0.0234375 0.0140625
1 0.2 0.30625 0.0375 0.021875
1 0.2546875 0.3671875 0.0296875 0.03125
1 0.0625 0.140625 0.0375 0.0984375
1 0.0234375 0.365625 0.0171875 0.0234375
0 0.02890625 0.08125 0.0578125 0.1625
1 0.615625 0.16875 0.0546875 0.0390625
1 0.6296875 0.340625 0.0296875 0.0375
1 0.6203125 0.35625 0.025 0.0390625
1 0.584375 0.4125 0.0296875 0.028125
1 0.59375 0.3078125 0.0421875 0.0484375
1 0.5484375 0.34375 0.04375 0.0453125
1 0.534375 0.3109375 0.0234375 0.025
1 0.521875 0.2859375 0.0296875 0.01875
1 0.503125 0.2796875 0.025 0.021875
1 0.496875 0.31875 0.021875 0.025
1 0.4921875 0.303125 0.0203125 0.028125
1 0.48671875 0.290625 0.0140625 0.025
1 0.6859375 0.41171875 0.03125 0.0359375
1 0.6734375 0.278125 0.0359375 0.046875
1 0.834375 0.2140625 0.0234375 0.034375
1 0.7546875 0.2046875 0.028125 0.0296875
1 0.75625 0.328125 0.046875 0.03125
1 0.834375 0.2890625 0.0328125 0.05
1 0.9765625 0.28125 0.0375 0.03125
1 0.9828125 0.4171875 0.021875 0.025
1 0.8359375 0.25 0.009375 0.021875
1 0.725 0.3515625 0.04375 0.040625
1 0.6421875 0.3609375 0.028125 0.0390625
1 0.7703125 0.3953125 0.025 0.01875
1 0.734375 0.3953125 0.0265625 0.01875
1 0.7515625 0.384375 0.0375 0.0140625
1 0.7578125 0.2984375 0.0203125 0.0109375
1 0.4875 0.3875 0.015625 0.028125
1 0.48984375 0.3734375 0.0203125 0.0125
0 0.0421875 0.71875 0.084375 0.175
1 0.0984375 0.6375 0.0203125 0.028125
1 0.121875 0.728125 0.025 0.0234375
1 0.253125 0.5109375 0.0546875 0.0546875
1 0.2828125 0.4609375 0.03125 0.028125
1 0.2796875 0.4921875 0.025 0.025
1 0.12109375 0.43671875 0.0296875 0.0140625
1 0.44375 0.6625 0.0296875 0.03125
1 0.46953125 0.7703125 0.0203125 0.03125
1 0.26875 0.74375 0.0390625 0.040625
1 0.384375 0.51875 0.0296875 0.021875
1 0.6515625 0.6171875 0.0265625 0.0109375
0 0.6171875 0.6421875 0.1359375 0.059375
1 0.50625 0.79375 0.021875 0.01875
1 0.9171875 0.9703125 0.025 0.0328125
1 0.9359375 0.99453125 0.015625 0.0109375
1 0.9390625 0.9875 0.0140625 0.0078125
1 0.96875 0.965625 0.01875 0.0421875
1 0.94375 0.93125 0.0203125 0.009375
1 0.99140625 0.9578125 0.0171875 0.01875
1 0.99375 0.91640625 0.0125 0.0234375
1 0.9953125 0.93984375 0.009375 0.0140625
1 0.915625 0.928125 0.0203125 0.0203125
1 0.8734375 0.91875 0.0328125 0.03125
1 0.8890625 0.9328125 0.015625 0.0140625
1 0.99609375 0.80859375 0.0078125 0.0203125
1 0.99296875 0.83203125 0.0140625 0.0453125
1 0.803125 0.8578125 0.0125 0.01875
1 0.940625 0.7578125 0.015625 0.0171875
1 0.8828125 0.7875 0.0359375 0.021875
1 0.9328125 0.715625 0.021875 0.01875
1 0.915625 0.7265625 0.0265625 0.0234375
1 0.90625 0.703125 0.021875 0.015625
1 0.9515625 0.6828125 0.028125 0.028125
1 0.9390625 0.65 0.021875 0.021875
1 0.91875 0.6671875 0.03125 0.03125
1 0.953125 0.7390625 0.0078125 0.0171875
1 0.765625 0.728125 0.01875 0.025
1 0.803125 0.7125 0.0328125 0.0109375
1 0.81875 0.715625 0.0203125 0.0171875
1 0.8 0.728125 0.034375 0.0171875
1 0.7671875 0.6578125 0.03125 0.03125
1 0.771875 0.61875 0.025 0.0125
1 0.78125 0.6328125 0.0125 0.0125
1 0.75625 0.85625 0.0203125 0.015625
1 0.7703125 0.8921875 0.0328125 0.034375
1 0.75 0.8921875 0.009375 0.0140625
1 0.78046875 0.99609375 0.0203125 0.0078125
1 0.778125 0.9875 0.00625 0.0078125
1 0.7609375 0.99921875 0.0125 0.0015625
1 0.7578125 0.94375 0.01875 0.034375
1 0.7390625 0.9578125 0.0078125 0.021875
1 0.7453125 0.9421875 0.0140625 0.0109375
1 0.7609375 0.9640625 0.0203125 0.021875
1 0.7484375 0.9828125 0.0328125 0.025
1 0.71875 0.8609375 0.021875 0.0265625
1 0.7203125 0.7640625 0.0671875 0.06875
1 0.65 0.86875 0.028125 0.0203125
1 0.6234375 0.884375 0.0203125 0.0296875
1 0.61875 0.85 0.046875 0.0421875
1 0.7046875 0.796875 0.0375 0.04375
1 0.66875 0.81875 0.0859375 0.0890625
1 0.665625 0.778125 0.046875 0.0171875
1 0.625 0.7703125 0.0125 0.0078125
1 0.5453125 0.73125 0.0265625 0.0234375
1 0.5921875 0.7046875 0.0265625 0.009375
0 0.58359375 0.65625 0.2078125 0.084375
0 0.5328125 0.803125 0.10625 0.26875
1 0.49765625 0.70703125 0.0359375 0.0390625
1 0.5078125 0.8515625 0.0453125 0.0265625
1 0.5171875 0.884375 0.0109375 0.015625
1 0.5328125 0.890625 0.015625 0.015625
1 0.5359375 0.7921875 0.01875 0.0234375
1 0.521875 0.7703125 0.01875 0.0203125
1 0.4984375 0.778125 0.021875 0.025
1 0.7 0.9328125 0.0625 0.0515625
0 0.5890625 0.96015625 0.21875 0.0796875