1 0.3046875 0.25 0.034375 0.021875
1 0.3484375 0.2671875 0.0234375 0.015625
1 0.346875 0.2453125 0.01875 0.0234375
1 0.3734375 0.2265625 0.015625 0.01875
1 0.390625 0.3734375 0.0109375 0.0078125
1 0.5734375 0.2234375 0.0390625 0.0625
1 0.5625 0.0953125 0.0390625 0.015625
0 0.5421875 0.1828125 0.103125 0.16875
1 0.4671875 0.109375 0.0796875 0.0640625
0 0.421875 0.175 0.128125 0.1734375
0 0.3375 0.140625 0.125 0.128125
1 0.303125 0.13125 0.040625 0.04375
1 0.346875 0.18125 0.021875 0.015625
1 0.3671875 0.190625 0.0203125 0.0140625
1 0.346875 0.203125 0.028125 0.0171875
0 0.1578125 0.1375 0.134375 0.178125
1 0.08125 0.184375 0.0125 0.0203125
1 0.0859375 0.00625 0.015625 0.0125
1 0.2484375 0.234375 0.05 0.040625
1 0.2390625 0.328125 0.015625 0.015625
1 0.2796875 0.3703125 0.015625 0.01875
1 0.1421875 0.259375 0.025 0.03125
1 0.08125 0.246875 0.0265625 0.025
1 0.178125 0.2859375 0.0234375 0.0234375
1 0.1328125 0.4296875 0.021875 0.0203125
1 0.115625 0.509375 0.0171875 0.040625
1 0.184375 0.465625 0.03125 0.0296875
1 0.209375 0.4140625 0.015625 0.01875
1 0.2734375 0.4625 0.021875 0.03125
1 0.315625 0.5234375 0.0234375 0.025
1 0.3359375 0.5203125 0.0234375 0.0234375
1 0.38203125 0.54375 0.0171875 0.0125
1 0.4234375 0.4609375 0.01875 0.025
1 0.4125 0.3921875 0.0140625 0.01875
1 0.51875 0.4703125 0.034375 0.025
1 0.55 0.3796875 0.0234375 0.0265625
1 0.5796875 0.38125 0.0265625 0.034375
1 0.5875 0.40625 0.0125 0.0125
1 0.55625 0.54765625 0.01875 0.0046875
1 0.6375 0.959375 0.046875 0.0296875
1 0.50625 0.8640625 0.034375 0.0328125
1 0.396875 0.8671875 0.0203125 0.0203125
1 0.3671875 0.7296875 0.0265625 0.0265625
1 0.5515625 0.94375 0.01875 0.025
1 0.31875 0.9265625 0.01875 0.03125
1 0.31015625 0.5546875 0.0359375 0.009375
1 0.2625 0.5703125 0.03125 0.040625
0 0.19375 0.6671875 0.05 0.06875
0 0.265625 0.690625 0.134375 0.1734375
1 0.3625 0.6109375 0.071875 0.040625
1 0.5359375 0.7828125 0.015625 0.028125
0 0.403125 0.6796875 0.1515625 0.0921875
0 0.5203125 0.6671875 0.209375 0.1921875
0 0.6359375 0.68125 0.1171875 0.2234375
1 0.815625 0.571875 0.0359375 0.0203125
1 0.834375 0.8984375 0.0265625 0.03125
1 0.8234375 0.8625 0.0390625 0.04375
1 0.809375 0.89375 0.01875 0.0296875
1 0.803125 0.903125 0.0265625 0.0125
1 0.7921875 0.85546875 0.025 0.0171875
1 0.7875 0.79375 0.015625 0.034375
1 0.84375 0.715625 0.0203125 0.040625
1 0.8046875 0.68125 0.03125 0.025
1 0.834375 0.9859375 0.0390625 0.0265625