0 0.0109375 0.021875 0.021875 0.04375
0 0.0359375 0.03125 0.071875 0.059375
0 0.1765625 0.06484375 0.053125 0.1296875
1 0.028125 0.140625 0.015625 0.015625
1 0.0703125 0.1734375 0.0171875 0.01875
1 0.040625 0.1875 0.0203125 0.01875
1 0.0203125 0.196875 0.03125 0.03125
1 0.015625 0.284375 0.009375 0.0078125
1 0.0078125 0.3015625 0.0078125 0.009375
1 0.15625 0.3 0.0234375 0.015625
1 0.153125 0.315625 0.015625 0.0203125
1 0.1171875 0.4046875 0.015625 0.021875
1 0.0875 0.4296875 0.0109375 0.025
1 0.0515625 0.446875 0.01875 0.021875
1 0.2046875 0.475 0.0078125 0.0171875
0 0.06640625 0.4875 0.1328125 0.025
1 0.1578125 0.41875 0.0140625 0.0109375
1 0.80546875 0.0078125 0.0390625 0.015625
1 0.8140625 0.1015625 0.034375 0.0203125
1 0.865625 0.1328125 0.0078125 0.0265625
1 0.6234375 0.015625 0.0125 0.0109375
1 0.646875 0.0078125 0.0046875 0.00625
1 0.6546875 0.0140625 0.003125 0.009375
1 0.6484375 0.009375 0.00625 0.0078125
1 0.6625 0.003125 0.0078125 0.0046875
1 0.7875 0.2265625 0.025 0.0328125
1 0.78125 0.25625 0.009375 0.003125
1 0.8625 0.2671875 0.015625 0.034375
1 0.7390625 0.23125 0.0109375 0.0078125
1 0.65625 0.2 0.00625 0.0078125
1 0.7171875 0.15 0.05625 0.0546875
1 0.61875 0.11875 0.025 0.025
1 0.54375 0.0765625 0.009375 0.0125
1 0.4078125 0.25 0.015625 0.175
1 0.4890625 0.3390625 0.03125 0.028125
1 0.5546875 0.3328125 0.0328125 0.0359375
1 0.571875 0.3359375 0.00625 0.0109375
1 0.609375 0.3890625 0.0078125 0.0078125
1 0.6921875 0.3984375 0.0328125 0.028125
1 0.6390625 0.4078125 0.0203125 0.0421875
1 0.784375 0.3484375 0.0125 0.0140625
1 0.8265625 0.3328125 0.0484375 0.0390625
0 0.4609375 0.4234375 0.121875 0.153125
0 0.77890625 0.4640625 0.1796875 0.071875
0 0.61328125 0.428125 0.2359375 0.14375
1 0.5640625 0.0609375 0.009375 0.0046875
1 0.5703125 0.0546875 0.0078125 0.003125
1 0.5640625 0.0546875 0.009375 0.0078125
1 0.19375 0.646875 0.03125 0.01875
1 0.2296875 0.58125 0.015625 0.040625
1 0.3140625 0.8140625 0.0109375 0.0046875
1 0.334375 0.6140625 0.028125 0.025
1 0.384375 0.9625 0.025 0.0484375
1 0.2734375 0.596875 0.0171875 0.04375
1 0.375 0.56875 0.05 0.046875
0 0.35703125 0.86328125 0.0859375 0.1921875
1 0.39765625 0.76953125 0.0046875 0.0171875
1 0.3828125 0.775 0.015625 0.0140625
1 0.3375 0.7328125 0.01875 0.021875
1 0.3234375 0.73125 0.0140625 0.01875
0 0.27578125 0.84921875 0.1984375 0.3015625
1 0.9796875 0.5484375 0.040625 0.0625
0 0.6671875 0.875 0.08125 0.109375
0 0.6265625 0.89375 0.0546875 0.0734375
0 0.746875 0.8640625 0.0890625 0.0859375
0 0.8296875 0.8828125 0.0890625 0.11875
0 0.928125 0.878125 0.10625 0.0703125