1 0.03515625 0.02265625 0.0515625 0.0453125
1 0.0609375 0.0609375 0.1046875 0.065625
1 0.15 0.0609375 0.0203125 0.0171875
1 0.2046875 0.025 0.015625 0.015625
1 0.2125 0.0765625 0.0515625 0.084375
1 0.2359375 0.1078125 0.015625 0.065625
1 0.2046875 0.1375 0.021875 0.0171875
1 0.209375 0.1515625 0.0296875 0.0171875
1 0.01640625 0.178125 0.0328125 0.053125
1 0.00546875 0.24296875 0.0109375 0.0265625
1 0.1 0.2 0.040625 0.034375
1 0.078125 0.1734375 0.0421875 0.0375
1 0.109375 0.1421875 0.0234375 0.0125
1 0.11875 0.1546875 0.03125 0.0140625
1 0.1140625 0.175 0.0625 0.04375
1 0.14375 0.1359375 0.021875 0.015625
1 0.178125 0.2 0.05 0.0765625
1 0.1046875 0.2625 0.0609375 0.0484375
1 0.01640625 0.3359375 0.0328125 0.028125
1 0.009375 0.3265625 0.01875 0.009375
1 0.14375 0.28125 0.0578125 0.0265625
1 0.153125 0.2453125 0.03125 0.0296875
1 0.18125 0.2890625 0.084375 0.0546875
0 0.18359375 0.32421875 0.0984375 0.0515625
1 0.4640625 0.078125 0.00625 0.0203125
1 0.4640625 0.1046875 0.0078125 0.0140625
1 0.4953125 0.2546875 0.015625 0.0109375
1 0.50625 0.284375 0.034375 0.0390625
1 0.5421875 0.121875 0.0453125 0.03125
1 0.5 0.05625 0.078125 0.0515625
1 0.546875 0.2140625 0.009375 0.0109375
1 0.634375 0.0109375 0.009375 0.01875
1 0.6765625 0.2375 0.0109375 0.0078125
1 0.7765625 0.221875 0.015625 0.0171875
1 0.79140625 0.02265625 0.0328125 0.0453125
1 0.89375 0.2 0.003125 0.0328125
1 0.9515625 0.15 0.04375 0.0390625
1 0.975 0.290625 0.015625 0.0046875
1 0.4640625 0.178125 0.00625 0.0140625
1 0.6625 0.1875 0.015625 0.0296875
0 0.1625 0.6046875 0.1078125 0.171875
1 0.0734375 0.775 0.0359375 0.021875
1 0.5 0.4375 0.0359375 0.034375
1 0.5578125 0.959375 0.04375 0.0421875
1 0.621875 0.6125 0.0203125 0.015625
1 0.6234375 0.5921875 0.0109375 0.0078125
1 0.653125 0.9578125 0.0140625 0.025
1 0.746875 0.98828125 0.0125 0.0234375
1 0.7453125 0.5203125 0.009375 0.0046875
1 0.80625 0.553125 0.028125 0.053125
1 0.8109375 0.440625 0.025 0.0484375
1 0.8328125 0.503125 0.03125 0.0390625
1 0.9046875 0.765625 0.028125 0.021875
1 0.9359375 0.6828125 0.009375 0.00625
1 0.94375 0.65625 0.015625 0.0125
0 0.946875 0.8640625 0.065625 0.2296875
0 0.9703125 0.671875 0.0171875 0.046875
0 0.828125 0.725 0.196875 0.265625
0 0.7296875 0.6890625 0.184375 0.3578125
1 0.9 0.6671875 0.0234375 0.0171875
1 0.5875 0.8140625 0.04375 0.0359375
1 0.63125 0.8484375 0.05 0.034375
1 0.6484375 0.8109375 0.0703125 0.065625
1 0.6390625 0.65625 0.025 0.0078125
0 0.475 0.584375 0.04375 0.05625
1 0.7359375 0.4328125 0.0671875 0.0796875
1 0.7046875 0.3890625 0.0203125 0.0328125
0 0.5609375 0.7296875 0.2171875 0.353125