1 0.128125 0.234375 0.0234375 0.009375
1 0.1484375 0.2375 0.0265625 0.021875
1 0.4640625 0.2875 0.028125 0.0234375
1 0.3421875 0.3046875 0.01875 0.021875
1 0.125 0.3140625 0.01875 0.0234375
1 0.2328125 0.38125 0.0203125 0.0171875
1 0.0921875 0.4265625 0.0140625 0.015625
1 0.21875 0.4390625 0.0203125 0.0203125
1 0.4125 0.53125 0.0234375 0.0234375
1 0.3046875 0.553125 0.03125 0.0125
1 0.50625 0.30078125 0.025 0.0265625
1 0.421875 0.234375 0.021875 0.0171875
1 0.49140625 0.32421875 0.0546875 0.0640625
1 0.4625 0.3890625 0.0265625 0.021875
1 0.4109375 0.45625 0.0234375 0.0234375
1 0.5078125 0.284375 0.015625 0.0125
1 0.434375 0.3359375 0.06875 0.0546875
1 0.4484375 0.3578125 0.025 0.0296875
1 0.45625 0.4140625 0.0203125 0.0109375
1 0.3265625 0.2453125 0.0203125 0.0234375
1 0.2671875 0.29375 0.0265625 0.0234375
1 0.246875 0.259375 0.03125 0.034375
1 0.1328125 0.403125 0.0171875 0.015625
1 0.153125 0.3875 0.01875 0.0203125
1 0.196875 0.4 0.0171875 0.009375
1 0.2828125 0.3421875 0.021875 0.0109375
1 0.2828125 0.390625 0.0234375 0.028125
1 0.2671875 0.3828125 0.0265625 0.0234375
1 0.2453125 0.4671875 0.0265625 0.021875
1 0.2296875 0.4625 0.0203125 0.0234375
1 0.2875 0.4640625 0.021875 0.015625
1 0.3078125 0.521875 0.009375 0.0203125
1 0.2984375 0.5046875 0.015625 0.0125
1 0.2578125 0.5234375 0.015625 0.0140625
1 0.2515625 0.5359375 0.021875 0.0203125
1 0.24375 0.54921875 0.015625 0.0203125
1 0.1640625 0.2734375 0.0234375 0.028125
1 0.1140625 0.3203125 0.015625 0.0140625
1 0.1203125 0.346875 0.0265625 0.025
1 0.1953125 0.409375 0.0140625 0.0125
1 0.1359375 0.50625 0.01875 0.015625
1 0.1421875 0.51875 0.015625 0.0140625
1 0.1453125 0.553125 0.009375 0.0125
1 0.0296875 0.43125 0.0234375 0.0296875
1 0.0125 0.4578125 0.015625 0.0125
1 0.01875 0.4484375 0.015625 0.0171875
1 0.03125 0.4671875 0.021875 0.0125
0 0.04921875 0.325 0.0984375 0.134375
0 0.05859375 0.2390625 0.1171875 0.065625
0 0.046875 0.4921875 0.0875 0.103125
0 0.06328125 0.525 0.1171875 0.06875
1 0.953125 0.3046875 0.0359375 0.028125
1 0.9953125 0.2796875 0.009375 0.034375
1 0.9234375 0.2640625 0.0203125 0.0171875
1 0.85 0.2234375 0.0203125 0.015625
1 0.7765625 0.253125 0.0234375 0.0265625
1 0.990625 0.2484375 0.015625 0.0109375
1 0.95625 0.153125 0.0265625 0.0234375
1 0.9203125 0.115625 0.0359375 0.0453125
1 0.8296875 0.0171875 0.01875 0.01875
0 0.7125 0.390625 0.1140625 0.1375
0 0.696875 0.2140625 0.1375 0.2296875
0 0.68671875 0.096875 0.1890625 0.19375
1 0.546875 0.125 0.028125 0.0328125
1 0.39453125 0.5703125 0.0390625 0.021875
1 0.3515625 0.7 0.0390625 0.0265625
1 0.4234375 0.7890625 0.015625 0.03125
1 0.38125 0.71875 0.025 0.0203125
1 0.36875 0.740625 0.03125 0.03125
0 0.0375 0.7875 0.03125 0.0453125
0 0.13359375 0.665625 0.2671875 0.2125
1 0.078125 0.734375 0.028125 0.03125
0 0.1265625 0.603125 0.253125 0.0875
1 0.646875 0.6 0.009375 0.00625
1 0.9859375 0.603125 0.0109375 0.0140625
1 0.871875 0.6296875 0.021875 0.0234375
1 0.7078125 0.640625 0.0234375 0.0203125
1 0.6171875 0.646875 0.009375 0.009375
1 0.5890625 0.6703125 0.015625 0.009375
1 0.9921875 0.6828125 0.015625 0.028125
1 0.63125 0.6859375 0.0078125 0.0125
1 0.596875 0.7328125 0.015625 0.0109375
1 0.80625 0.7796875 0.0125 0.0171875
1 0.609375 0.821875 0.01875 0.0265625
1 0.53203125 0.89375 0.0265625 0.03125
1 0.8234375 0.846875 0.0234375 0.0171875
1 0.5703125 0.759375 0.021875 0.0109375
0 0.5859375 0.8328125 0.103125 0.159375