1 0.04375 0.54375 0.0203125 0.0140625
1 0.0828125 0.628125 0.0140625 0.0109375
0 0.0671875 0.4875 0.1109375 0.1484375
1 0.146875 0.24375 0.0265625 0.03125
1 0.2671875 0.21875 0.03125 0.028125
1 0.296875 0.4234375 0.028125 0.0375
1 0.31875 0.00703125 0.03125 0.0140625
1 0.371875 0.390625 0.03125 0.0359375
1 0.384375 0.359375 0.01875 0.015625
0 0.4390625 0.4671875 0.1 0.1046875
0 0.503125 0.509375 0.0234375 0.034375
1 0.5109375 0.453125 0.0078125 0.0109375
0 0.18203125 0.0109375 0.0546875 0.021875
1 0.15859375 0.00390625 0.0234375 0.0078125
1 0.14375 0.0203125 0.015625 0.040625
1 0.2203125 0.0890625 0.0234375 0.03125
0 0.440625 0.02421875 0.15 0.0484375
1 0.475 0.23125 0.0359375 0.025
1 0.4125 0.2296875 0.021875 0.021875
1 0.4515625 0.421875 0.01875 0.0171875
1 0.3921875 0.375 0.015625 0.01875
1 0.359375 0.2765625 0.009375 0.01875
1 0.3703125 0.296875 0.0234375 0.0328125
1 0.403125 0.13125 0.0375 0.028125
1 0.3828125 0.1171875 0.0140625 0.0109375
1 0.2328125 0.2515625 0.0234375 0.0234375
1 0.228125 0.359375 0.0265625 0.028125
1 0.2625 0.3546875 0.0125 0.01875
1 0.121875 0.365625 0.028125 0.0203125
1 0.0859375 0.3453125 0.015625 0.01875
1 0.2984375 0.278125 0.01875 0.0171875
1 0.3 0.196875 0.015625 0.0171875
1 0.309375 0.1828125 0.0140625 0.01875
1 0.0859375 0.421875 0.0296875 0.0265625
1 0.3765625 0.5578125 0.015625 0.01875
1 0.296875 0.621875 0.021875 0.0234375
1 0.4421875 0.534375 0.0578125 0.046875
1 0.3015625 0.4328125 0.0328125 0.015625
0 0.3578125 0.453125 0.078125 0.10625
1 0.26875 0.5296875 0.0203125 0.025
1 0.259375 0.553125 0.0109375 0.0296875
1 0.2421875 0.5609375 0.0078125 0.0109375
1 0.10625 0.4078125 0.025 0.015625
1 0.11875 0.4109375 0.015625 0.0125
0 0.165625 0.46875 0.0984375 0.1359375
0 0.21875 0.4734375 0.0671875 0.14375
1 0.2515625 0.4921875 0.015625 0.025
0 0.28125 0.440625 0.1015625 0.1265625
0 0.58125 0.39375 0.075 0.0796875
1 0.6265625 0.359375 0.021875 0.028125
1 0.6515625 0.5421875 0.0125 0.015625
1 0.678125 0.3953125 0.028125 0.0203125
1 0.728125 0.503125 0.0125 0.0078125
1 0.9421875 0.4484375 0.0171875 0.0203125
0 0.86640625 0.425 0.2671875 0.18125
1 0.765625 0.490625 0.015625 0.01875
1 0.7546875 0.478125 0.015625 0.021875
1 0.9453125 0.5109375 0.0203125 0.015625
0 0.96015625 0.3578125 0.0796875 0.2375
1 0.065625 0.9765625 0.0140625 0.01875
1 0.1171875 0.7765625 0.0234375 0.0234375
1 0.128125 0.8703125 0.028125 0.0234375
1 0.171875 0.875 0.025 0.034375
1 0.24375 0.903125 0.01875 0.021875
1 0.3765625 0.8859375 0.0234375 0.0125
1 0.41953125 0.68125 0.0203125 0.025
1 0.4296875 0.8921875 0.01875 0.025
1 0.4453125 0.8640625 0.0171875 0.025
1 0.53203125 0.79296875 0.0140625 0.0265625
1 0.5 0.7734375 0.0234375 0.0296875
1 0.4421875 0.7921875 0.0203125 0.0125
1 0.4640625 0.8015625 0.03125 0.0359375
1 0.478125 0.7953125 0.01875 0.01875
1 0.5125 0.8015625 0.034375 0.0296875
1 0.2890625 0.7359375 0.025 0.0296875
1 0.2890625 0.7921875 0.0265625 0.03125
1 0.075 0.6828125 0.025 0.028125
1 0.090625 0.696875 0.0203125 0.0234375
1 0.1390625 0.690625 0.015625 0.0171875
1 0.10625 0.803125 0.0171875 0.0203125
1 0.090625 0.771875 0.0171875 0.025
1 0.1421875 0.7734375 0.0171875 0.01875
1 0.1828125 0.8015625 0.0265625 0.028125
1 0.1625 0.8015625 0.021875 0.0171875
1 0.2234375 0.7921875 0.0109375 0.01875
1 0.2328125 0.7890625 0.01875 0.0171875
1 0.3484375 0.75 0.0328125 0.028125
1 0.3578125 0.765625 0.01875 0.021875
1 0.4015625 0.70625 0.0203125 0.015625
1 0.3953125 0.94375 0.0296875 0.0234375
1 0.3484375 0.8890625 0.025 0.028125
1 0.3640625 0.8484375 0.01875 0.01875
1 0.3265625 0.8046875 0.0203125 0.0265625
1 0.3265625 0.8296875 0.0234375 0.0296875
1 0.31875 0.8265625 0.0109375 0.0171875
1 0.2921875 0.8125 0.03125 0.0109375
1 0.303125 0.81875 0.01875 0.0140625
1 0.0796875 0.9859375 0.01875 0.0265625
1 0.06875 0.9890625 0.0125 0.0140625
1 0.12265625 0.99765625 0.0078125 0.0046875
1 0.18125 0.9609375 0.015625 0.025
1 0.1640625 0.9640625 0.0203125 0.025
1 0.159375 0.9875 0.01875 0.01875
1 0.14296875 0.99453125 0.0203125 0.0109375
1 0.25 0.975 0.0125 0.0140625
1 0.2484375 0.9890625 0.0234375 0.015625
1 0.2375 0.9734375 0.0109375 0.015625
1 0.240625 0.996875 0.01875 0.00625
1 0.290625 0.95625 0.028125 0.028125
1 0.446875 0.9765625 0.0234375 0.0234375
1 0.434375 0.9890625 0.0234375 0.0203125
1 0.98828125 0.71875 0.0234375 0.015625
1 0.984375 0.7421875 0.015625 0.025
0 0.7421875 0.834375 0.1125 0.33125
1 0.8484375 0.834375 0.025 0.0359375
0 0.87890625 0.88359375 0.2421875 0.2328125
1 0.896875 0.8625 0.025 0.021875
1 0.915625 0.85625 0.0140625 0.021875
1 0.95625 0.915625 0.0125 0.015625
1 0.99609375 0.84375 0.0078125 0.028125