0 0.1171875 0.434375 0.028125 0.0484375
1 0.3484375 0.3703125 0.009375 0.0140625
0 0.1765625 0.4015625 0.2765625 0.1125
1 0.253125 0.3328125 0.0109375 0.0125
1 0.1609375 0.3171875 0.009375 0.0109375
1 0.434375 0.2328125 0.0109375 0.0171875
1 0.20625 0.1953125 0.009375 0.0109375
1 0.284375 0.0046875 0.0109375 0.0078125
0 0.1765625 0.2703125 0.3171875 0.11875
1 0.2265625 0.30625 0.053125 0.0109375
0 0.1984375 0.1046875 0.10625 0.209375
0 0.8 0.2375 0.13125 0.3109375
1 0.7171875 0.2546875 0.0203125 0.021875
1 0.759375 0.2328125 0.0125 0.015625
1 0.7359375 0.215625 0.03125 0.0328125
1 0.609375 0.0859375 0.040625 0.0359375
1 0.5828125 0.125 0.034375 0.0296875
1 0.528125 0.0625 0.034375 0.03125
1 0.5296875 0.003125 0.03125 0.00625
1 0.5328125 0.203125 0.03125 0.0296875
1 0.5265625 0.2640625 0.03125 0.021875
1 0.5359375 0.325 0.028125 0.0171875
1 0.5890625 0.290625 0.0171875 0.015625
1 0.5703125 0.3125 0.0171875 0.015625
1 0.6625 0.240625 0.04375 0.0203125
1 0.6296875 0.1671875 0.025 0.0234375
1 0.625 0.2671875 0.0125 0.025
1 0.5828125 0.3734375 0.0296875 0.0203125
1 0.640625 0.03125 0.015625 0.025
1 0.7203125 0.06875 0.0203125 0.021875
1 0.828125 0.075 0.021875 0.021875
1 0.8078125 0.0578125 0.025 0.025
1 0.7234375 0.4015625 0.03125 0.0203125
1 0.85 0.034375 0.0265625 0.0125
1 0.865625 0.028125 0.009375 0.01875
1 0.01171875 0.9140625 0.0234375 0.084375
0 0.0640625 0.8984375 0.0625 0.1578125
1 0.028125 0.80703125 0.05625 0.0640625
1 0.0234375 0.7515625 0.046875 0.04375
0 0.071875 0.771875 0.0609375 0.1015625
1 0.1703125 0.903125 0.034375 0.04375
1 0.278125 0.8859375 0.0671875 0.0484375
1 0.3140625 0.94375 0.05625 0.046875
1 0.3671875 0.9578125 0.0484375 0.071875
1 0.2859375 0.7328125 0.0640625 0.0515625
1 0.403125 0.76796875 0.13125 0.1203125
1 0.215625 0.85 0.0421875 0.0390625
0 0.725 0.7375 0.1953125 0.10625
1 0.83125 0.6703125 0.0859375 0.0984375
1 0.7921875 0.6765625 0.0765625 0.05625
0 0.6953125 0.840625 0.15625 0.0734375
1 0.7296875 0.8859375 0.015625 0.028125
1 0.7609375 0.890625 0.028125 0.0578125
0 0.70390625 0.9484375 0.1421875 0.103125
1 0.640625 0.9859375 0.046875 0.028125
1 0.90625 0.975 0.046875 0.05
1 0.825 0.9109375 0.059375 0.053125
1 0.7828125 0.9375 0.0265625 0.0203125
1 0.85625 0.8 0.0375 0.0359375
1 0.825 0.8421875 0.03125 0.034375
1 0.9 0.846875 0.040625 0.05625
1 0.8609375 0.8578125 0.0234375 0.034375
1 0.9234375 0.8234375 0.0375 0.0640625
1 0.8875 0.725 0.053125 0.05625
1 0.921875 0.7203125 0.053125 0.084375
1 0.9390625 0.671875 0.0390625 0.046875
1 0.97890625 0.6625 0.0421875 0.059375
1 0.928125 0.634375 0.04375 0.028125
1 0.9390625 0.8546875 0.046875 0.065625
1 0.984375 0.91328125 0.03125 0.0703125
1 0.97890625 0.98125 0.0421875 0.0375