1 0.3375 0.1875 0.0140625 0.015625
0 0.003125 0.2234375 0.00625 0.00625
1 0.2921875 0.2171875 0.028125 0.01875
1 0.5609375 0.2140625 0.0328125 0.0234375
1 0.521875 0.203125 0.0140625 0.0125
1 0.53125 0.1703125 0.075 0.0671875
0 0.565625 0.13125 0.0703125 0.08125
1 0.5296875 0.103125 0.05625 0.03125
1 0.559375 0.0515625 0.015625 0.015625
1 0.5359375 0.0453125 0.0453125 0.0578125
1 0.46484375 0.00546875 0.0296875 0.0109375
1 0.29765625 0.01484375 0.0578125 0.0296875
1 0.2609375 0.065625 0.028125 0.025
1 0.28125 0.1625 0.0265625 0.01875
1 0.4328125 0.1484375 0.0234375 0.03125
1 0.2203125 0.03125 0.01875 0.015625
1 0.1359375 0.1609375 0.0578125 0.04375
1 0.1140625 0.2 0.021875 0.01875
1 0.0953125 0.1171875 0.034375 0.0328125
1 0.09375 0.0671875 0.01875 0.0109375
1 0.1 0.046875 0.015625 0.015625
1 0.08125 0.0265625 0.01875 0.0140625
1 0.0421875 0.00625 0.084375 0.0125
1 0.05 0.0484375 0.0484375 0.015625
0 0.04453125 0.125 0.0890625 0.075
1 0.9375 0.2671875 0.0234375 0.01875
1 0.7 0.4140625 0.0140625 0.0171875
1 0.8734375 0.290625 0.025 0.0359375
1 0.8671875 0.2515625 0.08125 0.0828125
0 0.7546875 0.29140625 0.271875 0.1796875
0 0.81875 0.353125 0.3625 0.153125
1 0.5671875 0.8515625 0.0515625 0.046875
1 0.5125 0.8203125 0.0125 0.0125
1 0.615625 0.70625 0.00625 0.015625
1 0.5234375 0.61875 0.0265625 0.0578125
1 0.446875 0.9671875 0.0265625 0.046875
1 0.42578125 0.98984375 0.0203125 0.0203125
1 0.4578125 0.9921875 0.0078125 0.0078125
1 0.33125 0.734375 0.0234375 0.0109375
1 0.209375 0.8671875 0.03125 0.0265625
1 0.1640625 0.8984375 0.015625 0.0125
1 0.05625 0.834375 0.0265625 0.0328125
1 0.0328125 0.8546875 0.025 0.015625
1 0.0671875 0.8234375 0.025 0.021875
1 0.378125 0.8796875 0.009375 0.0140625
0 0.24453125 0.93125 0.2765625 0.1375
1 0.3453125 0.8953125 0.01875 0.0140625
0 0.20625 0.81015625 0.2625 0.3796875
0 0.2015625 0.896875 0.0609375 0.0734375
0 0.228125 0.9 0.025 0.0453125
1 0.225 0.7046875 0.034375 0.025
0 0.271875 0.7140625 0.33125 0.2921875
0 0.1625 0.6265625 0.1046875 0.1171875
0 0.1515625 0.584375 0.0328125 0.03125
0 0.096875 0.6828125 0.0421875 0.0546875
1 0.8140625 0.471875 0.015625 0.0328125
1 0.80625 0.515625 0.0328125 0.01875
1 0.653125 0.5015625 0.03125 0.0390625
1 0.6328125 0.48046875 0.028125 0.0390625
1 0.63125 0.53671875 0.025 0.0484375
1 0.63671875 0.6421875 0.0359375 0.046875
1 0.62578125 0.68671875 0.0140625 0.0296875
1 0.6265625 0.765625 0.015625 0.021875
1 0.709375 0.76875 0.0203125 0.0203125
1 0.834375 0.765625 0.0421875 0.0296875
1 0.7890625 0.7484375 0.034375 0.0375
1 0.7796875 0.721875 0.0203125 0.015625
1 0.821875 0.6875 0.021875 0.0265625
1 0.8 0.678125 0.0265625 0.0234375
1 0.8203125 0.6359375 0.0796875 0.0484375
1 0.8359375 0.6 0.0359375 0.0234375
1 0.8046875 0.5859375 0.0328125 0.03125
1 0.9578125 0.51875 0.0265625 0.0171875
1 0.953125 0.46875 0.0265625 0.0171875
0 0.94765625 0.7140625 0.1046875 0.13125
1 0.7125 0.44375 0.01875 0.025
1 0.778125 0.45625 0.0171875 0.015625
1 0.715625 0.6625 0.025 0.0171875
0 0.9734375 0.56015625 0.053125 0.1796875