1 0.1234375 0.2296875 0.00625 0.0125
0 0.34921875 0.2453125 0.3234375 0.046875
1 0.971875 0.2390625 0.0375 0.01875
1 0.9296875 0.0234375 0.046875 0.046875
1 0.9765625 0.034375 0.0390625 0.0390625
1 0.96640625 0.071875 0.0671875 0.05
1 0.96875 0.10859375 0.0625 0.0671875
1 0.8984375 0.13125 0.0453125 0.028125
1 0.934375 0.1609375 0.046875 0.040625
1 0.9 0.1984375 0.0421875 0.025
1 0.9046875 0.2203125 0.0234375 0.0140625
1 0.903125 0.2421875 0.0734375 0.040625
1 0.85 0.228125 0.01875 0.0421875
1 0.8296875 0.0390625 0.0265625 0.040625
1 0.796875 0.0484375 0.0359375 0.0546875
1 0.76875 0.034375 0.021875 0.040625
1 0.7015625 0.01796875 0.059375 0.0359375
0 0.79375 0.109375 0.153125 0.1390625
1 0.7171875 0.1078125 0.0296875 0.0265625
1 0.715625 0.053125 0.009375 0.0125
1 0.828125 0.1546875 0.0359375 0.0171875
1 0.696875 0.228125 0.046875 0.0296875
1 0.6640625 0.2015625 0.0125 0.0203125
1 0.8 0.2265625 0.046875 0.0359375
0 0.784375 0.246875 0.1375 0.04375
1 0.7421875 0.2375 0.025 0.0234375
1 0.7671875 0.2 0.025 0.046875
1 0.6 0.25078125 0.0625 0.0359375
1 0.653125 0.16875 0.0375 0.046875
1 0.6328125 0.1203125 0.0671875 0.05
1 0.6125 0.171875 0.065625 0.0625
1 0.609375 0.23125 0.021875 0.01875
1 0.603125 0.03125 0.01875 0.028125
1 0.78828125 0.00703125 0.0765625 0.0140625
1 0.5859375 0.1453125 0.0203125 0.0234375
1 0.5875 0.0796875 0.0453125 0.053125
1 0.59140625 0.01015625 0.0640625 0.0203125
1 0.5671875 0.01875 0.0109375 0.015625
1 0.56796875 0.24140625 0.0171875 0.0546875
1 0.1234375 0.665625 0.01875 0.0125
1 0.5 0.690625 0.0125 0.0125
1 0.3515625 0.7546875 0.0109375 0.015625
1 0.1734375 0.9 0.0078125 0.0125
1 0.55 0.58515625 0.01875 0.0421875
0 0.334375 0.534375 0.0109375 0.0671875
0 0.3375 0.93203125 0.15 0.1359375
0 0.43671875 0.90546875 0.2453125 0.1890625
0 0.4125 0.73046875 0.29375 0.2109375
0 0.459375 0.5734375 0.2 0.146875
0 0.66875 0.4078125 0.21875 0.0875
0 0.65625 0.6140625 0.19375 0.296875
1 0.578125 0.5484375 0.0125 0.025
0 0.6484375 0.7484375 0.178125 0.090625
0 0.6765625 0.821875 0.175 0.134375
1 0.6515625 0.825 0.0203125 0.025