1 0.0015625 0.4375 0.003125 0.009375
1 0.003125 0.40078125 0.00625 0.0109375
1 0.0421875 0.2921875 0.0109375 0.009375
1 0.0546875 0.253125 0.0109375 0.0078125
1 0.0703125 0.0046875 0.0078125 0.009375
1 0.0953125 0.29375 0.0140625 0.009375
1 0.1109375 0.284375 0.0140625 0.0109375
1 0.13125 0.5234375 0.0125 0.0078125
1 0.159375 0.528125 0.0359375 0.0265625
1 0.1859375 0.2484375 0.0125 0.0171875
1 0.2921875 0.0953125 0.0078125 0.0140625
1 0.2875 0.528125 0.025 0.0265625
1 0.30625 0.221875 0.0078125 0.0109375
1 0.309375 0.5046875 0.0234375 0.0125
1 0.328125 0.04375 0.01875 0.015625
0 0.2703125 0.2796875 0.265625 0.134375
1 0.4046875 0.2515625 0.015625 0.0078125
0 0.0796875 0.284375 0.159375 0.1703125
1 0.1640625 0.559375 0.0078125 0.0140625
1 0.35625 0.5140625 0.0234375 0.021875
1 0.371875 0.5171875 0.0234375 0.015625
1 0.83125 0.26875 0.009375 0.0140625
1 0.896875 0.328125 0.0125 0.0109375
1 0.9 0.0328125 0.0109375 0.0234375
1 0.7515625 0.0015625 0.015625 0.003125
1 0.68125 0.04375 0.0375 0.0453125
1 0.43046875 0.00234375 0.0109375 0.0046875
1 0.578125 0.2875 0.0078125 0.009375
1 0.6015625 0.2953125 0.009375 0.0078125
1 0.596875 0.2953125 0.0109375 0.0078125
1 0.6765625 0.284375 0.0171875 0.021875
1 0.88125 0.45 0.0125 0.009375
1 0.9 0.5046875 0.0109375 0.0234375
1 0.6640625 0.4640625 0.0140625 0.015625
1 0.56875 0.403125 0.009375 0.00625
0 0.5765625 0.53515625 0.2625 0.0890625
0 0.8390625 0.53359375 0.134375 0.0921875
0 0.73984375 0.53125 0.1265625 0.096875
1 0.003125 0.8921875 0.00625 0.0125
1 0.028125 0.6078125 0.0125 0.015625
1 0.190625 0.9875 0.0203125 0.0171875
1 0.196875 0.8484375 0.0140625 0.0140625
1 0.190625 0.9625 0.0390625 0.0328125
1 0.2328125 0.63125 0.01875 0.01875
1 0.2703125 0.821875 0.0140625 0.0140625
1 0.3546875 0.7796875 0.025 0.0265625
1 0.3671875 0.6078125 0.0109375 0.0140625
1 0.41484375 0.875 0.0078125 0.009375
0 0.02421875 0.6171875 0.0484375 0.075
0 0.16328125 0.6546875 0.1203125 0.15
0 0.303125 0.6796875 0.1078125 0.18125
1 0.565625 0.734375 0.01875 0.0296875
1 0.628125 0.921875 0.028125 0.0265625
1 0.6828125 0.684375 0.028125 0.03125
1 0.8890625 0.803125 0.0171875 0.015625
1 0.89375 0.625 0.009375 0.0078125
1 0.8984375 0.721875 0.0140625 0.0078125
1 0.8984375 0.9640625 0.0421875 0.0359375
1 0.9296875 0.9859375 0.0234375 0.0203125
0 0.9625 0.7515625 0.0421875 0.0453125
1 0.87734375 0.5828125 0.0140625 0.00625
1 0.9765625 0.6 0.025 0.0265625
1 0.6265625 0.70625 0.0296875 0.01875
0 0.534375 0.7484375 0.0484375 0.0796875
0 0.5828125 0.809375 0.0984375 0.15
1 0.55625 0.7328125 0.01875 0.0234375
0 0.646875 0.7796875 0.078125 0.16875
0 0.7296875 0.7671875 0.0921875 0.1375
0 0.790625 0.7640625 0.1015625 0.1296875
1 0.5484375 0.9171875 0.028125 0.0265625
1 0.55625 0.959375 0.015625 0.015625
1 0.55625 0.98125 0.0171875 0.01875
1 0.59375 0.996875 0.021875 0.00625
1 0.5859375 0.953125 0.0109375 0.0078125
1 0.5859375 0.9328125 0.015625 0.015625
1 0.6328125 0.99453125 0.009375 0.0109375
1 0.5171875 0.98125 0.0140625 0.034375
1 0.646875 0.9203125 0.0171875 0.0234375
1 0.7375 0.925 0.0265625 0.0203125
1 0.7265625 0.96875 0.0171875 0.0109375
1 0.709375 0.959375 0.0265625 0.025
1 0.7703125 0.9796875 0.0109375 0.0078125
1 0.746875 0.9765625 0.0140625 0.0171875
1 0.8515625 0.95625 0.025 0.0234375
1 0.8359375 0.81875 0.015625 0.0109375
1 0.8578125 0.771875 0.0203125 0.021875
1 0.8984375 0.934375 0.01875 0.021875
1 0.9125 0.9421875 0.0171875 0.01875
1 0.8984375 0.9515625 0.0375 0.015625
1 0.9328125 0.996875 0.01875 0.00625
1 0.95 0.8921875 0.01875 0.025
1 0.9390625 0.9234375 0.0234375 0.021875
1 0.9078125 0.8578125 0.0234375 0.0203125
1 0.9046875 0.8203125 0.0140625 0.0203125
1 0.815625 0.8484375 0.01875 0.015625
1 0.84375 0.7859375 0.0171875 0.0140625