0 0.05 0.1375 0.1 0.1375
0 0.06328125 0.034375 0.1265625 0.06875
1 0.14609375 0.0234375 0.1421875 0.046875
1 0.08828125 0.0078125 0.0296875 0.015625
1 0.24140625 0.00859375 0.0328125 0.0171875
1 0.259375 0.140625 0.0625 0.103125
1 0.3109375 0.1453125 0.025 0.0421875
1 0.340625 0.1296875 0.0375 0.05625
1 0.503125 0.03203125 0.078125 0.0640625
1 0.35390625 0.1859375 0.0359375 0.046875
0 0.53359375 0.09375 0.0921875 0.11875
1 0.4546875 0.0890625 0.0375 0.0390625
0 0.53515625 0.171875 0.0890625 0.075
1 0.50234375 0.2 0.0421875 0.01875
1 0.490625 0.1703125 0.0328125 0.025
1 0.2765625 0.084375 0.0359375 0.0265625
1 0.35625 0.015625 0.0328125 0.021875
1 0.225 0.1703125 0.025 0.03125
1 0.09375 0.1 0.028125 0.0640625
0 0.6328125 0.109375 0.103125 0.1484375
0 0.6609375 0.1953125 0.08125 0.028125
1 0.721875 0.1296875 0.0296875 0.0453125
1 0.69375 0.0421875 0.0359375 0.021875
1 0.7671875 0.0734375 0.040625 0.046875
1 0.8671875 0.05625 0.0421875 0.0421875
1 0.93125 0.0234375 0.03125 0.021875
1 0.784375 0.1171875 0.0171875 0.015625
1 0.79375 0.0921875 0.0234375 0.01875
1 0.84140625 0.19765625 0.0078125 0.0234375
1 0.8140625 0.1890625 0.0171875 0.0203125
1 0.809375 0.109375 0.0421875 0.0265625
1 0.228125 0.684375 0.0453125 0.053125
0 0.2296875 0.7734375 0.275 0.1546875
0 0.196875 0.85625 0.3015625 0.121875
1 0.4953125 0.8984375 0.0359375 0.0109375
1 0.4203125 0.51875 0.1046875 0.096875
1 0.38125 0.540625 0.021875 0.009375
0 0.240625 0.5109375 0.44375 0.2359375
0 0.24375 0.434375 0.078125 0.0828125
1 0.57421875 0.8234375 0.0109375 0.046875
0 0.7046875 0.74375 0.153125 0.1125
0 0.6953125 0.821875 0.140625 0.084375
0 0.7015625 0.8765625 0.0609375 0.0421875
1 0.6296875 0.884375 0.034375 0.0171875
1 0.6046875 0.728125 0.05 0.05
1 0.6 0.6953125 0.0140625 0.0234375
1 0.625 0.765625 0.0171875 0.0171875
1 0.76875 0.8625 0.01875 0.025
1 0.746875 0.8609375 0.015625 0.0125
1 0.6390625 0.728125 0.0140625 0.0109375
1 0.6546875 0.6734375 0.015625 0.0140625
1 0.640625 0.634375 0.0390625 0.0328125
1 0.6609375 0.63125 0.0140625 0.0171875
1 0.8421875 0.6546875 0.0296875 0.0453125
1 0.9484375 0.671875 0.03125 0.0296875
0 0.7 0.4 0.16875 0.059375
1 0.8109375 0.4859375 0.0453125 0.028125
1 0.8140625 0.4640625 0.0171875 0.015625
1 0.9421875 0.48125 0.046875 0.0265625
1 0.95 0.50625 0.03125 0.0171875
1 0.8421875 0.4421875 0.025 0.0140625
0 0.7109375 0.559375 0.165625 0.1015625
0 0.70625 0.5046875 0.153125 0.0984375
1 0.59296875 0.48359375 0.0265625 0.1140625