1 0.290625 0.5359375 0.04375 0.046875
1 0.4703125 0.5203125 0.0203125 0.01875
1 0.4890625 0.4640625 0.03125 0.0359375
1 0.50390625 0.2703125 0.0296875 0.0625
1 0.4703125 0.3125 0.0359375 0.03125
1 0.2828125 0.2515625 0.040625 0.0328125
1 0.303125 0.2734375 0.0265625 0.034375
1 0.3078125 0.175 0.0234375 0.028125
1 0.3953125 0.25 0.021875 0.0203125
1 0.2453125 0.3421875 0.0234375 0.015625
1 0.209375 0.4 0.0171875 0.0265625
0 0.29921875 0.08125 0.1984375 0.1625
1 0.4078125 0.084375 0.0265625 0.03125
1 0.24375 0.00703125 0.046875 0.0140625
1 0.25625 0.0484375 0.0265625 0.0234375
1 0.2125 0.00625 0.01875 0.0125
0 0.44375 0.09921875 0.15 0.1984375
1 0.7296875 0.521875 0.028125 0.034375
1 0.90625 0.35 0.0125 0.0125
1 0.9640625 0.3578125 0.0390625 0.0453125
1 0.9140625 0.2625 0.021875 0.0640625
1 0.7296875 0.30625 0.015625 0.0140625
1 0.8328125 0.090625 0.01875 0.0203125
1 0.72890625 0.009375 0.0296875 0.01875
1 0.82734375 0.0203125 0.0484375 0.040625
1 0.9609375 0.0625 0.0171875 0.0125
0 0.9109375 0.3890625 0.178125 0.325
0 0.765625 0.290625 0.128125 0.3578125
0 0.71875 0.3359375 0.0328125 0.0953125
0 0.7171875 0.271875 0.0296875 0.0140625
0 0.7125 0.246875 0.021875 0.0125
1 0.8640625 0.290625 0.015625 0.0390625
1 0.775 0.48125 0.0140625 0.0359375
1 0.0828125 0.7125 0.0390625 0.040625
1 0.0125 0.703125 0.025 0.034375
1 0.065625 0.6796875 0.028125 0.028125
1 0.03125 0.7 0.034375 0.03125
1 0.04375 0.7203125 0.0265625 0.03125
1 0.2328125 0.73125 0.034375 0.0359375
1 0.2515625 0.7046875 0.03125 0.0328125
1 0.178125 0.7375 0.028125 0.0265625
0 0.2359375 0.59765625 0.109375 0.0765625
1 0.99609375 0.7171875 0.0078125 0.009375
1 0.99609375 0.65546875 0.0078125 0.0234375
1 0.9640625 0.5625 0.028125 0.00625
1 0.86875 0.678125 0.04375 0.0421875
1 0.8125 0.5890625 0.053125 0.0390625
1 0.78125 0.8125 0.025 0.03125
1 0.7671875 0.64375 0.0078125 0.0125
1 0.7625 0.896875 0.009375 0.015625
1 0.7625 0.57265625 0.01875 0.0265625
1 0.7546875 0.6125 0.021875 0.0234375
1 0.8296875 0.9609375 0.0359375 0.0359375
1 0.796875 0.965625 0.0265625 0.025
1 0.8078125 0.846875 0.040625 0.0265625
1 0.8203125 0.790625 0.01875 0.0203125
1 0.840625 0.88125 0.015625 0.0171875
1 0.871875 0.8546875 0.0125 0.0140625
1 0.9078125 0.803125 0.025 0.0265625
1 0.94375 0.8296875 0.0265625 0.0234375
1 0.9796875 0.79375 0.0140625 0.0203125
1 0.978125 0.8734375 0.021875 0.009375
1 0.978125 0.896875 0.0171875 0.0125
1 0.940625 0.8734375 0.015625 0.01875
1 0.903125 0.9078125 0.0375 0.0328125
1 0.90625 0.9546875 0.0171875 0.015625
1 0.778125 0.740625 0.01875 0.0109375
1 0.99453125 0.95078125 0.0109375 0.0421875
1 0.9671875 0.6734375 0.0171875 0.0203125
1 0.9359375 0.975 0.015625 0.0203125
1 0.95625 0.978125 0.0390625 0.0375
1 0.81953125 0.5625 0.0203125 0.00625
1 0.86875 0.59375 0.0203125 0.0234375
1 0.8578125 0.6328125 0.0328125 0.040625
1 0.8875 0.56328125 0.03125 0.0078125
1 0.94375 0.5765625 0.009375 0.0109375