1 0.18203125 0.0078125 0.0265625 0.015625
1 0.11875 0.01328125 0.034375 0.0265625
1 0.00546875 0.40234375 0.0109375 0.0265625
1 0.240625 0.4328125 0.05 0.0265625
1 0.3 0.453125 0.0484375 0.0546875
0 0.3171875 0.421875 0.015625 0.03125
0 0.1953125 0.4234375 0.259375 0.2140625
1 0.15 0.5046875 0.01875 0.01875
1 0.1484375 0.5390625 0.00625 0.009375
1 0.2734375 0.415625 0.0140625 0.0171875
1 0.1609375 0.46875 0.028125 0.0046875
0 0.07890625 0.43203125 0.1578125 0.2953125
1 0.2234375 0.1609375 0.0234375 0.025
0 0.98046875 0.21640625 0.0390625 0.2953125
0 0.846875 0.2046875 0.1453125 0.221875
0 0.684375 0.240625 0.096875 0.21875
1 0.76015625 0.0140625 0.0484375 0.028125
1 0.965625 0.5625 0.021875 0.034375
1 0.8515625 0.478125 0.01875 0.0078125
1 0.95 0.21875 0.015625 0.0125
1 0.1796875 0.99296875 0.028125 0.0140625
1 0.4125 0.8328125 0.0234375 0.0125
1 0.471875 0.665625 0.0109375 0.00625
1 0.484375 0.63125 0.01875 0.0078125
1 0.49375 0.6203125 0.0140625 0.00625
0 0.31953125 0.865625 0.1984375 0.26875
0 0.2296875 0.853125 0.35625 0.2015625
1 0.5015625 0.9703125 0.0078125 0.0234375
0 0.4609375 0.87421875 0.115625 0.1984375
1 0.6828125 0.6015625 0.0203125 0.03125
1 0.8796875 0.7765625 0.046875 0.0578125
1 0.890625 0.7203125 0.0375 0.046875
1 0.8671875 0.8640625 0.0765625 0.05
1 0.678125 0.665625 0.0265625 0.0265625
0 0.7265625 0.834375 0.184375 0.325
0 0.5859375 0.79375 0.134375 0.4125
0 0.5359375 0.7703125 0.015625 0.046875
1 0.8234375 0.628125 0.0515625 0.0421875
0 0.9234375 0.76015625 0.153125 0.3609375
0 0.98984375 0.81875 0.0203125 0.046875
1 0.99375 0.89609375 0.0125 0.0328125
1 0.8796875 0.9625 0.0265625 0.0390625
1 0.903125 0.9765625 0.0484375 0.0421875
1 0.9765625 0.98125 0.040625 0.0375
1 0.93359375 0.9828125 0.0390625 0.034375
1 0.7140625 0.98515625 0.034375 0.0296875
1 0.703125 0.9578125 0.021875 0.025
1 0.6734375 0.85 0.03125 0.0265625
1 0.6859375 0.825 0.0265625 0.0375
1 0.6703125 0.965625 0.0390625 0.04375
1 0.52734375 0.97734375 0.0171875 0.0453125
1 0.81875 0.746875 0.03125 0.0453125
1 0.8421875 0.7609375 0.0265625 0.01875
1 0.715625 0.7359375 0.0109375 0.0109375
1 0.725 0.7109375 0.0203125 0.015625
1 0.9515625 0.85625 0.025 0.025