1 0.103125 0.0796875 0.0296875 0.04375
1 0.240625 0.0796875 0.028125 0.0421875
1 0.1796875 0.2734375 0.0390625 0.01875
1 0.1984375 0.34375 0.0234375 0.028125
1 0.30546875 0.0890625 0.0265625 0.053125
1 0.31171875 0.02421875 0.0140625 0.0484375
1 0.1921875 0.0203125 0.0625 0.0359375
1 0.2046875 0.00390625 0.04375 0.0078125
1 0.1625 0.1140625 0.040625 0.0203125
1 0.1546875 0.0765625 0.0578125 0.06875
1 0.16875 0.2203125 0.040625 0.025
1 0.221875 0.209375 0.078125 0.0515625
1 0.296875 0.2484375 0.025 0.034375
1 0.25625 0.2390625 0.0859375 0.0703125
1 0.2609375 0.175 0.03125 0.025
1 0.265625 0.2953125 0.0296875 0.0296875
1 0.30625 0.31953125 0.025 0.0390625
1 0.253125 0.3625 0.046875 0.025
1 0.2171875 0.3171875 0.05 0.0578125
1 0.253125 0.3171875 0.04375 0.046875
1 0.1625 0.34375 0.0625 0.0625
0 0.028125 0.35859375 0.05625 0.0296875
0 0.07421875 0.3359375 0.1484375 0.078125
1 0.0109375 0.33671875 0.021875 0.0234375
0 0.04375 0.2546875 0.0859375 0.1015625
0 0.053125 0.15625 0.065625 0.0984375
1 0.01328125 0.1921875 0.0265625 0.034375
0 0.0421875 0.0859375 0.0828125 0.10625
1 0.0078125 0.08359375 0.015625 0.0265625
1 0.0421875 0.034375 0.021875 0.0390625
1 0.9421875 0.3359375 0.028125 0.0234375
1 0.8671875 0.29375 0.0515625 0.0390625
1 0.9421875 0.2671875 0.0484375 0.046875
1 0.9125 0.1921875 0.0234375 0.028125
1 0.940625 0.1828125 0.04375 0.0390625
1 0.9796875 0.171875 0.01875 0.0234375
1 0.965625 0.1421875 0.01875 0.0203125
1 0.9703125 0.1203125 0.03125 0.025
1 0.94375 0.109375 0.0265625 0.0171875
1 0.8140625 0.040625 0.0390625 0.05
1 0.8328125 0.1234375 0.0296875 0.01875
1 0.8046875 0.128125 0.021875 0.0203125
1 0.7875 0.1421875 0.0453125 0.0390625
1 0.778125 0.175 0.03125 0.034375
1 0.821875 0.1734375 0.025 0.028125
1 0.7609375 0.384375 0.025 0.021875
1 0.5984375 0.3421875 0.021875 0.021875
1 0.7078125 0.225 0.0296875 0.0140625
1 0.6625 0.284375 0.0234375 0.0328125
1 0.6953125 0.153125 0.0296875 0.0234375
1 0.6734375 0.1328125 0.025 0.0359375
1 0.675 0.0875 0.034375 0.03125
1 0.6203125 0.01875 0.0375 0.0265625
1 0.6984375 0.0078125 0.021875 0.015625
1 0.684375 0.025 0.0265625 0.025
1 0.6875 0.384375 0.025 0.025
1 0.5109375 0.3625 0.0234375 0.0390625
1 0.478125 0.34375 0.01875 0.021875
1 0.4609375 0.29375 0.0390625 0.0296875
1 0.5203125 0.278125 0.0625 0.040625
1 0.546875 0.2078125 0.021875 0.021875
1 0.490625 0.0546875 0.028125 0.046875
1 0.4640625 0.028125 0.0328125 0.046875
1 0.4046875 0.05 0.025 0.0203125
1 0.3828125 0.05625 0.021875 0.0265625
1 0.3359375 0.040625 0.0203125 0.034375
1 0.3453125 0.021875 0.046875 0.034375
1 0.32421875 0.0078125 0.0109375 0.015625
1 0.346875 0.1453125 0.0296875 0.0296875
1 0.340625 0.3796875 0.025 0.025
1 0.2546875 0.9171875 0.0328125 0.0203125
1 0.2828125 0.925 0.0140625 0.0140625
1 0.209375 0.9625 0.025 0.015625
1 0.1875 0.9328125 0.028125 0.025
1 0.2125 0.946875 0.0125 0.0125
1 0.225 0.8546875 0.015625 0.0359375
1 0.24375 0.8234375 0.0359375 0.0265625
1 0.21484375 0.98671875 0.0796875 0.0265625
1 0.2046875 0.7265625 0.0328125 0.0109375
1 0.2078125 0.6953125 0.0453125 0.059375
1 0.1671875 0.696875 0.0203125 0.0203125
1 0.228125 0.634375 0.0421875 0.01875
1 0.2375 0.584375 0.0328125 0.0234375
1 0.2421875 0.54375 0.01875 0.009375
1 0.11171875 0.5328125 0.0265625 0.00625
1 0.159375 0.5546875 0.0203125 0.015625
1 0.115625 0.5984375 0.021875 0.0203125
1 0.053125 0.596875 0.0328125 0.040625
1 0.1265625 0.7375 0.021875 0.0171875
1 0.0953125 0.7421875 0.0171875 0.025
1 0.0578125 0.6921875 0.0203125 0.0140625
1 0.059375 0.6671875 0.05 0.028125
1 0.01875 0.7328125 0.0375 0.03125
1 0.0125 0.75 0.0203125 0.015625
1 0.065625 0.784375 0.025 0.0234375
1 0.065625 0.8046875 0.0125 0.0109375
1 0.08125 0.8046875 0.0109375 0.0234375
1 0.1375 0.846875 0.040625 0.0234375
1 0.1109375 0.8203125 0.034375 0.0375
1 0.09375 0.803125 0.009375 0.0171875
1 0.15 0.9203125 0.0109375 0.009375
1 0.1265625 0.9453125 0.0171875 0.009375
1 0.1140625 0.915625 0.01875 0.021875
1 0.08515625 0.9921875 0.0390625 0.015625
1 0.0484375 0.946875 0.04375 0.0234375
1 0.0375 0.9234375 0.01875 0.0203125
1 0.0546875 0.95 0.0109375 0.015625
1 0.09375 0.9671875 0.0140625 0.009375
1 0.090625 0.9296875 0.025 0.028125
1 0.0609375 0.8890625 0.0578125 0.034375
1 0.015625 0.8171875 0.0296875 0.0359375
1 0.084375 0.90625 0.03125 0.015625
1 0.0078125 0.98359375 0.015625 0.0328125
0 0.0203125 0.5703125 0.040625 0.08125
1 0.315625 0.6921875 0.00625 0.0125
1 0.9390625 0.6 0.0546875 0.0625
1 0.940625 0.6578125 0.065625 0.065625
0 0.92890625 0.778125 0.1421875 0.11875
0 0.92890625 0.85625 0.1421875 0.08125
1 0.784375 0.684375 0.075 0.0953125
1 0.8078125 0.8703125 0.05 0.0359375
1 0.7125 0.865625 0.078125 0.0515625
1 0.75 0.728125 0.05 0.05
1 0.6921875 0.546875 0.059375 0.034375
1 0.803125 0.7515625 0.0453125 0.0421875
1 0.746875 0.78125 0.0328125 0.0296875
0 0.41015625 0.571875 0.1578125 0.084375
0 0.403125 0.621875 0.0765625 0.1234375
1 0.5234375 0.6515625 0.0296875 0.0375
1 0.575 0.6921875 0.0359375 0.059375
1 0.465625 0.7546875 0.0734375 0.078125
1 0.5828125 0.7859375 0.0390625 0.04375
1 0.55 0.8140625 0.0171875 0.046875
1 0.3890625 0.88125 0.078125 0.028125
1 0.81875 0.578125 0.0375 0.05
1 0.8609375 0.628125 0.0296875 0.059375
1 0.5265625 0.571875 0.028125 0.053125
1 0.6125 0.5515625 0.034375 0.0421875
1 0.45625 0.8375 0.025 0.046875
1 0.5953125 0.825 0.0328125 0.0375
1 0.55625 0.88125 0.0359375 0.0265625