1 0.0703125 0.4015625 0.03125 0.025
1 0.259375 0.3734375 0.0234375 0.0265625
0 0.45390625 0.36953125 0.1703125 0.0921875
1 0.0609375 0.3296875 0.0171875 0.015625
1 0.0421875 0.3125 0.0078125 0.0203125
1 0.2765625 0.309375 0.0390625 0.0203125
1 0.1328125 0.278125 0.0421875 0.034375
1 0.3921875 0.253125 0.01875 0.021875
1 0.0859375 0.184375 0.0171875 0.00625
1 0.0984375 0.1796875 0.0140625 0.015625
1 0.165625 0.1796875 0.01875 0.0265625
1 0.1875 0.1375 0.0546875 0.0546875
1 0.2703125 0.1109375 0.0296875 0.0375
1 0.3484375 0.0875 0.0203125 0.0234375
1 0.52890625 0.07578125 0.0203125 0.0171875
1 0.34375 0.0453125 0.034375 0.015625
1 0.215625 0.025 0.0171875 0.015625
1 0.190625 0.025 0.0234375 0.021875
1 0.39375 0.015625 0.034375 0.0203125
1 0.1578125 0.025 0.0359375 0.04375
1 0.05625 0.0078125 0.009375 0.0140625
1 0.0265625 0.14375 0.034375 0.040625
1 0.046875 0.0375 0.0140625 0.01875
1 0.1 0.025 0.025 0.0234375
1 0.10625 0.0109375 0.0109375 0.0171875
1 0.1109375 0.24375 0.0359375 0.0296875
1 0.2328125 0.184375 0.03125 0.03125
1 0.2296875 0.1671875 0.009375 0.015625
1 0.346875 0.15625 0.00625 0.0109375
1 0.35 0.165625 0.0140625 0.0125
1 0.2625 0.2546875 0.0359375 0.0140625
1 0.2421875 0.2515625 0.0234375 0.0140625
1 0.190625 0.24375 0.03125 0.0328125
1 0.234375 0.271875 0.0671875 0.0546875
1 0.4 0.2765625 0.0234375 0.015625
1 0.4171875 0.278125 0.0078125 0.0140625
1 0.4203125 0.2921875 0.0296875 0.03125
1 0.371875 0.221875 0.021875 0.0171875
1 0.4578125 0.00390625 0.05 0.0078125
0 0.446875 0.0765625 0.1328125 0.10625
1 0.5296875 0.15234375 0.01875 0.0171875
1 0.415625 0.1171875 0.0296875 0.0203125
0 0.4609375 0.1578125 0.140625 0.1
1 0.5125 0.2234375 0.0203125 0.01875
1 0.5015625 0.1875 0.015625 0.0109375
1 0.4859375 0.2125 0.05 0.053125
1 0.4796875 0.2515625 0.01875 0.0296875
1 0.5140625 0.246875 0.025 0.01875
1 0.6578125 0.078125 0.034375 0.028125
1 0.6375 0.203125 0.0390625 0.0234375
1 0.6234375 0.2875 0.0140625 0.00625
0 0.79140625 0.03203125 0.1140625 0.0640625
1 0.86796875 0.0328125 0.1015625 0.065625
1 0.87109375 0.009375 0.0046875 0.01875
1 0.921875 0.0265625 0.0203125 0.0171875
0 0.75859375 0.07109375 0.1109375 0.1421875
1 0.8609375 0.1921875 0.0234375 0.0203125
1 0.871875 0.140625 0.0171875 0.0203125
1 0.8671875 0.240625 0.0328125 0.0328125
0 0.7609375 0.284375 0.034375 0.0125
0 0.771875 0.2265625 0.0890625 0.0953125
1 0.9609375 0.0375 0.0046875 0.01875
1 0.978125 0.0546875 0.025 0.034375
1 0.953125 0.275 0.021875 0.01875
1 0.4765625 0.9890625 0.0140625 0.015625
1 0.10625 0.975 0.01875 0.0359375
1 0.2265625 0.965625 0.053125 0.040625
1 0.3859375 0.9265625 0.0375 0.0234375
1 0.034375 0.84375 0.009375 0.0109375
1 0.046875 0.7984375 0.015625 0.0125
1 0.296875 0.70625 0.0265625 0.025
0 0.2265625 0.890625 0.19375 0.109375
0 0.23125 0.815625 0.15 0.0734375
1 0.184375 0.7234375 0.140625 0.0578125
1 0.1890625 0.759375 0.0203125 0.0171875
1 0.296875 0.7765625 0.0421875 0.046875
1 0.51328125 0.996875 0.0265625 0.00625
1 0.51875 0.975 0.015625 0.0390625
1 0.53515625 0.99296875 0.0078125 0.0140625
1 0.4859375 0.9203125 0.03125 0.0125
1 0.4828125 0.909375 0.0265625 0.015625
1 0.5765625 0.9265625 0.05 0.0296875
1 0.6609375 0.98984375 0.028125 0.0203125
1 0.6671875 0.95625 0.0578125 0.0359375
1 0.565625 0.7 0.0390625 0.03125
1 0.684375 0.628125 0.040625 0.01875
1 0.6421875 0.69375 0.0234375 0.028125
1 0.7578125 0.5765625 0.0203125 0.025
1 0.809375 0.6546875 0.028125 0.0390625
1 0.746875 0.734375 0.0171875 0.01875
1 0.7640625 0.740625 0.03125 0.021875
1 0.7390625 0.7703125 0.01875 0.028125
1 0.7796875 0.7984375 0.025 0.0296875
1 0.7953125 0.8421875 0.0375 0.03125
0 0.85 0.9015625 0.1125 0.14375
0 0.865625 0.796875 0.1578125 0.059375
0 0.85625 0.740625 0.14375 0.0828125
0 0.8953125 0.7046875 0.0875 0.1171875
1 0.934375 0.7375 0.01875 0.0234375
1 0.9421875 0.70625 0.0125 0.025
1 0.8484375 0.828125 0.01875 0.0171875
1 0.8921875 0.634375 0.046875 0.0265625
1 0.903125 0.5859375 0.01875 0.0140625
1 0.9015625 0.6140625 0.0140625 0.034375
1 0.94375 0.6109375 0.0390625 0.0265625
0 0.865625 0.978125 0.109375 0.04375
1 0.99375 0.86796875 0.0125 0.0234375
1 0.9921875 0.5921875 0.015625 0.01875
1 0.9890625 0.7828125 0.0171875 0.0203125