1 0.3953125 0.49140625 0.053125 0.0171875
1 0.5828125 0.246875 0.01875 0.06875
1 0.5171875 0.2328125 0.015625 0.08125
1 0.3703125 0.434375 0.0265625 0.0265625
0 0.484375 0.315625 0.1734375 0.1703125
1 0.45 0.434375 0.0203125 0.0125
1 0.54375 0.39375 0.009375 0.0125
0 0.4953125 0.44140625 0.109375 0.1171875
1 0.71796875 0.4953125 0.0296875 0.009375
1 0.9875 0.3953125 0.0125 0.0125
1 0.94375 0.325 0.01875 0.015625
1 0.828125 0.309375 0.0234375 0.0296875
1 0.7796875 0.196875 0.0140625 0.0140625
1 0.690625 0.2 0.0203125 0.0328125
1 0.775 0.1796875 0.0234375 0.0234375
1 0.725 0.1796875 0.0171875 0.021875
1 0.753125 0.1015625 0.0296875 0.0265625
1 0.6734375 0.11875 0.0203125 0.0171875
1 0.69375 0.1203125 0.025 0.0234375
1 0.703125 0.0421875 0.0125 0.0140625
1 0.659375 0.3875 0.01875 0.0125
1 0.7109375 0.44375 0.0515625 0.04375
1 0.8546875 0.1734375 0.021875 0.0140625
1 0.9421875 0.0234375 0.0140625 0.0109375
0 0.9140625 0.41640625 0.171875 0.1671875
0 0.91953125 0.2234375 0.1609375 0.20625
0 0.9515625 0.1078125 0.096875 0.215625
1 0.99296875 0.21953125 0.0140625 0.0203125
1 0.584375 0.7640625 0.009375 0.03125
1 0.6109375 0.596875 0.0359375 0.0453125
1 0.41875 0.58125 0.028125 0.01875
1 0.403125 0.5421875 0.0171875 0.0296875
1 0.04609375 0.609375 0.0921875 0.21875
1 0.0515625 0.628125 0.03125 0.0328125
1 0.021875 0.5953125 0.021875 0.021875
1 0.00859375 0.565625 0.0171875 0.03125
1 0.16875 0.734375 0.021875 0.0234375
1 0.203125 0.5140625 0.00625 0.00625
1 0.1921875 0.5234375 0.0078125 0.015625
1 0.196875 0.7 0.01875 0.0125
1 0.4203125 0.7046875 0.0171875 0.021875
0 0.4078125 0.7390625 0.2171875 0.078125
1 0.403125 0.646875 0.0265625 0.0390625
1 0.346875 0.6953125 0.0234375 0.0234375
1 0.4 0.6875 0.009375 0.00625
1 0.359375 0.6734375 0.05625 0.040625
1 0.2828125 0.65625 0.01875 0.028125
1 0.33125 0.61875 0.0421875 0.028125
1 0.296875 0.6015625 0.021875 0.015625
1 0.2984375 0.5875 0.01875 0.0109375
1 0.3515625 0.58125 0.021875 0.0234375
1 0.375 0.5765625 0.0140625 0.0234375
1 0.3859375 0.5796875 0.0171875 0.015625
1 0.4 0.59375 0.015625 0.0109375
1 0.3734375 0.55625 0.0375 0.015625
1 0.36953125 0.5078125 0.0203125 0.015625
1 0.39375 0.509375 0.0375 0.01875
1 0.41953125 0.51171875 0.0171875 0.0234375
1 0.4765625 0.5234375 0.0171875 0.0296875
1 0.64375 0.65 0.0125 0.015625
1 0.553125 0.76875 0.0234375 0.01875
1 0.5296875 0.7046875 0.015625 0.0265625
1 0.509375 0.6890625 0.0109375 0.01875
1 0.5328125 0.678125 0.0328125 0.0390625
1 0.565625 0.7109375 0.0328125 0.0265625
1 0.5578125 0.6140625 0.028125 0.0265625
1 0.5640625 0.6390625 0.015625 0.0234375
1 0.540625 0.5796875 0.0359375 0.0203125
1 0.621875 0.7671875 0.0234375 0.0234375
1 0.6375 0.7703125 0.009375 0.015625
1 0.6296875 0.740625 0.015625 0.021875
1 0.64375 0.73203125 0.0125 0.0203125
1 0.5171875 0.5484375 0.0265625 0.025
1 0.5609375 0.5546875 0.04375 0.04375
1 0.55 0.5296875 0.0375 0.03125
1 0.5625 0.5171875 0.03125 0.034375
1 0.64453125 0.5140625 0.0109375 0.0125
1 0.6390625 0.5359375 0.021875 0.021875
1 0.59375 0.503125 0.0125 0.00625
1 0.60703125 0.5046875 0.0203125 0.009375
1 0.61796875 0.50625 0.0453125 0.0125
1 0.7375 0.5578125 0.021875 0.01875
1 0.7515625 0.753125 0.0171875 0.03125
1 0.7953125 0.840625 0.0296875 0.0296875
1 0.9390625 0.7921875 0.0125 0.0078125