1 0.275 0.11875 0.0109375 0.0109375
1 0.253125 0.1 0.0234375 0.0078125
1 0.0640625 0.3 0.0125 0.0078125
0 0.03046875 0.15859375 0.0609375 0.3171875
0 0.39375 0.203125 0.0984375 0.2171875
1 0.95625 0.4859375 0.034375 0.065625
0 0.8890625 0.1984375 0.221875 0.209375
0 0.7484375 0.1671875 0.2578125 0.1265625
1 0.6796875 0.246875 0.028125 0.0484375
1 0.4390625 0.7453125 0.0390625 0.0421875
1 0.4078125 0.7015625 0.0078125 0.0078125
1 0.384375 0.9140625 0.05 0.025
1 0.3640625 0.7515625 0.0390625 0.028125
1 0.3375 0.8453125 0.015625 0.015625
1 0.315625 0.6828125 0.015625 0.0265625
1 0.3171875 0.9703125 0.0203125 0.0390625
1 0.309375 0.7328125 0.03125 0.0171875
1 0.2703125 0.7765625 0.01875 0.028125
1 0.275 0.815625 0.03125 0.03125
1 0.240625 0.8484375 0.0375 0.0203125
1 0.2375 0.8078125 0.034375 0.0328125
0 0.26484375 0.98125 0.0671875 0.0375
1 0.2203125 0.759375 0.009375 0.0078125
1 0.215625 0.846875 0.0125 0.015625
1 0.2 0.903125 0.0078125 0.0328125
1 0.184375 0.9578125 0.01875 0.04375
0 0.42421875 0.646875 0.0703125 0.096875
0 0.3421875 0.621875 0.10625 0.146875
0 0.2328125 0.64375 0.1171875 0.14375
1 0.34375 0.8953125 0.040625 0.0328125
1 0.35 0.9171875 0.015625 0.0171875
1 0.178125 0.928125 0.009375 0.0203125
1 0.221875 0.7890625 0.0296875 0.015625
1 0.228125 0.78125 0.03125 0.0265625
1 0.2375 0.759375 0.0140625 0.01875
1 0.63984375 0.9890625 0.0703125 0.021875
1 0.6421875 0.9640625 0.0203125 0.0234375
1 0.6359375 0.94375 0.01875 0.021875
0 0.8546875 0.97578125 0.121875 0.0484375
0 0.92734375 0.98125 0.1015625 0.0375
1 0.61875 0.790625 0.028125 0.0375
1 0.715625 0.715625 0.0328125 0.046875
1 0.9484375 0.7359375 0.0375 0.0296875
1 0.94375 0.7078125 0.034375 0.0390625
1 0.7296875 0.6078125 0.0296875 0.04375
0 0.7046875 0.5453125 0.115625 0.03125
0 0.79375 0.55546875 0.10625 0.0515625
0 0.85546875 0.5515625 0.0890625 0.04375
0 0.9296875 0.55703125 0.140625 0.0546875
1 0.859375 0.5890625 0.03125 0.03125
1 0.809375 0.5828125 0.0296875 0.053125
1 0.6109375 0.603125 0.025 0.046875
1 0.62734375 0.5640625 0.0515625 0.06875
1 0.8765625 0.70625 0.01875 0.0203125