1 0.2234375 0.0765625 0.0453125 0.0453125
1 0.23125 0.209375 0.015625 0.0109375
1 0.275 0.334375 0.0171875 0.03125
1 0.103125 0.2921875 0.0375 0.0328125
1 0.2421875 0.5203125 0.01875 0.0171875
0 0.02265625 0.47109375 0.0453125 0.0546875
0 0.00703125 0.34375 0.0140625 0.071875
1 0.015625 0.24296875 0.03125 0.0890625
1 0.06875 0.2640625 0.05625 0.0296875
1 0.9625 0.5625 0.0328125 0.046875
1 0.9453125 0.65 0.0265625 0.021875
0 0.634375 0.62265625 0.328125 0.0921875
0 0.653125 0.50234375 0.25625 0.3328125
1 0.6890625 0.5140625 0.03125 0.034375
1 0.728125 0.490625 0.01875 0.01875
1 0.7734375 0.4578125 0.0328125 0.021875
0 0.6390625 0.3046875 0.153125 0.19375
1 0.5640625 0.46875 0.0265625 0.0234375
1 0.88125 0.4875 0.03125 0.028125
1 0.509375 0.315625 0.034375 0.0234375
1 0.721875 0.2203125 0.03125 0.025
1 0.371875 0.9125 0.0265625 0.025
0 0.2859375 0.9265625 0.20625 0.146875
1 0.3703125 0.83125 0.0375 0.046875
0 0.28984375 0.7859375 0.1984375 0.16875
1 0.38203125 0.7640625 0.0140625 0.01875
1 0.315625 0.734375 0.059375 0.0265625
1 0.36953125 0.70078125 0.0390625 0.0390625
1 0.3359375 0.684375 0.0296875 0.03125
0 0.2328125 0.6984375 0.3125 0.059375
1 0.171875 0.7953125 0.0625 0.0484375
1 0.9140625 0.834375 0.0140625 0.009375
1 0.909375 0.828125 0.01875 0.00625
1 0.928125 0.7296875 0.021875 0.028125
1 0.9265625 0.6859375 0.025 0.028125
1 0.8796875 0.921875 0.0140625 0.015625
1 0.865625 0.8734375 0.0171875 0.0140625
1 0.8453125 0.8640625 0.025 0.0203125
1 0.8625 0.8640625 0.0109375 0.040625
1 0.8890625 0.7875 0.028125 0.028125
1 0.8125 0.68125 0.040625 0.0140625
1 0.8046875 0.671875 0.01875 0.00625
1 0.76875 0.6921875 0.021875 0.025
1 0.803125 0.721875 0.0265625 0.028125
1 0.80625 0.746875 0.028125 0.0203125
1 0.84375 0.8890625 0.0078125 0.015625
1 0.840625 0.9046875 0.0109375 0.0109375
1 0.828125 0.95 0.0046875 0.003125
1 0.7921875 0.9171875 0.0109375 0.0125
1 0.7140625 0.86875 0.021875 0.03125
1 0.53125 0.7984375 0.0625 0.0515625
1 0.55625 0.8484375 0.0234375 0.0171875
1 0.475 0.8640625 0.0390625 0.0390625
1 0.44375 0.9359375 0.046875 0.028125
1 0.55078125 0.6734375 0.0203125 0.009375
0 0.70859375 0.81015625 0.2765625 0.2828125
1 0.7796875 0.8015625 0.0125 0.0109375
1 0.678125 0.784375 0.0109375 0.015625
1 0.4375 0.903125 0.0171875 0.028125
1 0.39296875 0.8171875 0.0078125 0.03125
1 0.4703125 0.7984375 0.0203125 0.015625
1 0.45625 0.70625 0.0390625 0.0375
1 0.4328125 0.73125 0.0234375 0.0171875
1 0.3984375 0.7015625 0.015625 0.0171875