1 0.45625 0.4390625 0.1203125 0.06875
1 0.359375 0.4375 0.0296875 0.0203125
0 0.459375 0.390625 0.29375 0.10625
1 0.565625 0.421875 0.015625 0.0171875
1 0.559375 0.5015625 0.0265625 0.0203125
1 0.71953125 0.58359375 0.0203125 0.0203125
0 0.5265625 0.2125 0.19375 0.0453125
0 0.3921875 0.2109375 0.0453125 0.0421875
1 0.3625 0.3328125 0.0171875 0.0171875
1 0.1 0.41875 0.03125 0.0265625
1 0.0390625 0.4453125 0.04375 0.0375
1 0.0234375 0.328125 0.025 0.0328125
1 0.0515625 0.3234375 0.028125 0.025
1 0.1859375 0.3171875 0.028125 0.0203125
1 0.253125 0.246875 0.04375 0.021875
1 0.2765625 0.3859375 0.0140625 0.01875
1 0.140625 0.45625 0.03125 0.025
1 0.2609375 0.290625 0.01875 0.021875
1 0.1 0.584375 0.03125 0.0234375
1 0.053125 0.55 0.0375 0.034375
1 0.00703125 0.4421875 0.0140625 0.009375
1 0.040625 0.384375 0.021875 0.0109375
1 0.109375 0.5 0.0234375 0.021875
1 0.340625 0.5484375 0.0140625 0.01875
1 0.315625 0.5046875 0.015625 0.015625
1 0.2515625 0.4671875 0.0171875 0.0234375
1 0.3609375 0.4140625 0.01875 0.015625
1 0.4078125 0.5140625 0.0171875 0.0125
1 0.18125 0.4453125 0.0078125 0.0125
0 0.87421875 0.53671875 0.2515625 0.1421875
1 0.8859375 0.3421875 0.0328125 0.034375
1 0.78125 0.5125 0.021875 0.0234375
1 0.8984375 0.29375 0.0265625 0.0234375
1 0.8828125 0.475 0.0375 0.0984375
1 0.73515625 0.30234375 0.0109375 0.0234375
0 0.80390625 0.36640625 0.1484375 0.2609375
0 0.8140625 0.24296875 0.16875 0.0703125
1 0.54375 0.71875 0.0171875 0.0234375
1 0.53125 0.8140625 0.0234375 0.0265625
1 0.1 0.8125 0.046875 0.0671875
1 0.6890625 0.9 0.0171875 0.0265625
0 0.4828125 0.6953125 0.13125 0.0828125
0 0.46875 0.765625 0.184375 0.0578125
1 0.596875 0.909375 0.040625 0.0453125
1 0.515625 0.9890625 0.009375 0.0109375
1 0.440625 0.9703125 0.046875 0.0328125
1 0.45 0.9578125 0.046875 0.06875
0 0.4734375 0.8796875 0.165625 0.1359375
1 0.421875 0.8328125 0.0734375 0.0546875
0 0.4578125 0.8171875 0.125 0.0640625
0 0.01484375 0.80078125 0.0296875 0.0734375
1 0.7859375 0.7703125 0.0109375 0.009375
1 0.75 0.81015625 0.040625 0.0453125
1 0.89375 0.95625 0.0140625 0.0078125
1 0.79609375 0.9890625 0.0203125 0.021875