0 0.41484375 0.22734375 0.0296875 0.1703125
1 0.4109375 0.33671875 0.0375 0.0734375
1 0.221875 0.3125 0.0453125 0.0484375
1 0.225 0.21875 0.078125 0.0375
1 0.0109375 0.325 0.021875 0.0375
1 0.99375 0.034375 0.0125 0.01875
1 0.975 0.0421875 0.015625 0.009375
1 0.928125 0.0265625 0.0296875 0.0234375
1 0.9265625 0.04375 0.00625 0.0140625
1 0.8984375 0.0375 0.04375 0.0484375
1 0.8859375 0.0515625 0.0296875 0.025
1 0.8765625 0.0234375 0.0265625 0.015625
1 0.965625 0.0890625 0.021875 0.01875
1 0.9265625 0.1125 0.0203125 0.01875
1 0.8875 0.1234375 0.0203125 0.0421875
1 0.990625 0.1203125 0.01875 0.034375
1 0.9390625 0.30625 0.0078125 0.0171875
1 0.9703125 0.2703125 0.0484375 0.0578125
1 0.925 0.2375 0.00625 0.009375
1 0.9015625 0.2578125 0.01875 0.0203125
1 0.91875 0.3875 0.0078125 0.015625
1 0.8640625 0.3796875 0.0109375 0.0125
1 0.9953125 0.35625 0.009375 0.028125
1 0.86640625 0.428125 0.0265625 0.021875
1 0.8484375 0.1984375 0.0203125 0.015625
1 0.775 0.1078125 0.01875 0.034375
1 0.76875 0.134375 0.0140625 0.015625
1 0.790625 0.1421875 0.04375 0.0421875
1 0.803125 0.3109375 0.0546875 0.01875
1 0.7671875 0.30625 0.0265625 0.04375
1 0.7 0.43046875 0.071875 0.0171875
1 0.703125 0.4015625 0.03125 0.03125
1 0.734375 0.178125 0.046875 0.05625
1 0.7015625 0.140625 0.04375 0.046875
1 0.6546875 0.284375 0.015625 0.03125
1 0.6609375 0.3515625 0.0359375 0.0203125
1 0.63125 0.3796875 0.01875 0.0234375
1 0.5875 0.3671875 0.01875 0.053125
1 0.6015625 0.3234375 0.021875 0.0625
0 0.6640625 0.265625 0.046875 0.0375
1 0.64375 0.2984375 0.0953125 0.121875
1 0.45078125 0.43125 0.0203125 0.015625
1 0.4984375 0.4015625 0.0359375 0.0265625
1 0.528125 0.396875 0.0390625 0.04375
1 0.5046875 0.3953125 0.009375 0.0328125
1 0.475 0.31875 0.0234375 0.0203125
1 0.4625 0.2859375 0.0140625 0.0265625
1 0.484375 0.26875 0.0453125 0.028125
1 0.45078125 0.27421875 0.0421875 0.0734375
1 0.459375 0.36875 0.0484375 0.0546875
1 0.43359375 0.38984375 0.0078125 0.0421875
1 0.5109375 0.1375 0.021875 0.0375
1 0.4421875 0.140625 0.025 0.053125
1 0.475 0.1046875 0.0578125 0.065625
1 0.5984375 0.1296875 0.0265625 0.028125
1 0.5921875 0.153125 0.0171875 0.0140625
1 0.5671875 0.1828125 0.0234375 0.0109375
1 0.5328125 0.2 0.0375 0.025
1 0.571875 0.0625 0.0625 0.075
1 0.515625 0.0328125 0.0296875 0.009375
1 0.5203125 0.0578125 0.0296875 0.0109375
1 0.44453125 0.00703125 0.0296875 0.0140625
1 0.4328125 0.02265625 0.00625 0.0296875
0 0.64296875 0.43203125 0.0234375 0.0140625
1 0.66171875 0.4375 0.0328125 0.003125
1 0.66015625 0.42578125 0.0203125 0.0265625
0 0.690625 0.0875 0.1203125 0.15625
0 0.6625 0.05078125 0.14375 0.1015625
0 0.6421875 0.01171875 0.15 0.0234375
1 0.1703125 0.73125 0.0078125 0.0109375
1 0.4125 0.809375 0.0078125 0.0109375
1 0.3671875 0.4625 0.021875 0.0234375
1 0.4046875 0.5578125 0.0234375 0.015625
1 0.42109375 0.75234375 0.0171875 0.0171875
1 0.271875 0.6953125 0.0171875 0.0140625
1 0.3046875 0.696875 0.015625 0.0234375
1 0.0546875 0.6046875 0.05 0.0375
1 0.028125 0.546875 0.034375 0.0234375
1 0.0828125 0.5390625 0.0390625 0.04375
0 0.2015625 0.78125 0.1421875 0.06875
0 0.16875 0.6375 0.134375 0.1140625
0 0.184375 0.5203125 0.128125 0.0984375
0 0.16953125 0.46328125 0.1234375 0.0484375
1 0.26171875 0.4421875 0.0234375 0.00625
1 0.2421875 0.4484375 0.0125 0.015625
1 0.30625 0.459375 0.021875 0.0328125
1 0.5640625 0.846875 0.11875 0.0375
1 0.4515625 0.8453125 0.0203125 0.0390625
1 0.4984375 0.75 0.053125 0.025
1 0.509375 0.665625 0.0375 0.0375
1 0.534375 0.7078125 0.0265625 0.03125
1 0.9140625 0.471875 0.0390625 0.040625
0 0.61875 0.53203125 0.2875 0.1859375
0 0.7078125 0.471875 0.428125 0.065625
1 0.7640625 0.6859375 0.028125 0.0265625