1 0.30859375 0.00703125 0.0609375 0.0140625
1 0.24921875 0.0234375 0.0546875 0.046875
1 0.1796875 0.0421875 0.075 0.084375
1 0.1796875 0.11875 0.05625 0.0390625
1 0.109375 0.1109375 0.028125 0.0328125
1 0.1328125 0.1390625 0.0296875 0.03125
0 0.18671875 0.0328125 0.2140625 0.065625
1 0.3375 0.0640625 0.0203125 0.0328125
0 0.37734375 0.02734375 0.0828125 0.0546875
1 0.41875 0.0375 0.0328125 0.0390625
1 0.396875 0.028125 0.040625 0.0484375
1 0.3453125 0.1578125 0.040625 0.053125
1 0.29375 0.1578125 0.0859375 0.0625
1 0.2828125 0.2 0.1140625 0.0625
1 0.21875 0.1890625 0.034375 0.05
1 0.1578125 0.2109375 0.0953125 0.05625
1 0.228125 0.2546875 0.1015625 0.0640625
1 0.321875 0.296875 0.1078125 0.090625
1 0.240625 0.296875 0.0359375 0.0359375
1 0.2015625 0.3265625 0.0515625 0.06875
1 0.1375 0.334375 0.0546875 0.05
1 0.096875 0.315625 0.0328125 0.0390625
1 0.096875 0.24375 0.0390625 0.11875
1 0.3765625 0.3390625 0.0625 0.0578125
1 0.3921875 0.4078125 0.046875 0.0515625
1 0.4234375 0.340625 0.0375 0.0796875
1 0.321875 0.415625 0.04375 0.0546875
1 0.2625 0.38125 0.06875 0.0546875
1 0.1890625 0.371875 0.0671875 0.04375
1 0.2109375 0.4171875 0.034375 0.04375
1 0.1609375 0.4296875 0.084375 0.084375
0 0.22421875 0.44609375 0.1109375 0.0671875
0 0.35625 0.46015625 0.159375 0.0390625
1 0.459375 0.44140625 0.040625 0.0546875
0 0.45703125 0.46875 0.0453125 0.021875
1 0.465625 0.2734375 0.028125 0.034375
1 0.45390625 0.21796875 0.0515625 0.0328125
1 0.396875 0.21875 0.0515625 0.053125
1 0.39375 0.171875 0.03125 0.046875
1 0.4515625 0.0671875 0.05625 0.090625
1 0.4546875 0.325 0.021875 0.034375
0 0.4609375 0.36640625 0.0375 0.1109375
1 0.44140625 0.1796875 0.0765625 0.05625
1 0.440625 0.125 0.078125 0.065625
0 0.59375 0.08515625 0.228125 0.1703125
0 0.73125 0.1078125 0.3890625 0.1421875
1 0.7765625 0.0734375 0.04375 0.0140625
1 0.871875 0.3609375 0.0734375 0.075
0 0.9046875 0.134375 0.178125 0.18125
1 0.9640625 0.2671875 0.025 0.0234375
1 0.30390625 0.50703125 0.0453125 0.0546875
1 0.36875 0.525 0.028125 0.04375
1 0.33125 0.53125 0.0546875 0.034375
1 0.33125 0.55625 0.025 0.028125
1 0.021875 0.53515625 0.04375 0.0296875
1 0.3671875 0.571875 0.0234375 0.0078125
1 0.3734375 0.6015625 0.0171875 0.015625
1 0.1984375 0.6265625 0.0515625 0.0578125
1 0.1484375 0.6703125 0.065625 0.0546875
1 0.065625 0.6546875 0.03125 0.0265625
1 0.1078125 0.665625 0.0375 0.028125
1 0.2359375 0.671875 0.053125 0.0390625
1 0.215625 0.7328125 0.0546875 0.0453125
1 0.2390625 0.76875 0.0296875 0.05
1 0.3109375 0.746875 0.046875 0.0578125
1 0.271875 0.759375 0.0171875 0.015625
1 0.271875 0.76875 0.021875 0.0203125
1 0.2625 0.7609375 0.021875 0.025
0 0.01640625 0.896875 0.0328125 0.071875
1 0.084375 0.8109375 0.06875 0.0671875
0 0.1 0.8984375 0.1140625 0.11875
0 0.2203125 0.8890625 0.128125 0.1578125
1 0.2890625 0.83125 0.10625 0.121875
1 0.059375 0.9203125 0.028125 0.0453125
1 0.08046875 0.98515625 0.0296875 0.0296875
1 0.01796875 0.9734375 0.0359375 0.028125
1 0.01796875 0.9859375 0.0359375 0.028125
1 0.028125 0.99296875 0.046875 0.0140625
1 0.0890625 0.9421875 0.0328125 0.0328125
0 0.2953125 0.9265625 0.11875 0.1265625
1 0.365625 0.8859375 0.034375 0.059375
1 0.35 0.9078125 0.040625 0.059375
1 0.371875 0.94375 0.021875 0.0515625
1 0.325 0.9734375 0.06875 0.053125
1 0.3625 0.97265625 0.0375 0.0546875
1 0.1875 0.96640625 0.071875 0.0671875
1 0.165625 0.98203125 0.0625 0.0359375
1 0.7828125 0.6421875 0.046875 0.0578125
1 0.79375 0.5859375 0.0375 0.046875
1 0.7703125 0.7296875 0.0765625 0.05
1 0.58125 0.53125 0.0265625 0.0265625
0 0.6296875 0.7 0.184375 0.325
0 0.51796875 0.68046875 0.0765625 0.4015625
1 0.72578125 0.496875 0.0515625 0.034375
0 0.8421875 0.64296875 0.184375 0.3265625
1 0.9203125 0.6203125 0.0328125 0.0625
0 0.909375 0.684375 0.0515625 0.046875
1 0.90625 0.7625 0.03125 0.0328125
1 0.7828125 0.828125 0.0265625 0.0390625
1 0.80625 0.8421875 0.0484375 0.0421875
1 0.8796875 0.8515625 0.040625 0.0453125
1 0.8375 0.859375 0.0390625 0.05625
1 0.9234375 0.815625 0.028125 0.0359375
1 0.921875 0.8671875 0.0296875 0.065625
1 0.8640625 0.9515625 0.0421875 0.0359375
1 0.7734375 0.934375 0.0578125 0.0765625
1 0.821875 0.965625 0.034375 0.0375
1 0.8359375 0.903125 0.0296875 0.025
1 0.86015625 0.98671875 0.0359375 0.0265625
1 0.8140625 0.99609375 0.03125 0.0078125
1 0.6328125 0.915625 0.0453125 0.0453125
1 0.6171875 0.8546875 0.034375 0.0359375
1 0.60625 0.8234375 0.021875 0.025
1 0.5765625 0.715625 0.03125 0.0265625
1 0.5890625 0.690625 0.0265625 0.0375
1 0.5734375 0.83125 0.0390625 0.04375
1 0.5078125 0.9484375 0.028125 0.0265625
1 0.665625 0.95 0.053125 0.0375
1 0.7015625 0.990625 0.065625 0.01875
1 0.603125 0.959375 0.0328125 0.0359375
1 0.721875 0.6125 0.03125 0.0453125
1 0.7453125 0.6265625 0.0265625 0.01875
1 0.61875 0.6015625 0.0109375 0.0109375
1 0.628125 0.5765625 0.0203125 0.015625
1 0.5109375 0.9921875 0.021875 0.015625
1 0.5 0.99609375 0.040625 0.0078125
1 0.634375 0.9796875 0.021875 0.015625
1 0.6703125 0.9796875 0.05 0.040625
1 0.5875 0.99453125 0.028125 0.0109375
1 0.625 0.9921875 0.0375 0.015625
1 0.8546875 0.721875 0.025 0.025