1 0.4703125 0.1609375 0.0125 0.0125
1 0.2953125 0.4375 0.01875 0.0140625
1 0.296875 0.1140625 0.028125 0.0296875
1 0.2 0.328125 0.0125 0.0125
1 0.2015625 0.1890625 0.015625 0.0171875
1 0.5390625 0.4515625 0.090625 0.0765625
1 0.5875 0.4375 0.003125 0.01875
1 0.3859375 0.2765625 0.009375 0.0078125
1 0.378125 0.3140625 0.015625 0.015625
1 0.4078125 0.3265625 0.046875 0.0484375
0 0.184375 0.0890625 0.025 0.05
0 0.2328125 0.0796875 0.121875 0.096875
0 0.3421875 0.0984375 0.0828125 0.159375
1 0.3953125 0.0453125 0.1125 0.090625
0 0.44375 0.0875 0.0890625 0.1453125
0 0.5203125 0.1046875 0.078125 0.1671875
0 0.55859375 0.05625 0.0609375 0.1125
0 0.759375 0.215625 0.0671875 0.140625
0 0.9046875 0.2234375 0.175 0.1359375
1 0.890625 0.2515625 0.0171875 0.015625
0 0.1828125 0.75078125 0.203125 0.4640625
0 0.090625 0.7375 0.01875 0.0078125
0 0.1265625 0.7421875 0.0890625 0.078125
0 0.0984375 0.6875 0.034375 0.0203125
0 0.1046875 0.609375 0.0453125 0.15625
1 0.2375 0.5828125 0.0140625 0.0203125
1 0.4 0.546875 0.0453125 0.0203125
0 0.403125 0.6921875 0.25625 0.3078125
0 0.53125 0.7125 0.115625 0.278125
0 0.5546875 0.85625 0.06875 0.14375
0 0.5859375 0.7859375 0.00625 0.03125
1 0.5921875 0.5828125 0.00625 0.00625
0 0.63984375 0.778125 0.1015625 0.353125