1 0.52734375 0.0046875 0.0515625 0.009375
1 0.4796875 0.1140625 0.0234375 0.015625
1 0.39375 0.009375 0.015625 0.00625
1 0.37734375 0.0015625 0.0140625 0.003125
1 0.5515625 0.43125 0.0078125 0.009375
0 0.1953125 0.453125 0.06875 0.040625
1 0.140625 0.4140625 0.0109375 0.015625
1 0.2546875 0.2640625 0.0703125 0.0984375
1 0.125 0.2328125 0.00625 0.0140625
1 0.165625 0.2 0.0078125 0.0125
0 0.2828125 0.2296875 0.221875 0.2421875
1 0.2453125 0.1234375 0.0265625 0.03125
1 0.2546875 0.1125 0.01875 0.0265625
1 0.315625 0.115625 0.0140625 0.0078125
1 0.2984375 0.184375 0.0078125 0.015625
1 0.2171875 0.059375 0.0109375 0.0234375
1 0.1828125 0.05625 0.0140625 0.0203125
0 0.22890625 0.053125 0.2203125 0.10625
0 0.13125 0.4578125 0.01875 0.0296875
1 0.0640625 0.4484375 0.0203125 0.03125
1 0.0390625 0.359375 0.0203125 0.0171875
1 0.028125 0.3234375 0.034375 0.025
1 0.0578125 0.259375 0.0359375 0.05
1 0.021875 0.19375 0.0359375 0.034375
1 0.04375 0.128125 0.034375 0.0390625
1 0.275 0.2671875 0.015625 0.009375
1 0.98828125 0.03828125 0.0234375 0.0140625
1 0.9109375 0.0625 0.025 0.021875
1 0.99375 0.06171875 0.0125 0.0578125
1 0.65625 0.8015625 0.00625 0.0109375
1 0.6234375 0.7296875 0.009375 0.009375
1 0.4671875 0.928125 0.028125 0.0359375
1 0.434375 0.9578125 0.009375 0.0078125
1 0.4328125 0.9265625 0.0265625 0.04375
1 0.3328125 0.9484375 0.0375 0.0515625
1 0.2921875 0.896875 0.01875 0.01875
1 0.51875 0.8625 0.0625 0.059375
1 0.31875 0.8796875 0.01875 0.0171875
1 0.3140625 0.875 0.0578125 0.01875
1 0.00703125 0.87109375 0.0140625 0.0296875
1 0.1453125 0.7671875 0.0546875 0.021875
1 0.1453125 0.8625 0.0921875 0.0765625
1 0.21875 0.9 0.0125 0.0296875
0 0.390625 0.821875 0.296875 0.2578125
0 0.353125 0.7796875 0.1953125 0.171875
1 0.3046875 0.76875 0.01875 0.015625
1 0.2734375 0.8609375 0.0109375 0.0140625
1 0.0796875 0.71875 0.0078125 0.01875
1 0.040625 0.825 0.0078125 0.0046875
1 0.98671875 0.80625 0.0265625 0.025
1 0.8953125 0.7 0.0453125 0.0375
1 0.8359375 0.8296875 0.0296875 0.0390625
0 0.8578125 0.96875 0.0453125 0.0421875
1 0.871875 0.7796875 0.028125 0.0359375
1 0.8484375 0.765625 0.0234375 0.0296875
1 0.8625 0.715625 0.03125 0.03125
1 0.871875 0.6796875 0.0296875 0.0234375
1 0.878125 0.659375 0.034375 0.0265625
1 0.7984375 0.75625 0.0546875 0.065625
1 0.784375 0.903125 0.0234375 0.03125
1 0.728125 0.96328125 0.01875 0.0390625
0 0.83515625 0.59921875 0.2328125 0.1734375
0 0.84375 0.53125 0.25 0.103125