1 0.2015625 0.559375 0.0296875 0.0296875
1 0.153125 0.415625 0.0078125 0.0125
1 0.290625 0.346875 0.015625 0.0140625
0 0.0515625 0.2296875 0.103125 0.35625
1 0.0796875 0.1515625 0.021875 0.0203125
0 0.2 0.2609375 0.140625 0.246875
0 0.29375 0.2453125 0.1046875 0.1390625
1 0.15625 0.203125 0.028125 0.0265625
0 0.3296875 0.00625 0.03125 0.0125
1 0.8859375 0.175 0.0078125 0.0171875
1 0.678125 0.44375 0.028125 0.021875
1 0.8890625 0.384375 0.01875 0.01875
0 0.8625 0.3765625 0.2375 0.2109375
1 0.93125 0.475 0.0109375 0.0109375
1 0.8078125 0.4671875 0.009375 0.0140625
0 0.68125 0.3421875 0.196875 0.1953125
1 0.965625 0.2578125 0.0109375 0.0140625
1 0.665625 0.2375 0.003125 0.009375
1 0.7515625 0.1 0.034375 0.021875
0 0.5953125 0.2125 0.025 0.0140625
1 0.0828125 0.98125 0.0140625 0.0203125
1 0.1328125 0.9328125 0.0140625 0.0140625
1 0.134375 0.925 0.01875 0.0203125
1 0.04375 0.95625 0.0234375 0.0375
1 0.046875 0.8796875 0.0296875 0.0375
1 0.0546875 0.91875 0.01875 0.01875
1 0.0625 0.91875 0.0078125 0.0171875
1 0.2 0.878125 0.0140625 0.0109375
1 0.225 0.9109375 0.0203125 0.0328125
1 0.28125 0.9703125 0.0375 0.0109375
1 0.3671875 0.934375 0.01875 0.0140625
1 0.3234375 0.8890625 0.0296875 0.015625
1 0.3234375 0.821875 0.0171875 0.0171875
1 0.3734375 0.84375 0.0234375 0.0234375
1 0.3640625 0.8578125 0.009375 0.0125
1 0.3609375 0.8890625 0.009375 0.0140625
1 0.1140625 0.790625 0.015625 0.0171875
1 0.178125 0.7796875 0.01875 0.0140625
1 0.209375 0.7625 0.009375 0.015625
1 0.2375 0.78125 0.01875 0.0234375
1 0.253125 0.6359375 0.0203125 0.0203125
1 0.3765625 0.74375 0.0234375 0.0234375
1 0.3609375 0.803125 0.0515625 0.053125
1 0.315625 0.784375 0.00625 0.003125
1 0.30625 0.76875 0.0125 0.025
1 0.115625 0.7 0.0203125 0.0234375
1 0.071875 0.6390625 0.0296875 0.025
1 0.04375 0.6109375 0.0125 0.01875
1 0.146875 0.65625 0.00625 0.0078125
1 0.365625 0.6078125 0.046875 0.0296875
1 0.38515625 0.596875 0.0078125 0.034375
1 0.1828125 0.5890625 0.0203125 0.0171875
1 0.2546875 0.86875 0.021875 0.0296875
0 0.7875 0.7984375 0.0875 0.1296875
1 0.625 0.8703125 0.0109375 0.0109375
0 0.6640625 0.8046875 0.1265625 0.1328125
1 0.77578125 0.996875 0.0203125 0.00625
1 0.8421875 0.925 0.028125 0.0203125
1 0.7421875 0.86875 0.028125 0.0234375
1 0.653125 0.9796875 0.0265625 0.025
1 0.99140625 0.99375 0.0171875 0.0125
0 0.9390625 0.7921875 0.0890625 0.134375
0 0.98671875 0.78828125 0.0265625 0.1671875
1 0.95703125 0.6 0.0421875 0.040625
1 0.928125 0.6015625 0.0265625 0.025
1 0.734375 0.5984375 0.0203125 0.0203125
1 0.6859375 0.61875 0.0234375 0.028125
1 0.6875 0.6 0.015625 0.021875
1 0.6265625 0.6 0.0234375 0.0203125
1 0.6328125 0.5828125 0.021875 0.00625