0 0.27265625 0.1734375 0.2234375 0.346875
1 0.55 0.1703125 0.01875 0.040625
1 0.503125 0.1265625 0.0359375 0.0140625
1 0.2671875 0.315625 0.0390625 0.04375
1 0.2109375 0.0421875 0.0234375 0.0265625
1 0.13125 0.0921875 0.03125 0.0328125
1 0.0484375 0.2578125 0.0203125 0.015625
1 0.3984375 0.38125 0.0328125 0.015625
1 0.35625 0.315625 0.0296875 0.0359375
0 0.26953125 0.0859375 0.2796875 0.171875
1 0.23125 0.15 0.05625 0.065625
0 0.2625 0.4953125 0.1046875 0.0546875
0 0.4046875 0.44375 0.09375 0.15625
0 0.2390625 0.484375 0.0453125 0.075
0 0.2625 0.43125 0.525 0.175
1 0.5890625 0.2 0.0125 0.00625
1 0.584375 0.215625 0.0078125 0.0203125
1 0.60625 0.2703125 0.03125 0.025
1 0.70625 0.234375 0.03125 0.0359375
1 0.696875 0.253125 0.0125 0.01875
1 0.6515625 0.2828125 0.025 0.0125
1 0.6859375 0.2765625 0.0125 0.009375
1 0.640625 0.3078125 0.028125 0.04375
1 0.66875 0.321875 0.0375 0.0453125
1 0.58125 0.35625 0.0234375 0.0125
1 0.640625 0.3921875 0.0359375 0.0296875
1 0.6796875 0.415625 0.021875 0.0140625
1 0.6453125 0.4265625 0.028125 0.0140625
1 0.634375 0.4640625 0.0359375 0.053125
1 0.58046875 0.45625 0.0421875 0.028125
1 0.571875 0.50859375 0.025 0.0390625
1 0.5671875 0.56484375 0.015625 0.0203125
1 0.725 0.5296875 0.0328125 0.0390625
1 0.7515625 0.553125 0.0296875 0.021875
1 0.76875 0.2203125 0.0328125 0.0171875
1 0.7953125 0.228125 0.0453125 0.065625
1 0.8296875 0.2390625 0.0546875 0.0375
1 0.8578125 0.246875 0.0234375 0.0453125
1 0.9078125 0.275 0.034375 0.0390625
1 0.940625 0.24375 0.021875 0.0203125
1 0.953125 0.2328125 0.0109375 0.0078125
1 0.96875 0.2796875 0.009375 0.009375
1 0.84375 0.3078125 0.053125 0.05625
1 0.865625 0.4109375 0.0328125 0.046875
1 0.859375 0.446875 0.021875 0.040625
1 0.809375 0.4578125 0.0375 0.0546875
1 0.7875 0.465625 0.0140625 0.00625
1 0.790625 0.490625 0.003125 0.0078125
1 0.865625 0.5375 0.040625 0.0578125
1 0.946875 0.51875 0.0234375 0.028125
1 0.95625 0.521875 0.0109375 0.0140625
1 0.975 0.509375 0.0125 0.015625
1 0.9640625 0.409375 0.03125 0.0359375
1 0.89375 0.2078125 0.040625 0.0390625
1 0.94375 0.190625 0.0328125 0.0265625
1 0.9578125 0.2140625 0.084375 0.075
1 0.971875 0.1890625 0.0390625 0.025
1 0.9734375 0.1953125 0.03125 0.0375
1 0.99296875 0.446875 0.0140625 0.0125
1 0.996875 0.565625 0.00625 0.01875
1 0.9875 0.5328125 0.0109375 0.0109375
1 0.15390625 0.98984375 0.0359375 0.0203125
1 0.0421875 0.98203125 0.05625 0.0359375
1 0.1875 0.95625 0.025 0.0265625
1 0.4734375 0.9296875 0.0171875 0.0171875
1 0.1390625 0.95 0.0421875 0.0484375
1 0.4734375 0.8734375 0.0140625 0.01875
1 0.3203125 0.8578125 0.0203125 0.0234375
1 0.1484375 0.8203125 0.01875 0.01875
0 0.271875 0.8171875 0.0484375 0.0671875
1 0.55 0.734375 0.0140625 0.015625
1 0.409375 0.7125 0.028125 0.0203125
1 0.05625 0.6953125 0.0171875 0.0359375
1 0.4171875 0.68125 0.021875 0.0171875
1 0.5015625 0.678125 0.015625 0.0265625
1 0.15625 0.66875 0.059375 0.04375
1 0.309375 0.6125 0.028125 0.00625
1 0.0875 0.9265625 0.0296875 0.0359375
1 0.2046875 0.9484375 0.0109375 0.0140625
1 0.2078125 0.990625 0.01875 0.01875
1 0.01328125 0.81484375 0.0265625 0.0296875
1 0.05 0.8078125 0.0578125 0.0359375
1 0.1515625 0.78125 0.065625 0.0421875
1 0.15 0.7546875 0.034375 0.025
1 0.1359375 0.875 0.0125 0.015625
1 0.021875 0.7296875 0.0109375 0.0140625
1 0.31953125 0.99609375 0.0078125 0.0078125
1 0.315625 0.95625 0.0125 0.0296875
1 0.340625 0.9421875 0.0109375 0.0171875
0 0.2734375 0.8859375 0.05625 0.1078125
1 0.259375 0.66875 0.0265625 0.0203125
0 0.26875 0.75 0.053125 0.0453125
0 0.265625 0.6859375 0.046875 0.11875
1 0.3234375 0.625 0.0328125 0.0328125
1 0.34375 0.653125 0.03125 0.046875
1 0.3609375 0.6375 0.0140625 0.0140625
1 0.4203125 0.7640625 0.0203125 0.021875
1 0.4046875 0.878125 0.0234375 0.0265625
1 0.54921875 0.65546875 0.0203125 0.0203125
1 0.515625 0.896875 0.009375 0.015625
1 0.5703125 0.78203125 0.021875 0.0796875
1 0.57578125 0.91484375 0.0328125 0.0671875
1 0.603125 0.86015625 0.0875 0.0546875
1 0.58125 0.603125 0.04375 0.046875
1 0.60625 0.6609375 0.05625 0.046875
1 0.659375 0.675 0.0484375 0.071875
1 0.6125 0.7515625 0.0625 0.0359375
1 0.7046875 0.8109375 0.065625 0.08125
1 0.740625 0.796875 0.0375 0.0390625
1 0.7234375 0.8984375 0.065625 0.075
1 0.7390625 0.93125 0.0484375 0.034375
1 0.796875 0.8171875 0.065625 0.0375
0 0.865625 0.859375 0.103125 0.1453125
0 0.88125 0.659375 0.0734375 0.0953125
1 0.96953125 0.6453125 0.0609375 0.084375
1 0.9765625 0.70234375 0.046875 0.0484375
1 0.83125 0.7890625 0.0515625 0.0390625
1 0.98046875 0.80546875 0.0390625 0.0546875
1 0.98359375 0.89609375 0.0328125 0.1046875
1 0.9546875 0.909375 0.046875 0.0546875