1 0.44375 0.2515625 0.0109375 0.0140625
1 0.3671875 0.1484375 0.0109375 0.009375
1 0.2890625 0.5875 0.0265625 0.025
1 0.275 0.3328125 0.009375 0.009375
0 0.3453125 0.4578125 0.1484375 0.15
1 0.2515625 0.2265625 0.0296875 0.034375
1 0.165625 0.1421875 0.0234375 0.0125
1 0.159375 0.5453125 0.046875 0.0640625
1 0.0234375 0.4578125 0.0125 0.0140625
1 0.078125 0.615625 0.0078125 0.00625
1 0.065625 0.5828125 0.0078125 0.003125
1 0.028125 0.4546875 0.00625 0.0078125
1 0.4015625 0.3640625 0.03125 0.028125
1 0.3890625 0.30625 0.0296875 0.0265625
1 0.2953125 0.3515625 0.015625 0.0078125
1 0.0125 0.16875 0.0234375 0.034375
1 0.021875 0.1140625 0.0171875 0.021875
1 0.434375 0.1953125 0.0078125 0.00625
0 0.0265625 0.4125 0.053125 0.08125
0 0.103125 0.4359375 0.20625 0.153125
1 0.9796875 0.5515625 0.01875 0.025
1 0.9515625 0.2640625 0.0125 0.03125
1 0.9484375 0.284375 0.009375 0.00625
1 0.9140625 0.2953125 0.0125 0.0125
1 0.8453125 0.590625 0.0265625 0.034375
1 0.815625 0.0640625 0.0140625 0.0125
1 0.7546875 0.409375 0.021875 0.0125
1 0.7421875 0.278125 0.0171875 0.015625
1 0.73125 0.459375 0.0265625 0.025
1 0.640625 0.4890625 0.0328125 0.0328125
1 0.63125 0.3171875 0.0296875 0.0421875
1 0.6234375 0.2625 0.025 0.0234375
1 0.60625 0.25546875 0.0125 0.0203125
1 0.60703125 0.359375 0.0140625 0.01875
1 0.60546875 0.07734375 0.0109375 0.0171875
0 0.62734375 0.05 0.0546875 0.1
1 0.675 0.63125 0.015625 0.0125
0 0.9140625 0.5359375 0.103125 0.0390625
1 0.859375 0.4734375 0.015625 0.0234375
1 0.83125 0.49375 0.021875 0.0171875
1 0.7921875 0.48125 0.0203125 0.0203125
0 0.7546875 0.5578125 0.090625 0.1
0 0.6703125 0.5375 0.1171875 0.1
1 0.878125 0.4578125 0.015625 0.0171875
1 0.7328125 0.2515625 0.015625 0.0234375
1 0.6375 0.2375 0.0203125 0.0203125
1 0.634375 0.153125 0.0125 0.021875
0 0.96171875 0.05078125 0.0484375 0.1015625
0 0.921875 0.0515625 0.134375 0.103125
0 0.803125 0.025 0.115625 0.05
0 0.734375 0.0359375 0.1375 0.071875
1 0.4640625 0.9765625 0.0078125 0.009375
1 0.3265625 0.90625 0.0109375 0.00625
1 0.209375 0.76875 0.015625 0.015625
1 0.140625 0.890625 0.0125 0.00625
0 0.4328125 0.953125 0.184375 0.09375
1 0.4875 0.775 0.0296875 0.025
1 0.453125 0.74375 0.0390625 0.053125
1 0.396875 0.7609375 0.025 0.034375
1 0.37421875 0.65 0.0265625 0.021875
1 0.35859375 0.6453125 0.0171875 0.0125
1 0.3453125 0.678125 0.046875 0.04375
1 0.15625 0.64140625 0.025 0.0046875
1 0.06171875 0.6453125 0.0265625 0.0125
1 0.34375 0.8203125 0.028125 0.025
1 0.309375 0.7453125 0.01875 0.0140625
1 0.3203125 0.753125 0.015625 0.015625
1 0.3296875 0.7328125 0.009375 0.0078125
1 0.3390625 0.7484375 0.009375 0.0140625
1 0.3359375 0.75625 0.0171875 0.0078125
1 0.20859375 0.99765625 0.0109375 0.0046875
0 0.2703125 0.91875 0.1125 0.1625
1 0.21875 0.6921875 0.009375 0.0046875
1 0.1921875 0.6640625 0.015625 0.0109375
0 0.13828125 0.89765625 0.2765625 0.2046875
0 0.04765625 0.9765625 0.0953125 0.046875
1 0.1296875 0.9328125 0.0140625 0.0125
1 0.834375 0.9703125 0.01875 0.015625
1 0.7078125 0.65625 0.06875 0.034375
1 0.625 0.671875 0.0265625 0.0265625