1 0.0640625 0.2515625 0.040625 0.053125
1 0.046875 0.40625 0.053125 0.025
1 0.0578125 0.471875 0.0328125 0.0203125
1 0.078125 0.5171875 0.034375 0.03125
1 0.2140625 0.4546875 0.0515625 0.01875
1 0.196875 0.4265625 0.0328125 0.04375
1 0.2859375 0.28125 0.0125 0.0515625
1 0.1125 0.2515625 0.025 0.0546875
0 0.4609375 0.24375 0.1265625 0.0625
0 0.44375 0.525 0.103125 0.1484375
0 0.471875 0.61796875 0.08125 0.0421875
1 0.528125 0.54453125 0.021875 0.0453125
1 0.5046875 0.4578125 0.0359375 0.021875
1 0.484375 0.390625 0.0421875 0.0375
1 0.4875 0.3140625 0.0171875 0.021875
1 0.496875 0.334375 0.0234375 0.025
1 0.5171875 0.328125 0.015625 0.021875
1 0.4765625 0.3578125 0.0234375 0.0140625
1 0.125 0.578125 0.0375 0.03125
1 0.046875 0.5875 0.03125 0.03125
1 0.046875 0.5578125 0.0109375 0.04375
1 0.1125 0.5546875 0.0234375 0.0234375
1 0.075 0.5875 0.0203125 0.0203125
1 0.0828125 0.60625 0.0171875 0.0234375
1 0.06328125 0.62734375 0.0359375 0.0234375
1 0.0265625 0.6140625 0.0203125 0.0125
1 0.38125 0.44375 0.01875 0.0171875
1 0.8296875 0.3328125 0.03125 0.0375
1 0.6859375 0.284375 0.0484375 0.0390625
1 0.5859375 0.5234375 0.0125 0.034375
0 0.7 0.3015625 0.15625 0.240625
0 0.71875 0.3578125 0.2546875 0.3515625
0 0.740625 0.58984375 0.403125 0.0984375
0 0.70859375 0.6 0.3390625 0.078125
1 0.95 0.47265625 0.1 0.1265625
1 0.671875 0.315625 0.015625 0.0484375
1 0.4859375 0.771875 0.0078125 0.009375
1 0.1203125 0.70625 0.025 0.0234375
1 0.05625 0.69375 0.0171875 0.015625
1 0.03515625 0.65546875 0.0296875 0.0328125
1 0.4421875 0.76875 0.0703125 0.0484375
1 0.4734375 0.73125 0.0640625 0.0578125
0 0.3765625 0.6984375 0.08125 0.11875
1 0.44921875 0.68125 0.1046875 0.084375
0 0.4140625 0.775 0.1359375 0.0890625
0 0.81328125 0.96796875 0.2203125 0.0640625
1 0.9109375 0.8671875 0.0171875 0.0140625
1 0.9109375 0.8375 0.00625 0.009375
0 0.7734375 0.9 0.346875 0.2