1 0.509375 0.51875 0.0296875 0.0140625
1 0.46328125 0.5703125 0.0234375 0.01875
1 0.496875 0.446875 0.0296875 0.0234375
1 0.475 0.4265625 0.025 0.0359375
1 0.4765625 0.38125 0.034375 0.03125
1 0.421875 0.3125 0.0375 0.0265625
1 0.5 0.296875 0.021875 0.025
1 0.4859375 0.31875 0.0265625 0.025
1 0.26171875 0.57578125 0.0390625 0.0078125
1 0.321875 0.565625 0.0625 0.028125
1 0.3484375 0.5015625 0.021875 0.021875
1 0.2921875 0.3484375 0.028125 0.046875
1 0.265625 0.321875 0.0328125 0.046875
1 0.20625 0.34375 0.025 0.0203125
1 0.184375 0.35 0.021875 0.0265625
1 0.1375 0.334375 0.0203125 0.034375
1 0.146875 0.315625 0.046875 0.034375
1 0.1203125 0.29375 0.0234375 0.03125
1 0.046875 0.18125 0.021875 0.0296875
1 0.0734375 0.265625 0.015625 0.0296875
1 0.1484375 0.4390625 0.0296875 0.0296875
1 0.0515625 0.496875 0.021875 0.0296875
1 0.9421875 0.0421875 0.028125 0.0328125
1 0.7890625 0.05625 0.0234375 0.0140625
1 0.696875 0.1953125 0.028125 0.04375
1 0.73125 0.2171875 0.01875 0.0296875
1 0.953125 0.25 0.0203125 0.0296875
1 0.8953125 0.253125 0.03125 0.0375
1 0.73125 0.2859375 0.0484375 0.0515625
1 0.94375 0.3171875 0.0234375 0.0234375
1 0.9203125 0.3515625 0.0359375 0.0359375
1 0.990625 0.35859375 0.01875 0.0328125
1 0.946875 0.00546875 0.021875 0.0109375
1 0.6015625 0.334375 0.025 0.03125
1 0.665625 0.228125 0.0171875 0.0234375
1 0.646875 0.246875 0.021875 0.0203125
1 0.6375 0.2328125 0.0328125 0.0171875
1 0.7515625 0.3890625 0.0296875 0.021875
1 0.7453125 0.3796875 0.040625 0.028125
1 0.74921875 0.0125 0.0234375 0.025
1 0.6859375 0.028125 0.0375 0.025
1 0.653125 0.059375 0.034375 0.0359375
1 0.80625 0.015625 0.0203125 0.0171875
1 0.8203125 0.053125 0.025 0.0234375
1 0.7546875 0.128125 0.0234375 0.0359375
0 0.878125 0.128125 0.1296875 0.071875
0 0.8375 0.096875 0.153125 0.1046875
1 0.8015625 0.1578125 0.015625 0.021875
1 0.7765625 0.1703125 0.0296875 0.021875
1 0.909375 0.1640625 0.025 0.0234375
1 0.890625 0.1640625 0.0234375 0.0171875
1 0.609375 0.071875 0.03125 0.0234375
1 0.66484375 0.00546875 0.0421875 0.0109375
1 0.63046875 0.00703125 0.0390625 0.0140625
1 0.6265625 0.096875 0.03125 0.0234375
1 0.7859375 0.3171875 0.0390625 0.04375
0 0.8421875 0.3390625 0.0734375 0.121875
0 0.81875 0.2203125 0.1296875 0.1125
1 0.5546875 0.9265625 0.009375 0.021875
1 0.5078125 0.9296875 0.009375 0.0125
1 0.475 0.8140625 0.01875 0.015625
1 0.471875 0.8234375 0.01875 0.0125
1 0.4875 0.8515625 0.00625 0.0109375
1 0.428125 0.9 0.0203125 0.0328125
1 0.4359375 0.9578125 0.015625 0.0203125
1 0.446875 0.9625 0.003125 0.00625
1 0.3609375 0.9625 0.0109375 0.009375
1 0.353125 0.9546875 0.04375 0.0296875
1 0.328125 0.95 0.015625 0.0140625
1 0.3953125 0.8984375 0.01875 0.01875
1 0.3859375 0.88125 0.028125 0.0140625
1 0.36875 0.909375 0.021875 0.040625
1 0.3640625 0.91875 0.0484375 0.0125
1 0.3640625 0.93125 0.01875 0.0234375
1 0.359375 0.85 0.00625 0.0140625
1 0.3578125 0.840625 0.0234375 0.025
1 0.359375 0.8296875 0.0109375 0.0140625
1 0.3984375 0.8125 0.0171875 0.01875
1 0.346875 0.7625 0.0375 0.034375
1 0.3375 0.753125 0.0296875 0.0140625
1 0.0953125 0.99765625 0.009375 0.0046875
1 0.125 0.9296875 0.1109375 0.0875
1 0.1796875 0.934375 0.0390625 0.0375
1 0.2171875 0.9046875 0.034375 0.0328125
1 0.2359375 0.9265625 0.0265625 0.0234375
1 0.21875 0.8640625 0.015625 0.03125
1 0.1765625 0.8375 0.028125 0.03125
1 0.1796875 0.8125 0.03125 0.0390625
1 0.16875 0.7890625 0.0375 0.0296875
1 0.159375 0.878125 0.03125 0.028125
0 0.278125 0.928125 0.078125 0.11875
0 0.2421875 0.95078125 0.121875 0.0984375
1 0.021875 0.7609375 0.028125 0.03125
1 0.00703125 0.9703125 0.0140625 0.028125
1 0.04375 0.9265625 0.0234375 0.0203125
1 0.06484375 0.99296875 0.0359375 0.0140625
1 0.0515625 0.99765625 0.0125 0.0046875
1 0.26875 0.809375 0.0203125 0.0109375
0 0.25625 0.84375 0.14375 0.0984375
0 0.253125 0.7765625 0.046875 0.059375
1 0.9421875 0.5953125 0.009375 0.009375
1 0.8546875 0.871875 0.0234375 0.0265625
0 0.86015625 0.725 0.2796875 0.290625
0 0.92578125 0.82265625 0.1484375 0.1421875