1 0.18359375 0.275 0.0328125 0.028125
0 0.1921875 0.1640625 0.0546875 0.1203125
1 0.25703125 0.01640625 0.0234375 0.0171875
1 0.209375 0.00390625 0.015625 0.0078125
1 0.16875 0.0859375 0.009375 0.015625
0 0.24921875 0.18359375 0.0390625 0.0984375
1 0.8578125 0.0828125 0.021875 0.0140625
1 0.69921875 0.01171875 0.0328125 0.0234375
1 0.4921875 0.0203125 0.0296875 0.0203125
1 0.453125 0.1125 0.028125 0.0390625
1 0.42421875 0.0109375 0.0234375 0.021875
1 0.3828125 0.065625 0.0328125 0.0328125
1 0.603125 0.1 0.040625 0.0484375
1 0.646875 0.1015625 0.0421875 0.053125
1 0.53125 0.1421875 0.0625 0.0390625
1 0.70625 0.090625 0.0421875 0.0359375
1 0.6875 0.1265625 0.0328125 0.028125
1 0.7390625 0.0140625 0.0171875 0.021875
1 0.8171875 0.028125 0.034375 0.05625
1 0.853125 0.0328125 0.0328125 0.028125
1 0.7921875 0.0390625 0.025 0.015625
1 0.23515625 0.92890625 0.0671875 0.1015625
1 0.0125 0.6921875 0.025 0.0296875
1 0.0703125 0.7484375 0.034375 0.0390625
1 0.0515625 0.634375 0.0484375 0.05625
1 0.134375 0.5359375 0.021875 0.0390625
1 0.159375 0.55 0.01875 0.0296875
0 0.0765625 0.39375 0.1203125 0.1125
0 0.1671875 0.425 0.096875 0.1453125
1 0.184375 0.3265625 0.0171875 0.0109375
1 0.265625 0.40546875 0.00625 0.0171875
1 0.0921875 0.5546875 0.0140625 0.0140625
1 0.0828125 0.46875 0.0296875 0.021875
1 0.18125 0.4375 0.015625 0.0171875
0 0.1265625 0.9140625 0.2 0.171875
0 0.0578125 0.9 0.115625 0.109375
1 0.0265625 0.3859375 0.01875 0.03125
0 0.2296875 0.4578125 0.0625 0.08125
1 0.25234375 0.41015625 0.0328125 0.0296875
1 0.25703125 0.3671875 0.0234375 0.05
0 0.8125 0.7921875 0.0546875 0.0890625
0 0.690625 0.784375 0.165625 0.078125
1 0.475 0.46875 0.0109375 0.0140625
1 0.4640625 0.7109375 0.015625 0.01875
1 0.6015625 0.58125 0.040625 0.0234375
1 0.603125 0.5515625 0.015625 0.028125
1 0.5140625 0.5328125 0.0234375 0.028125
1 0.8203125 0.5015625 0.034375 0.0390625
1 0.7625 0.740625 0.028125 0.0203125
1 0.7859375 0.8359375 0.0515625 0.05
1 0.615625 0.853125 0.046875 0.046875
1 0.4421875 0.8578125 0.059375 0.0265625
1 0.41875 0.85625 0.0171875 0.0296875
1 0.353125 0.6578125 0.0234375 0.028125
1 0.3421875 0.7015625 0.0234375 0.0265625
1 0.396875 0.5390625 0.0328125 0.0140625
1 0.3796875 0.5609375 0.0140625 0.0328125
1 0.334375 0.5203125 0.0203125 0.0265625
1 0.4453125 0.4640625 0.028125 0.0296875
0 0.6609375 0.31484375 0.128125 0.0515625
1 0.6671875 0.34375 0.03125 0.0296875
1 0.5890625 0.3578125 0.0296875 0.0203125
1 0.5515625 0.30625 0.0265625 0.0234375
1 0.540625 0.35 0.03125 0.028125
1 0.384375 0.3015625 0.01875 0.025
1 0.3703125 0.334375 0.0171875 0.0234375
1 0.34375 0.4578125 0.03125 0.0234375
1 0.65 0.8203125 0.021875 0.028125
1 0.4859375 0.75 0.025 0.0359375
1 0.4578125 0.69375 0.025 0.0296875
1 0.375 0.81875 0.025 0.0203125
1 0.384375 0.834375 0.0234375 0.025
1 0.44375 0.8390625 0.025 0.01875
1 0.475 0.765625 0.0203125 0.0234375
1 0.38125 0.78125 0.0359375 0.028125
1 0.4375 0.8140625 0.0171875 0.0359375
1 0.35 0.6328125 0.0203125 0.0203125