1 0.3109375 0.0953125 0.0625 0.0671875
0 0.3046875 0.278125 0.075 0.18125
1 0.184375 0.35625 0.05 0.0265625
1 0.109375 0.075 0.0421875 0.0359375
1 0.025 0.25 0.028125 0.0390625
0 0.196875 0.2703125 0.146875 0.13125
1 0.2453125 0.1640625 0.1203125 0.0875
1 0.2375 0.0875 0.0546875 0.0765625
1 0.1953125 0.040625 0.065625 0.075
1 0.2046875 0.0359375 0.0203125 0.0140625
1 0.2375 0.05625 0.0203125 0.0265625
0 0.10625 0.2703125 0.121875 0.1421875
1 0.134375 0.3265625 0.034375 0.04375
1 0.059375 0.1703125 0.090625 0.0921875
1 0.0546875 0.01171875 0.065625 0.0234375
1 0.0765625 0.0515625 0.0578125 0.078125
1 0.0578125 0.0328125 0.01875 0.025
1 0.028125 0.053125 0.0328125 0.05625
1 0.01328125 0.134375 0.0265625 0.146875
1 0.0046875 0.16640625 0.009375 0.0359375
0 0.5765625 0.42890625 0.096875 0.0609375
1 0.6453125 0.4046875 0.0375 0.0609375
1 0.665625 0.4359375 0.04375 0.040625
0 0.734375 0.40546875 0.075 0.1078125
0 0.8921875 0.43125 0.125 0.05625
0 0.94765625 0.41875 0.0671875 0.08125
1 0.5078125 0.0765625 0.028125 0.03125
1 0.89375 0.1578125 0.040625 0.025
1 0.85 0.1234375 0.05 0.0484375
1 0.8171875 0.046875 0.025 0.03125
1 0.6796875 0.059375 0.0203125 0.021875
1 0.675 0.0125 0.0234375 0.021875
1 0.7828125 0.05 0.0234375 0.015625
1 0.7875 0.034375 0.021875 0.0203125
1 0.2765625 0.9703125 0.0375 0.0578125
1 0.2375 0.9609375 0.01875 0.03125
1 0.2296875 0.9328125 0.009375 0.015625
1 0.2453125 0.8859375 0.0234375 0.0296875
1 0.228125 0.884375 0.0140625 0.00625
1 0.234375 0.85625 0.0484375 0.04375
1 0.2203125 0.84375 0.025 0.0296875
1 0.2484375 0.834375 0.015625 0.0265625
1 0.1828125 0.9234375 0.01875 0.021875
1 0.159375 0.884375 0.01875 0.0203125
1 0.1484375 0.8453125 0.0421875 0.0203125
1 0.1515625 0.9671875 0.034375 0.05625
1 0.1375 0.9640625 0.0046875 0.003125
1 0.0734375 0.978125 0.0234375 0.028125
1 0.01484375 0.92734375 0.0296875 0.0484375
1 0.034375 0.8828125 0.009375 0.00625
1 0.0140625 0.859375 0.0203125 0.01875
1 0.0734375 0.80625 0.015625 0.0203125
1 0.1640625 0.7328125 0.034375 0.01875
1 0.1375 0.7265625 0.015625 0.0140625
1 0.1296875 0.7484375 0.0421875 0.04375
1 0.09375 0.6921875 0.05625 0.046875
1 0.13125 0.659375 0.046875 0.04375
0 0.0125 0.621875 0.025 0.046875
1 0.0171875 0.60078125 0.034375 0.0953125
1 0.134375 0.46953125 0.0375 0.0203125
1 0.1421875 0.55625 0.028125 0.0265625
1 0.11875 0.55 0.0140625 0.0171875
1 0.0890625 0.525 0.0109375 0.0234375
1 0.071875 0.490625 0.025 0.0375
1 0.209375 0.5296875 0.075 0.0625
1 0.290625 0.5109375 0.009375 0.0125
1 0.2390625 0.4734375 0.009375 0.028125
1 0.2140625 0.478125 0.0109375 0.0296875
0 0.184375 0.6484375 0.15625 0.1203125
0 0.2328125 0.6203125 0.125 0.14375
0 0.271875 0.6 0.0484375 0.15
1 0.9953125 0.78828125 0.009375 0.0171875
1 0.978125 0.4953125 0.0078125 0.0203125
1 0.9453125 0.6046875 0.0203125 0.0203125
1 0.9328125 0.7953125 0.0078125 0.0125
1 0.9265625 0.76875 0.034375 0.01875
1 0.8859375 0.490625 0.0203125 0.025
1 0.9 0.7234375 0.053125 0.0234375
1 0.8625 0.790625 0.025 0.0375
1 0.8453125 0.9390625 0.0109375 0.0078125
1 0.834375 0.475 0.0234375 0.015625
1 0.834375 0.540625 0.0265625 0.0375
1 0.790625 0.8578125 0.0140625 0.0078125
1 0.7171875 0.7125 0.0078125 0.009375
1 0.684375 0.6859375 0.015625 0.015625
1 0.6625 0.7203125 0.021875 0.01875
1 0.659375 0.8390625 0.0140625 0.0375
0 0.6734375 0.58125 0.04375 0.0484375
1 0.6828125 0.5625 0.015625 0.0203125
1 0.66015625 0.9875 0.0171875 0.025
1 0.9046875 0.9875 0.0171875 0.01875
1 0.915625 0.9921875 0.01875 0.015625
1 0.940625 0.9875 0.09375 0.025
1 0.9890625 0.94375 0.021875 0.0375
1 0.6828125 0.9390625 0.0625 0.04375
1 0.703125 0.9 0.1015625 0.140625
1 0.6796875 0.9625 0.021875 0.015625
1 0.725 0.81875 0.0796875 0.0375
1 0.7953125 0.896875 0.0859375 0.059375
1 0.853125 0.9171875 0.0546875 0.0359375
1 0.8140625 0.9125 0.0375 0.0328125
1 0.8140625 0.871875 0.0109375 0.0125
1 0.821875 0.8609375 0.015625 0.015625
1 0.99375 0.8296875 0.0125 0.040625
1 0.98359375 0.85234375 0.0328125 0.0421875
1 0.9140625 0.89375 0.0765625 0.0484375
1 0.9671875 0.9125 0.0390625 0.034375
1 0.97421875 0.65703125 0.0515625 0.0640625
1 0.946875 0.5203125 0.0296875 0.01875
0 0.7546875 0.565625 0.1078125 0.115625
1 0.6890625 0.525 0.0546875 0.0359375
0 0.8578125 0.5859375 0.115625 0.1421875
1 0.940625 0.5515625 0.0328125 0.0328125
1 0.9234375 0.521875 0.0625 0.0484375
1 0.6671875 0.46875 0.03125 0.0171875
1 0.7046875 0.46953125 0.025 0.0203125
1 0.925 0.48203125 0.065625 0.0453125
1 0.88125 0.8453125 0.028125 0.03125
1 0.9203125 0.8078125 0.0234375 0.0546875
1 0.94375 0.840625 0.025 0.040625
1 0.9140625 0.853125 0.084375 0.0625
1 0.684375 0.625 0.0234375 0.01875
1 0.675 0.6640625 0.0125 0.015625
1 0.98671875 0.7203125 0.0265625 0.025
1 0.73125 0.63125 0.0140625 0.0125
1 0.7171875 0.6421875 0.0203125 0.028125
1 0.7453125 0.759375 0.059375 0.0453125
1 0.703125 0.734375 0.0390625 0.0359375
1 0.7203125 0.5828125 0.01875 0.0171875