1 0.2671875 0.4625 0.01875 0.015625
1 0.234375 0.3734375 0.0234375 0.025
1 0.2546875 0.4 0.0453125 0.034375
1 0.275 0.3640625 0.034375 0.0375
1 0.2875 0.2234375 0.053125 0.065625
1 0.503125 0.1765625 0.0234375 0.040625
1 0.09375 0.01875 0.0359375 0.03125
1 0.4796875 0.1265625 0.0078125 0.0046875
1 0.4046875 0.109375 0.0125 0.015625
1 0.4109375 0.01953125 0.075 0.0390625
0 0.025 0.215625 0.0296875 0.0515625
0 0.465625 0.42421875 0.128125 0.1515625
0 0.5046875 0.32109375 0.05 0.0328125
0 0.0921875 0.409375 0.165625 0.18125
1 0.75390625 0.48125 0.0515625 0.0375
1 0.73125 0.4703125 0.015625 0.059375
1 0.7625 0.44375 0.021875 0.0171875
1 0.7578125 0.4296875 0.0296875 0.0171875
1 0.9578125 0.403125 0.0484375 0.053125
1 0.990625 0.36171875 0.01875 0.0734375
1 0.9734375 0.3375 0.034375 0.0265625
1 0.8671875 0.38125 0.040625 0.034375
1 0.8890625 0.4078125 0.0421875 0.0375
1 0.8578125 0.4390625 0.0234375 0.0125
1 0.8484375 0.4265625 0.03125 0.0140625
1 0.853125 0.40625 0.0625 0.04375
1 0.8234375 0.4453125 0.021875 0.015625
1 0.7890625 0.38125 0.05 0.0765625
1 0.8625 0.31875 0.0609375 0.0484375
0 0.97578125 0.21875 0.0484375 0.16875
1 0.98984375 0.2953125 0.0203125 0.015625
1 0.990625 0.3109375 0.0140625 0.0078125
1 0.996875 0.25625 0.00625 0.0625
1 0.9671875 0.2359375 0.065625 0.046875
1 0.9578125 0.2546875 0.01875 0.009375
1 0.96875 0.159375 0.03125 0.0265625
1 0.9609375 0.1765625 0.0140625 0.009375
1 0.9515625 0.196875 0.015625 0.009375
1 0.9171875 0.203125 0.034375 0.0203125
1 0.8890625 0.2171875 0.0234375 0.0328125
1 0.8234375 0.3 0.0578125 0.0265625
1 0.8140625 0.3359375 0.03125 0.0296875
1 0.7859375 0.2921875 0.084375 0.0546875
0 0.7828125 0.2203125 0.0984375 0.1234375
1 0.840625 0.18125 0.0203125 0.01875
1 0.7296875 0.178125 0.0109375 0.0890625
1 0.8859375 0.1640625 0.0234375 0.0171875
1 0.865625 0.1671875 0.015625 0.028125
1 0.903125 0.140625 0.015625 0.015625
1 0.915625 0.1203125 0.0234375 0.0171875
1 0.8140625 0.1203125 0.0140625 0.0296875
1 0.796875 0.1046875 0.04375 0.0359375
1 0.75625 0.0953125 0.0234375 0.01875
1 0.8421875 0.09375 0.0328125 0.059375
1 0.834375 0.128125 0.0140625 0.0171875
1 0.784375 0.0609375 0.0515625 0.0359375
1 0.75234375 0.01171875 0.0390625 0.0234375
1 0.7890625 0.00546875 0.025 0.0109375
1 0.82109375 0.00546875 0.0328125 0.0109375
1 0.8421875 0.0578125 0.015625 0.0109375
1 0.81875 0.040625 0.034375 0.0265625
1 0.875 0.05 0.0734375 0.0703125
1 0.9078125 0.00703125 0.015625 0.0140625
1 0.928125 0.0484375 0.0453125 0.0546875
1 0.9546875 0.01015625 0.034375 0.0203125
1 0.9796875 0.0859375 0.0296875 0.0234375
1 0.9796875 0.021875 0.0140625 0.0140625
1 0.11875 0.9828125 0.028125 0.025
1 0.159375 0.996875 0.01875 0.00625
1 0.21875 0.996875 0.021875 0.00625
1 0.25546875 0.9875 0.0453125 0.025
1 0.4 0.86875 0.034375 0.0328125
1 0.4203125 0.8984375 0.03125 0.0296875
1 0.390625 0.909375 0.025 0.0171875
1 0.36875 0.90625 0.0296875 0.015625
1 0.3390625 0.896875 0.0234375 0.0203125
1 0.321875 0.8609375 0.01875 0.025
1 0.4 0.784375 0.034375 0.0359375
1 0.4171875 0.703125 0.03125 0.05625
1 0.4046875 0.6578125 0.025 0.025
1 0.40625 0.6140625 0.04375 0.0328125
1 0.275 0.734375 0.0171875 0.0296875
1 0.2984375 0.890625 0.021875 0.0171875
1 0.296875 0.91875 0.0234375 0.00625
0 0.30234375 0.7453125 0.3265625 0.490625
1 0.1984375 0.9375 0.028125 0.0265625
1 0.225 0.8875 0.034375 0.0359375
1 0.1796875 0.8359375 0.0296875 0.0296875
1 0.196875 0.884375 0.0328125 0.01875
1 0.1796875 0.9 0.0375 0.0375
1 0.1453125 0.853125 0.025 0.0234375
1 0.121875 0.759375 0.0328125 0.0140625
1 0.2375 0.69375 0.0296875 0.0328125
1 0.278125 0.765625 0.0140625 0.0109375
0 0.16640625 0.67265625 0.3328125 0.3453125
1 0.3265625 0.5296875 0.025 0.0203125
1 0.3359375 0.509375 0.0234375 0.015625
1 0.30625 0.5234375 0.0203125 0.0234375
1 0.2859375 0.51875 0.0140625 0.0203125
1 0.2046875 0.665625 0.01875 0.0125
1 0.19375 0.65625 0.025 0.015625
1 0.1921875 0.6421875 0.025 0.0140625
1 0.20625 0.621875 0.034375 0.0328125
1 0.2015625 0.6015625 0.0125 0.0078125
1 0.1796875 0.6109375 0.046875 0.0515625
1 0.1375 0.6171875 0.028125 0.0359375
1 0.121875 0.596875 0.0171875 0.009375
1 0.1140625 0.6109375 0.015625 0.015625
1 0.0640625 0.5953125 0.0203125 0.0203125
1 0.078125 0.6265625 0.025 0.01875
1 0.0234375 0.6140625 0.0171875 0.021875
1 0.1125 0.921875 0.0390625 0.025
1 0.115625 0.8875 0.0390625 0.03125
1 0.0625 0.828125 0.0390625 0.0421875
1 0.0734375 0.778125 0.0265625 0.021875
1 0.0140625 0.7046875 0.021875 0.0265625
1 0.0328125 0.8328125 0.015625 0.0234375
1 0.0546875 0.8546875 0.0234375 0.028125
1 0.0703125 0.871875 0.0375 0.0125
1 0.071875 0.90625 0.0359375 0.028125
1 0.0703125 0.8859375 0.03125 0.0125
1 0.0375 0.9125 0.0234375 0.03125
1 0.046875 0.9015625 0.015625 0.025
1 0.028125 0.8671875 0.0125 0.015625
1 0.01484375 0.88515625 0.0296875 0.0359375
1 0.0078125 0.93203125 0.015625 0.0234375
1 0.1328125 0.5109375 0.03125 0.021875
1 0.021875 0.5828125 0.015625 0.015625
1 0.7515625 0.9546875 0.0203125 0.0328125
1 0.8328125 0.9375 0.015625 0.03125
1 0.821875 0.959375 0.00625 0.00625
1 0.753125 0.990625 0.0078125 0.0109375
1 0.98984375 0.76484375 0.0203125 0.0328125
1 0.921875 0.725 0.0125 0.0078125
1 0.765625 0.6515625 0.0078125 0.0140625
1 0.9640625 0.653125 0.0046875 0.00625
1 0.9421875 0.5859375 0.06875 0.046875
1 0.8046875 0.5703125 0.0125 0.0140625
1 0.728125 0.603125 0.00625 0.0078125
1 0.71875 0.525 0.03125 0.0375
0 0.7671875 0.53203125 0.084375 0.0640625
1 0.75625 0.5203125 0.065625 0.040625
0 0.9328125 0.53203125 0.134375 0.0640625
1 0.925 0.5546875 0.021875 0.0125
0 0.7453125 0.50625 0.065625 0.0125