1 0.2671875 0.01484375 0.046875 0.0296875
1 0.1203125 0.0265625 0.01875 0.0171875
1 0.175 0.0265625 0.03125 0.0359375
1 0.240625 0.078125 0.015625 0.0078125
1 0.63125 0.065625 0.015625 0.0375
1 0.01015625 0.10078125 0.0203125 0.0140625
1 0.2578125 0.1015625 0.0203125 0.021875
1 0.403125 0.11875 0.009375 0.00625
1 0.4171875 0.11875 0.0171875 0.0296875
1 0.303125 0.16875 0.025 0.021875
1 0.4171875 0.1671875 0.028125 0.028125
1 0.2484375 0.171875 0.021875 0.025
1 0.278125 0.175 0.0203125 0.0296875
1 0.496875 0.1859375 0.0265625 0.0359375
1 0.0515625 0.2328125 0.009375 0.009375
1 0.3828125 0.2296875 0.0234375 0.0234375
1 0.2609375 0.2515625 0.03125 0.0234375
1 0.134375 0.25 0.03125 0.03125
1 0.1046875 0.253125 0.0234375 0.0328125
1 0.43125 0.271875 0.025 0.01875
1 0.01875 0.26875 0.0203125 0.0328125
1 0.5359375 0.296875 0.0703125 0.021875
1 0.5703125 0.009375 0.025 0.01875
1 0.63046875 0.1640625 0.0171875 0.028125
1 0.6125 0.1734375 0.01875 0.015625
1 0.62890625 0.20546875 0.0203125 0.0484375
1 0.62578125 0.21328125 0.0265625 0.0140625
1 0.6296875 0.2609375 0.01875 0.0375
1 0.62890625 0.29921875 0.0203125 0.0140625
1 0.6171875 0.2859375 0.01875 0.015625
1 0.6015625 0.3015625 0.0265625 0.0140625
1 0.51875 0.034375 0.040625 0.0296875
1 0.5078125 0.0515625 0.0234375 0.0234375
1 0.62734375 0.01015625 0.0234375 0.0140625
1 0.63125 0.028125 0.015625 0.01875
1 0.6125 0.040625 0.03125 0.021875
1 0.4140625 0.221875 0.025 0.0109375
1 0.4109375 0.20625 0.021875 0.015625
1 0.2875 0.1203125 0.0234375 0.021875
1 0.2734375 0.1328125 0.0265625 0.021875
1 0.1703125 0.121875 0.0125 0.0234375
1 0.165625 0.15 0.01875 0.0234375
1 0.1921875 0.059375 0.034375 0.0265625
1 0.1625 0.0625 0.0234375 0.0375
1 0.140625 0.0796875 0.0375 0.0390625
1 0.01640625 0.23125 0.0328125 0.0375
1 0.01796875 0.20078125 0.0359375 0.0390625
1 0.1515625 0.2078125 0.0390625 0.03125
1 0.1421875 0.2328125 0.01875 0.0125
1 0.090625 0.2015625 0.028125 0.034375
1 0.0984375 0.1734375 0.0265625 0.03125
1 0.3671875 0.190625 0.034375 0.0296875
1 0.3421875 0.1984375 0.025 0.0234375
1 0.3671875 0.26875 0.0234375 0.028125
0 0.3109375 0.2609375 0.0953125 0.096875
1 0.40625 0.075 0.040625 0.03125
1 0.3703125 0.06171875 0.140625 0.1234375
0 0.8953125 0.00234375 0.05625 0.0046875
0 0.8453125 0.4796875 0.0578125 0.078125
0 0.8671875 0.434375 0.1328125 0.1421875
0 0.884375 0.33125 0.134375 0.1171875
1 0.8046875 0.3515625 0.040625 0.0359375
1 0.7265625 0.3875 0.025 0.0234375
1 0.690625 0.509375 0.028125 0.0171875
0 0.9046875 0.2296875 0.1578125 0.1421875
0 0.8890625 0.1171875 0.153125 0.078125
0 0.84140625 0.053125 0.1171875 0.10625
1 0.6828125 0.096875 0.01875 0.0171875
1 0.7046875 0.0703125 0.021875 0.021875
1 0.65 0.5078125 0.0171875 0.021875
1 0.6421875 0.30234375 0.00625 0.0203125
1 0.65859375 0.2734375 0.0390625 0.0375
1 0.68125 0.3390625 0.053125 0.0765625
1 0.6515625 0.2390625 0.015625 0.0109375
1 0.5734375 0.86875 0.0234375 0.046875
1 0.5515625 0.859375 0.0296875 0.034375
1 0.496875 0.7671875 0.0140625 0.0359375
1 0.5609375 0.64921875 0.15625 0.1328125
1 0.0625 0.8953125 0.0296875 0.0296875
1 0.0140625 0.903125 0.0203125 0.0125
1 0.259375 0.7765625 0.0484375 0.0390625
1 0.2203125 0.6734375 0.01875 0.015625
1 0.3421875 0.7984375 0.028125 0.03125
1 0.3296875 0.8875 0.065625 0.046875
1 0.56328125 0.56328125 0.1515625 0.0890625
0 0.4734375 0.775 0.2390625 0.2703125
0 0.4203125 0.6609375 0.2125 0.246875
1 0.4078125 0.575 0.0140625 0.009375
0 0.4359375 0.5796875 0.184375 0.121875
1 0.396875 0.70625 0.025 0.028125
1 0.40625 0.70625 0.0140625 0.0234375
1 0.6484375 0.82578125 0.01875 0.0359375
1 0.65546875 0.61328125 0.0328125 0.0859375
0 0.875 0.6609375 0.2375 0.18125
1 0.840625 0.7484375 0.0140625 0.0171875
1 0.828125 0.75 0.0109375 0.0046875
1 0.8046875 0.5859375 0.0171875 0.0234375
1 0.7890625 0.578125 0.0078125 0.0078125
1 0.965625 0.5828125 0.0296875 0.0234375
1 0.6890625 0.8390625 0.0421875 0.059375
1 0.71875 0.8265625 0.0296875 0.0265625
1 0.734375 0.7953125 0.0125 0.003125
1 0.7953125 0.875 0.0484375 0.05
1 0.68046875 0.9734375 0.0640625 0.053125
0 0.88203125 0.94296875 0.2359375 0.1140625
1 0.9140625 0.953125 0.00625 0.0078125
1 0.8546875 0.959375 0.0078125 0.0078125
0 0.8234375 0.86171875 0.353125 0.2765625
1 0.76875 0.6765625 0.0109375 0.003125