1 0.3171875 0.5453125 0.0203125 0.028125
1 0.34765625 0.56484375 0.0296875 0.0296875
1 0.42109375 0.5703125 0.0203125 0.01875
1 0.3828125 0.5625 0.01875 0.0234375
1 0.3921875 0.5515625 0.034375 0.0484375
1 0.3734375 0.490625 0.01875 0.015625
1 0.4484375 0.5046875 0.01875 0.05
1 0.2734375 0.546875 0.0546875 0.0359375
1 0.2265625 0.546875 0.0171875 0.01875
1 0.1859375 0.56875 0.015625 0.015625
1 0.1984375 0.5390625 0.0078125 0.0125
1 0.1921875 0.51875 0.015625 0.0171875
0 0.14296875 0.55703125 0.0734375 0.0453125
1 0.15 0.54375 0.03125 0.0125
1 0.1328125 0.5546875 0.0234375 0.0078125
1 0.1234375 0.4765625 0.0140625 0.0140625
1 0.1109375 0.559375 0.0234375 0.0078125
1 0.0578125 0.5125 0.025 0.034375
1 0.0703125 0.5140625 0.0171875 0.0234375
1 0.025 0.47890625 0.05 0.0796875
1 0.00546875 0.50625 0.0109375 0.015625
1 0.0640625 0.475 0.0234375 0.0125
1 0.009375 0.5703125 0.01875 0.01875
1 0.075 0.565625 0.025 0.0171875
1 0.440625 0.2640625 0.0296875 0.025
1 0.36875 0.43125 0.0484375 0.0359375
1 0.3546875 0.4015625 0.01875 0.0296875
1 0.340625 0.3546875 0.090625 0.078125
1 0.2921875 0.3203125 0.0578125 0.0375
1 0.315625 0.3109375 0.025 0.021875
1 0.278125 0.284375 0.01875 0.0203125
1 0.4203125 0.4109375 0.071875 0.075
1 0.4 0.35 0.0484375 0.0453125
1 0.434375 0.3921875 0.03125 0.0203125
1 0.4359375 0.35 0.04375 0.01875
1 0.45 0.403125 0.015625 0.015625
1 0.44375 0.371875 0.028125 0.034375
1 0.3578125 0.321875 0.0171875 0.0234375
1 0.4078125 0.2078125 0.03125 0.021875
1 0.375 0.1828125 0.0546875 0.0625
1 0.425 0.159375 0.009375 0.0109375
1 0.2453125 0.1953125 0.021875 0.0296875
1 0.2140625 0.1859375 0.0375 0.0296875
1 0.1984375 0.1546875 0.0171875 0.0140625
1 0.16875 0.15 0.0359375 0.021875
1 0.265625 0.2515625 0.015625 0.0125
1 0.246875 0.4171875 0.0359375 0.0265625
1 0.246875 0.425 0.0203125 0.0203125
1 0.278125 0.421875 0.0265625 0.0359375
1 0.2859375 0.3453125 0.0234375 0.021875
1 0.26875 0.459375 0.0640625 0.0625
1 0.1734375 0.475 0.025 0.028125
1 0.175 0.3578125 0.040625 0.021875
1 0.1453125 0.290625 0.046875 0.034375
1 0.125 0.2671875 0.0328125 0.0171875
1 0.1359375 0.2375 0.053125 0.0171875
1 0.1109375 0.3765625 0.01875 0.0328125
1 0.028125 0.35859375 0.05625 0.0453125
1 0.0578125 0.375 0.0203125 0.0203125
1 0.090625 0.4140625 0.015625 0.015625
1 0.140625 0.275 0.0203125 0.015625
1 0.021875 0.253125 0.0375 0.0546875
1 0.040625 0.2640625 0.0125 0.01875
1 0.0546875 0.25 0.021875 0.015625
1 0.0234375 0.18125 0.03125 0.021875
0 0.4078125 0.0796875 0.0953125 0.084375
1 0.44375 0.0734375 0.0265625 0.015625
1 0.3671875 0.028125 0.0515625 0.040625
1 0.3515625 0.0609375 0.0359375 0.021875
1 0.334375 0.078125 0.0125 0.00625
1 0.2953125 0.0296875 0.06875 0.0328125
0 0.2046875 0.0703125 0.1203125 0.0515625
0 0.2859375 0.0828125 0.0984375 0.0859375
1 0.2671875 0.03671875 0.028125 0.0734375
1 0.2640625 0.0453125 0.01875 0.0203125
1 0.2375 0.04375 0.015625 0.00625
1 0.1078125 0.025 0.0359375 0.021875
1 0.0796875 0.0140625 0.021875 0.028125
1 0.10078125 0.003125 0.0453125 0.00625
1 0.1171875 0.1421875 0.05625 0.0484375
1 0.0953125 0.1140625 0.053125 0.040625
1 0.06875 0.103125 0.034375 0.0421875
1 0.078125 0.084375 0.01875 0.0234375
1 0.0296875 0.06875 0.0375 0.025
1 0.0203125 0.1546875 0.028125 0.034375
1 0.0375 0.15625 0.003125 0.009375
1 0.35625 0.0234375 0.0859375 0.0203125
1 0.640625 0.3765625 0.0578125 0.053125
1 0.6125 0.2859375 0.0359375 0.0328125
1 0.665625 0.3203125 0.040625 0.0453125
1 0.6984375 0.525 0.04375 0.0375
0 0.73125 0.4703125 0.146875 0.0890625
1 0.809375 0.525 0.0296875 0.028125
1 0.56875 0.4921875 0.0203125 0.0140625
1 0.5609375 0.465625 0.0125 0.028125
1 0.7109375 0.39375 0.0078125 0.009375
1 0.85625 0.5328125 0.0390625 0.034375
1 0.8546875 0.4625 0.01875 0.01875
0 0.9140625 0.4734375 0.0921875 0.109375
1 0.9875 0.53671875 0.025 0.0546875
0 0.96796875 0.4515625 0.0640625 0.125
1 0.9546875 0.4109375 0.0140625 0.0125
1 0.56875 0.0953125 0.0296875 0.059375
1 0.6765625 0.190625 0.0453125 0.0390625
1 0.815625 0.225 0.0296875 0.0359375
1 0.8625 0.2421875 0.034375 0.0234375
1 0.8796875 0.2125 0.04375 0.0234375
1 0.915625 0.1234375 0.0109375 0.0171875
1 0.9203125 0.0875 0.01875 0.0234375
1 0.925 0.0984375 0.00625 0.009375
1 0.91875 0.071875 0.0203125 0.0234375
1 0.9796875 0.0765625 0.0265625 0.03125
1 0.85625 0.0265625 0.015625 0.015625
1 0.8484375 0.090625 0.0125 0.021875
1 0.7984375 0.01875 0.0234375 0.0203125
0 0.621875 0.459375 0.1234375 0.0671875
0 0.6515625 0.4578125 0.08125 0.159375
0 0.215625 0.840625 0.078125 0.15
0 0.171875 0.8203125 0.040625 0.0546875
0 0.3375 0.8671875 0.1890625 0.1828125
0 0.428125 0.859375 0.103125 0.109375
1 0.284375 0.7453125 0.0265625 0.0328125
1 0.203125 0.621875 0.0515625 0.0515625
1 0.16875 0.6484375 0.0328125 0.0296875
1 0.4140625 0.7015625 0.0453125 0.06875
1 0.4125 0.6671875 0.0234375 0.04375
1 0.4625 0.6734375 0.034375 0.0390625
1 0.475 0.6015625 0.009375 0.04375
0 0.6890625 0.8296875 0.0796875 0.1625
0 0.821875 0.846875 0.2203125 0.2015625
1 0.709375 0.94375 0.053125 0.0484375
1 0.69609375 0.9875 0.0578125 0.025
1 0.7703125 0.915625 0.04375 0.028125
1 0.7875 0.9625 0.09375 0.075
1 0.84375 0.98828125 0.028125 0.0234375
1 0.92890625 0.98671875 0.0953125 0.0265625
1 0.946875 0.95625 0.0453125 0.028125
1 0.934375 0.9828125 0.034375 0.0125
1 0.95234375 0.88515625 0.0953125 0.0984375
1 0.9609375 0.778125 0.046875 0.0375
1 0.8375 0.7453125 0.059375 0.0515625
1 0.7484375 0.775 0.0671875 0.046875
1 0.7 0.6953125 0.0671875 0.03125
1 0.703125 0.7265625 0.059375 0.01875
1 0.7265625 0.6265625 0.0515625 0.0140625
1 0.85625 0.66875 0.034375 0.0359375
1 0.8953125 0.6390625 0.025 0.0359375
1 0.9703125 0.646875 0.04375 0.028125
1 0.6640625 0.6671875 0.0296875 0.0328125