0 0.1125 0.1796875 0.075 0.0796875
1 0.1578125 0.1453125 0.021875 0.028125
1 0.1828125 0.328125 0.0125 0.015625
1 0.209375 0.18125 0.028125 0.0203125
1 0.259375 0.2890625 0.0125 0.0078125
0 0.35703125 0.2109375 0.1859375 0.18125
1 0.296875 0.2765625 0.015625 0.01875
1 0.2859375 0.2640625 0.015625 0.021875
1 0.58671875 0.003125 0.0265625 0.00625
1 0.6484375 0.01875 0.0390625 0.0234375
1 0.5796875 0.165625 0.0484375 0.05625
1 0.5359375 0.0671875 0.040625 0.0296875
1 0.5015625 0.046875 0.0375 0.03125
0 0.51796875 0.11015625 0.1359375 0.2203125
1 0.52265625 0.259375 0.1453125 0.103125
1 0.4609375 0.34140625 0.021875 0.0390625
1 0.6953125 0.2484375 0.053125 0.0671875
0 0.7984375 0.1296875 0.309375 0.259375
1 0.5015625 0.08125 0.025 0.0390625
1 0.55 0.0171875 0.025 0.01875
1 0.2265625 0.4265625 0.015625 0.0203125
1 0.334375 0.4203125 0.03125 0.046875
1 0.3390625 0.4296875 0.028125 0.0359375
1 0.3578125 0.49375 0.03125 0.021875
1 0.3953125 0.484375 0.05625 0.1046875
1 0.196875 0.465625 0.0265625 0.028125
1 0.2625 0.590625 0.0265625 0.01875
1 0.3796875 0.6765625 0.0265625 0.0203125
1 0.3375 0.6578125 0.0265625 0.034375
1 0.3296875 0.6484375 0.0265625 0.0375
1 0.059375 0.6640625 0.015625 0.0203125
1 0.0421875 0.7171875 0.0078125 0.0140625
0 0.4125 0.959375 0.05625 0.034375
1 0.115625 0.9484375 0.015625 0.015625
1 0.0765625 0.7875 0.04375 0.0359375
1 0.0609375 0.7765625 0.0203125 0.034375
1 0.046875 0.76875 0.0171875 0.025
1 0.053125 0.784375 0.0359375 0.0203125
0 0.04296875 0.8515625 0.0859375 0.296875
1 0.05625 0.8015625 0.01875 0.0140625
1 0.28125 0.7625 0.0515625 0.0390625
0 0.31015625 0.821875 0.2296875 0.35625
0 0.109375 0.834375 0.21875 0.209375
1 0.87578125 0.39140625 0.0390625 0.0046875
0 0.8640625 0.5390625 0.2296875 0.2390625
1 0.86875 0.771875 0.034375 0.05
0 0.5515625 0.5734375 0.196875 0.0953125
1 0.584375 0.853125 0.034375 0.0296875
1 0.721875 0.74375 0.028125 0.0234375