1 0.4078125 0.0796875 0.009375 0.009375
1 0.3453125 0.0328125 0.0109375 0.009375
1 0.3046875 0.3875 0.009375 0.0125
1 0.2953125 0.421875 0.015625 0.021875
1 0.2953125 0.3046875 0.0765625 0.053125
1 0.2171875 0.3328125 0.03125 0.0390625
1 0.1859375 0.15625 0.0140625 0.009375
1 0.1734375 0.190625 0.009375 0.009375
1 0.3375 0.36875 0.0375 0.034375
1 0.4453125 0.3125 0.0265625 0.0484375
1 0.371875 0.346875 0.0203125 0.0390625
0 0.11015625 0.3546875 0.2203125 0.134375
0 0.00859375 0.303125 0.0171875 0.046875
1 0.99453125 0.32734375 0.0109375 0.0359375
1 0.93125 0.3828125 0.0234375 0.0140625
1 0.9046875 0.15 0.0359375 0.021875
1 0.88125 0.2796875 0.0296875 0.0296875
1 0.8859375 0.0171875 0.025 0.0203125
1 0.8765625 0.41875 0.015625 0.0234375
1 0.86875 0.20625 0.0296875 0.0171875
1 0.83125 0.15625 0.0125 0.0125
1 0.8375 0.1140625 0.0265625 0.040625
1 0.78125 0.146875 0.01875 0.0265625
1 0.7453125 0.1953125 0.0453125 0.0625
1 0.7125 0.421875 0.03125 0.0203125
1 0.8109375 0.409375 0.025 0.01875
1 0.8265625 0.41875 0.0171875 0.028125
1 0.8703125 0.4015625 0.0125 0.0171875
1 0.9703125 0.2984375 0.0140625 0.0125
1 0.8 0.265625 0.0375 0.0390625
1 0.696875 0.3453125 0.0125 0.0171875
1 0.715625 0.3265625 0.01875 0.0234375
1 0.7421875 0.296875 0.01875 0.0234375
1 0.8015625 0.1796875 0.0125 0.015625
1 0.6921875 0.2125 0.01875 0.0234375
1 0.9828125 0.1390625 0.021875 0.0203125
1 0.9671875 0.1953125 0.021875 0.0125
1 0.9140625 0.134375 0.03125 0.025
1 0.9 0.11875 0.028125 0.01875
0 0.8625 0.1203125 0.1484375 0.225
1 0.8859375 0.0640625 0.01875 0.0265625
1 0.7359375 0.025 0.0234375 0.0234375
0 0.721875 0.1296875 0.0859375 0.1609375
0 0.52734375 0.69296875 0.0828125 0.1609375
0 0.3734375 0.66875 0.378125 0.234375
0 0.64765625 0.83125 0.1578125 0.1875