1 0.0109375 0.390625 0.021875 0.065625
1 0.0328125 0.39375 0.0234375 0.021875
0 0.0828125 0.2171875 0.165625 0.334375
1 0.003125 0.453125 0.00625 0.025
1 0.13125 0.2984375 0.03125 0.03125
1 0.13125 0.265625 0.0296875 0.028125
1 0.1203125 0.390625 0.0234375 0.0265625
0 0.14375 0.425 0.0796875 0.0375
0 0.1734375 0.315625 0.071875 0.24375
0 0.184375 0.1609375 0.053125 0.1765625
1 0.165625 0.18125 0.04375 0.0390625
1 0.103125 0.1375 0.04375 0.03125
1 0.0796875 0.084375 0.028125 0.03125
1 0.08125 0.0484375 0.046875 0.0484375
1 0.08515625 0.0203125 0.0421875 0.040625
1 0.1359375 0.053125 0.05625 0.0484375
1 0.1828125 0.0453125 0.0578125 0.0515625
1 0.0125 0.0125 0.025 0.025
1 0.009375 0.05625 0.01875 0.03125
1 0.1625 0.00625 0.028125 0.0125
1 0.5171875 0.3015625 0.046875 0.0296875
1 0.5 0.209375 0.025 0.0265625
1 0.5390625 0.2484375 0.05625 0.040625
1 0.6953125 0.3078125 0.0265625 0.0375
1 0.60625 0.1171875 0.0375 0.0453125
1 0.4765625 0.0578125 0.0390625 0.0296875
1 0.5265625 0.09375 0.0359375 0.028125
1 0.540625 0.0703125 0.0296875 0.0234375
1 0.590625 0.084375 0.03125 0.03125
1 0.6265625 0.09375 0.0234375 0.0296875
1 0.646875 0.1 0.0265625 0.034375
1 0.55 0.0234375 0.065625 0.046875
0 0.70546875 0.08671875 0.1734375 0.1734375
0 0.7828125 0.0953125 0.11875 0.190625
1 0.1578125 0.753125 0.00625 0.0046875
1 0.3875 0.91875 0.021875 0.021875
1 0.2171875 0.859375 0.0203125 0.01875
1 0.29296875 0.965625 0.0484375 0.06875
1 0.171875 0.953125 0.028125 0.0234375
1 0.3078125 0.7703125 0.025 0.0140625
1 0.05 0.70625 0.0296875 0.0171875
1 0.0375 0.6421875 0.0546875 0.05
0 0.03203125 0.5828125 0.0640625 0.09375
0 0.1109375 0.5859375 0.1 0.146875
1 0.2546875 0.540625 0.0171875 0.0203125
1 0.275 0.6015625 0.096875 0.05625
0 0.1796875 0.609375 0.1375 0.10625
0 0.425 0.57734375 0.009375 0.0609375
1 0.4015625 0.534375 0.015625 0.0203125
0 0.3609375 0.590625 0.1359375 0.15