0 0.37890625 0.2890625 0.1765625 0.040625
1 0.00234375 0.20859375 0.0046875 0.0140625
1 0.5078125 0.184375 0.0125 0.00625
1 0.1984375 0.1546875 0.01875 0.01875
1 0.203125 0.115625 0.0203125 0.015625
1 0.4578125 0.034375 0.009375 0.0125
1 0.1125 0.009375 0.015625 0.0125
1 0.10625 0.0421875 0.0625 0.065625
1 0.08125 0.159375 0.0203125 0.0203125
1 0.0734375 0.2140625 0.009375 0.0109375
1 0.1 0.225 0.03125 0.0390625
1 0.16875 0.2484375 0.0484375 0.0328125
1 0.25625 0.225 0.0234375 0.03125
1 0.378125 0.203125 0.0765625 0.040625
1 0.375 0.178125 0.0203125 0.025
1 0.3421875 0.1734375 0.0390625 0.0640625
0 0.378125 0.103125 0.159375 0.09375
0 0.378125 0.04140625 0.140625 0.0828125
1 0.5609375 0.0828125 0.015625 0.015625
0 0.6359375 0.075 0.071875 0.071875
1 0.640625 0.03125 0.0421875 0.0578125
1 0.7875 0.065625 0.0734375 0.0625
1 0.853125 0.01328125 0.178125 0.0265625
1 0.9671875 0.0328125 0.03125 0.0296875
1 0.271875 0.890625 0.0390625 0.0125
1 0.2828125 0.8421875 0.0359375 0.01875
1 0.58828125 0.7234375 0.0234375 0.075
1 0.1828125 0.5078125 0.015625 0.0234375
1 0.265625 0.5015625 0.025 0.015625
0 0.40625 0.5 0.3171875 0.2546875
0 0.440625 0.39375 0.128125 0.046875
0 0.3484375 0.390625 0.0375 0.0390625
1 0.30625 0.3734375 0.0203125 0.00625
0 0.4125 0.796875 0.15625 0.0984375
0 0.4140625 0.85 0.2 0.0953125
0 0.5328125 0.8828125 0.009375 0.025
1 0.87109375 0.9515625 0.1859375 0.096875
1 0.8390625 0.540625 0.0359375 0.0328125
0 0.93125 0.6625 0.1375 0.171875
1 0.9484375 0.81875 0.021875 0.0390625
0 0.9671875 0.9453125 0.065625 0.109375