1 0.596875 0.525 0.00625 0.040625
1 0.1109375 0.45 0.0171875 0.0171875
1 0.0671875 0.3515625 0.0140625 0.015625
1 0.528125 0.309375 0.009375 0.003125
1 0.021875 0.3203125 0.0171875 0.034375
1 0.003125 0.34921875 0.00625 0.0203125
1 0.0296875 0.425 0.028125 0.034375
0 0.034375 0.2203125 0.0203125 0.01875
1 0.1515625 0.56796875 0.0375 0.0421875
1 0.2578125 0.58125 0.015625 0.0125
1 0.084375 0.3078125 0.059375 0.0796875
1 0.10625 0.275 0.0421875 0.0390625
1 0.0890625 0.4171875 0.0203125 0.0265625
1 0.084375 0.4375 0.01875 0.0234375
1 0.1203125 0.46875 0.0171875 0.01875
1 0.140625 0.4609375 0.03125 0.03125
1 0.16875 0.4390625 0.0375 0.03125
1 0.128125 0.44375 0.015625 0.009375
1 0.1859375 0.2234375 0.01875 0.01875
1 0.196875 0.2640625 0.015625 0.0234375
1 0.1546875 0.34375 0.0859375 0.08125
1 0.2515625 0.2984375 0.0421875 0.0328125
1 0.30625 0.371875 0.0125 0.0234375
1 0.240625 0.365625 0.1203125 0.0953125
1 0.23125 0.525 0.021875 0.01875
1 0.2578125 0.4609375 0.0578125 0.078125
1 0.2921875 0.425 0.03125 0.021875
1 0.3046875 0.5046875 0.0203125 0.0515625
1 0.321875 0.559375 0.0171875 0.021875
1 0.3546875 0.446875 0.0625 0.059375
1 0.38125 0.5 0.0234375 0.0234375
1 0.3546875 0.5828125 0.021875 0.0125
1 0.4671875 0.21875 0.021875 0.0140625
1 0.434375 0.2359375 0.0578125 0.0484375
1 0.4765625 0.2671875 0.0125 0.03125
1 0.4953125 0.259375 0.0109375 0.0171875
1 0.496875 0.2828125 0.0171875 0.0296875
1 0.4453125 0.296875 0.0171875 0.0234375
1 0.378125 0.34375 0.021875 0.021875
1 0.4328125 0.265625 0.0296875 0.0234375
1 0.428125 0.2859375 0.0140625 0.0140625
1 0.3984375 0.284375 0.0390625 0.0546875
1 0.384375 0.2578125 0.025 0.0234375
1 0.3796875 0.2390625 0.0140625 0.0046875
1 0.5484375 0.325 0.015625 0.028125
1 0.58125 0.2859375 0.01875 0.03125
1 0.58984375 0.340625 0.0203125 0.021875
1 0.5875 0.3109375 0.0109375 0.0203125
1 0.5828125 0.38984375 0.034375 0.0359375
0 0.4421875 0.40625 0.115625 0.1453125
1 0.46875 0.4234375 0.0328125 0.025
1 0.590625 0.421875 0.0171875 0.0203125
1 0.5921875 0.434375 0.015625 0.04375
0 0.44140625 0.55234375 0.1234375 0.0734375
1 0.40078125 0.571875 0.0984375 0.034375
1 0.4546875 0.515625 0.0671875 0.0578125
1 0.50625 0.4859375 0.0953125 0.0828125
1 0.51875 0.5546875 0.090625 0.06875
1 0.5390625 0.4671875 0.0265625 0.0265625
0 0.853125 0.434375 0.0609375 0.009375
1 0.796875 0.41875 0.0234375 0.040625
1 0.934375 0.2875 0.0109375 0.00625
1 0.7375 0.2703125 0.040625 0.03125
1 0.953125 0.259375 0.03125 0.0234375
1 0.6359375 0.2421875 0.0125 0.0171875
1 0.8328125 0.2453125 0.03125 0.0265625
1 0.871875 0.2109375 0.0375 0.0546875
1 0.9078125 0.1875 0.0109375 0.0078125
1 0.60625 0.18203125 0.0125 0.0484375
1 0.7140625 0.0640625 0.0140625 0.00625
1 0.61875 0.0546875 0.0078125 0.0140625
1 0.93125 0.246875 0.0171875 0.0171875
0 0.8828125 0.3875 0.234375 0.103125
0 0.90703125 0.28359375 0.1859375 0.2234375
0 0.90390625 0.10703125 0.1921875 0.2140625
1 0.915625 0.0640625 0.0109375 0.0109375
1 0.00703125 0.99609375 0.0140625 0.0078125
1 0.028125 0.96875 0.025 0.0234375
1 0.08515625 0.97890625 0.0796875 0.0421875
1 0.08984375 0.98515625 0.0265625 0.0296875
1 0.146875 0.9515625 0.015625 0.009375
1 0.11875 0.909375 0.034375 0.021875
1 0.1046875 0.890625 0.021875 0.0109375
0 0.0703125 0.865625 0.0609375 0.0609375
0 0.0875 0.825 0.059375 0.078125
0 0.103125 0.68125 0.165625 0.053125
1 0.196875 0.8296875 0.015625 0.015625
1 0.2296875 0.7875 0.01875 0.0171875
1 0.24375 0.8171875 0.01875 0.0203125
1 0.253125 0.8375 0.03125 0.03125
1 0.196875 0.909375 0.025 0.015625
1 0.325 0.9859375 0.0140625 0.009375
1 0.39921875 0.98515625 0.0203125 0.0296875
1 0.340625 0.8421875 0.0078125 0.009375
1 0.3578125 0.85 0.009375 0.0078125
1 0.35625 0.7015625 0.015625 0.0234375
1 0.371875 0.7046875 0.0203125 0.015625
1 0.4609375 0.740625 0.021875 0.015625
1 0.4859375 0.7703125 0.025 0.0109375
1 0.4734375 0.9015625 0.01875 0.0125
1 0.4953125 0.9078125 0.0203125 0.0234375
1 0.503125 0.80625 0.021875 0.01875
1 0.53125 0.653125 0.0171875 0.0078125
0 0.565625 0.7953125 0.06875 0.140625
0 0.559375 0.95703125 0.08125 0.0859375
0 0.57265625 0.8625 0.0546875 0.11875
0 0.56875 0.69765625 0.0625 0.0984375
1 0.475 0.7 0.0109375 0.0140625
0 0.77890625 0.72734375 0.3578125 0.2765625
1 0.6375 0.890625 0.075 0.065625
0 0.8078125 0.94921875 0.384375 0.1015625
1 0.784375 0.8921875 0.0484375 0.071875
0 0.82734375 0.928125 0.1109375 0.14375
1 0.99609375 0.7046875 0.0078125 0.01875
1 0.9453125 0.6359375 0.0125 0.015625
1 0.96875 0.625 0.015625 0.021875