0 0.421875 0.253125 0.0859375 0.190625
0 0.4734375 0.1828125 0.025 0.0546875
1 0.0109375 0.3046875 0.021875 0.01875
1 0.5640625 0.171875 0.0234375 0.0203125
1 0.6109375 0.125 0.03125 0.028125
1 0.553125 0.13203125 0.00625 0.0203125
1 0.5625 0.15 0.0140625 0.0125
1 0.55546875 0.009375 0.0109375 0.01875
1 0.6203125 0.0640625 0.059375 0.078125
1 0.68125 0.0796875 0.0296875 0.0171875
1 0.709375 0.0609375 0.0671875 0.0640625
1 0.65 0.05 0.0765625 0.0859375
0 0.575 0.08203125 0.05 0.1328125
1 0.91875 0.02265625 0.059375 0.0453125
1 0.7609375 0.0515625 0.01875 0.0140625
1 0.7703125 0.040625 0.021875 0.0171875
1 0.79609375 0.021875 0.0703125 0.04375
1 0.83125 0.065625 0.015625 0.0171875
1 0.765625 0.1375 0.0390625 0.0296875
1 0.546875 0.88984375 0.00625 0.0140625
1 0.5203125 0.653125 0.01875 0.0296875
1 0.4953125 0.6328125 0.01875 0.01875
1 0.4859375 0.6890625 0.03125 0.0328125
1 0.43125 0.6953125 0.03125 0.04375
1 0.509375 0.7765625 0.0328125 0.0390625
1 0.4828125 0.753125 0.0296875 0.021875
1 0.390625 0.98515625 0.053125 0.0296875
1 0.36875 0.8953125 0.0328125 0.046875
1 0.375 0.859375 0.021875 0.040625
1 0.425 0.8484375 0.0375 0.0546875
1 0.446875 0.840625 0.0140625 0.00625
1 0.44375 0.815625 0.003125 0.0078125
1 0.36875 0.76875 0.040625 0.0578125
1 0.2875 0.7875 0.0234375 0.028125
1 0.278125 0.784375 0.0109375 0.0140625
1 0.259375 0.796875 0.0125 0.015625
1 0.3171875 0.6921875 0.0328125 0.0171875
1 0.3375 0.6734375 0.01875 0.0203125
1 0.4140625 0.6515625 0.015625 0.0171875
1 0.4265625 0.6703125 0.0109375 0.0140625
1 0.509375 0.625 0.021875 0.0203125
1 0.2703125 0.896875 0.03125 0.0359375
1 0.2234375 0.8890625 0.009375 0.009375
1 0.240625 0.859375 0.0140625 0.0125
1 0.23125 0.740625 0.01875 0.01875
1 0.246875 0.7734375 0.0109375 0.0109375
1 0.00390625 0.97265625 0.0078125 0.0109375
1 0.02734375 0.9953125 0.0140625 0.009375
1 0.00390625 0.96328125 0.0078125 0.0203125
1 0.053125 0.9125 0.0203125 0.0203125
1 0.0390625 0.8734375 0.015625 0.01875
1 0.0484375 0.859375 0.025 0.0171875
1 0.0234375 0.721875 0.009375 0.0109375
1 0.059375 0.7234375 0.0109375 0.0078125
1 0.0171875 0.76875 0.015625 0.0171875
1 0.153125 0.97890625 0.046875 0.0421875
0 0.140625 0.9875 0.071875 0.025
1 0.1515625 0.9328125 0.0796875 0.0640625
1 0.2171875 0.9234375 0.0078125 0.0078125
1 0.096875 0.69375 0.0171875 0.0328125
1 0.146875 0.7953125 0.0203125 0.025
1 0.1609375 0.8 0.028125 0.0484375
1 0.1578125 0.7875 0.0140625 0.0109375
1 0.2078125 0.8984375 0.0109375 0.009375
0 0.1109375 0.8875 0.121875 0.0796875
0 0.140625 0.8484375 0.140625 0.13125
1 0.1 0.784375 0.0109375 0.009375
0 0.134375 0.665625 0.1015625 0.1078125
1 0.171875 0.6140625 0.01875 0.021875
0 0.121875 0.615625 0.04375 0.025
1 0.96796875 0.70078125 0.0640625 0.0328125
1 0.99453125 0.58515625 0.0109375 0.0296875
1 0.9578125 0.575 0.0203125 0.025
1 0.8578125 0.440625 0.0515625 0.0421875
1 0.784375 0.5234375 0.0625 0.040625
1 0.7484375 0.5671875 0.0234375 0.04375
1 0.7875 0.65625 0.04375 0.0703125
0 0.62734375 0.425 0.1203125 0.03125
1 0.678125 0.4984375 0.028125 0.0359375
0 0.6359375 0.509375 0.0984375 0.1
0 0.6515625 0.609375 0.1734375 0.1125
0 0.6375 0.7125 0.09375 0.1203125
1 0.5875 0.7109375 0.0203125 0.0625
0 0.6546875 0.75 0.096875 0.1
1 0.56640625 0.5421875 0.0328125 0.040625