0 0.29375 0.409375 0.346875 0.08125
1 0.4234375 0.375 0.0140625 0.015625
1 0.309375 0.3171875 0.040625 0.0390625
1 0.571875 0.30625 0.0109375 0.0171875
1 0.4296875 0.29375 0.0171875 0.01875
1 0.4890625 0.25 0.0125 0.009375
1 0.278125 0.2375 0.0171875 0.025
1 0.5203125 0.1109375 0.009375 0.0078125
1 0.475 0.071875 0.0125 0.0109375
1 0.55625 0.0546875 0.0125 0.015625
1 0.059375 0.0515625 0.021875 0.0234375
1 0.2515625 0.021875 0.0125 0.015625
1 0.303125 0.2125 0.040625 0.0359375
0 0.34453125 0.0796875 0.1671875 0.159375
0 0.3171875 0.15625 0.3203125 0.134375
1 0.078125 0.2046875 0.03125 0.034375
1 0.1796875 0.2703125 0.0359375 0.025
1 0.05625 0.3109375 0.01875 0.015625
1 0.6984375 0.11875 0.009375 0.0078125
1 0.75 0.0546875 0.0078125 0.0046875
1 0.809375 0.3109375 0.0078125 0.0078125
1 0.840625 0.2859375 0.0140625 0.0140625
1 0.8765625 0.296875 0.0109375 0.0078125
1 0.9875 0.18359375 0.025 0.0484375
1 0.840625 0.3796875 0.0140625 0.0109375
0 0.09765625 0.675 0.0859375 0.03125
1 0.1046875 0.696875 0.021875 0.025
1 0.1140625 0.7234375 0.009375 0.0328125
1 0.0546875 0.7390625 0.09375 0.025
1 0.10625 0.9984375 0.025 0.003125
1 0.1390625 0.9953125 0.028125 0.009375
1 0.0875 0.8953125 0.0265625 0.0328125
0 0.078125 0.765625 0.08125 0.121875
1 0.221875 0.67109375 0.0375 0.0234375
1 0.278125 0.7609375 0.01875 0.0234375
1 0.2765625 0.821875 0.0140625 0.01875
1 0.2375 0.9375 0.0359375 0.046875
1 0.3640625 0.9359375 0.03125 0.0265625
1 0.3921875 0.946875 0.0140625 0.0046875
1 0.38125 0.9734375 0.01875 0.009375
1 0.3875 0.98671875 0.034375 0.0265625
1 0.425 0.6859375 0.0140625 0.021875
1 0.35625 0.70625 0.00625 0.009375
1 0.41796875 0.665625 0.0265625 0.0125
1 0.496875 0.875 0.0140625 0.009375
1 0.5375 0.915625 0.0125 0.0078125
1 0.54375 0.928125 0.015625 0.0171875
0 0.59375 0.69609375 0.053125 0.0734375
1 0.6546875 0.7890625 0.009375 0.015625
0 0.59453125 0.7375 0.1296875 0.09375
0 0.6171875 0.828125 0.078125 0.1265625
0 0.6015625 0.9703125 0.115625 0.059375
1 0.24375 0.8859375 0.01875 0.0203125
1 0.8890625 0.9609375 0.0109375 0.0078125
1 0.7765625 0.88125 0.0390625 0.040625
1 0.9078125 0.9640625 0.184375 0.071875
1 0.7171875 0.9171875 0.0234375 0.0078125
0 0.68984375 0.9203125 0.0609375 0.159375