1 0.19375 0.378125 0.0203125 0.0203125
1 0.1984375 0.4390625 0.0234375 0.04375
1 0.2140625 0.1984375 0.0625 0.0671875
0 0.2203125 0.053125 0.075 0.10625
1 0.240625 0.3671875 0.0375 0.040625
1 0.2390625 0.1296875 0.040625 0.0875
1 0.2890625 0.03125 0.0125 0.0109375
1 0.28203125 0.1953125 0.0453125 0.059375
1 0.309375 0.3109375 0.0078125 0.0078125
1 0.3046875 0.1921875 0.034375 0.021875
0 0.30078125 0.3515625 0.0828125 0.046875
1 0.353125 0.171875 0.0109375 0.015625
1 0.36875 0.00390625 0.034375 0.0078125
1 0.375 0.2546875 0.0125 0.009375
1 0.3625 0.065625 0.03125 0.053125
1 0.4171875 0.040625 0.05 0.0484375
1 0.4203125 0.3328125 0.0484375 0.0234375
1 0.4375 0.5703125 0.0265625 0.0109375
1 0.4609375 0.2796875 0.0359375 0.021875
1 0.48515625 0.003125 0.0265625 0.00625
1 0.53203125 0.0078125 0.0609375 0.015625
1 0.5953125 0.203125 0.009375 0.0078125
1 0.6796875 0.2046875 0.0125 0.009375
1 0.753125 0.0140625 0.021875 0.028125
1 0.76875 0.609375 0.0109375 0.009375
0 0.71015625 0.52578125 0.1265625 0.1859375
0 0.559375 0.421875 0.43125 0.38125
0 0.37890625 0.47265625 0.2390625 0.2921875
1 0.18203125 0.6265625 0.0359375 0.015625
0 0.2078125 0.76953125 0.103125 0.0953125
0 0.1296875 0.7796875 0.259375 0.209375
1 0.2515625 0.87890625 0.015625 0.0296875
0 0.3609375 0.6828125 0.115625 0.128125
0 0.46171875 0.67734375 0.1109375 0.1171875
0 0.57578125 0.69375 0.1546875 0.15
0 0.69921875 0.68828125 0.1203125 0.1390625
0 0.7875 0.6640625 0.084375 0.090625
1 0.7203125 0.73125 0.0265625 0.0328125
1 0.725 0.7671875 0.0328125 0.05625
1 0.809375 0.846875 0.0359375 0.03125
1 0.7296875 0.8328125 0.0171875 0.015625
1 0.7265625 0.8984375 0.059375 0.0328125
1 0.8203125 0.890625 0.01875 0.03125
1 0.796875 0.9140625 0.0421875 0.0390625
1 0.821875 0.946875 0.015625 0.0484375
1 0.728125 0.940625 0.0359375 0.0375
1 0.6328125 0.9484375 0.0484375 0.0515625
1 0.565625 0.9796875 0.0328125 0.03125
1 0.625 0.8953125 0.0484375 0.0359375
1 0.6625 0.878125 0.0359375 0.034375
1 0.53125 0.921875 0.0390625 0.0375
1 0.5203125 0.9578125 0.021875 0.0328125
1 0.5015625 0.940625 0.0234375 0.0296875
1 0.484375 0.9640625 0.0375 0.0453125
1 0.490625 0.909375 0.0296875 0.0234375
1 0.5125 0.8703125 0.0546875 0.0484375
1 0.42890625 0.97734375 0.0484375 0.0453125
1 0.390625 0.984375 0.0390625 0.0171875
1 0.4109375 0.93125 0.0328125 0.028125
1 0.3984375 0.884375 0.0609375 0.0484375
1 0.3765625 0.93125 0.025 0.03125
1 0.35 0.921875 0.021875 0.0296875
1 0.35625 0.9640625 0.028125 0.0328125
1 0.31796875 0.98046875 0.0296875 0.0390625
1 0.3390625 0.8875 0.0296875 0.03125
1 0.3640625 0.8671875 0.0234375 0.0390625
1 0.453125 0.865625 0.0359375 0.0484375
1 0.484375 0.834375 0.0234375 0.0484375
1 0.5296875 0.80625 0.03125 0.0296875
1 0.53125 0.8421875 0.0328125 0.040625
1 0.509375 0.8265625 0.0171875 0.0265625
1 0.5234375 0.7765625 0.0328125 0.0265625
1 0.4765625 0.7703125 0.028125 0.0515625
1 0.55 0.7578125 0.0578125 0.0390625
1 0.615625 0.7734375 0.0453125 0.0375
1 0.6546875 0.7703125 0.034375 0.0375
1 0.5828125 0.8296875 0.0140625 0.015625
1 0.4765625 0.70625 0.021875 0.03125
1 0.34375 0.8203125 0.015625 0.0234375
1 0.66640625 0.9953125 0.0171875 0.009375