1 0.44375 0.3453125 0.034375 0.01875
1 0.0984375 0.3125 0.0234375 0.0265625
0 0.2984375 0.309375 0.18125 0.0921875
1 0.115625 0.2484375 0.0390625 0.0203125
1 0.23125 0.1921875 0.01875 0.021875
1 0.4625 0.1515625 0.025 0.0453125
1 0.00703125 0.11796875 0.0140625 0.0265625
1 0.4 0.103125 0.025 0.0390625
1 0.0265625 0.07578125 0.053125 0.0546875
1 0.109375 0.05 0.0296875 0.0375
1 0.5015625 0.02734375 0.015625 0.0109375
1 0.1875 0.0265625 0.0203125 0.0234375
1 0.378125 0.015625 0.0390625 0.0171875
1 0.40703125 0.0078125 0.0265625 0.015625
1 0.071875 0.1234375 0.03125 0.03125
1 0.06875 0.10625 0.009375 0.015625
1 0.1859375 0.0953125 0.00625 0.0109375
1 0.1890625 0.1046875 0.0140625 0.0125
1 0.1015625 0.19375 0.0359375 0.0140625
1 0.08125 0.190625 0.0234375 0.0140625
1 0.0296875 0.1828125 0.03125 0.0328125
1 0.0734375 0.2109375 0.0671875 0.0546875
1 0.2390625 0.215625 0.0234375 0.015625
1 0.25625 0.2171875 0.0078125 0.0140625
1 0.259375 0.23125 0.0296875 0.03125
1 0.2109375 0.1609375 0.021875 0.0171875
0 0.28515625 0.034375 0.1328125 0.06875
1 0.371875 0.0921875 0.0234375 0.0171875
1 0.2546875 0.05625 0.0296875 0.0203125
0 0.3 0.096875 0.140625 0.1
1 0.459375 0.0859375 0.0671875 0.0546875
1 0.4515625 0.1203125 0.0234375 0.015625
0 0.4140625 0.165625 0.053125 0.0390625
1 0.3515625 0.1625 0.0203125 0.01875
1 0.340625 0.1265625 0.015625 0.0109375
1 0.325 0.1515625 0.05 0.053125
1 0.31875 0.190625 0.01875 0.0296875
1 0.353125 0.1859375 0.025 0.01875
1 0.5078125 0.23203125 0.003125 0.0296875
1 0.50390625 0.325 0.0109375 0.040625
1 0.4703125 0.0296875 0.0171875 0.015625
1 0.721875 0.3125 0.0125 0.015625
1 0.9203125 0.2765625 0.015625 0.0140625
1 0.809375 0.278125 0.0125 0.0203125
1 0.7421875 0.1859375 0.0234375 0.015625
1 0.965625 0.159375 0.0375 0.0515625
1 0.590625 0.128125 0.015625 0.0078125
1 0.79375 0.121875 0.028125 0.0296875
1 0.734375 0.0828125 0.0390625 0.0328125
1 0.83125 0.05 0.03125 0.0234375
1 0.54375 0.0375 0.03125 0.0328125
1 0.775 0.0046875 0.021875 0.009375
1 0.871875 0.00859375 0.01875 0.0171875
1 0.55 0.01171875 0.034375 0.0234375
1 0.5421875 0.109375 0.025 0.01875
1 0.7625 0.1640625 0.021875 0.034375
1 0.8140625 0.1390625 0.0203125 0.025
0 0.6359375 0.0890625 0.096875 0.078125
0 0.6359375 0.190625 0.0953125 0.121875
0 0.6453125 0.2734375 0.171875 0.053125
1 0.621875 0.3296875 0.0484375 0.034375
1 0.678125 0.321875 0.028125 0.0203125
1 0.7546875 0.309375 0.025 0.0171875
1 0.771875 0.296875 0.015625 0.0234375
1 0.7796875 0.21875 0.0171875 0.0203125
0 0.6515625 0.3546875 0.0546875 0.090625
0 0.64375 0.4296875 0.13125 0.1109375
1 0.775 0.43125 0.03125 0.04375
1 0.5953125 0.4171875 0.1265625 0.0484375
1 0.9421875 0.0328125 0.0171875 0.0234375
1 0.99609375 0.0234375 0.0078125 0.015625
1 0.9765625 0.0625 0.01875 0.021875
1 0.98125 0.0765625 0.0234375 0.025
1 0.9625 0.096875 0.0234375 0.0125
1 0.99296875 0.1 0.0140625 0.021875
1 0.9359375 0.2421875 0.0203125 0.0203125
1 0.896875 0.3609375 0.025 0.0234375
1 0.8859375 0.378125 0.028125 0.015625
1 0.9734375 0.4671875 0.021875 0.0234375
1 0.9875 0.459375 0.01875 0.0203125
1 0.8359375 0.296875 0.0171875 0.0234375
1 0.8875 0.325 0.03125 0.0234375
1 0.146875 0.8609375 0.0453125 0.053125
0 0.1484375 0.9359375 0.275 0.128125
0 0.1328125 0.9859375 0.265625 0.028125
1 0.3390625 0.6953125 0.1046875 0.096875
1 0.3 0.7171875 0.021875 0.009375
0 0.190625 0.68671875 0.38125 0.2359375
0 0.1625 0.6109375 0.078125 0.0828125
1 0.4984375 0.98828125 0.021875 0.0234375
1 0.92734375 0.99609375 0.0265625 0.0078125
1 0.5265625 0.978125 0.034375 0.04375
1 0.7 0.909375 0.0828125 0.0640625
1 0.6 0.740625 0.0109375 0.00625
1 0.7734375 0.715625 0.015625 0.015625
0 0.5609375 0.7203125 0.103125 0.05625
0 0.5484375 0.78203125 0.078125 0.1328125
0 0.53828125 0.86484375 0.0578125 0.1953125
1 0.546875 0.896875 0.0625 0.0484375
1 0.7234375 0.8375 0.0125 0.00625
1 0.99609375 0.82734375 0.0078125 0.0140625