1 0.2125 0.0171875 0.0234375 0.009375
1 0.39609375 0.01171875 0.0328125 0.0234375
1 0.434375 0.0640625 0.0296875 0.025
1 0.3984375 0.0796875 0.0578125 0.046875
1 0.3921875 0.1828125 0.0546875 0.03125
1 0.4359375 0.278125 0.0125 0.015625
1 0.4171875 0.2984375 0.0234375 0.025
1 0.40625 0.328125 0.0421875 0.0390625
1 0.4015625 0.4375 0.0171875 0.01875
1 0.421875 0.375 0.0234375 0.0296875
1 0.4484375 0.3875 0.0328125 0.025
1 0.346875 0.3765625 0.0578125 0.0671875
1 0.3171875 0.4515625 0.03125 0.0265625
1 0.140625 0.45 0.0125 0.0140625
1 0.196875 0.5078125 0.0078125 0.009375
1 0.203125 0.446875 0.015625 0.009375
1 0.0890625 0.5109375 0.021875 0.025
1 0.00625 0.39375 0.0125 0.03125
1 0.2640625 0.3875 0.0109375 0.0171875
1 0.209375 0.365625 0.015625 0.015625
1 0.1953125 0.3484375 0.009375 0.0109375
1 0.1125 0.3640625 0.015625 0.01875
1 0.1375 0.2859375 0.0234375 0.0234375
1 0.1203125 0.278125 0.0109375 0.0078125
1 0.1140625 0.2453125 0.0109375 0.0109375
1 0.0453125 0.1375 0.0203125 0.0265625
1 0.034375 0.4578125 0.015625 0.009375
1 0.08203125 0.00859375 0.0140625 0.0171875
1 0.1125 0.040625 0.0140625 0.0203125
1 0.178125 0.221875 0.0484375 0.0375
1 0.3203125 0.18125 0.0109375 0.0234375
1 0.2609375 0.128125 0.0171875 0.0078125
1 0.2609375 0.03125 0.0171875 0.0140625
1 0.2796875 0.0546875 0.0375 0.025
0 0.28671875 0.025 0.0921875 0.05
0 0.0328125 0.028125 0.065625 0.05625
1 0.384375 0.0484375 0.015625 0.0125
1 0.45 0.3546875 0.0265625 0.0234375
1 0.0921875 0.3546875 0.0109375 0.0140625
1 0.1046875 0.3421875 0.0109375 0.0078125
1 0.09375 0.15625 0.0375 0.028125
1 0.83828125 0.01015625 0.0171875 0.0203125
1 0.821875 0.4453125 0.146875 0.16875
1 0.8640625 0.02109375 0.015625 0.0421875
1 0.8640625 0.346875 0.0296875 0.04375
1 0.8640625 0.11875 0.028125 0.0234375
1 0.86875 0.065625 0.0296875 0.034375
1 0.9265625 0.2921875 0.0078125 0.0109375
1 0.9484375 0.1921875 0.01875 0.0078125
1 0.940625 0.140625 0.04375 0.0421875
1 0.8078125 0.3125 0.034375 0.046875
1 0.83125 0.3078125 0.00625 0.01875
1 0.2765625 0.725 0.028125 0.0296875
0 0.475 0.88203125 0.0875 0.2359375
0 0.3859375 0.89296875 0.190625 0.2140625
0 0.29921875 0.91328125 0.1390625 0.1734375
1 0.8 0.5375 0.0125 0.0078125
1 0.796875 0.653125 0.0171875 0.0203125
1 0.7390625 0.6265625 0.0421875 0.0140625
1 0.6953125 0.603125 0.028125 0.015625
1 0.778125 0.5765625 0.025 0.0171875
1 0.775 0.6015625 0.0609375 0.0375
1 0.6640625 0.6765625 0.0234375 0.0234375
1 0.6140625 0.640625 0.0359375 0.028125
1 0.55625 0.6625 0.0171875 0.0234375
1 0.5796875 0.5859375 0.028125 0.0578125
1 0.54765625 0.6046875 0.0578125 0.0625
0 0.79375 0.79375 0.025 0.0390625
1 0.7984375 0.734375 0.015625 0.0234375
1 0.778125 0.840625 0.028125 0.021875
1 0.79375 0.878125 0.025 0.0234375
1 0.7984375 0.9171875 0.0140625 0.0125
1 0.6703125 0.865625 0.01875 0.0296875
1 0.678125 0.8921875 0.034375 0.034375
1 0.6015625 0.8828125 0.0484375 0.0203125
1 0.596875 0.9359375 0.0296875 0.03125
1 0.634375 0.9140625 0.0296875 0.021875
1 0.715625 0.7109375 0.0203125 0.0328125
1 0.709375 0.7328125 0.0453125 0.040625
1 0.7328125 0.7359375 0.0296875 0.0390625
1 0.6734375 0.7046875 0.034375 0.0203125
1 0.603125 0.69375 0.0296875 0.0234375
1 0.575 0.7140625 0.021875 0.021875
0 0.615625 0.7875 0.1625 0.14375
1 0.5375 0.8125 0.0265625 0.0234375
1 0.55625 0.8515625 0.025 0.0109375
1 0.5375 0.84375 0.0296875 0.0140625
1 0.5265625 0.865625 0.015625 0.01875
1 0.7296875 0.971875 0.0421875 0.046875
1 0.69375 0.98984375 0.071875 0.0203125
1 0.53671875 0.95625 0.0359375 0.04375
1 0.56328125 0.9796875 0.0734375 0.040625
1 0.7609375 0.984375 0.065625 0.03125