1 0.121875 0.21875 0.015625 0.0171875
1 0.1953125 0.109375 0.0140625 0.015625
0 0.4390625 0.221875 0.340625 0.21875
0 0.4328125 0.1515625 0.3015625 0.2109375
0 0.3484375 0.3625 0.221875 0.234375
1 0.62734375 0.47890625 0.0140625 0.0015625
1 0.6375 0.4609375 0.015625 0.00625
1 0.65234375 0.4734375 0.0140625 0.0125
0 0.8359375 0.01875 0.06875 0.0375
1 0.890625 0.05625 0.0109375 0.015625
1 0.7765625 0.20625 0.0703125 0.0984375
1 0.90625 0.2375 0.00625 0.0140625
1 0.865625 0.2703125 0.0078125 0.0125
0 0.7484375 0.240625 0.221875 0.2421875
1 0.7859375 0.346875 0.0265625 0.03125
1 0.7765625 0.3578125 0.01875 0.0265625
1 0.715625 0.3546875 0.0140625 0.0078125
1 0.7328125 0.2859375 0.0078125 0.015625
1 0.8140625 0.4109375 0.0109375 0.0234375
1 0.8484375 0.4140625 0.0140625 0.0203125
1 0.72109375 0.4765625 0.0265625 0.00625
0 0.80078125 0.42109375 0.2203125 0.1171875
0 0.9 0.01328125 0.01875 0.0265625
1 0.9671875 0.021875 0.0203125 0.03125
1 0.990625 0.11015625 0.01875 0.0171875
1 0.99296875 0.146875 0.0140625 0.025
1 0.9734375 0.2109375 0.0359375 0.05
1 0.9953125 0.2765625 0.009375 0.034375
1 0.98515625 0.34140625 0.0296875 0.0390625
1 0.75625 0.203125 0.015625 0.009375
0 0.0203125 0.52109375 0.040625 0.0828125
0 0.02578125 0.61328125 0.0515625 0.1265625
0 0.01484375 0.77421875 0.0296875 0.1203125
0 0.01171875 0.7140625 0.0234375 0.078125
1 0.10625 0.6234375 0.0328125 0.0359375
1 0.125 0.5859375 0.0671875 0.0546875
1 0.2140625 0.49609375 0.034375 0.0328125
1 0.24140625 0.50078125 0.0265625 0.0421875
1 0.2046875 0.5265625 0.0265625 0.028125
1 0.1890625 0.621875 0.0390625 0.03125
1 0.2453125 0.6203125 0.0265625 0.03125
1 0.4109375 0.778125 0.0375 0.03125
1 0.4109375 0.65625 0.025 0.0171875
1 0.428125 0.6265625 0.03125 0.034375
1 0.409375 0.575 0.0171875 0.0234375
1 0.4171875 0.48828125 0.025 0.0171875
1 0.490625 0.6140625 0.028125 0.021875
1 0.2078125 0.653125 0.021875 0.021875
0 0.496875 0.5625 0.1484375 0.0734375
0 0.5140625 0.5140625 0.121875 0.06875
1 0.56875 0.7125 0.028125 0.021875
0 0.49375 0.7765625 0.11875 0.065625
0 0.5140625 0.6890625 0.1171875 0.134375
1 0.65625 0.75625 0.0125 0.015625
1 0.853125 0.7 0.01875 0.0140625
1 0.9125 0.615625 0.0265625 0.0078125
1 0.8515625 0.5328125 0.03125 0.025
1 0.9484375 0.5 0.0265625 0.0296875
1 0.8484375 0.5 0.0203125 0.028125
1 0.76953125 0.50546875 0.0453125 0.0515625
0 0.615625 0.73046875 0.0125 0.0953125
1 0.6421875 0.6734375 0.0171875 0.021875
1 0.61640625 0.68125 0.0140625 0.03125
1 0.6265625 0.6546875 0.015625 0.015625
1 0.634375 0.66875 0.0421875 0.0140625
1 0.62890625 0.52890625 0.0390625 0.0171875
0 0.69453125 0.62265625 0.1703125 0.2859375
1 0.775 0.7 0.040625 0.034375
1 0.7640625 0.7625 0.015625 0.0328125
1 0.8015625 0.7625 0.0328125 0.0390625
1 0.8203125 0.7265625 0.0140625 0.034375
1 0.7828125 0.609375 0.0265625 0.0390625
1 0.9265625 0.6046875 0.0234375 0.0171875
1 0.9359375 0.5703125 0.0515625 0.0609375
1 0.99453125 0.73125 0.0109375 0.025