0 0.321875 0.209375 0.05625 0.134375
1 0.30625 0.00625 0.0125 0.0125
1 0.184375 0.28125 0.0171875 0.0125
1 0.153125 0.21875 0.0265625 0.0234375
1 0.0796875 0.165625 0.040625 0.0265625
1 0.14375 0.096875 0.0265625 0.0296875
1 0.0734375 0.0203125 0.0265625 0.0171875
1 0.1 0.0453125 0.021875 0.0140625
1 0.109375 0.184375 0.01875 0.0203125
1 0.0328125 0.2515625 0.0390625 0.0578125
1 0.00546875 0.17265625 0.0109375 0.0140625
1 0.165625 0.1734375 0.01875 0.025
1 0.34609375 0.13125 0.0078125 0.040625
1 0.290625 0.2265625 0.021875 0.01875
1 0.00625 0.103125 0.0125 0.03125
1 0.4796875 0.2375 0.0078125 0.009375
1 0.9109375 0.159375 0.0328125 0.040625
1 0.534375 0.0609375 0.0125 0.0140625
0 0.6859375 0.1359375 0.1921875 0.246875
0 0.69921875 0.075 0.2609375 0.15
0 0.6609375 0.2703125 0.1046875 0.1234375
0 0.7375 0.2921875 0.04375 0.078125
1 0.0890625 0.7875 0.0109375 0.0078125
1 0.025 0.5875 0.015625 0.0140625
0 0.2640625 0.62265625 0.171875 0.1265625
0 0.25078125 0.72265625 0.1984375 0.1328125
1 0.275 0.5921875 0.0125 0.0109375
1 0.9765625 0.878125 0.025 0.0078125
1 0.9 0.85625 0.0109375 0.015625
1 0.8234375 0.6796875 0.040625 0.0390625
0 0.6421875 0.8421875 0.253125 0.2890625
0 0.671875 0.69375 0.1890625 0.08125
1 0.7765625 0.99453125 0.034375 0.0109375