0 0.315625 0.15234375 0.0875 0.2484375
0 0.2875 0.47421875 0.14375 0.1609375
1 0.6703125 0.1609375 0.0453125 0.0390625
1 0.7171875 0.225 0.03125 0.0484375
1 0.659375 0.2125 0.0234375 0.0265625
1 0.6359375 0.3890625 0.0578125 0.0515625
1 0.8015625 0.375 0.0265625 0.03125
1 0.821875 0.184375 0.0328125 0.0484375
1 0.8390625 0.146875 0.0296875 0.0359375
1 0.871875 0.1828125 0.03125 0.021875
1 0.84375 0.246875 0.0484375 0.0640625
1 0.8359375 0.3203125 0.0265625 0.015625
1 0.809375 0.5421875 0.0453125 0.0546875
0 0.87734375 0.5796875 0.2453125 0.059375
1 0.49375 0.2125 0.0515625 0.0328125
1 0.51875 0.1875 0.0359375 0.0265625
0 0.9140625 0.28046875 0.171875 0.1734375
0 0.91640625 0.45546875 0.1671875 0.3015625
1 0.2828125 0.625 0.03125 0.03125
1 0.25078125 0.621875 0.0234375 0.025
1 0.34921875 0.7015625 0.0203125 0.021875
1 0.3234375 0.7125 0.0296875 0.025
1 0.2734375 0.7328125 0.021875 0.025
1 0.2453125 0.75 0.0203125 0.025
1 0.059375 0.65859375 0.11875 0.0984375
0 0.03671875 0.75625 0.0734375 0.1625
1 0.5078125 0.81875 0.0171875 0.0203125
1 0.565625 0.784375 0.0140625 0.015625
1 0.8953125 0.80625 0.01875 0.025
1 0.9265625 0.734375 0.0171875 0.0234375
1 0.9578125 0.6828125 0.015625 0.0234375
1 0.9734375 0.696875 0.01875 0.0296875
1 0.925 0.634375 0.021875 0.0328125
1 0.790625 0.7171875 0.01875 0.0171875
1 0.7625 0.771875 0.034375 0.0296875
1 0.7890625 0.746875 0.0328125 0.028125
1 0.7796875 0.725 0.0328125 0.0328125
1 0.7796875 0.8046875 0.009375 0.0171875
1 0.79375 0.7953125 0.015625 0.0140625
1 0.7359375 0.6703125 0.0171875 0.0234375
1 0.7859375 0.6515625 0.0171875 0.015625
1 0.7609375 0.6265625 0.025 0.021875
0 0.54140625 0.8109375 0.3640625 0.11875
1 0.59375 0.8203125 0.01875 0.0140625
1 0.553125 0.803125 0.021875 0.015625
1 0.5796875 0.784375 0.015625 0.0125
1 0.6 0.775 0.0171875 0.0203125
1 0.578125 0.7375 0.03125 0.0359375
0 0.58203125 0.68046875 0.1515625 0.1421875
1 0.4375 0.7609375 0.0234375 0.025
1 0.415625 0.771875 0.025 0.0328125
1 0.4875 0.7140625 0.0375 0.025
1 0.41953125 0.61640625 0.0140625 0.0140625
1 0.4984375 0.6125 0.01875 0.00625
1 0.51484375 0.6140625 0.0171875 0.009375
1 0.653125 0.6203125 0.025 0.01875