1 0.4328125 0.24375 0.0765625 0.0546875
1 0.49453125 0.1515625 0.1109375 0.134375
1 0.525 0.05078125 0.05 0.0859375
1 0.434375 0.01171875 0.065625 0.0234375
1 0.4828125 0.0765625 0.0671875 0.034375
1 0.4421875 0.1515625 0.034375 0.0640625
1 0.4265625 0.2 0.0625 0.0640625
1 0.2890625 0.196875 0.021875 0.034375
1 0.378125 0.246875 0.0546875 0.0484375
1 0.1984375 0.2296875 0.0375 0.025
1 0.20625 0.2546875 0.05625 0.034375
1 0.090625 0.15625 0.109375 0.23125
1 0.3 0.115625 0.04375 0.0453125
1 0.340625 0.01484375 0.05625 0.0296875
1 0.4 0.0140625 0.021875 0.021875
1 0.3015625 0.059375 0.0765625 0.0640625
1 0.2546875 0.05625 0.0453125 0.0359375
1 0.25703125 0.0078125 0.0359375 0.015625
0 0.8859375 0.203125 0.08125 0.08125
1 0.9109375 0.259375 0.028125 0.01875
0 0.86953125 0.31953125 0.1171875 0.0609375
1 0.9828125 0.2828125 0.0296875 0.0140625
1 0.73515625 0.33125 0.0296875 0.0375
1 0.78125 0.18125 0.0609375 0.0359375
1 0.7421875 0.2171875 0.0375 0.021875
1 0.778125 0.3078125 0.0296875 0.040625
1 0.7375 0.30625 0.021875 0.01875
1 0.675 0.228125 0.021875 0.0453125
1 0.6171875 0.2109375 0.1078125 0.0984375
1 0.6390625 0.33125 0.046875 0.0375
1 0.56484375 0.2546875 0.0296875 0.04375
1 0.584375 0.3125 0.0328125 0.021875
1 0.5734375 0.290625 0.01875 0.015625
1 0.5859375 0.334375 0.03125 0.0234375
1 0.5609375 0.3359375 0.0171875 0.01875
0 0.12578125 0.82734375 0.2515625 0.3140625
0 0.0875 0.66328125 0.175 0.0921875
0 0.08671875 0.57890625 0.1734375 0.2421875
1 0.990625 0.75546875 0.01875 0.0484375
1 0.990625 0.71640625 0.01875 0.0234375
1 0.9640625 0.7515625 0.01875 0.01875
1 0.9765625 0.59375 0.0125 0.015625
1 0.9828125 0.6109375 0.021875 0.021875
1 0.99609375 0.6109375 0.0078125 0.01875
1 0.9890625 0.596875 0.0171875 0.009375
1 0.9546875 0.596875 0.015625 0.0140625
1 0.975 0.5453125 0.0390625 0.0546875
1 0.9640625 0.4328125 0.034375 0.03125
1 0.99296875 0.43359375 0.0140625 0.0140625
1 0.9734375 0.4421875 0.053125 0.134375
0 0.925 0.5046875 0.15 0.09375
1 0.9609375 0.3859375 0.0171875 0.0171875
1 0.9 0.79375 0.0140625 0.01875
1 0.90625 0.78125 0.009375 0.015625
1 0.878125 0.6109375 0.0171875 0.0234375
1 0.884375 0.528125 0.025 0.0203125
1 0.815625 0.5 0.0203125 0.0234375
1 0.875 0.471875 0.015625 0.0125
1 0.8703125 0.453125 0.025 0.0328125
1 0.8578125 0.4640625 0.034375 0.028125
1 0.8625 0.4203125 0.0078125 0.015625
1 0.740625 0.365625 0.0234375 0.0234375
1 0.7109375 0.4078125 0.0421875 0.0265625
1 0.7015625 0.415625 0.015625 0.0296875
1 0.696875 0.415625 0.0125 0.0078125
1 0.746875 0.4390625 0.0203125 0.0296875
1 0.7375 0.4359375 0.0296875 0.021875
1 0.775 0.4625 0.028125 0.0171875
1 0.753125 0.471875 0.0265625 0.0140625
1 0.75625 0.471875 0.0171875 0.0265625
1 0.7609375 0.4953125 0.03125 0.025
1 0.746875 0.528125 0.025 0.0140625
1 0.74375 0.546875 0.0234375 0.0234375
1 0.7625 0.553125 0.015625 0.0234375
1 0.7515625 0.5625 0.0203125 0.0171875
1 0.765625 0.5734375 0.025 0.028125
1 0.7390625 0.58125 0.0296875 0.0234375
1 0.7625 0.5890625 0.0125 0.015625
1 0.7875 0.625 0.0046875 0.015625
1 0.75 0.6140625 0.034375 0.0390625
1 0.7359375 0.621875 0.0265625 0.03125
1 0.721875 0.684375 0.0171875 0.03125
1 0.728125 0.6796875 0.009375 0.009375
1 0.7421875 0.69375 0.0140625 0.0109375
1 0.7703125 0.71875 0.015625 0.015625
1 0.759375 0.740625 0.0265625 0.0265625
1 0.74375 0.8296875 0.01875 0.00625
1 0.7171875 0.8046875 0.0296875 0.03125
1 0.7828125 0.815625 0.0109375 0.0109375
1 0.5671875 0.409375 0.0234375 0.01875
1 0.6375 0.39375 0.0125 0.0171875
1 0.609375 0.4296875 0.0046875 0.0125
1 0.590625 0.4234375 0.0296875 0.0296875
1 0.5875 0.4421875 0.021875 0.0265625
1 0.578125 0.475 0.0171875 0.0234375
1 0.5875 0.490625 0.0046875 0.0140625
1 0.6 0.5046875 0.0140625 0.0078125
1 0.65 0.4921875 0.028125 0.0203125
1 0.6375 0.584375 0.01875 0.0234375
1 0.603125 0.5515625 0.015625 0.021875
1 0.60625 0.6109375 0.01875 0.0171875
1 0.63125 0.625 0.0171875 0.015625
1 0.63125 0.6484375 0.01875 0.0140625
1 0.628125 0.6640625 0.03125 0.0265625
1 0.5875 0.6609375 0.028125 0.0078125
1 0.584375 0.6546875 0.0140625 0.028125
1 0.6140625 0.690625 0.0109375 0.0203125
1 0.6328125 0.709375 0.0234375 0.0296875
1 0.6 0.7609375 0.0296875 0.025
1 0.5921875 0.778125 0.0125 0.0125
1 0.58125 0.778125 0.009375 0.0140625
1 0.5734375 0.7609375 0.0375 0.0296875
1 0.5546875 0.76171875 0.009375 0.0234375
1 0.6328125 0.8234375 0.015625 0.015625
1 0.6296875 0.83125 0.0078125 0.003125
1 0.6109375 0.828125 0.0078125 0.0078125
1 0.634375 0.815625 0.0203125 0.0140625
1 0.6171875 0.8046875 0.04375 0.028125
1 0.628125 0.7953125 0.0265625 0.0265625
1 0.5609375 0.8046875 0.0109375 0.0234375
1 0.575 0.7921875 0.0265625 0.0359375
1 0.55625 0.596875 0.0109375 0.0140625
1 0.55703125 0.50859375 0.0140625 0.0171875
1 0.553125 0.50234375 0.00625 0.0203125
1 0.553125 0.49375 0.0046875 0.009375
1 0.55546875 0.48203125 0.0109375 0.0109375
1 0.5546875 0.4734375 0.009375 0.034375
0 0.8125 0.65703125 0.375 0.3140625
0 0.87578125 0.70234375 0.2484375 0.2578125
1 0.84375 0.8203125 0.0078125 0.015625