0 0.1046875 0.546875 0.1328125 0.1
1 0.10625 0.103125 0.0390625 0.0375
1 0.1265625 0.353125 0.025 0.025
1 0.24375 0.409375 0.0109375 0.0078125
1 0.184375 0.359375 0.0171875 0.0078125
1 0.23359375 0.67734375 0.0140625 0.0046875
1 0.9671875 0.1046875 0.0125 0.009375
1 0.8859375 0.046875 0.009375 0.009375
1 0.7296875 0.0859375 0.0078125 0.0078125
0 0.96953125 0.2984375 0.0609375 0.11875
1 0.921875 0.2515625 0.046875 0.0703125
1 0.8546875 0.2375 0.00625 0.0015625
1 0.765625 0.3015625 0.009375 0.0125
0 0.8390625 0.325 0.2171875 0.24375
0 0.65 0.2984375 0.153125 0.2359375
1 0.678125 0.61875 0.0078125 0.0078125
1 0.709375 0.6125 0.0078125 0.01875
0 0.99296875 0.48125 0.0140625 0.015625
1 0.853125 0.2578125 0.009375 0.009375
1 0.8609375 0.2734375 0.0078125 0.009375
1 0.0296875 0.7375 0.0421875 0.03125
1 0.003125 0.6890625 0.00625 0.01875
1 0.00390625 0.70234375 0.0078125 0.0234375
1 0.0609375 0.8046875 0.0265625 0.0109375
1 0.0359375 0.9125 0.0265625 0.025
1 0.034375 0.9453125 0.0171875 0.025
1 0.01875 0.9546875 0.015625 0.03125
1 0.4125 0.8171875 0.0078125 0.0109375
1 0.6125 0.753125 0.0140625 0.015625
1 0.6765625 0.6875 0.0109375 0.0140625
1 0.7140625 0.75625 0.01875 0.0171875
1 0.7109375 0.803125 0.0203125 0.0234375
1 0.7328125 0.940625 0.0171875 0.015625
1 0.775 0.8515625 0.0109375 0.0109375
0 0.85234375 0.91328125 0.1640625 0.1734375
0 0.9234375 0.9453125 0.0234375 0.0734375
0 0.63828125 0.953125 0.2515625 0.09375
0 0.47578125 0.93984375 0.1328125 0.1203125
1 0.6375 0.6921875 0.0171875 0.01875
1 0.9203125 0.81875 0.028125 0.0515625
1 0.896875 0.9359375 0.021875 0.0203125
1 0.9203125 0.98125 0.028125 0.0375
1 0.60703125 0.9984375 0.0109375 0.003125