1 0.1375 0.4703125 0.0640625 0.053125
1 0.303125 0.3328125 0.021875 0.015625
1 0.315625 0.3109375 0.00625 0.0078125
1 0.31875 0.29375 0.0125 0.0078125
1 0.0375 0.08125 0.025 0.0234375
1 0.1875 0.3234375 0.103125 0.06875
0 0.4453125 0.49609375 0.028125 0.0515625
1 0.415625 0.478125 0.00625 0.0125
0 0.4 0.3671875 0.11875 0.059375
0 0.4 0.23203125 0.11875 0.1703125
1 0.3546875 0.203125 0.0109375 0.0140625
1 0.36875 0.2359375 0.0078125 0.0078125
0 0.7390625 0.334375 0.171875 0.1078125
0 0.75 0.52890625 0.125 0.1015625
1 0.909375 0.4234375 0.021875 0.0359375
1 0.0109375 0.9734375 0.0203125 0.025
1 0.221875 0.6859375 0.0171875 0.0109375
0 0.2125 0.7921875 0.2125 0.2046875
1 0.178125 0.8921875 0.021875 0.0390625
0 0.2953125 0.92265625 0.246875 0.1546875
1 0.2453125 0.871875 0.03125 0.0203125
1 0.228125 0.93125 0.0140625 0.015625
1 0.4578125 0.803125 0.003125 0.009375
1 0.44921875 0.92109375 0.0203125 0.0234375
1 0.34375 0.8640625 0.028125 0.015625
1 0.28125 0.8875 0.046875 0.028125
1 0.46875 0.890625 0.0140625 0.015625
1 0.521875 0.9296875 0.0515625 0.0296875
1 0.5671875 0.91875 0.009375 0.0109375
1 0.8390625 0.6859375 0.0078125 0.0171875
0 0.75390625 0.67890625 0.1453125 0.1984375
1 0.525 0.7171875 0.0109375 0.0140625
1 0.65625 0.7125 0.0109375 0.0109375
0 0.7078125 0.8109375 0.425 0.33125
0 0.74140625 0.93359375 0.3546875 0.1328125
1 0.99453125 0.9296875 0.0109375 0.0125