0 0.25078125 0.53984375 0.1578125 0.2109375
0 0.234375 0.221875 0.1828125 0.1984375
1 0.1171875 0.4328125 0.0453125 0.034375
1 0.040625 0.5859375 0.04375 0.0375
1 0.2328125 0.3453125 0.0359375 0.03125
1 0.2375 0.409375 0.03125 0.021875
1 0.196875 0.39375 0.028125 0.01875
1 0.009375 0.63828125 0.01875 0.0171875
1 0.2 0.6375 0.0359375 0.0203125
1 0.0265625 0.3 0.0265625 0.025
1 0.01015625 0.2390625 0.0203125 0.034375
1 0.5421875 0.225 0.0046875 0.015625
1 0.5265625 0.4109375 0.0078125 0.0125
1 0.5140625 0.6046875 0.0125 0.0109375
1 0.8171875 0.5859375 0.0234375 0.0265625
0 0.7 0.55 0.246875 0.16875
1 0.73125 0.5671875 0.0140625 0.0125
0 0.7453125 0.4046875 0.209375 0.36875
1 0.69375 0.2734375 0.025 0.05625
0 0.6203125 0.134375 0.090625 0.0546875
0 0.74375 0.171875 0.1203125 0.128125
0 0.6671875 0.20625 0.2703125 0.1796875
0 0.575 0.1171875 0.028125 0.01875
1 0.521875 0.5671875 0.0125 0.0046875
0 0.0671875 0.9125 0.0515625 0.0296875
0 0.25 0.8453125 0.159375 0.165625
1 0.8546875 0.96875 0.0203125 0.021875
1 0.753125 0.975 0.0203125 0.025
1 0.434375 0.9859375 0.0234375 0.0203125
1 0.8140625 0.946875 0.040625 0.03125
0 0.52578125 0.96484375 0.1765625 0.0703125
1 0.584375 0.9734375 0.01875 0.0140625
1 0.5734375 0.9859375 0.015625 0.015625
1 0.403125 0.98125 0.0125 0.0125
1 0.371875 0.990625 0.0140625 0.0171875
1 0.33359375 0.98828125 0.0078125 0.0140625