1 0.5484375 0.0515625 0.0078125 0.0125
1 0.2 0.0671875 0.0171875 0.0359375
1 0.10625 0.134375 0.0125 0.00625
1 0.2703125 0.153125 0.025 0.0203125
1 0.50625 0.2390625 0.015625 0.0078125
1 0.2734375 0.25 0.009375 0.009375
1 0.00234375 0.371875 0.0046875 0.028125
0 0.50703125 0.01328125 0.2390625 0.0265625
0 0.45390625 0.10078125 0.1640625 0.2015625
0 0.4421875 0.2078125 0.259375 0.2546875
0 0.4234375 0.3375 0.0859375 0.1796875
1 0.26875 0.3671875 0.003125 0.0140625
1 0.1859375 0.0125 0.0125 0.0125
1 0.053125 0.121875 0.03125 0.03125
1 0.2671875 0.303125 0.0109375 0.009375
1 0.6046875 0.0734375 0.009375 0.009375
1 0.8421875 0.221875 0.0453125 0.01875
0 0.73359375 0.128125 0.1890625 0.23125
0 0.7 0.37734375 0.121875 0.2234375
0 0.69140625 0.45078125 0.1046875 0.0765625
1 0.6421875 0.2484375 0.00625 0.034375
0 0.7140625 0.0875 0.15 0.153125
1 0.53125 0.5328125 0.0390625 0.0265625
1 0.4375 0.684375 0.028125 0.028125
0 0.13515625 0.71953125 0.2703125 0.2546875
1 0.16875 0.840625 0.0265625 0.0203125
1 0.0046875 0.9234375 0.009375 0.01875
1 0.3796875 0.9453125 0.025 0.01875
0 0.1328125 0.8796875 0.1890625 0.15
0 0.1125 0.50546875 0.05625 0.0328125
1 0.175 0.5359375 0.0265625 0.028125
1 0.0875 0.4921875 0.0375 0.00625
0 0.96953125 0.93671875 0.0609375 0.1265625
0 0.96953125 0.7359375 0.0609375 0.125
1 0.9234375 0.740625 0.0296875 0.0296875
1 0.6625 0.99140625 0.025 0.0171875
1 0.7859375 0.7625 0.0265625 0.0234375
1 0.7015625 0.8359375 0.034375 0.0359375
1 0.65390625 0.853125 0.0296875 0.03125
1 0.64453125 0.8140625 0.0109375 0.03125