1 0.234375 0.0390625 0.0171875 0.021875
1 0.184375 0.065625 0.0296875 0.025
1 0.128125 0.1234375 0.0390625 0.034375
1 0.2421875 0.1046875 0.05625 0.0484375
1 0.340625 0.1875 0.0390625 0.021875
1 0.3265625 0.2125 0.0296875 0.01875
0 0.40859375 0.2203125 0.0609375 0.096875
1 0.3796875 0.390625 0.0359375 0.0296875
1 0.43046875 0.4171875 0.0171875 0.015625
1 0.321875 0.1453125 0.0140625 0.0140625
1 0.4078125 0.1359375 0.021875 0.0296875
1 0.0125 0.36484375 0.025 0.0203125
1 0.434375 0.234375 0.009375 0.015625
0 0.0234375 0.1796875 0.046875 0.2
0 0.015625 0.1046875 0.03125 0.128125
0 0.40859375 0.2828125 0.0609375 0.0625
1 0.7546875 0.378125 0.0390625 0.025
1 0.8328125 0.3578125 0.0328125 0.0453125
1 0.65 0.3359375 0.03125 0.0234375
0 0.765625 0.3296875 0.0359375 0.05625
1 0.8703125 0.3046875 0.0203125 0.025
1 0.6609375 0.2671875 0.0125 0.0125
1 0.6375 0.2546875 0.0078125 0.0078125
1 0.7 0.23125 0.015625 0.028125
1 0.859375 0.2109375 0.0171875 0.0296875
1 0.890625 0.18125 0.0109375 0.009375
1 0.85625 0.1859375 0.0296875 0.0390625
1 0.7921875 0.1625 0.009375 0.0109375
0 0.7578125 0.1265625 0.0375 0.0375
1 0.8765625 0.1109375 0.01875 0.0140625
1 0.70625 0.075 0.015625 0.0140625
1 0.6390625 0.0546875 0.009375 0.0109375
1 0.596875 0.05625 0.0140625 0.0203125
1 0.8453125 0.0671875 0.0515625 0.04375
1 0.6703125 0.059375 0.0265625 0.0265625
1 0.809375 0.03125 0.0171875 0.0234375
1 0.9015625 0.028125 0.01875 0.0234375
1 0.7234375 0.0140625 0.0125 0.025
1 0.6375 0.00390625 0.0125 0.0078125
1 0.50625 0.38203125 0.134375 0.0828125
1 0.4671875 0.390625 0.021875 0.0078125
1 0.496875 0.396875 0.0234375 0.0125
1 0.44765625 0.33515625 0.0171875 0.0109375
1 0.4875 0.17265625 0.071875 0.3453125
1 0.4921875 0.3421875 0.0109375 0.01875
1 0.65 0.1625 0.0203125 0.0125
1 0.6328125 0.178125 0.021875 0.0125
1 0.584375 0.178125 0.0234375 0.0078125
1 0.5546875 0.2 0.015625 0.015625
0 0.7625 0.078125 0.05 0.040625
1 0.803125 0.053125 0.015625 0.0203125
0 0.9609375 0.353125 0.078125 0.140625
0 0.97109375 0.090625 0.0578125 0.109375
0 0.978125 0.03671875 0.04375 0.0734375
0 0.96328125 0.1859375 0.0734375 0.075
0 0.9640625 0.2578125 0.071875 0.11875
1 0.321875 0.8609375 0.0140625 0.015625
0 0.2828125 0.8578125 0.05 0.0234375
1 0.0109375 0.7234375 0.015625 0.0140625
1 0.03125 0.57109375 0.0625 0.0234375
1 0.1421875 0.853125 0.0234375 0.025
1 0.1765625 0.8390625 0.0078125 0.0109375
1 0.1578125 0.7859375 0.034375 0.03125
1 0.1078125 0.7046875 0.01875 0.021875
1 0.1390625 0.7234375 0.0296875 0.03125
1 0.17421875 0.56484375 0.0234375 0.0109375
1 0.1375 0.5984375 0.0296875 0.0171875
1 0.1421875 0.5953125 0.009375 0.03125
1 0.15546875 0.56953125 0.0140625 0.0203125
1 0.3453125 0.828125 0.0171875 0.0203125
1 0.39296875 0.82265625 0.0921875 0.0859375
1 0.21875 0.7640625 0.0328125 0.059375
0 0.29375 0.759375 0.1234375 0.18125
1 0.31640625 0.57734375 0.0296875 0.0359375
0 0.296875 0.6359375 0.09375 0.1078125
1 0.365625 0.57109375 0.003125 0.0234375
1 0.38046875 0.59765625 0.1109375 0.0765625
1 0.3484375 0.6453125 0.0328125 0.028125
0 0.44921875 0.80390625 0.0203125 0.0546875
0 0.45078125 0.6828125 0.0234375 0.165625
1 0.6265625 0.59375 0.0234375 0.040625
1 0.65625 0.5953125 0.028125 0.015625
1 0.70625 0.8125 0.0390625 0.034375
1 0.4671875 0.7546875 0.0203125 0.028125
1 0.99453125 0.76953125 0.0109375 0.0234375
0 0.9484375 0.7953125 0.0984375 0.0703125
0 0.95390625 0.72578125 0.0921875 0.1296875
0 0.9328125 0.653125 0.134375 0.128125
1 0.8640625 0.659375 0.0296875 0.03125
1 0.85 0.58125 0.0203125 0.0296875