1 0.28125 0.4125 0.021875 0.0203125
1 0.2875 0.5140625 0.025 0.0203125
1 0.33125 0.2375 0.046875 0.046875
1 0.3625 0.384375 0.0109375 0.0078125
1 0.39296875 0.29375 0.0140625 0.03125
0 0.3765625 0.19765625 0.046875 0.1171875
1 0.234375 0.0984375 0.015625 0.0125
0 0.2921875 0.25 0.0578125 0.0515625
0 0.23125 0.2234375 0.009375 0.046875
1 0.3953125 0.51015625 0.009375 0.0390625
1 0.259375 0.453125 0.03125 0.040625
1 0.8671875 0.2359375 0.03125 0.0609375
1 0.8328125 0.24375 0.0234375 0.0203125
1 0.6828125 0.1828125 0.046875 0.0296875
1 0.7 0.275 0.025 0.0265625
1 0.6609375 0.2359375 0.05625 0.040625
1 0.5046875 0.1765625 0.0265625 0.0375
1 0.59375 0.3671875 0.0375 0.0453125
1 0.7234375 0.4265625 0.0390625 0.0296875
0 0.8625 0.4046875 0.0421875 0.0453125
1 0.6734375 0.390625 0.0359375 0.028125
1 0.659375 0.4140625 0.0296875 0.0234375
1 0.609375 0.4 0.03125 0.03125
1 0.5734375 0.390625 0.0234375 0.0296875
1 0.553125 0.384375 0.0265625 0.034375
1 0.65 0.4640625 0.065625 0.0546875
1 0.796875 0.478125 0.03125 0.0234375
1 0.85703125 0.53203125 0.0390625 0.0140625
0 0.49296875 0.42421875 0.1734375 0.2296875
0 0.43828125 0.415625 0.0765625 0.246875
1 0.328125 0.85 0.0234375 0.0234375
1 0.3234375 0.9015625 0.03125 0.0421875
1 0.38671875 0.8875 0.0265625 0.040625
0 0.16328125 0.90390625 0.2109375 0.1921875
1 0.140625 0.85 0.0609375 0.0390625
1 0.0984375 0.715625 0.0453125 0.04375
1 0.21484375 0.54453125 0.0265625 0.0109375
1 0.18125 0.9453125 0.0203125 0.025
1 0.3875 0.9734375 0.025 0.021875
1 0.1078125 0.5953125 0.0140625 0.01875
0 0.0578125 0.9328125 0.053125 0.065625
1 0.29453125 0.98125 0.0265625 0.0375
1 0.1078125 0.6421875 0.0328125 0.0234375
1 0.3125 0.684375 0.06875 0.04375
1 0.3390625 0.6640625 0.03125 0.03125
1 0.38828125 0.665625 0.0234375 0.046875
1 0.9234375 0.54296875 0.034375 0.0078125
0 0.75 0.6453125 0.25 0.2015625
1 0.7078125 0.578125 0.01875 0.01875
1 0.6390625 0.64375 0.0109375 0.0203125
1 0.6640625 0.728125 0.034375 0.021875
1 0.646875 0.878125 0.034375 0.0640625
1 0.6921875 0.8625 0.03125 0.025
1 0.7296875 0.8578125 0.0171875 0.0234375
1 0.7046875 0.93125 0.0296875 0.025
1 0.6125 0.971875 0.01875 0.015625
1 0.67890625 0.99140625 0.0140625 0.0171875
1 0.65078125 0.9984375 0.0140625 0.003125
1 0.8109375 0.884375 0.0328125 0.015625
1 0.8546875 0.8921875 0.01875 0.0328125
1 0.975 0.878125 0.0484375 0.0796875
1 0.9390625 0.8625 0.0234375 0.0359375
1 0.925 0.89375 0.03125 0.0328125
1 0.8578125 0.740625 0.0171875 0.0265625
1 0.8078125 0.7453125 0.0171875 0.0265625
1 0.946875 0.578125 0.015625 0.0203125
1 0.7828125 0.9859375 0.025 0.01875
1 0.7953125 0.9203125 0.015625 0.0171875
1 0.99609375 0.9828125 0.0078125 0.025
0 0.9 0.678125 0.1796875 0.1453125
1 0.965625 0.61875 0.06875 0.078125
0 0.653125 0.61875 0.11875 0.0875
1 0.6734375 0.628125 0.015625 0.015625