1 0.275 0.1640625 0.03125 0.0453125
1 0.325 0.50625 0.0234375 0.040625
1 0.153125 0.4640625 0.021875 0.0453125
1 0.09375 0.409375 0.0125 0.0171875
1 0.025 0.265625 0.0234375 0.0171875
0 0.3625 0.040625 0.340625 0.078125
0 0.3984375 0.1765625 0.2609375 0.3484375
0 0.371875 0.4921875 0.0703125 0.071875
0 0.49765625 0.4765625 0.0828125 0.103125
1 0.24375 0.440625 0.05 0.0328125
0 0.38125 0.371875 0.2953125 0.3109375
1 0.54375 0.09765625 0.009375 0.0359375
1 0.575 0.334375 0.0265625 0.0234375
1 0.615625 0.31875 0.04375 0.05
1 0.603125 0.28125 0.0390625 0.0421875
1 0.6453125 0.2140625 0.0234375 0.0234375
1 0.596875 0.221875 0.0453125 0.0515625
1 0.60625 0.0578125 0.028125 0.01875
1 0.6484375 0.140625 0.015625 0.0140625
1 0.6796875 0.1046875 0.0375 0.0234375
1 0.7734375 0.090625 0.0203125 0.03125
0 0.796875 0.0421875 0.11875 0.084375
0 0.784375 0.1875 0.1453125 0.1890625
0 0.746875 0.2453125 0.08125 0.0671875
1 0.69375 0.2265625 0.03125 0.025
0 0.7640625 0.3484375 0.1359375 0.1265625
1 0.7953125 0.303125 0.028125 0.0265625
1 0.9046875 0.04375 0.046875 0.0375
1 0.9734375 0.284375 0.0171875 0.015625
1 0.21171875 0.99140625 0.0203125 0.0171875
1 0.353125 0.9765625 0.015625 0.0078125
1 0.46328125 0.98515625 0.0578125 0.0296875
1 0.390625 0.953125 0.015625 0.0203125
1 0.5328125 0.940625 0.0125 0.028125
1 0.1390625 0.90625 0.015625 0.015625
1 0.1859375 0.9046875 0.01875 0.028125
1 0.259375 0.903125 0.034375 0.03125
1 0.45 0.896875 0.034375 0.03125
1 0.046875 0.8484375 0.015625 0.0109375
1 0.2859375 0.84375 0.028125 0.021875
1 0.278125 0.8140625 0.0109375 0.0171875
1 0.2765625 0.740625 0.0203125 0.015625
1 0.2609375 0.70625 0.0703125 0.046875
1 0.003125 0.865625 0.00625 0.009375
1 0.040625 0.7578125 0.0390625 0.05
1 0.009375 0.7765625 0.015625 0.0140625
1 0.0625 0.7203125 0.0328125 0.0359375
1 0.0765625 0.725 0.00625 0.003125
1 0.078125 0.6875 0.0171875 0.009375
1 0.0734375 0.696875 0.0171875 0.0125
1 0.171875 0.915625 0.015625 0.015625
1 0.196875 0.8875 0.0265625 0.01875
1 0.2 0.9234375 0.01875 0.021875
1 0.19375 0.9671875 0.0203125 0.025
1 0.1453125 0.996875 0.01875 0.00625
0 0.3234375 0.715625 0.071875 0.0640625
1 0.3328125 0.7421875 0.0171875 0.01875
1 0.3703125 0.6984375 0.009375 0.0109375
1 0.2984375 0.9640625 0.0234375 0.0390625
0 0.3328125 0.96953125 0.053125 0.0609375
0 0.3265625 0.8 0.059375 0.05625
1 0.38125 0.8390625 0.025 0.0203125
1 0.4046875 0.8546875 0.046875 0.0328125
1 0.3578125 0.840625 0.025 0.034375
1 0.3078125 0.8625 0.0484375 0.0609375
1 0.2921875 0.9109375 0.0203125 0.034375
1 0.3078125 0.9171875 0.01875 0.01875
1 0.365625 0.8890625 0.0109375 0.021875
1 0.8109375 0.57265625 0.046875 0.0078125
1 0.8 0.7078125 0.1078125 0.128125
0 0.9640625 0.60859375 0.071875 0.0796875
1 0.9265625 0.775 0.0453125 0.0234375
1 0.96328125 0.7609375 0.0734375 0.05625