1 0.5734375 0.1265625 0.028125 0.025
1 0.534375 0.00625 0.0125 0.0125
1 0.50703125 0.021875 0.0578125 0.04375
1 0.4671875 0.025 0.0171875 0.015625
1 0.4078125 0.046875 0.021875 0.0203125
1 0.315625 0.01875 0.009375 0.0171875
1 0.2875 0.034375 0.040625 0.03125
1 0.2765625 0.065625 0.015625 0.01875
1 0.196875 0.0453125 0.0234375 0.0203125
1 0.1578125 0.203125 0.0203125 0.034375
1 0.2921875 0.1890625 0.03125 0.034375
1 0.290625 0.2046875 0.021875 0.0203125
1 0.3625 0.2125 0.0359375 0.03125
1 0.2171875 0.2359375 0.0296875 0.0234375
1 0.2546875 0.3046875 0.0125 0.00625
1 0.5359375 0.2359375 0.015625 0.015625
1 0.575 0.3265625 0.021875 0.025
1 0.5609375 0.3453125 0.0109375 0.0078125
1 0.51875 0.403125 0.0109375 0.0171875
1 0.471875 0.359375 0.015625 0.015625
1 0.5078125 0.4078125 0.0078125 0.0171875
1 0.4859375 0.4234375 0.0125 0.0109375
0 0.4203125 0.4140625 0.165625 0.209375
1 0.371875 0.4234375 0.0140625 0.028125
1 0.3796875 0.434375 0.01875 0.0171875
1 0.3640625 0.4546875 0.01875 0.0046875
1 0.3765625 0.49375 0.00625 0.0125
1 0.58125 0.471875 0.0234375 0.021875
1 0.57265625 0.51640625 0.0140625 0.0046875
0 0.57109375 0.4609375 0.0578125 0.10625
1 0.5109375 0.4890625 0.025 0.0265625
1 0.2125 0.4328125 0.0671875 0.0796875
0 0.2515625 0.4625 0.253125 0.1125
1 0.2890625 0.346875 0.009375 0.0046875
1 0.8859375 0.3203125 0.0140625 0.028125
1 0.96875 0.496875 0.0171875 0.03125
0 0.92734375 0.44921875 0.1453125 0.1390625
1 0.8796875 0.4640625 0.009375 0.034375
1 0.8359375 0.346875 0.0453125 0.0640625
0 0.8671875 0.42578125 0.1125 0.1859375
0 0.2109375 0.6765625 0.2546875 0.2734375
1 0.33125 0.6421875 0.0203125 0.0265625
1 0.4140625 0.8140625 0.01875 0.0265625
0 0.3703125 0.678125 0.15 0.1890625
1 0.0265625 0.6359375 0.028125 0.0265625
1 0.71875 0.6796875 0.0234375 0.0234375
1 0.7140625 0.73125 0.03125 0.0421875
1 0.7828125 0.7171875 0.0359375 0.040625
0 0.6296875 0.74453125 0.059375 0.2140625
1 0.9203125 0.553125 0.028125 0.0296875
0 0.8546875 0.7515625 0.140625 0.2921875
1 0.915625 0.7828125 0.0421875 0.040625
1 0.9125 0.7234375 0.0171875 0.0328125
0 0.9375 0.725 0.01875 0.0921875
1 0.915625 0.9796875 0.04375 0.040625
1 0.8125 0.8484375 0.0171875 0.028125
1 0.7171875 0.8703125 0.040625 0.034375
1 0.7515625 0.9671875 0.0328125 0.021875
1 0.7796875 0.803125 0.0265625 0.021875
1 0.6796875 0.8859375 0.021875 0.046875
1 0.6859375 0.8125 0.0265625 0.0390625
1 0.703125 0.52734375 0.06875 0.0171875
1 0.809375 0.52421875 0.028125 0.0109375
0 0.9296875 0.871875 0.03125 0.046875