1 0.16875 0.1890625 0.040625 0.0328125
1 0.153125 0.1578125 0.0265625 0.025
1 0.16875 0.1234375 0.0171875 0.0140625
1 0.240625 0.1171875 0.025 0.0234375
1 0.2484375 0.075 0.0171875 0.021875
1 0.275 0.071875 0.01875 0.0125
1 0.1921875 0.06875 0.01875 0.021875
1 0.2875 0.215625 0.0421875 0.0359375
1 0.3265625 0.225 0.0265625 0.021875
1 0.35 0.2265625 0.0140625 0.0234375
1 0.40625 0.2015625 0.028125 0.0359375
1 0.3546875 0.2921875 0.0359375 0.0421875
1 0.3140625 0.2671875 0.0203125 0.021875
1 0.440625 0.3015625 0.0390625 0.028125
1 0.3640625 0.4 0.0203125 0.0203125
1 0.284375 0.346875 0.01875 0.0375
1 0.21875 0.3203125 0.0359375 0.028125
1 0.196875 0.371875 0.0640625 0.05625
1 0.1875 0.41875 0.034375 0.0296875
1 0.2796875 0.434375 0.03125 0.0421875
1 0.240625 0.4171875 0.0265625 0.0265625
1 0.15 0.2734375 0.025 0.0171875
1 0.21875 0.253125 0.034375 0.0203125
1 0.2484375 0.1671875 0.0140625 0.01875
1 0.2984375 0.1625 0.021875 0.0171875
1 0.3390625 0.1921875 0.025 0.0125
1 0.353125 0.178125 0.0109375 0.015625
1 0.3375 0.1671875 0.0328125 0.025
1 0.3578125 0.1375 0.0390625 0.028125
1 0.3671875 0.1109375 0.034375 0.0234375
1 0.3171875 0.0890625 0.021875 0.0375
1 0.3140625 0.0625 0.01875 0.009375
1 0.39453125 0.01484375 0.0453125 0.0296875
1 0.409375 0.0859375 0.0359375 0.0203125
1 0.103125 0.0109375 0.025 0.0203125
1 0.428125 0.346875 0.0328125 0.0421875
1 0.4265625 0.36875 0.0171875 0.021875
1 0.434375 0.41875 0.04375 0.0234375
1 0.43125 0.44375 0.040625 0.028125
1 0.4765625 0.4453125 0.025 0.0125
1 0.6328125 0.403125 0.034375 0.0421875
1 0.653125 0.1734375 0.021875 0.0234375
1 0.6140625 0.15625 0.0203125 0.0203125
1 0.646875 0.028125 0.0328125 0.0359375
1 0.65390625 0.003125 0.0234375 0.00625
1 0.67890625 0.01015625 0.0203125 0.0203125
1 0.540625 0.01875 0.034375 0.0296875
0 0.5171875 0.090625 0.090625 0.090625
1 0.5390625 0.08125 0.0171875 0.0078125
0 0.51875 0.2125 0.090625 0.153125
0 0.509375 0.2953125 0.0953125 0.1109375
1 0.5171875 0.39375 0.0890625 0.1203125
0 0.5078125 0.01953125 0.1125 0.0390625
0 0.04140625 0.034375 0.0828125 0.06875
0 0.01328125 0.1125 0.0265625 0.109375
0 0.0234375 0.19140625 0.046875 0.0765625
0 0.01953125 0.26875 0.0390625 0.096875
0 0.00859375 0.3515625 0.0171875 0.140625
1 0.02421875 0.4109375 0.0484375 0.05625
1 0.6921875 0.253125 0.00625 0.01875
1 0.7140625 0.246875 0.0328125 0.03125
1 0.7 0.3 0.0125 0.0125
1 0.740625 0.303125 0.040625 0.0453125
1 0.828125 0.265625 0.046875 0.0390625
1 0.8875 0.2359375 0.0765625 0.0265625
1 0.94375 0.178125 0.0234375 0.01875
1 0.859375 0.175 0.0125 0.0171875
1 0.8375 0.359375 0.0265625 0.0234375
1 0.8546875 0.33125 0.0234375 0.01875
1 0.9453125 0.3546875 0.028125 0.01875
1 0.9546875 0.4109375 0.05 0.0546875
1 0.8734375 0.0796875 0.0234375 0.025
1 0.7578125 0.1 0.0203125 0.0140625
1 0.778125 0.0984375 0.025 0.0265625
1 0.7265625 0.140625 0.0265625 0.03125
1 0.746875 0.2203125 0.025 0.015625
1 0.7046875 0.403125 0.03125 0.034375
1 0.70234375 0.4578125 0.0265625 0.05
1 0.7328125 0.4421875 0.0171875 0.01875
1 0.725 0.4703125 0.0125 0.0234375
1 0.69453125 0.509375 0.0109375 0.028125
1 0.85 0.5078125 0.0390625 0.04375
1 0.890625 0.5203125 0.034375 0.0375
1 0.8765625 0.4328125 0.025 0.025
1 0.9765625 0.053125 0.046875 0.01875
1 0.01875 0.7484375 0.034375 0.0453125
1 0.51015625 0.97421875 0.0546875 0.0515625
1 0.5640625 0.884375 0.04375 0.0390625
0 0.6296875 0.9125 0.1125 0.09375
0 0.625 0.97578125 0.128125 0.0484375
1 0.628125 0.8375 0.046875 0.04375
1 0.5171875 0.825 0.0375 0.0453125
1 0.515625 0.75625 0.0390625 0.034375
1 0.496875 0.7265625 0.0296875 0.0203125
1 0.4625 0.7328125 0.01875 0.0328125
1 0.4203125 0.7390625 0.0515625 0.046875
1 0.4171875 0.7953125 0.05 0.0421875
1 0.446875 0.9015625 0.034375 0.0515625
1 0.49375 0.8890625 0.01875 0.0203125
1 0.39375 0.98984375 0.028125 0.0203125
1 0.2703125 0.9921875 0.059375 0.015625
1 0.3015625 0.996875 0.01875 0.00625
1 0.2765625 0.775 0.04375 0.0453125
1 0.3265625 0.7734375 0.05 0.0625
1 0.35625 0.7453125 0.034375 0.0265625
1 0.2625 0.7359375 0.0265625 0.0359375
1 0.3078125 0.7328125 0.059375 0.0328125
1 0.203125 0.7296875 0.0296875 0.025
1 0.1703125 0.78125 0.03125 0.0265625
1 0.16875 0.8375 0.03125 0.0296875
0 0.20625 0.9125 0.1140625 0.103125
0 0.1 0.884375 0.134375 0.1109375
0 0.09453125 0.95546875 0.1890625 0.0890625
1 0.1359375 0.86875 0.0453125 0.0359375
1 0.1125 0.8375 0.065625 0.0375
1 0.1265625 0.79375 0.05625 0.053125
1 0.0625 0.81875 0.0328125 0.021875
0 0.09375 0.7609375 0.1078125 0.0890625
1 0.3078125 0.9609375 0.034375 0.0265625
0 0.61640625 0.775 0.1453125 0.11875
1 0.68359375 0.765625 0.0109375 0.021875
1 0.00546875 0.83984375 0.0109375 0.0546875
1 0.278125 0.825 0.05625 0.0515625
1 0.25625 0.85 0.015625 0.0234375
1 0.2328125 0.8453125 0.021875 0.03125
1 0.3140625 0.853125 0.05625 0.040625
1 0.2921875 0.88125 0.0484375 0.0484375
1 0.5421875 0.9359375 0.0484375 0.028125
1 0.5453125 0.96875 0.028125 0.05
1 0.6609375 0.859375 0.0328125 0.0203125
0 0.8046875 0.9421875 0.140625 0.115625
0 0.78125 0.85078125 0.184375 0.1234375
1 0.7703125 0.7921875 0.0171875 0.046875
0 0.74375 0.696875 0.1046875 0.090625
1 0.9484375 0.940625 0.0703125 0.0671875