1 0.03125 0.11796875 0.0625 0.0890625
1 0.05 0.065625 0.075 0.0546875
1 0.046875 0.0171875 0.09375 0.034375
1 0.1078125 0.121875 0.0359375 0.0703125
1 0.07578125 0.33359375 0.0890625 0.0328125
0 0.065625 0.234375 0.1203125 0.146875
1 0.4734375 0.015625 0.00625 0.00625
1 0.4765625 0.0609375 0.0140625 0.015625
1 0.4828125 0.028125 0.0265625 0.03125
1 0.6109375 0.0578125 0.01875 0.01875
1 0.7203125 0.215625 0.0203125 0.0265625
1 0.7 0.153125 0.059375 0.0578125
1 0.790625 0.21875 0.0390625 0.065625
1 0.81640625 0.3453125 0.0203125 0.009375
0 0.753125 0.29453125 0.153125 0.1109375
1 0.865625 0.2515625 0.0125 0.025
1 0.8703125 0.14375 0.0140625 0.0125
1 0.8921875 0.340625 0.0109375 0.0109375
1 0.909375 0.2328125 0.009375 0.0265625
1 0.803125 0.0109375 0.040625 0.021875
1 0.7921875 0.0390625 0.028125 0.034375
1 0.7515625 0.059375 0.0390625 0.03125
1 0.8171875 0.0578125 0.03125 0.0203125
1 0.8921875 0.09375 0.0234375 0.0234375
1 0.8125 0.1046875 0.0296875 0.03125
1 0.8453125 0.23125 0.0125 0.0078125
1 0.9625 0.29375 0.0109375 0.0078125
1 0.9734375 0.2859375 0.00625 0.009375
1 0.884375 0.2640625 0.025 0.0203125
0 0.9078125 0.2890625 0.10625 0.0546875
1 0.840625 0.2828125 0.0109375 0.0109375
1 0.7265625 0.340625 0.009375 0.00625
0 0.57421875 0.27109375 0.2078125 0.1578125
1 0.9703125 0.3078125 0.0328125 0.0359375
1 0.94296875 0.33359375 0.0578125 0.0328125
1 0.9453125 0.109375 0.028125 0.028125
1 0.0296875 0.56875 0.0375 0.03125
1 0.0671875 0.878125 0.0140625 0.0078125
0 0.05625 0.709375 0.0453125 0.046875
1 0.1046875 0.590625 0.0140625 0.025
1 0.10625 0.84375 0.0234375 0.0375
0 0.1375 0.953125 0.05625 0.03125
0 0.14375 0.8875 0.0546875 0.021875
0 0.15 0.5015625 0.05625 0.034375
1 0.20234375 0.9953125 0.0203125 0.009375
1 0.2046875 0.6046875 0.028125 0.021875
1 0.2875 0.99296875 0.015625 0.0140625
1 0.30078125 0.5453125 0.0171875 0.034375
0 0.2859375 0.421875 0.0390625 0.028125
1 0.1765625 0.63125 0.0234375 0.025
1 0.1765625 0.6109375 0.0203125 0.01875
1 0.2171875 0.5203125 0.015625 0.028125
1 0.2125 0.6703125 0.015625 0.01875
1 0.128125 0.403125 0.021875 0.0140625
0 0.0484375 0.63125 0.0484375 0.046875
0 0.02109375 0.7921875 0.0421875 0.13125
0 0.1046875 0.696875 0.034375 0.05
0 0.0546875 0.7984375 0.08125 0.0578125
0 0.1625 0.78125 0.1359375 0.1453125
0 0.2109375 0.7078125 0.0359375 0.0453125
0 0.2703125 0.6765625 0.0765625 0.0546875
1 0.2484375 0.653125 0.015625 0.01875
0 0.26953125 0.8078125 0.0796875 0.096875
0 0.2765625 0.48125 0.0359375 0.0296875
0 0.2359375 0.4859375 0.0421875 0.0359375
0 0.0328125 0.95390625 0.065625 0.0734375
0 0.0640625 0.9921875 0.05625 0.015625
0 0.0796875 0.9625 0.0421875 0.0546875
1 0.2515625 0.98125 0.0140625 0.0140625
1 0.2375 0.9890625 0.0109375 0.01875
1 0.23046875 0.9984375 0.0078125 0.003125
1 0.2375 0.8921875 0.01875 0.0203125
0 0.24375 0.9390625 0.0703125 0.0734375
1 0.246875 0.865625 0.01875 0.015625
1 0.0515625 0.8953125 0.0140625 0.0234375
1 0.30546875 0.9625 0.0078125 0.021875
1 0.984375 0.35546875 0.028125 0.0109375
1 0.5578125 0.353125 0.021875 0.00625
1 0.6125 0.36484375 0.059375 0.0296875
1 0.5796875 0.4015625 0.0421875 0.0328125
1 0.5625 0.4328125 0.0078125 0.00625
1 0.815625 0.3765625 0.0125 0.040625
1 0.8109375 0.3921875 0.0375 0.0171875
1 0.840625 0.375 0.0109375 0.015625
1 0.98125 0.5203125 0.021875 0.025
1 0.9140625 0.5109375 0.0109375 0.00625
1 0.9171875 0.5046875 0.009375 0.0109375
1 0.83125 0.428125 0.0390625 0.03125
1 0.8140625 0.45 0.00625 0.009375
1 0.8171875 0.51875 0.0125 0.0125
1 0.76875 0.4734375 0.065625 0.0703125
1 0.6890625 0.3890625 0.0125 0.00625
1 0.6671875 0.45625 0.0234375 0.01875
1 0.6390625 0.459375 0.028125 0.015625
1 0.525 0.4671875 0.0125 0.0078125
1 0.5171875 0.4921875 0.0078125 0.009375
1 0.5328125 0.5328125 0.0375 0.065625
1 0.671875 0.5578125 0.0125 0.0078125
1 0.6671875 0.5484375 0.0109375 0.0171875
1 0.65625 0.5109375 0.059375 0.084375
1 0.6609375 0.496875 0.034375 0.028125
1 0.7265625 0.5421875 0.015625 0.0234375
1 0.7484375 0.53125 0.009375 0.0171875
1 0.753125 0.5390625 0.0140625 0.0109375
1 0.7453125 0.5171875 0.0328125 0.015625
1 0.8125 0.5359375 0.0125 0.0140625
1 0.7875 0.55 0.015625 0.009375
1 0.909375 0.5921875 0.046875 0.03125
1 0.884375 0.61875 0.0046875 0.0109375
1 0.8625 0.6171875 0.03125 0.0359375
1 0.8328125 0.6140625 0.0140625 0.0109375
1 0.6078125 0.6203125 0.040625 0.0390625
0 0.54375 0.6765625 0.0609375 0.1640625
1 0.6640625 0.6625 0.009375 0.009375
0 0.6453125 0.6859375 0.0828125 0.1890625
1 0.7640625 0.73125 0.0078125 0.0125
0 0.7140625 0.6765625 0.1359375 0.128125
0 0.803125 0.690625 0.0859375 0.10625
0 0.8890625 0.7203125 0.103125 0.1265625
1 0.815625 0.765625 0.0234375 0.0140625
1 0.75625 0.7875 0.0203125 0.0171875
1 0.73125 0.784375 0.0109375 0.0078125
1 0.7171875 0.7765625 0.0109375 0.0109375
1 0.9421875 0.7140625 0.015625 0.0328125
1 0.934375 0.7578125 0.01875 0.0296875
1 0.915625 0.7671875 0.015625 0.01875
1 0.9421875 0.7859375 0.015625 0.015625
1 0.953125 0.8109375 0.0125 0.0296875
0 0.9875 0.6953125 0.025 0.134375
1 0.6859375 0.828125 0.046875 0.040625
1 0.7625 0.89375 0.025 0.0203125
1 0.8125 0.8796875 0.0078125 0.0078125
1 0.896875 0.8484375 0.015625 0.0046875
1 0.8609375 0.9359375 0.0046875 0.009375
1 0.8625 0.975 0.0078125 0.0046875
1 0.8078125 0.9640625 0.00625 0.0140625
1 0.7109375 0.95 0.015625 0.0171875
1 0.64375 0.9203125 0.015625 0.0125
1 0.621875 0.946875 0.0515625 0.0296875
1 0.821875 0.99140625 0.0375 0.0171875
1 0.98046875 0.9984375 0.0078125 0.003125