1 0.021875 0.0375 0.0265625 0.0203125
1 0.05625 0.028125 0.0328125 0.0171875
1 0.0328125 0.16875 0.028125 0.0328125
1 0.04375 0.425 0.059375 0.04375
1 0.046875 0.134375 0.0375 0.0375
1 0.06875 0.30625 0.034375 0.025
1 0.075 0.2078125 0.0265625 0.01875
1 0.140625 0.3046875 0.0671875 0.0859375
1 0.1859375 0.3546875 0.0578125 0.0546875
1 0.1828125 0.40625 0.028125 0.03125
1 0.26875 0.309375 0.0546875 0.0296875
1 0.1734375 0.1328125 0.0328125 0.0234375
1 0.1890625 0.146875 0.0203125 0.025
1 0.296875 0.1359375 0.0671875 0.065625
1 0.17109375 0.025 0.0609375 0.05
1 0.2296875 0.0859375 0.021875 0.025
1 0.2796875 0.05625 0.065625 0.034375
1 0.309375 0.08125 0.0328125 0.0171875
1 0.10390625 0.00625 0.0203125 0.0125
1 0.35546875 0.0125 0.0609375 0.025
1 0.34375 0.15 0.0328125 0.0234375
1 0.378125 0.321875 0.0546875 0.046875
0 0.4859375 0.3625 0.1453125 0.15
0 0.475 0.2703125 0.146875 0.09375
0 0.471875 0.19375 0.1671875 0.1046875
1 0.459375 0.128125 0.0296875 0.0234375
1 0.43125 0.1 0.05 0.0296875
1 0.415625 0.065625 0.084375 0.0609375
0 0.48984375 0.059375 0.1359375 0.11875
0 0.49375 0.01953125 0.0875 0.0390625
0 0.5765625 0.0296875 0.10625 0.059375
1 0.61015625 0.0828125 0.0390625 0.08125
1 0.621875 0.3359375 0.015625 0.04375
1 0.6 0.228125 0.053125 0.0453125
1 0.62578125 0.15859375 0.0078125 0.0296875
1 0.5984375 0.128125 0.0578125 0.028125
1 0.640625 0.09375 0.021875 0.05
1 0.6640625 0.23125 0.028125 0.034375
1 0.8875 0.4046875 0.028125 0.03125
1 0.9046875 0.1890625 0.0484375 0.03125
1 0.9046875 0.3265625 0.03125 0.0203125
1 0.8984375 0.3109375 0.0328125 0.0265625
1 0.7578125 0.0203125 0.028125 0.028125
1 0.871875 0.0875 0.015625 0.0328125
1 0.903125 0.1171875 0.021875 0.01875
1 0.9359375 0.08125 0.025 0.01875
1 0.9203125 0.046875 0.0234375 0.01875
0 0.96328125 0.30234375 0.0734375 0.2953125
0 0.97109375 0.40390625 0.0578125 0.0921875
1 0.0125 0.553125 0.025 0.021875
1 0.021875 0.61875 0.015625 0.0109375
1 0.003125 0.65546875 0.00625 0.0171875
1 0.0375 0.6640625 0.0125 0.009375
1 0.0328125 0.678125 0.03125 0.0359375
1 0.0046875 0.73828125 0.009375 0.0296875
1 0.00859375 0.9359375 0.0171875 0.01875
1 0.00390625 0.890625 0.0078125 0.015625
1 0.0015625 0.78359375 0.003125 0.0109375
1 0.00625 0.790625 0.0125 0.0125
1 0.0484375 0.8015625 0.0078125 0.0078125
1 0.1203125 0.778125 0.025 0.0328125
1 0.1328125 0.8609375 0.01875 0.0140625
1 0.1859375 0.9875 0.01875 0.01875
1 0.178125 0.9625 0.0171875 0.0171875
1 0.1921875 0.959375 0.009375 0.0171875
1 0.18125 0.925 0.0125 0.0125
1 0.1578125 0.921875 0.0171875 0.0265625
1 0.1734375 0.9109375 0.0265625 0.01875
1 0.1828125 0.8984375 0.0296875 0.028125
1 0.196875 0.859375 0.0265625 0.025
1 0.215625 0.8921875 0.025 0.0234375
1 0.1703125 0.8078125 0.01875 0.0171875
1 0.1921875 0.8140625 0.025 0.0203125
1 0.14375 0.8203125 0.015625 0.015625
1 0.1734375 0.709375 0.0375 0.025
1 0.2046875 0.68125 0.01875 0.015625
1 0.178125 0.675 0.03125 0.0140625
1 0.1953125 0.6515625 0.0375 0.034375
1 0.1921875 0.559375 0.0390625 0.03125
1 0.2046875 0.559375 0.0140625 0.0125
1 0.190625 0.5796875 0.009375 0.0140625
1 0.1796875 0.509375 0.025 0.0203125
1 0.184375 0.5109375 0.0234375 0.0234375
1 0.26875 0.9140625 0.015625 0.00625
1 0.284375 0.9375 0.01875 0.0140625
1 0.3 0.96875 0.025 0.021875
1 0.315625 0.953125 0.01875 0.021875
1 0.378125 0.99453125 0.015625 0.0109375
1 0.2921875 0.846875 0.0359375 0.034375
1 0.2953125 0.6890625 0.015625 0.0078125
1 0.321875 0.665625 0.009375 0.015625
1 0.3359375 0.571875 0.0046875 0.0078125
1 0.3546875 0.5921875 0.015625 0.009375
1 0.3515625 0.534375 0.021875 0.0203125
1 0.38125 0.55 0.0234375 0.0171875
1 0.4015625 0.5578125 0.025 0.025
1 0.40625 0.5734375 0.046875 0.0484375
1 0.41875 0.6125 0.021875 0.0234375
1 0.446875 0.578125 0.01875 0.01875
1 0.384375 0.7109375 0.0203125 0.0203125
1 0.375 0.725 0.025 0.0234375
1 0.3875 0.73125 0.0109375 0.015625
1 0.3953125 0.7359375 0.0140625 0.009375
1 0.434375 0.7359375 0.0125 0.015625
1 0.428125 0.71875 0.021875 0.021875
1 0.409375 0.71875 0.01875 0.01875
1 0.421875 0.7328125 0.0171875 0.009375
1 0.45625 0.7328125 0.015625 0.0140625
1 0.4359375 0.784375 0.0390625 0.0546875
1 0.396875 0.7109375 0.009375 0.0046875
1 0.446875 0.896875 0.034375 0.03125
1 0.4171875 0.8953125 0.015625 0.0140625
1 0.40625 0.8875 0.115625 0.134375
0 0.4546875 0.825 0.2109375 0.09375
1 0.45 0.94375 0.0171875 0.0171875
1 0.4515625 0.99375 0.021875 0.0125
1 0.5109375 0.5359375 0.0140625 0.01875
1 0.5046875 0.5484375 0.009375 0.015625
1 0.5328125 0.71875 0.0171875 0.0234375
1 0.5265625 0.8015625 0.025 0.0203125
1 0.5953125 0.8296875 0.0203125 0.0234375
1 0.5359375 0.8578125 0.015625 0.0125
1 0.540625 0.8765625 0.025 0.0328125
1 0.553125 0.865625 0.034375 0.028125
1 0.5484375 0.909375 0.0078125 0.015625
0 0.5609375 0.99609375 0.05 0.0078125
1 0.62578125 0.86640625 0.0078125 0.0171875
1 0.6234375 0.7046875 0.0046875 0.015625
1 0.62578125 0.51328125 0.0078125 0.0109375
0 0.475 0.67109375 0.309375 0.3140625
0 0.46953125 0.62578125 0.3203125 0.2578125
1 0.5671875 0.509375 0.0078125 0.015625
0 0.7921875 0.76328125 0.325 0.1546875
0 0.771875 0.87421875 0.25625 0.2515625
1 0.7359375 0.9046875 0.03125 0.034375
1 0.696875 0.928125 0.01875 0.01875
1 0.6515625 0.9609375 0.0328125 0.021875
1 0.8609375 0.95 0.0265625 0.0234375
1 0.796875 0.7 0.046875 0.025