1 0.23984375 0.00625 0.0234375 0.0125
1 0.378125 0.275 0.015625 0.01875
1 0.3828125 0.325 0.01875 0.0109375
1 0.4265625 0.3203125 0.01875 0.01875
1 0.4328125 0.3 0.0140625 0.0078125
1 0.434375 0.3734375 0.0203125 0.015625
1 0.459375 0.3984375 0.00625 0.009375
1 0.3796875 0.0578125 0.0203125 0.0171875
1 0.425 0.028125 0.0234375 0.0140625
1 0.384375 0.1609375 0.0265625 0.065625
0 0.415625 0.2328125 0.0921875 0.053125
0 0.47734375 0.24375 0.0453125 0.171875
1 0.159375 0.4625 0.028125 0.040625
1 0.2265625 0.4609375 0.0140625 0.01875
1 0.409375 0.5078125 0.0234375 0.025
1 0.6984375 0.1640625 0.0328125 0.075
1 0.5828125 0.128125 0.0296875 0.0390625
1 0.571875 0.1796875 0.025 0.0203125
1 0.5203125 0.353125 0.040625 0.0625
1 0.5640625 0.3890625 0.04375 0.0234375
1 0.653125 0.35 0.0703125 0.04375
1 0.50625 0.459375 0.0125 0.028125
0 0.528125 0.50078125 0.05625 0.0984375
0 0.60625 0.4859375 0.1125 0.1734375
0 0.709375 0.5 0.1203125 0.09375
1 0.7078125 0.55 0.0625 0.0203125
0 0.746875 0.4828125 0.1 0.096875
1 0.5390625 0.571875 0.040625 0.034375
0 0.1921875 0.6296875 0.134375 0.040625
1 0.23125 0.6640625 0.090625 0.078125
1 0.215625 0.7234375 0.03125 0.05625
1 0.1828125 0.73125 0.021875 0.015625
1 0.1703125 0.7453125 0.0265625 0.01875
1 0.1828125 0.8109375 0.084375 0.0609375
1 0.1375 0.734375 0.03125 0.165625
1 0.24375 0.7828125 0.0390625 0.0265625
1 0.3078125 0.7234375 0.05625 0.0703125
1 0.334375 0.6765625 0.03125 0.028125
1 0.3875 0.64375 0.046875 0.0375
1 0.478125 0.6578125 0.028125 0.040625
1 0.48125 0.85859375 0.0375 0.0578125
1 0.4421875 0.7796875 0.065625 0.078125
1 0.3703125 0.7875 0.065625 0.053125
1 0.4234375 0.7171875 0.0125 0.021875
1 0.3703125 0.7484375 0.046875 0.0390625
1 0.4046875 0.85625 0.01875 0.0234375
1 0.3640625 0.88125 0.0296875 0.0296875
1 0.4265625 0.8453125 0.015625 0.0171875
1 0.309375 0.8765625 0.0375 0.06875
1 0.2859375 0.8359375 0.05 0.053125
1 0.25 0.871875 0.053125 0.0484375
1 0.2515625 0.8421875 0.025 0.0328125
1 0.1734375 0.88125 0.0734375 0.0390625
1 0.2765625 0.9359375 0.021875 0.0171875
1 0.2875 0.8953125 0.0234375 0.021875
1 0.2671875 0.97890625 0.04375 0.0421875
1 0.2234375 0.95625 0.03125 0.040625
1 0.1921875 0.9671875 0.03125 0.03125
1 0.246875 0.99453125 0.03125 0.0109375
1 0.378125 0.9953125 0.0625 0.009375
1 0.3390625 0.96796875 0.040625 0.0640625
1 0.3890625 0.9296875 0.046875 0.05625
1 0.4578125 0.946875 0.0640625 0.040625
1 0.4234375 0.95625 0.0546875 0.0515625
1 0.4359375 0.9875 0.040625 0.025
1 0.490625 0.98828125 0.01875 0.0203125
1 0.75625 0.6671875 0.0375 0.0453125
1 0.8984375 0.7515625 0.021875 0.0109375
1 0.7578125 0.61796875 0.025 0.0171875
1 0.7671875 0.8453125 0.0203125 0.05
1 0.8765625 0.6984375 0.025 0.009375
1 0.7140625 0.99375 0.021875 0.0125
1 0.8015625 0.971875 0.0453125 0.0328125
1 0.7609375 0.9171875 0.065625 0.075
1 0.73125 0.946875 0.015625 0.0328125
1 0.8359375 0.8171875 0.0703125 0.0359375
1 0.8265625 0.86875 0.0640625 0.046875
1 0.9796875 0.9671875 0.0265625 0.025
1 0.8859375 0.95625 0.0546875 0.0375
1 0.95 0.8234375 0.0203125 0.028125
1 0.9515625 0.8578125 0.0265625 0.0171875
1 0.9296875 0.8703125 0.0234375 0.059375