1 0.275 0.2625 0.0171875 0.01875
1 0.3015625 0.25625 0.0328125 0.03125
1 0.2875 0.309375 0.0125 0.0125
1 0.328125 0.3125 0.040625 0.0453125
1 0.415625 0.275 0.046875 0.0390625
1 0.475 0.2453125 0.0765625 0.0265625
1 0.53125 0.1875 0.0234375 0.01875
1 0.446875 0.184375 0.0125 0.0171875
1 0.425 0.36875 0.0265625 0.0234375
1 0.4421875 0.340625 0.0234375 0.01875
1 0.5328125 0.3640625 0.028125 0.01875
1 0.5421875 0.4203125 0.05 0.0546875
1 0.4609375 0.0890625 0.0234375 0.025
1 0.3453125 0.109375 0.0203125 0.0140625
1 0.365625 0.1078125 0.025 0.0265625
1 0.3140625 0.15 0.0265625 0.03125
1 0.334375 0.2296875 0.025 0.015625
1 0.20625 0.30625 0.025 0.0359375
1 0.240625 0.35 0.0265625 0.028125
1 0.2875 0.4125 0.040625 0.034375
1 0.2875 0.4671875 0.03125 0.05
1 0.3203125 0.4515625 0.0171875 0.01875
1 0.3125 0.4796875 0.0125 0.0234375
1 0.27734375 0.51171875 0.0203125 0.0140625
1 0.43671875 0.50703125 0.0390625 0.0234375
1 0.4640625 0.4421875 0.025 0.025
1 0.56015625 0.0625 0.0390625 0.01875
0 0.1796875 0.45859375 0.13125 0.1203125
1 0.1328125 0.4390625 0.0515625 0.05
1 0.1671875 0.428125 0.0171875 0.025
0 0.1859375 0.3953125 0.1375 0.109375
0 0.2046875 0.0765625 0.103125 0.0453125
1 0.190625 0.090625 0.021875 0.0109375
1 0.1171875 0.2109375 0.0140625 0.0140625
1 0.00546875 0.09765625 0.0109375 0.0234375
1 0.1296875 0.15 0.025 0.0203125
1 0.084375 0.3203125 0.0125 0.0171875
1 0.00234375 0.46796875 0.0046875 0.0234375
1 0.128125 0.3828125 0.0203125 0.021875
0 0.1953125 0.2015625 0.103125 0.2109375
1 0.1640625 0.1234375 0.071875 0.05
1 0.640625 0.4078125 0.0421875 0.05
1 0.6921875 0.3265625 0.0171875 0.0171875
1 0.790625 0.428125 0.0234375 0.0234375
0 0.99296875 0.42734375 0.0140625 0.1078125
1 0.9875 0.33203125 0.025 0.0265625
1 0.9125 0.1828125 0.0390625 0.0265625
1 0.8984375 0.171875 0.0234375 0.0265625
1 0.921875 0.2046875 0.0234375 0.0234375
1 0.9484375 0.146875 0.0296875 0.0328125
0 0.98203125 0.16328125 0.0359375 0.1296875
0 0.99296875 0.1046875 0.0140625 0.05
1 0.971875 0.1 0.028125 0.015625
1 0.6953125 0.2078125 0.0296875 0.0328125
1 0.76875 0.134375 0.0265625 0.0328125
1 0.8046875 0.1328125 0.01875 0.025
1 0.6984375 0.121875 0.0203125 0.0265625
1 0.68125 0.1625 0.0234375 0.0203125
1 0.315625 0.925 0.0140625 0.015625
1 0.440625 0.921875 0.0296875 0.015625
1 0.2890625 0.8953125 0.0140625 0.0234375
1 0.5546875 0.86875 0.015625 0.0125
1 0.296875 0.865625 0.0109375 0.0078125
1 0.57578125 0.846875 0.0078125 0.01875
1 0.378125 0.8515625 0.028125 0.0359375
1 0.3171875 0.840625 0.034375 0.034375
1 0.4359375 0.8140625 0.0296875 0.046875
1 0.0375 0.78125 0.0109375 0.0140625
1 0.4484375 0.7734375 0.009375 0.0125
1 0.384375 0.8 0.0734375 0.0609375
1 0.3703125 0.75625 0.015625 0.0265625
1 0.0234375 0.7484375 0.015625 0.015625
0 0.2046875 0.7578125 0.15 0.0671875
1 0.059375 0.721875 0.021875 0.021875
1 0.2828125 0.7265625 0.0125 0.0203125
1 0.56875 0.725 0.021875 0.021875
1 0.1125 0.6703125 0.025 0.0390625
1 0.4 0.640625 0.0125 0.0078125
1 0.5546875 0.63125 0.0265625 0.0125
1 0.0125 0.7265625 0.0171875 0.015625
1 0.0453125 0.671875 0.0203125 0.021875
1 0.0453125 0.7109375 0.01875 0.0234375
1 0.025 0.709375 0.04375 0.009375
1 0.1828125 0.6890625 0.0171875 0.0375
1 0.2140625 0.6859375 0.01875 0.0234375
0 0.20625 0.9453125 0.109375 0.109375
0 0.2046875 0.903125 0.1515625 0.1078125
0 0.2078125 0.853125 0.046875 0.0921875
1 0.50546875 0.99296875 0.0203125 0.0140625
1 0.515625 0.971875 0.0234375 0.0140625
1 0.503125 0.9140625 0.0484375 0.0609375
1 0.5734375 0.9703125 0.0125 0.05
1 0.534375 0.9734375 0.009375 0.0109375
1 0.4484375 0.715625 0.0171875 0.046875
1 0.471875 0.740625 0.009375 0.0265625
1 0.5046875 0.75 0.025 0.03125
1 0.6625 0.9546875 0.0125 0.0125
1 0.859375 0.85 0.0078125 0.00625
1 0.8578125 0.7859375 0.009375 0.0078125
0 0.671875 0.9828125 0.1125 0.034375
1 0.60078125 0.98046875 0.0421875 0.0265625
1 0.7828125 0.9359375 0.028125 0.0328125
1 0.609375 0.85625 0.025 0.028125
1 0.61875 0.9078125 0.0296875 0.0234375
1 0.7421875 0.9046875 0.03125 0.0234375
0 0.6765625 0.90625 0.1046875 0.059375
1 0.6296875 0.8640625 0.0296875 0.0390625
1 0.58984375 0.70078125 0.0203125 0.0921875
0 0.65625 0.80078125 0.153125 0.1921875
0 0.66640625 0.6796875 0.1734375 0.1
1 0.953125 0.915625 0.009375 0.0046875
1 0.971875 0.90625 0.03125 0.04375
1 0.8375 0.884375 0.034375 0.0375
1 0.9109375 0.684375 0.034375 0.028125
1 0.9125 0.6375 0.021875 0.009375
1 0.9625 0.7796875 0.0328125 0.046875