1 0.396875 0.3421875 0.0140625 0.0078125
1 0.0125 0.415625 0.025 0.021875
1 0.0546875 0.434375 0.0171875 0.0125
1 0.0140625 0.396875 0.015625 0.0109375
1 0.0421875 0.4921875 0.040625 0.0484375
1 0.165625 0.415625 0.015625 0.015625
1 0.3265625 0.3765625 0.0359375 0.04375
1 0.3375 0.3609375 0.034375 0.0203125
1 0.3453125 0.346875 0.025 0.0171875
1 0.3296875 0.353125 0.0203125 0.0359375
0 0.2125 0.3 0.396875 0.1734375
1 0.3125 0.35625 0.0140625 0.01875
0 0.26328125 0.52265625 0.3109375 0.0546875
0 0.2796875 0.40625 0.209375 0.2265625
1 0.42890625 0.03828125 0.0203125 0.0296875
1 0.4765625 0.0640625 0.03125 0.0390625
1 0.578125 0.1546875 0.034375 0.040625
1 0.528125 0.1484375 0.046875 0.0453125
1 0.53125 0.178125 0.0203125 0.0125
1 0.5859375 0.2296875 0.034375 0.025
1 0.55 0.2078125 0.03125 0.021875
1 0.6515625 0.2203125 0.05 0.0484375
1 0.6109375 0.3 0.03125 0.0328125
0 0.79609375 0.04921875 0.1578125 0.0984375
0 0.81875 0.1734375 0.103125 0.1703125
1 0.7828125 0.1359375 0.0375 0.0234375
1 0.78125 0.1046875 0.028125 0.03125
1 0.8015625 0.2921875 0.0703125 0.0515625
1 0.7625 0.290625 0.01875 0.03125
1 0.703125 0.23125 0.0234375 0.0328125
1 0.7203125 0.2671875 0.0265625 0.0234375
1 0.6609375 0.0921875 0.021875 0.0234375
1 0.8078125 0.2359375 0.0265625 0.0375
1 0.421875 0.1890625 0.00625 0.034375
1 0.5953125 0.1234375 0.040625 0.0421875
1 0.6953125 0.275 0.015625 0.015625
1 0.4921875 0.2921875 0.0265625 0.025
1 0.509375 0.3 0.0203125 0.0265625
1 0.534375 0.2921875 0.0390625 0.0453125
1 0.571875 0.3 0.015625 0.015625
1 0.478125 0.203125 0.0203125 0.0203125
1 0.4796875 0.2234375 0.04375 0.034375
1 0.509375 0.1125 0.0375 0.021875
1 0.5375 0.103125 0.03125 0.040625
1 0.5421875 0.0328125 0.0125 0.021875
1 0.525 0.0515625 0.0390625 0.0375
0 0.265625 0.7703125 0.21875 0.1578125
0 0.20390625 0.6484375 0.1296875 0.196875
1 0.0296875 0.55390625 0.046875 0.0078125
1 0.1171875 0.81875 0.028125 0.025
1 0.1 0.6515625 0.0328125 0.0265625
0 0.50859375 0.709375 0.1796875 0.28125
0 0.57734375 0.58984375 0.3046875 0.0796875
1 0.42734375 0.7921875 0.0171875 0.034375
1 0.690625 0.809375 0.1203125 0.0796875
1 0.76640625 0.56796875 0.0390625 0.0359375
1 0.640625 0.6515625 0.0390625 0.046875
1 0.88203125 0.559375 0.0359375 0.01875
1 0.803125 0.7640625 0.0453125 0.034375
1 0.5640625 0.5703125 0.03125 0.0359375