0 0.36484375 0.0640625 0.3078125 0.128125
0 0.446875 0.34140625 0.14375 0.1984375
0 0.328125 0.4328125 0.08125 0.0140625
1 0.46875 0.21875 0.0359375 0.03125
1 0.34375 0.234375 0.0234375 0.025
1 0.190625 0.14375 0.0390625 0.040625
1 0.0921875 0.0203125 0.0328125 0.021875
1 0.0609375 0.065625 0.0359375 0.0265625
1 0.0609375 0.2546875 0.0453125 0.05
1 0.00859375 0.21796875 0.0171875 0.0234375
1 0.0109375 0.296875 0.021875 0.05
1 0.0078125 0.35703125 0.015625 0.0359375
1 0.01015625 0.41484375 0.0203125 0.0296875
1 0.14375 0.3109375 0.05 0.0234375
1 0.209375 0.375 0.04375 0.0375
1 0.1484375 0.390625 0.025 0.0171875
1 0.2109375 0.265625 0.03125 0.01875
1 0.4640625 0.1546875 0.03125 0.021875
1 0.5046875 0.1703125 0.028125 0.01875
1 0.853125 0.5453125 0.0171875 0.0125
1 0.9921875 0.440625 0.0109375 0.0109375
1 0.7859375 0.425 0.0109375 0.0125
1 0.9375 0.4234375 0.0203125 0.0203125
1 0.8375 0.409375 0.0140625 0.015625
1 0.9671875 0.4015625 0.025 0.0171875
1 0.6625 0.3703125 0.0203125 0.0109375
1 0.684375 0.3640625 0.0078125 0.009375
0 0.6125 0.3859375 0.115625 0.15
1 0.6984375 0.1703125 0.0109375 0.0109375
1 0.89375 0.153125 0.015625 0.0140625
1 0.5390625 0.2625 0.015625 0.0140625
1 0.5609375 0.3109375 0.021875 0.0234375
1 0.5265625 0.2515625 0.015625 0.021875
1 0.653125 0.59375 0.0109375 0.009375
1 0.634375 0.528125 0.05625 0.01875
1 0.6171875 0.2828125 0.06875 0.0703125
1 0.5671875 0.2328125 0.0921875 0.0234375
1 0.6171875 0.21875 0.0140625 0.0109375
1 0.6609375 0.1890625 0.01875 0.0140625
1 0.6734375 0.196875 0.01875 0.015625
1 0.66875 0.1703125 0.028125 0.0234375
1 0.728125 0.1640625 0.0234375 0.0234375
1 0.7453125 0.165625 0.0125 0.015625
1 0.75625 0.1703125 0.0140625 0.0140625
1 0.7734375 0.2078125 0.0203125 0.0203125
1 0.78125 0.1859375 0.01875 0.0140625
1 0.8078125 0.2140625 0.0171875 0.028125
1 0.8484375 0.196875 0.0125 0.0171875
1 0.8390625 0.215625 0.0109375 0.0125
1 0.7875 0.2640625 0.009375 0.00625
1 0.8515625 0.271875 0.0171875 0.0203125
1 0.81875 0.234375 0.0125 0.0109375
1 0.765625 0.315625 0.0171875 0.0125
1 0.80625 0.334375 0.03125 0.040625
1 0.8 0.378125 0.01875 0.0234375
1 0.865625 0.4296875 0.028125 0.0265625
1 0.8 0.490625 0.0140625 0.015625
1 0.8125 0.5015625 0.015625 0.0078125
1 0.875 0.56875 0.01875 0.015625
1 0.9078125 0.5515625 0.0296875 0.0203125
1 0.9734375 0.578125 0.0171875 0.0234375
1 0.940625 0.575 0.0578125 0.0234375
1 0.903125 0.3359375 0.028125 0.046875
1 0.9265625 0.3640625 0.0265625 0.0203125
1 0.959375 0.43125 0.03125 0.0265625
1 0.9640625 0.38125 0.0125 0.021875
1 0.9890625 0.490625 0.021875 0.03125
1 0.0265625 0.9890625 0.0171875 0.01875
1 0.0421875 0.9859375 0.028125 0.028125
1 0.0859375 0.71875 0.0171875 0.0234375
0 0.0328125 0.8359375 0.065625 0.071875
1 0.1671875 0.95625 0.028125 0.0234375
1 0.1875 0.9265625 0.0140625 0.0078125
1 0.2078125 0.9203125 0.034375 0.0203125
1 0.2109375 0.9421875 0.04375 0.0359375
1 0.134375 0.7453125 0.021875 0.0234375
1 0.24375 0.73125 0.0140625 0.0109375
1 0.271875 0.7734375 0.0609375 0.0625
1 0.271875 0.8984375 0.025 0.0140625
1 0.2828125 0.9828125 0.015625 0.01875
1 0.321875 0.95 0.0203125 0.0203125
1 0.428125 0.9890625 0.015625 0.015625
1 0.42421875 0.99453125 0.0078125 0.0109375
1 0.3703125 0.9890625 0.021875 0.0203125
1 0.36875 0.98671875 0.021875 0.0265625
1 0.3921875 0.95 0.01875 0.0203125
1 0.403125 0.909375 0.0171875 0.0234375
1 0.409375 0.8734375 0.0109375 0.009375
1 0.3921875 0.74375 0.0359375 0.03125
1 0.38125 0.696875 0.009375 0.0140625
1 0.51015625 0.8125 0.0171875 0.015625
1 0.503125 0.9703125 0.0171875 0.015625
1 0.46484375 0.7328125 0.1078125 0.0875
0 0.4359375 0.696875 0.0125 0.015625
1 0.434375 0.7078125 0.0359375 0.0359375
0 0.45 0.875 0.134375 0.1703125
1 0.4875 0.8640625 0.0203125 0.0109375
1 0.4453125 0.8171875 0.021875 0.009375
1 0.6546875 0.934375 0.0125 0.015625
1 0.946875 0.8828125 0.0109375 0.0125
1 0.9953125 0.8671875 0.009375 0.015625
1 0.8234375 0.828125 0.0203125 0.0109375
1 0.8453125 0.821875 0.0078125 0.009375
0 0.7734375 0.84375 0.115625 0.15
1 0.6203125 0.6625 0.01875 0.0203125
1 0.859375 0.628125 0.0109375 0.0109375
1 0.53046875 0.609375 0.0234375 0.01875
1 0.6515625 0.9625 0.0203125 0.0203125
1 0.7 0.7203125 0.015625 0.0140625
1 0.721875 0.76875 0.021875 0.0234375
1 0.6875 0.709375 0.015625 0.021875
1 0.7953125 0.9859375 0.05625 0.01875
1 0.778125 0.740625 0.06875 0.0703125
1 0.728125 0.690625 0.0921875 0.0234375
1 0.778125 0.6765625 0.0140625 0.0109375
1 0.821875 0.646875 0.01875 0.0140625
1 0.834375 0.6546875 0.01875 0.015625
1 0.8296875 0.628125 0.028125 0.0234375
1 0.8890625 0.621875 0.0234375 0.0234375
1 0.90625 0.6234375 0.0125 0.015625
1 0.9171875 0.628125 0.0140625 0.0140625
1 0.934375 0.665625 0.0203125 0.0203125
1 0.9421875 0.64375 0.01875 0.0140625
1 0.96875 0.671875 0.0171875 0.028125
1 0.996875 0.6734375 0.00625 0.0125
1 0.9484375 0.721875 0.009375 0.00625
1 0.9796875 0.6921875 0.0125 0.0109375
1 0.9265625 0.7734375 0.0171875 0.0125
1 0.9671875 0.7921875 0.03125 0.040625
1 0.9609375 0.8359375 0.01875 0.0234375
1 0.9609375 0.9484375 0.0140625 0.015625
1 0.9734375 0.959375 0.015625 0.0078125