1 0.3765625 0.0953125 0.0359375 0.0328125
1 0.3296875 0.075 0.0078125 0.0125
1 0.334375 0.1140625 0.05 0.078125
1 0.35625 0.153125 0.015625 0.0140625
1 0.228125 0.121875 0.0125 0.028125
1 0.253125 0.2375 0.021875 0.028125
1 0.3078125 0.2640625 0.025 0.015625
1 0.321875 0.215625 0.0125 0.021875
1 0.3234375 0.2296875 0.0546875 0.03125
1 0.3234375 0.240625 0.015625 0.0234375
1 0.3953125 0.2734375 0.0125 0.0203125
1 0.38125 0.2859375 0.034375 0.0390625
1 0.4296875 0.28359375 0.059375 0.0546875
1 0.2390625 0.46875 0.028125 0.0109375
0 0.2671875 0.43125 0.08125 0.165625
1 0.4203125 0.471875 0.015625 0.021875
1 0.3796875 0.53125 0.0234375 0.0234375
1 0.3953125 0.4640625 0.015625 0.0125
1 0.415625 0.4546875 0.0125 0.01875
1 0.3765625 0.4640625 0.0109375 0.015625
0 0.3984375 0.45078125 0.121875 0.0921875
1 0.26953125 0.60703125 0.0046875 0.0046875
1 0.76875 0.5203125 0.0453125 0.0359375
1 0.796875 0.4546875 0.2109375 0.1640625
1 0.75625 0.465625 0.040625 0.0328125
1 0.9 0.284375 0.0453125 0.0203125
0 0.884375 0.14609375 0.23125 0.2921875
0 0.759375 0.12890625 0.134375 0.2578125
0 0.7359375 0.0234375 0.0875 0.046875
0 0.7046875 0.0453125 0.025 0.03125
1 0.43046875 0.625 0.0578125 0.03125
1 0.0609375 0.6375 0.0578125 0.05625
1 0.0109375 0.6921875 0.021875 0.078125
1 0.1546875 0.728125 0.046875 0.034375
1 0.009375 0.8625 0.01875 0.05625
1 0.0453125 0.9171875 0.0578125 0.0453125
1 0.01875 0.9796875 0.0375 0.040625
1 0.09453125 0.98046875 0.0796875 0.0390625
1 0.21875 0.98359375 0.0375 0.0328125
1 0.421875 0.8578125 0.0328125 0.0390625
1 0.3984375 0.9421875 0.0828125 0.10625
1 0.384375 0.9578125 0.0640625 0.0546875
1 0.44140625 0.97421875 0.0328125 0.0515625
1 0.27734375 0.99296875 0.0296875 0.0140625
1 0.5203125 0.7953125 0.053125 0.0390625
1 0.5546875 0.828125 0.046875 0.028125
1 0.5984375 0.8140625 0.0234375 0.0203125
1 0.6203125 0.7265625 0.0296875 0.021875
1 0.6625 0.821875 0.0234375 0.0359375
1 0.7109375 0.834375 0.0296875 0.0078125
1 0.709375 0.8171875 0.025 0.0203125
1 0.746875 0.7203125 0.0265625 0.015625
1 0.8125 0.8671875 0.0421875 0.0359375
1 0.4921875 0.6265625 0.0171875 0.021875
0 0.5328125 0.634375 0.078125 0.05
0 0.7109375 0.63984375 0.14375 0.0609375
1 0.80859375 0.61796875 0.0109375 0.0171875
1 0.8171875 0.625 0.01875 0.0265625
1 0.5421875 0.825 0.0109375 0.0453125
1 0.6109375 0.6875 0.0171875 0.01875
0 0.809375 0.63515625 0.06875 0.0515625