1 0.5890625 0.496875 0.015625 0.0140625
1 0.5234375 0.5 0.04375 0.025
1 0.1640625 0.490625 0.0375 0.0171875
1 0.11875 0.446875 0.021875 0.0296875
1 0.071875 0.45625 0.015625 0.0265625
1 0.06875 0.4390625 0.021875 0.0171875
1 0.1703125 0.434375 0.0171875 0.021875
1 0.56875 0.45 0.0453125 0.0515625
1 0.1984375 0.4203125 0.0296875 0.0125
1 0.5296875 0.4109375 0.0234375 0.0265625
1 0.190625 0.396875 0.05 0.0390625
1 0.5203125 0.396875 0.03125 0.0296875
1 0.515625 0.3828125 0.0296875 0.021875
1 0.478125 0.353125 0.0203125 0.01875
1 0.325 0.353125 0.0171875 0.0171875
1 0.3796875 0.3546875 0.021875 0.0203125
1 0.6140625 0.3609375 0.009375 0.0375
1 0.61328125 0.3296875 0.0109375 0.00625
1 0.5109375 0.3296875 0.0078125 0.0078125
1 0.5421875 0.3078125 0.0421875 0.04375
1 0.5796875 0.2984375 0.0203125 0.034375
1 0.6 0.24375 0.0109375 0.0375
1 0.4578125 0.23125 0.021875 0.015625
1 0.475 0.2125 0.025 0.021875
1 0.503125 0.2203125 0.0203125 0.025
1 0.440625 0.209375 0.034375 0.0171875
1 0.4203125 0.1953125 0.0171875 0.0109375
1 0.559375 0.1671875 0.028125 0.0375
1 0.165625 0.159375 0.021875 0.03125
1 0.5203125 0.1171875 0.025 0.021875
1 0.39375 0.053125 0.040625 0.04375
1 0.1671875 0.040625 0.021875 0.0234375
1 0.334375 0.015625 0.0125 0.021875
1 0.609375 0.00859375 0.01875 0.0171875
1 0.23671875 0.00234375 0.0171875 0.0046875
1 0.40703125 0.00546875 0.0203125 0.0109375
1 0.58203125 0.003125 0.0203125 0.00625
0 0.321875 0.1828125 0.2296875 0.171875
1 0.00625 0.33515625 0.0125 0.0265625
1 0.0296875 0.0984375 0.0390625 0.0390625
1 0.171875 0.0890625 0.0328125 0.03125
1 0.178125 0.0765625 0.03125 0.015625
1 0.153125 0.1046875 0.04375 0.0328125
1 0.153125 0.0875 0.03125 0.015625
1 0.1375 0.0453125 0.0328125 0.0234375
1 0.184375 0.1203125 0.04375 0.0390625
1 0.1796875 0.05 0.0296875 0.0203125
1 0.18046875 0.0125 0.0546875 0.025
1 0.1875 0.34375 0.0328125 0.03125
1 0.2078125 0.3484375 0.015625 0.040625
1 0.2171875 0.365625 0.01875 0.015625
1 0.153125 0.2921875 0.0375 0.0265625
1 0.196875 0.2640625 0.034375 0.05
1 0.1890625 0.278125 0.059375 0.034375
1 0.1765625 0.29375 0.0171875 0.021875
1 0.1671875 0.2015625 0.01875 0.0328125
1 0.1875 0.2296875 0.015625 0.021875
1 0.178125 0.21875 0.00625 0.0109375
1 0.1765625 0.2515625 0.015625 0.015625
1 0.2078125 0.19375 0.03125 0.0265625
1 0.2015625 0.225 0.0234375 0.040625
0 0.3796875 0.4953125 0.1265625 0.0359375
0 0.3203125 0.4203125 0.2578125 0.18125
1 0.2609375 0.053125 0.0171875 0.0296875
1 0.296875 0.0546875 0.034375 0.0390625
1 0.284375 0.140625 0.03125 0.021875
1 0.2171875 0.1671875 0.01875 0.0296875
1 0.2703125 0.1375 0.0171875 0.0453125
1 0.2703125 0.1 0.0265625 0.021875
1 0.30078125 0.01953125 0.0359375 0.0390625
1 0.2671875 0.0140625 0.0125 0.025
1 0.31875 0.003125 0.040625 0.00625
1 0.296875 0.078125 0.0203125 0.0140625
1 0.26875 0.0375 0.0203125 0.01875
1 0.2828125 0.0109375 0.025 0.021875
1 0.3421875 0.0640625 0.0375 0.0828125
1 0.4109375 0.021875 0.0296875 0.015625
1 0.425 0.0453125 0.025 0.028125
1 0.4421875 0.0375 0.03125 0.0359375
1 0.4671875 0.09375 0.0328125 0.053125
1 0.4453125 0.0796875 0.0359375 0.03125
1 0.4921875 0.0078125 0.0078125 0.009375
1 0.409375 0.078125 0.03125 0.028125
1 0.4359375 0.103125 0.0234375 0.028125
1 0.46875 0.15 0.0390625 0.028125
1 0.4609375 0.13125 0.0390625 0.0265625
1 0.4546875 0.125 0.0265625 0.021875
1 0.3953125 0.11875 0.025 0.0328125
1 0.4328125 0.1203125 0.0390625 0.0328125
1 0.45 0.1625 0.028125 0.009375
1 0.384375 0.14375 0.0546875 0.0484375
1 0.334375 0.184375 0.03125 0.01875
1 0.309375 0.1734375 0.028125 0.0390625
1 0.4140625 0.2203125 0.0265625 0.0296875
1 0.4390625 0.234375 0.03125 0.0265625
1 0.421875 0.253125 0.034375 0.0296875
1 0.465625 0.309375 0.0234375 0.0421875
1 0.4515625 0.296875 0.0140625 0.034375
1 0.43125 0.290625 0.0078125 0.0328125
1 0.428125 0.3203125 0.025 0.015625
1 0.459375 0.35625 0.015625 0.0359375
1 0.4421875 0.378125 0.0328125 0.0171875
1 0.440625 0.353125 0.04375 0.0234375
1 0.4234375 0.353125 0.03125 0.05
1 0.425 0.3984375 0.0328125 0.034375
1 0.4140625 0.36875 0.0171875 0.015625
1 0.31875 0.3703125 0.0359375 0.0171875
1 0.35625 0.4125 0.025 0.0171875
1 0.44375 0.4109375 0.0265625 0.0265625
1 0.409375 0.478125 0.096875 0.0515625
1 0.540625 0.1890625 0.0390625 0.0421875
1 0.55 0.2265625 0.0453125 0.0375
1 0.5796875 0.2421875 0.0328125 0.034375
1 0.59375 0.0890625 0.03125 0.01875
1 0.6109375 0.08671875 0.015625 0.0203125
1 0.603125 0.109375 0.0125 0.0234375
1 0.5578125 0.115625 0.0125 0.009375
1 0.5375 0.103125 0.0140625 0.0140625
1 0.55625 0.065625 0.021875 0.0234375
1 0.5359375 0.0828125 0.0203125 0.0125
1 0.53125 0.0546875 0.0328125 0.021875
1 0.55 0.0390625 0.021875 0.021875
1 0.5734375 0.040625 0.025 0.0421875
1 0.55859375 0.01796875 0.0390625 0.0359375
1 0.86875 0.33125 0.0171875 0.00625
0 0.94609375 0.32265625 0.1078125 0.0234375
1 0.9546875 0.2875 0.009375 0.009375
1 0.878125 0.1875 0.0078125 0.0046875
1 0.825 0.0484375 0.0078125 0.0109375
0 0.83359375 0.0953125 0.2296875 0.190625
1 0.61796875 0.79140625 0.0015625 0.0109375
1 0.371875 0.690625 0.015625 0.021875
1 0.4375 0.615625 0.0125 0.009375
1 0.028125 0.596875 0.0125 0.0234375
1 0.05625 0.6328125 0.0328125 0.028125
1 0.059375 0.6 0.0171875 0.028125
1 0.0640625 0.6125 0.0125 0.015625
1 0.0625 0.5703125 0.021875 0.0328125
1 0.0765625 0.5734375 0.0140625 0.0234375
1 0.0859375 0.5546875 0.0171875 0.021875
1 0.0875 0.54296875 0.03125 0.0078125
1 0.065625 0.553125 0.015625 0.015625
0 0.46875 0.746875 0.1984375 0.225
0 0.4671875 0.640625 0.303125 0.203125
0 0.47421875 0.5703125 0.1890625 0.0625
1 0.63046875 0.74453125 0.0234375 0.0203125
1 0.671875 0.7953125 0.0265625 0.0296875
1 0.6625 0.68125 0.0140625 0.0265625
1 0.6875 0.671875 0.0328125 0.028125
1 0.696875 0.690625 0.0171875 0.0203125
1 0.728125 0.6546875 0.01875 0.0234375
1 0.7390625 0.5953125 0.0296875 0.0328125
1 0.6640625 0.746875 0.0171875 0.0203125
1 0.8234375 0.6640625 0.0328125 0.034375
1 0.8234375 0.803125 0.021875 0.025
1 0.80625 0.6421875 0.015625 0.0203125
1 0.8375 0.6296875 0.0234375 0.0296875
1 0.83125 0.7578125 0.025 0.0203125
1 0.8734375 0.8375 0.0265625 0.028125
1 0.675 0.61875 0.0328125 0.0296875
0 0.8890625 0.6015625 0.0953125 0.0625
0 0.8921875 0.671875 0.0484375 0.0640625
0 0.925 0.7546875 0.1328125 0.1078125
0 0.9234375 0.8671875 0.075 0.040625
1 0.9703125 0.5765625 0.0390625 0.0328125
1 0.965625 0.821875 0.021875 0.0203125
1 0.9484375 0.8359375 0.01875 0.0234375
0 0.9390625 0.56015625 0.1 0.0421875