1 0.4453125 0.290625 0.0078125 0.0078125
1 0.4140625 0.315625 0.0140625 0.0140625
1 0.378125 0.3046875 0.0109375 0.0078125
1 0.221875 0.3546875 0.0546875 0.03125
1 0.196875 0.3984375 0.0109375 0.0078125
1 0.2359375 0.459375 0.021875 0.0359375
1 0.240625 0.4171875 0.078125 0.0484375
1 0.1921875 0.465625 0.0296875 0.04375
1 0.1796875 0.44375 0.0109375 0.0109375
1 0.1421875 0.434375 0.015625 0.01875
0 0.1828125 0.24375 0.165625 0.1765625
1 0.4140625 0.221875 0.0140625 0.0109375
0 0.91484375 0.4578125 0.1703125 0.184375
0 0.9296875 0.259375 0.140625 0.146875
1 0.934375 0.446875 0.090625 0.0703125
1 0.49609375 0.54765625 0.0203125 0.0046875
1 0.525 0.54375 0.03125 0.0125
1 0.590625 0.4453125 0.0265625 0.01875
1 0.6234375 0.46875 0.015625 0.0140625
1 0.6546875 0.4390625 0.0265625 0.04375
1 0.6890625 0.390625 0.015625 0.015625
1 0.6203125 0.3796875 0.009375 0.0125
1 0.7265625 0.334375 0.0265625 0.021875
1 0.4953125 0.353125 0.021875 0.01875
1 0.6015625 0.5296875 0.01875 0.0140625
1 0.48671875 0.37578125 0.0140625 0.0203125
1 0.490625 0.4375 0.015625 0.015625
1 0.48359375 0.4546875 0.0078125 0.015625
1 0.490625 0.4453125 0.021875 0.028125
1 0.56875 0.246875 0.0640625 0.059375
1 0.55625 0.2734375 0.0171875 0.028125
1 0.5796875 0.2890625 0.0125 0.003125
1 0.509375 0.2359375 0.0203125 0.015625
1 0.55 0.36875 0.0078125 0.0140625
1 0.74375 0.3671875 0.034375 0.034375
1 0.9109375 0.3953125 0.0921875 0.0484375
1 0.134375 0.871875 0.0078125 0.0125
1 0.04375 0.971875 0.01875 0.0171875
0 0.07578125 0.9375 0.1515625 0.125
0 0.07265625 0.5703125 0.1453125 0.040625
1 0.9546875 0.7953125 0.0125 0.0078125
1 0.996875 0.63359375 0.00625 0.0234375
1 0.890625 0.79375 0.03125 0.028125
1 0.8546875 0.7703125 0.03125 0.021875
1 0.884375 0.759375 0.0125 0.0125
1 0.8484375 0.7375 0.0140625 0.0140625
1 0.81875 0.7203125 0.0078125 0.0078125
1 0.8109375 0.7203125 0.015625 0.0125
1 0.8796875 0.7359375 0.0203125 0.0109375
1 0.8859375 0.725 0.0234375 0.01875
1 0.8546875 0.7125 0.0234375 0.0234375
1 0.865625 0.6296875 0.015625 0.009375
1 0.88125 0.6453125 0.05 0.01875
1 0.8828125 0.6015625 0.0234375 0.0203125
1 0.8640625 0.578125 0.028125 0.028125
1 0.8734375 0.584375 0.0125 0.0125
1 0.8203125 0.55625 0.0125 0.0125
1 0.8484375 0.86875 0.0125 0.0125
1 0.83125 0.875 0.0078125 0.0046875
1 0.7609375 0.6109375 0.0109375 0.0078125
1 0.6984375 0.55390625 0.015625 0.0078125
1 0.7421875 0.6203125 0.0171875 0.0203125
1 0.725 0.6203125 0.0140625 0.0125
1 0.734375 0.653125 0.0234375 0.003125
1 0.7 0.6375 0.0390625 0.03125
1 0.715625 0.79375 0.028125 0.0234375
1 0.659375 0.721875 0.01875 0.0234375
1 0.721875 0.8703125 0.025 0.015625
1 0.7046875 0.8546875 0.01875 0.015625
1 0.69375 0.8546875 0.0140625 0.0140625
1 0.7125 0.8328125 0.03125 0.0296875
1 0.6578125 0.6109375 0.025 0.0296875
1 0.6734375 0.6234375 0.0140625 0.0125
1 0.6421875 0.621875 0.0078125 0.0125
1 0.6046875 0.609375 0.025 0.028125
1 0.6140625 0.6453125 0.0375 0.0328125
1 0.5953125 0.6296875 0.0234375 0.0234375
1 0.60625 0.6328125 0.025 0.0140625
1 0.6375 0.6890625 0.0140625 0.009375
1 0.609375 0.6734375 0.01875 0.021875
1 0.5765625 0.6640625 0.028125 0.0203125
1 0.6390625 0.8140625 0.0109375 0.0171875
1 0.571875 0.7703125 0.0171875 0.015625
1 0.6046875 0.7859375 0.0203125 0.015625
1 0.6078125 0.7765625 0.0328125 0.01875
1 0.609375 0.859375 0.0359375 0.028125
1 0.584375 0.8546875 0.0171875 0.015625
1 0.5671875 0.8484375 0.0171875 0.0328125
1 0.546875 0.8515625 0.0140625 0.0109375
1 0.5875 0.846875 0.0171875 0.0171875
0 0.60625 0.8546875 0.021875 0.0453125
1 0.5703125 0.7140625 0.021875 0.015625
0 0.57265625 0.58671875 0.1859375 0.0734375
0 0.63125 0.728125 0.26875 0.253125
1 0.5265625 0.8515625 0.021875 0.0125
1 0.4984375 0.8484375 0.01875 0.021875
1 0.490625 0.8609375 0.015625 0.0140625
1 0.48515625 0.84296875 0.0109375 0.0234375
1 0.4890625 0.81796875 0.01875 0.0203125
1 0.5125 0.821875 0.025 0.0359375
1 0.5203125 0.753125 0.0375 0.0390625
1 0.484375 0.69921875 0.009375 0.0203125
1 0.484375 0.68359375 0.009375 0.0265625