1 0.134375 0.15625 0.046875 0.0609375
1 0.2171875 0.125 0.046875 0.0359375
1 0.0921875 0.315625 0.0125 0.0109375
0 0.29921875 0.32734375 0.1015625 0.0640625
0 0.2890625 0.2015625 0.1 0.134375
0 0.31328125 0.2734375 0.0734375 0.0875
0 0.309375 0.04375 0.08125 0.0875
1 0.3671875 0.1265625 0.0140625 0.0125
1 0.37421875 0.1890625 0.0484375 0.04375
0 0.63984375 0.12265625 0.3078125 0.2453125
0 0.6265625 0.1390625 0.2640625 0.215625
1 0.53125 0.16875 0.015625 0.015625
1 0.4984375 0.0953125 0.015625 0.021875
1 0.884375 0.1375 0.121875 0.0859375
1 0.896875 0.1703125 0.0125 0.015625
1 0.9796875 0.065625 0.040625 0.078125
1 0.9578125 0.028125 0.0390625 0.0375
1 0.234375 0.421875 0.034375 0.0234375
1 0.228125 0.48125 0.0390625 0.0265625
1 0.328125 0.5328125 0.0328125 0.0203125
0 0.25546875 0.63671875 0.1890625 0.3578125
0 0.30390625 0.45 0.0921875 0.171875
0 0.25859375 0.77421875 0.1828125 0.2296875
1 0.2671875 0.6734375 0.0140625 0.0078125
1 0.0734375 0.7171875 0.009375 0.0125
1 0.37578125 0.5640625 0.0515625 0.053125
1 0.3859375 0.8296875 0.028125 0.0171875
1 0.4078125 0.7296875 0.0625 0.0234375
1 0.44375 0.8640625 0.053125 0.0484375
1 0.421875 0.8765625 0.009375 0.0296875
0 0.490625 0.871875 0.0328125 0.0484375
0 0.4859375 0.7703125 0.053125 0.134375
1 0.4578125 0.7484375 0.040625 0.0375
0 0.4875 0.6875 0.05 0.075
0 0.4984375 0.6078125 0.1375 0.1078125
1 0.4359375 0.54375 0.028125 0.028125
1 0.475 0.553125 0.0546875 0.0140625
0 0.4671875 0.43125 0.1578125 0.11875
1 0.4828125 0.4984375 0.04375 0.0328125
1 0.515625 0.5078125 0.0421875 0.0453125
1 0.496875 0.525 0.03125 0.0234375
1 0.5640625 0.5375 0.0609375 0.0390625
1 0.6234375 0.4484375 0.0625 0.0453125
1 0.6453125 0.384375 0.04375 0.028125
1 0.6515625 0.421875 0.034375 0.0546875
1 0.6765625 0.421875 0.028125 0.025
1 0.65625 0.7421875 0.0296875 0.065625
1 0.5671875 0.7875 0.046875 0.078125
1 0.7171875 0.83125 0.06875 0.0515625
1 0.6921875 0.3859375 0.0078125 0.0234375
1 0.721875 0.3796875 0.015625 0.0171875
1 0.746875 0.5546875 0.0578125 0.0515625
1 0.790625 0.6046875 0.0546875 0.065625
1 0.775 0.6875 0.0265625 0.03125
1 0.7859375 0.6453125 0.028125 0.0375
1 0.7984375 0.7984375 0.0546875 0.0484375
1 0.834375 0.84375 0.05 0.103125
1 0.7921875 0.828125 0.0390625 0.03125
1 0.89375 0.85625 0.096875 0.08125
1 0.7953125 0.86875 0.059375 0.05625
1 0.7921875 0.5171875 0.0390625 0.053125
1 0.853125 0.5375 0.0453125 0.0546875
1 0.8890625 0.5140625 0.05 0.0296875
1 0.8671875 0.4421875 0.0578125 0.046875
1 0.8796875 0.48125 0.015625 0.0171875
1 0.8890625 0.48125 0.0203125 0.021875
1 0.88125 0.490625 0.025 0.021875
1 0.934375 0.7890625 0.0203125 0.015625
0 0.990625 0.7921875 0.01875 0.14375
1 0.99375 0.85703125 0.0125 0.0203125
1 0.93125 0.66875 0.0671875 0.06875
0 0.9796875 0.65234375 0.040625 0.1140625
0 0.96484375 0.5328125 0.0703125 0.128125
1 0.9453125 0.4640625 0.109375 0.10625
1 0.98828125 0.3875 0.0234375 0.034375
1 0.4703125 0.846875 0.0265625 0.0234375