1 0.1015625 0.4390625 0.015625 0.0125
1 0.075 0.4171875 0.0203125 0.03125
1 0.5984375 0.3953125 0.0203125 0.015625
1 0.5734375 0.3484375 0.0171875 0.0203125
1 0.434375 0.3421875 0.0140625 0.0140625
1 0.5484375 0.3484375 0.0328125 0.0390625
1 0.2171875 0.30625 0.01875 0.01875
1 0.4078125 0.26875 0.0140625 0.0140625
1 0.1328125 0.2578125 0.0125 0.015625
1 0.0140625 0.2234375 0.0171875 0.0171875
1 0.61171875 0.225 0.0140625 0.025
1 0.6 0.1921875 0.0328125 0.021875
1 0.365625 0.184375 0.0265625 0.025
1 0.19375 0.171875 0.0140625 0.0109375
1 0.4609375 0.1203125 0.009375 0.015625
1 0.1015625 0.1125 0.0328125 0.03125
1 0.4359375 0.1 0.0203125 0.0140625
1 0.1046875 0.084375 0.0203125 0.021875
1 0.1078125 0.3734375 0.015625 0.015625
1 0.159375 0.4140625 0.015625 0.0140625
0 0.20625 0.375 0.21875 0.1203125
0 0.265625 0.2359375 0.18125 0.1078125
1 0.725 0.00859375 0.025 0.0171875
1 0.6953125 0.059375 0.0265625 0.021875
1 0.70625 0.15 0.03125 0.0171875
1 0.64375 0.19375 0.015625 0.0265625
1 0.62421875 0.26796875 0.0109375 0.0203125
1 0.7 0.246875 0.0296875 0.0296875
1 0.715625 0.2375 0.0171875 0.01875
1 0.66875 0.3140625 0.021875 0.0265625
1 0.83125 0.096875 0.034375 0.0453125
1 0.8859375 0.0921875 0.0328125 0.0328125
1 0.8484375 0.146875 0.034375 0.0296875
1 0.875 0.1328125 0.0203125 0.028125
1 0.8484375 0.25625 0.025 0.0234375
1 0.9015625 0.2734375 0.040625 0.0625
1 0.96015625 0.27109375 0.0796875 0.1265625
0 0.96015625 0.21640625 0.0796875 0.2390625
1 0.009375 0.59375 0.01875 0.028125
1 0.01328125 0.55625 0.0265625 0.034375
1 0.028125 0.67734375 0.05625 0.0515625
1 0.0765625 0.734375 0.0515625 0.046875
1 0.1921875 0.6890625 0.040625 0.0484375
1 0.1515625 0.6953125 0.034375 0.0390625
1 0.159375 0.7515625 0.0484375 0.0390625
1 0.1671875 0.8046875 0.03125 0.05625
1 0.2515625 0.7921875 0.0703125 0.06875
1 0.353125 0.7796875 0.071875 0.034375
1 0.3984375 0.809375 0.0265625 0.0625
0 0.4953125 0.79375 0.1046875 0.125
1 0.4125 0.503125 0.0375 0.0484375
1 0.371875 0.5203125 0.0359375 0.0375
1 0.39765625 0.47578125 0.0546875 0.0328125
1 0.61328125 0.7546875 0.0109375 0.05
1 0.6015625 0.665625 0.0265625 0.03125
1 0.60546875 0.56875 0.0265625 0.046875
1 0.59140625 0.4828125 0.0546875 0.046875
1 0.4 0.7140625 0.0328125 0.0421875
1 0.353125 0.646875 0.046875 0.0328125
1 0.3046875 0.6453125 0.0390625 0.046875
1 0.2703125 0.609375 0.0484375 0.0625
1 0.2203125 0.5890625 0.06875 0.09375
1 0.1046875 0.565625 0.0609375 0.0984375
1 0.046875 0.565625 0.025 0.04375
1 0.1703125 0.48359375 0.046875 0.0484375
1 0.3078125 0.55 0.028125 0.0484375
1 0.2734375 0.5203125 0.0515625 0.059375
1 0.31875 0.478125 0.0140625 0.028125
1 0.28125 0.471875 0.05 0.025
1 0.340625 0.7390625 0.0234375 0.028125
1 0.25 0.7078125 0.0375 0.040625
1 0.5875 0.80390625 0.0625 0.1046875
0 0.053125 0.5046875 0.10625 0.0875
0 0.51875 0.6625 0.1109375 0.153125
0 0.49296875 0.5015625 0.0703125 0.084375
1 0.43125 0.5703125 0.15625 0.1125
1 0.9140625 0.734375 0.0046875 0.0078125
1 0.95625 0.6671875 0.0109375 0.0078125
1 0.6390625 0.6578125 0.015625 0.0078125
0 0.7640625 0.53515625 0.290625 0.1515625
0 0.7890625 0.46875 0.0625 0.01875
1 0.8140625 0.7796875 0.0109375 0.0125
1 0.7703125 0.80625 0.0546875 0.034375
1 0.7734375 0.8328125 0.0171875 0.0359375
0 0.809375 0.8453125 0.178125 0.2140625
1 0.8484375 0.78125 0.0765625 0.0390625