1 0.1984375 0.2984375 0.0171875 0.0140625
1 0.2390625 0.459375 0.021875 0.025
1 0.225 0.4703125 0.015625 0.021875
1 0.2484375 0.4921875 0.009375 0.0203125
1 0.28125 0.5078125 0.021875 0.0234375
1 0.2875 0.5203125 0.025 0.015625
1 0.0453125 0.21875 0.00625 0.015625
1 0.01796875 0.41796875 0.0359375 0.0328125
1 0.9953125 0.01171875 0.009375 0.0140625
1 0.625 0.03125 0.0171875 0.0171875
1 0.440625 0.0859375 0.0203125 0.0203125
1 0.63125 0.0984375 0.0125 0.0078125
1 0.6046875 0.1046875 0.01875 0.034375
1 0.559375 0.13125 0.0234375 0.053125
1 0.6265625 0.16875 0.0375 0.025
1 0.775 0.1859375 0.0078125 0.0109375
1 0.8609375 0.2125 0.0703125 0.0640625
1 0.69375 0.240625 0.0078125 0.0140625
1 0.5484375 0.3140625 0.009375 0.0078125
1 0.521875 0.346875 0.015625 0.015625
1 0.55625 0.36875 0.01875 0.021875
1 0.675 0.371875 0.0375 0.0140625
1 0.88671875 0.01796875 0.0515625 0.0359375
1 0.8390625 0.0203125 0.075 0.0375
1 0.8640625 0.2734375 0.0265625 0.025
0 0.4296875 0.3578125 0.021875 0.04375
1 0.996875 0.3125 0.00625 0.034375
1 0.99296875 0.3484375 0.0140625 0.053125
1 0.97734375 0.0828125 0.0453125 0.040625
1 0.9515625 0.334375 0.075 0.0890625
0 0.9203125 0.34375 0.075 0.0703125
1 0.865625 0.3609375 0.0484375 0.0359375
1 0.8265625 0.3703125 0.03125 0.0171875
1 0.853125 0.3328125 0.025 0.0203125
1 0.875 0.1421875 0.08125 0.0765625
1 0.9265625 0.134375 0.0609375 0.06875
1 0.9109375 0.165625 0.021875 0.0140625
1 0.8890625 0.146875 0.0265625 0.0421875
1 0.8234375 0.1265625 0.01875 0.0171875
1 0.8296875 0.115625 0.01875 0.01875
1 0.8578125 0.090625 0.0921875 0.09375
1 0.7796875 0.0265625 0.0375 0.0515625
0 0.95 0.27890625 0.1 0.0953125
1 0.896875 0.2578125 0.0203125 0.03125
1 0.775 0.3484375 0.04375 0.0625
1 0.7359375 0.328125 0.140625 0.1015625
1 0.7984375 0.3515625 0.015625 0.021875
1 0.6546875 0.30625 0.0375 0.0796875
1 0.7328125 0.2359375 0.059375 0.0859375
1 0.753125 0.178125 0.0359375 0.0546875
1 0.7484375 0.2171875 0.0328125 0.0375
1 0.7078125 0.2171875 0.0125 0.0109375
1 0.696875 0.209375 0.015625 0.015625
1 0.665625 0.021875 0.040625 0.04375
1 0.6875 0.0109375 0.05625 0.021875
1 0.6890625 0.034375 0.0421875 0.059375
1 0.7296875 0.1171875 0.0484375 0.0765625
1 0.7484375 0.0640625 0.034375 0.0390625
1 0.75234375 0.003125 0.0296875 0.00625
1 0.49375 0.046875 0.0640625 0.0703125
1 0.50234375 0.00859375 0.0484375 0.0171875
1 0.9203125 0.0234375 0.03125 0.0203125
1 0.95625 0.0765625 0.0390625 0.015625
0 0.940625 0.03359375 0.09375 0.0671875
0 0.4390625 0.27578125 0.040625 0.1078125
0 0.45546875 0.1734375 0.0734375 0.115625
1 0.68125 0.15 0.03125 0.028125
1 0.64375 0.1109375 0.0546875 0.0234375
1 0.6765625 0.0875 0.040625 0.025
1 0.6890625 0.1171875 0.0625 0.084375
1 0.4609375 0.346875 0.01875 0.0234375
1 0.5 0.35625 0.015625 0.0125
1 0.55625 0.04375 0.025 0.028125
1 0.5421875 0.021875 0.0453125 0.0140625
1 0.4671875 0.3 0.0125 0.0140625
1 0.478125 0.3140625 0.028125 0.0203125
1 0.5953125 0.2859375 0.0453125 0.059375
1 0.5703125 0.328125 0.0359375 0.0390625
1 0.42265625 0.3109375 0.0078125 0.01875
0 0.39609375 0.91328125 0.0453125 0.1671875
1 0.3875 0.86328125 0.0625 0.0671875
1 0.38125 0.8140625 0.0296875 0.021875
1 0.3234375 0.865625 0.028125 0.0171875
1 0.2890625 0.865625 0.0234375 0.0234375
1 0.3046875 0.83125 0.0234375 0.0234375
1 0.2390625 0.78125 0.025 0.040625
1 0.1953125 0.8359375 0.0234375 0.03125
1 0.2015625 0.890625 0.040625 0.0234375
1 0.25 0.884375 0.0234375 0.0140625
1 0.1984375 0.9796875 0.046875 0.0328125
1 0.28203125 0.99453125 0.0234375 0.0109375
1 0.1375 0.89375 0.05625 0.0359375
1 0.1828125 0.81875 0.015625 0.025
1 0.165625 0.8296875 0.0234375 0.025
1 0.1609375 0.8484375 0.015625 0.015625
1 0.175 0.853125 0.009375 0.0203125
1 0.1484375 0.8390625 0.015625 0.015625
1 0.1484375 0.775 0.028125 0.034375
1 0.1703125 0.7859375 0.0140625 0.025
1 0.121875 0.7671875 0.021875 0.0296875
1 0.071875 0.7609375 0.0390625 0.03125
1 0.0328125 0.7515625 0.028125 0.0171875
1 0.028125 0.7984375 0.04375 0.0296875
1 0.028125 0.83125 0.0171875 0.0296875
1 0.6921875 0.796875 0.0453125 0.04375
1 0.5796875 0.7828125 0.0234375 0.0171875
1 0.4953125 0.6671875 0.0625 0.084375
1 0.6875 0.70625 0.0421875 0.025
1 0.765625 0.6875 0.053125 0.08125
1 0.6484375 0.5703125 0.053125 0.04375
1 0.79140625 0.53515625 0.0421875 0.0109375
1 0.99296875 0.7953125 0.0140625 0.034375
1 0.8 0.80625 0.021875 0.0234375
1 0.825 0.834375 0.0140625 0.0109375
1 0.778125 0.8359375 0.0171875 0.0078125
0 0.91484375 0.70703125 0.1703125 0.2609375
0 0.915625 0.65546875 0.16875 0.2515625