1 0.0671875 0.1296875 0.05 0.0328125
1 0.2046875 0.171875 0.0375 0.0296875
1 0.28125 0.2 0.009375 0.0140625
1 0.0734375 0.225 0.0125 0.0109375
1 0.16875 0.31875 0.0296875 0.0234375
1 0.059375 0.3484375 0.0171875 0.0078125
1 0.1796875 0.3453125 0.0140625 0.015625
1 0.38125 0.58828125 0.046875 0.0234375
0 0.4328125 0.55078125 0.09375 0.0984375
0 0.4453125 0.43359375 0.06875 0.0859375
1 0.46953125 0.465625 0.0203125 0.015625
0 0.4359375 0.30546875 0.0875 0.1765625
0 0.440625 0.19140625 0.078125 0.1609375
0 0.4484375 0.13984375 0.0625 0.0578125
1 0.7765625 0.3796875 0.059375 0.08125
1 0.825 0.375 0.0234375 0.028125
1 0.8390625 0.4078125 0.0375 0.021875
1 0.896875 0.40625 0.0578125 0.065625
1 0.90625 0.496875 0.075 0.04375
1 0.85 0.496875 0.03125 0.025
1 0.953125 0.365625 0.0625 0.0671875
1 0.99609375 0.42734375 0.0078125 0.0265625
1 0.98125 0.21875 0.0375 0.071875
1 0.9640625 0.125 0.0515625 0.065625
1 0.9515625 0.0390625 0.0546875 0.0375
1 0.925 0.078125 0.0421875 0.059375
1 0.89375 0.196875 0.1125 0.078125
1 0.909375 0.1359375 0.046875 0.0515625
1 0.85625 0.0921875 0.0546875 0.046875
1 0.790625 0.13125 0.0265625 0.0265625
1 0.80625 0.01328125 0.0875 0.0265625
1 0.8828125 0.0171875 0.04375 0.0296875
1 0.778125 0.253125 0.025 0.021875
1 0.853125 0.2359375 0.0265625 0.025
1 0.828125 0.303125 0.05625 0.0515625
1 0.7796875 0.2765625 0.028125 0.01875
1 0.75 0.2703125 0.015625 0.0140625
1 0.9890625 0.48828125 0.021875 0.0234375
1 0.7328125 0.2265625 0.0359375 0.025
1 0.7015625 0.271875 0.034375 0.0296875
1 0.696875 0.2984375 0.0171875 0.0140625
1 0.6828125 0.371875 0.0484375 0.0421875
1 0.5734375 0.253125 0.0640625 0.04375
1 0.565625 0.30625 0.0265625 0.040625
1 0.5765625 0.3578125 0.046875 0.046875
1 0.49375 0.42734375 0.028125 0.0484375
1 0.51875 0.365625 0.0359375 0.01875
1 0.49765625 0.30859375 0.0359375 0.1015625
1 0.48671875 0.2171875 0.0140625 0.0625
1 0.51875 0.209375 0.0359375 0.03125
1 0.496875 0.1640625 0.025 0.025
1 0.48828125 0.13671875 0.0171875 0.0265625
0 0.65 0.321875 0.1078125 0.0984375
0 0.659375 0.225 0.1125 0.08125
0 0.6515625 0.1296875 0.1140625 0.0625
0 0.65625 0.05625 0.109375 0.1125
1 0.6921875 0.08125 0.0296875 0.05
1 0.675 0.18125 0.034375 0.0171875
1 0.58828125 0.01171875 0.0234375 0.0234375
1 0.74375 0.428125 0.0171875 0.01875
1 0.7 0.48125 0.028125 0.0203125
1 0.496875 0.475 0.0234375 0.0265625
1 0.98671875 0.0046875 0.0265625 0.009375
1 0.584375 0.4015625 0.034375 0.0203125
0 0.671875 0.4203125 0.1375 0.1
0 0.6421875 0.46875 0.0859375 0.103125
1 0.01484375 0.6171875 0.0296875 0.034375
1 0.3859375 0.640625 0.015625 0.0078125
1 0.1828125 0.646875 0.028125 0.0296875
1 0.2421875 0.6859375 0.0390625 0.0328125
1 0.1453125 0.71875 0.03125 0.0234375
1 0.4328125 0.73125 0.03125 0.0328125
1 0.2015625 0.76875 0.021875 0.01875
1 0.1046875 0.7734375 0.01875 0.0453125
1 0.4265625 0.765625 0.034375 0.040625
1 0.434375 0.659375 0.025 0.01875
1 0.2140625 0.6109375 0.021875 0.021875
1 0.1625 0.6296875 0.0203125 0.025
0 0.340625 0.6796875 0.096875 0.078125
0 0.33984375 0.61953125 0.0953125 0.0390625
1 0.034375 0.7359375 0.0171875 0.0234375
1 0.0046875 0.70625 0.009375 0.021875
1 0.003125 0.6921875 0.00625 0.025
1 0.0140625 0.671875 0.0234375 0.0125
0 0.671875 0.9296875 0.16875 0.09375
0 0.7453125 0.8296875 0.2 0.2796875
0 0.74296875 0.6515625 0.3015625 0.103125
1 0.9296875 0.80625 0.03125 0.034375