0 0.2625 0.08671875 0.1125 0.1328125
0 0.26953125 0.41171875 0.0984375 0.1546875
0 0.28046875 0.4765625 0.0390625 0.025
1 0.984375 0.2484375 0.0078125 0.0140625
1 0.5390625 0.378125 0.00625 0.009375
1 0.39921875 0.475 0.0296875 0.028125
0 0.78359375 0.4375 0.3078125 0.103125
0 0.7546875 0.3828125 0.390625 0.2125
1 0.3921875 0.2578125 0.05 0.0359375
1 0.4 0.221875 0.0625 0.0390625
1 0.840625 0.371875 0.0453125 0.0515625
1 0.16875 0.7921875 0.0046875 0.0078125
1 0.1265625 0.859375 0.0109375 0.0078125
0 0.24609375 0.9578125 0.1453125 0.084375
1 0.03125 0.93125 0.03125 0.0375
1 0.01484375 0.953125 0.0296875 0.03125
1 0.040625 0.9546875 0.015625 0.0125
1 0.26875 0.746875 0.0109375 0.0125
1 0.3015625 0.7203125 0.034375 0.034375
1 0.309375 0.69375 0.0171875 0.0359375
0 0.2515625 0.68046875 0.134375 0.2140625
1 0.234375 0.7453125 0.0765625 0.0390625
1 0.42265625 0.49453125 0.0140625 0.0109375
1 0.96875 0.503125 0.021875 0.028125
1 0.9171875 0.515625 0.0171875 0.021875
1 0.51796875 0.50703125 0.0453125 0.0359375
1 0.8890625 0.5296875 0.0296875 0.0125
1 0.3234375 0.5234375 0.009375 0.028125
1 0.5578125 0.5390625 0.0234375 0.0265625
1 0.4046875 0.5484375 0.01875 0.025
1 0.896875 0.553125 0.05 0.0390625
1 0.5671875 0.553125 0.03125 0.0296875
1 0.571875 0.5671875 0.0296875 0.021875
1 0.609375 0.596875 0.0203125 0.01875
1 0.7625 0.596875 0.0171875 0.0171875
1 0.7078125 0.5953125 0.021875 0.0203125
1 0.459375 0.5890625 0.0359375 0.0375
1 0.4171875 0.603125 0.040625 0.025
1 0.4671875 0.6203125 0.0234375 0.00625
1 0.5765625 0.6203125 0.0078125 0.0078125
1 0.3921875 0.6453125 0.028125 0.028125
1 0.5453125 0.6421875 0.0421875 0.04375
1 0.5078125 0.6515625 0.0203125 0.034375
1 0.353125 0.6625 0.03125 0.0453125
1 0.3890625 0.696875 0.03125 0.01875
1 0.4875 0.70625 0.0109375 0.0375
1 0.3625 0.7125 0.046875 0.01875
1 0.6296875 0.71875 0.021875 0.015625
1 0.6125 0.7375 0.025 0.021875
1 0.584375 0.7296875 0.0203125 0.025
1 0.646875 0.740625 0.034375 0.0171875
1 0.33828125 0.7328125 0.0390625 0.028125
1 0.6671875 0.7546875 0.0171875 0.0109375
1 0.3640625 0.771875 0.0453125 0.0265625
1 0.528125 0.7828125 0.028125 0.0375
1 0.921875 0.790625 0.021875 0.03125
1 0.5671875 0.8328125 0.025 0.021875
1 0.3921875 0.8671875 0.0265625 0.025
1 0.4515625 0.89375 0.01875 0.015625
1 0.3921875 0.896875 0.015625 0.0234375
1 0.69375 0.896875 0.040625 0.04375
1 0.9203125 0.909375 0.021875 0.0234375
1 0.753125 0.934375 0.0125 0.021875
1 0.4125 0.9265625 0.0234375 0.0328125
1 0.478125 0.9453125 0.01875 0.0265625
1 0.85 0.9546875 0.0171875 0.01875
1 0.6796875 0.9484375 0.0203125 0.01875
1 0.334375 0.9609375 0.01875 0.00625
1 0.375 0.9578125 0.0203125 0.0109375
1 0.4484375 0.95625 0.0203125 0.015625
1 0.5046875 0.953125 0.0203125 0.0203125
1 0.646875 0.9578125 0.015625 0.0125
0 0.765625 0.7671875 0.2296875 0.171875
1 0.915625 0.8609375 0.0328125 0.03125
1 0.909375 0.8734375 0.03125 0.015625
1 0.934375 0.8453125 0.04375 0.0328125
1 0.934375 0.8625 0.03125 0.015625
1 0.95 0.9046875 0.0328125 0.0234375
1 0.903125 0.8296875 0.04375 0.0390625
1 0.9078125 0.9 0.0296875 0.0203125
1 0.90625 0.94375 0.0546875 0.0390625
1 0.9 0.60625 0.0328125 0.03125
1 0.8796875 0.6015625 0.015625 0.040625
1 0.8703125 0.584375 0.01875 0.015625
1 0.934375 0.6578125 0.0375 0.0265625
1 0.890625 0.6859375 0.034375 0.05
1 0.8984375 0.671875 0.059375 0.034375
1 0.9109375 0.65625 0.0171875 0.021875
1 0.9203125 0.7484375 0.01875 0.0328125
1 0.9 0.7203125 0.015625 0.021875
1 0.909375 0.73125 0.00625 0.0109375
1 0.9109375 0.6984375 0.015625 0.015625
1 0.8796875 0.75625 0.03125 0.0265625
1 0.8859375 0.725 0.0234375 0.040625
0 0.76640625 0.5546875 0.2578125 0.13125
1 0.8328125 0.959375 0.009375 0.0078125
1 0.8265625 0.896875 0.0171875 0.0296875
1 0.790625 0.8953125 0.034375 0.0390625
1 0.803125 0.809375 0.03125 0.021875
1 0.8703125 0.7828125 0.01875 0.0296875
1 0.8171875 0.8125 0.0171875 0.0453125
1 0.8171875 0.85 0.0265625 0.021875
1 0.7859375 0.9328125 0.0359375 0.04375
1 0.8203125 0.9359375 0.0125 0.025
1 0.76875 0.953125 0.040625 0.0203125
1 0.790625 0.871875 0.0203125 0.0140625
1 0.81875 0.9125 0.0203125 0.01875
1 0.8046875 0.940625 0.025 0.0265625
1 0.6765625 0.9578125 0.0125 0.0125
1 0.7453125 0.8859375 0.0375 0.0828125
1 0.6765625 0.928125 0.0296875 0.015625
1 0.6625 0.9046875 0.025 0.028125
1 0.6453125 0.9125 0.03125 0.0359375
1 0.6203125 0.85625 0.0328125 0.053125
1 0.6421875 0.8703125 0.0359375 0.03125
1 0.5953125 0.9421875 0.0078125 0.009375
1 0.678125 0.871875 0.03125 0.028125
1 0.6515625 0.846875 0.0234375 0.028125
1 0.61875 0.8 0.0390625 0.028125
1 0.6265625 0.81875 0.0390625 0.0265625
1 0.6328125 0.825 0.0265625 0.021875
1 0.6921875 0.83125 0.025 0.0328125
1 0.6546875 0.8296875 0.0390625 0.0328125
1 0.6375 0.7875 0.028125 0.009375
1 0.703125 0.80625 0.0546875 0.0484375
1 0.753125 0.765625 0.03125 0.01875
1 0.778125 0.7765625 0.028125 0.0390625
1 0.6734375 0.7296875 0.0265625 0.0296875
1 0.6484375 0.715625 0.03125 0.0265625
1 0.665625 0.696875 0.034375 0.0296875
1 0.621875 0.640625 0.0234375 0.0421875
1 0.6359375 0.653125 0.0140625 0.034375
1 0.65625 0.659375 0.0078125 0.0328125
1 0.659375 0.6296875 0.025 0.015625
1 0.628125 0.59375 0.015625 0.0359375
1 0.6453125 0.571875 0.0328125 0.0171875
1 0.646875 0.596875 0.04375 0.0234375
1 0.6640625 0.596875 0.03125 0.05
1 0.6625 0.5515625 0.0328125 0.034375
1 0.6734375 0.58125 0.0171875 0.015625
1 0.76875 0.5796875 0.0359375 0.0171875
1 0.73125 0.5375 0.025 0.0171875
1 0.64375 0.5390625 0.0265625 0.0265625
1 0.546875 0.7609375 0.0390625 0.0421875
1 0.5375 0.7234375 0.0453125 0.0375
1 0.5078125 0.7078125 0.0328125 0.034375
1 0.375 0.559375 0.028125 0.01875
1 0.3703125 0.578125 0.028125 0.0140625
1 0.378125 0.59375 0.015625 0.0140625
1 0.415625 0.5015625 0.0328125 0.025
1 0.3796875 0.525 0.0265625 0.028125
1 0.34375 0.521875 0.0234375 0.0171875
1 0.365625 0.53125 0.0140625 0.015625
1 0.36953125 0.490625 0.0234375 0.003125
1 0.35 0.4953125 0.01875 0.0125
1 0.3296875 0.70703125 0.021875 0.0171875
1 0.32578125 0.7671875 0.0140625 0.04375
1 0.33203125 0.78515625 0.0265625 0.0234375
1 0.3484375 0.80625 0.0203125 0.0203125
1 0.375 0.746875 0.0203125 0.015625
1 0.4109375 0.7328125 0.0390625 0.03125
1 0.415625 0.7609375 0.0234375 0.025
1 0.34296875 0.83984375 0.0484375 0.0421875
1 0.378125 0.8515625 0.0625 0.04375
1 0.3703125 0.8359375 0.009375 0.0234375
1 0.4609375 0.825 0.021875 0.015625
1 0.49375 0.8609375 0.03125 0.01875
1 0.4640625 0.8625 0.0390625 0.0203125
1 0.484375 0.840625 0.0125 0.0234375
1 0.5296875 0.834375 0.0125 0.009375
1 0.55 0.846875 0.0140625 0.0140625
1 0.53125 0.884375 0.021875 0.0234375
1 0.5515625 0.8671875 0.0203125 0.0125
1 0.55625 0.8953125 0.0328125 0.021875
1 0.5375 0.9109375 0.021875 0.021875
1 0.5140625 0.909375 0.025 0.0421875
1 0.528125 0.9328125 0.0390625 0.0375
1 0.5375 0.959375 0.0203125 0.009375
1 0.4578125 0.9390625 0.0265625 0.0171875
1 0.3625 0.8921875 0.0515625 0.0359375
1 0.353125 0.9203125 0.01875 0.0421875
1 0.3703125 0.925 0.0265625 0.021875
1 0.340625 0.928125 0.0234375 0.028125
1 0.3328125 0.9 0.015625 0.0140625