0 0.415625 0.4578125 0.3171875 0.11875
1 0.6265625 0.4390625 0.025 0.028125
1 0.6140625 0.3140625 0.0328125 0.0359375
1 0.5515625 0.2546875 0.0328125 0.034375
1 0.5265625 0.378125 0.0296875 0.03125
1 0.475 0.38125 0.034375 0.0296875
1 0.4953125 0.3625 0.0265625 0.0234375
1 0.41875 0.3453125 0.01875 0.0234375
1 0.3125 0.25625 0.03125 0.034375
1 0.46875 0.0421875 0.025 0.0359375
1 0.165625 0.0234375 0.0171875 0.0171875
1 0.1953125 0.0296875 0.040625 0.046875
1 0.1609375 0.0578125 0.0296875 0.0234375
1 0.1515625 0.084375 0.0359375 0.03125
1 0.1765625 0.0984375 0.0359375 0.0296875
1 0.1734375 0.1265625 0.028125 0.0140625
1 0.196875 0.121875 0.015625 0.0171875
1 0.2078125 0.1015625 0.0265625 0.025
1 0.21875 0.075 0.0328125 0.0234375
1 0.1875 0.325 0.0453125 0.071875
1 0.2125 0.3875 0.03125 0.0234375
1 0.1078125 0.2359375 0.0390625 0.046875
1 0.06875 0.2609375 0.0515625 0.046875
1 0.028125 0.215625 0.021875 0.0296875
1 0.0203125 0.1296875 0.0265625 0.0234375
1 0.06875 0.1109375 0.09375 0.09375
1 0.03984375 0.01484375 0.0265625 0.0296875
1 0.103125 0.0671875 0.0375 0.028125
1 0.01015625 0.30859375 0.0203125 0.0515625
1 0.06875 0.31875 0.0671875 0.06875
1 0.00625 0.36640625 0.0125 0.0515625
1 0.00703125 0.42109375 0.0140625 0.0390625
1 0.0328125 0.40625 0.01875 0.0375
1 0.00703125 0.46640625 0.0140625 0.0359375
1 0.046875 0.3765625 0.0234375 0.0203125
1 0.378125 0.221875 0.021875 0.0171875
1 0.0359375 0.4453125 0.0203125 0.0140625
0 0.4203125 0.2578125 0.321875 0.1953125
0 0.36953125 0.1578125 0.3671875 0.315625
0 0.3515625 0.0140625 0.26875 0.028125
1 0.7984375 0.1421875 0.0328125 0.0453125
1 0.9875 0.1953125 0.025 0.01875
1 0.95 0.275 0.0125 0.0234375
1 0.8984375 0.3078125 0.03125 0.01875
1 0.8375 0.3203125 0.0296875 0.01875
1 0.65546875 0.41171875 0.0328125 0.0390625
1 0.6765625 0.5125 0.03125 0.028125
1 0.7984375 0.5453125 0.03125 0.025
1 0.9046875 0.5609375 0.040625 0.0375
1 0.946875 0.5671875 0.05625 0.034375
1 0.9671875 0.5828125 0.028125 0.0140625
0 0.69375 0.60625 0.109375 0.075
0 0.7671875 0.6171875 0.0328125 0.0515625
1 0.9625 0.5515625 0.0328125 0.0453125
1 0.953125 0.621875 0.03125 0.0203125
1 0.9359375 0.49375 0.0421875 0.0390625
1 0.9 0.5015625 0.0421875 0.0375
1 0.815625 0.5671875 0.03125 0.03125
1 0.9515625 0.146875 0.0328125 0.040625
1 0.8953125 0.275 0.0234375 0.0234375
1 0.7984375 0.221875 0.0375 0.028125
1 0.8015625 0.4359375 0.046875 0.0375
1 0.80625 0.4125 0.0359375 0.0234375
1 0.8171875 0.3765625 0.021875 0.025
1 0.79375 0.384375 0.0359375 0.0234375
1 0.7875 0.396875 0.025 0.025
0 0.703125 0.41484375 0.128125 0.2859375
0 0.70625 0.2203125 0.134375 0.20625
1 0.6546875 0.371875 0.0296875 0.0328125
1 0.1921875 0.8328125 0.0953125 0.125
1 0.1828125 0.9078125 0.0390625 0.0375
1 0.1546875 0.9390625 0.021875 0.0265625
1 0.190625 0.96875 0.03125 0.0359375
1 0.2671875 0.9875 0.0484375 0.021875
1 0.428125 0.96875 0.0375 0.059375
1 0.428125 0.9046875 0.0359375 0.0390625
1 0.61875 0.790625 0.021875 0.021875
1 0.4890625 0.959375 0.01875 0.0375
1 0.4671875 0.7390625 0.03125 0.0234375
1 0.453125 0.9375 0.0265625 0.025
0 0.2421875 0.71875 0.378125 0.090625
0 0.1984375 0.69609375 0.165625 0.0921875
1 0.690625 0.653125 0.009375 0.00625
1 0.98515625 0.83203125 0.0296875 0.0453125
1 0.91875 0.8640625 0.0390625 0.0234375
1 0.8515625 0.965625 0.0125 0.0078125
1 0.8796875 0.97421875 0.03125 0.0515625
1 0.95859375 0.9953125 0.0234375 0.009375
1 0.875 0.821875 0.0484375 0.0625
1 0.9015625 0.746875 0.0890625 0.0984375
0 0.80390625 0.734375 0.2046875 0.16875
0 0.77578125 0.86328125 0.2734375 0.2734375
1 0.6875 0.9453125 0.021875 0.028125
0 0.80625 0.96953125 0.334375 0.0609375