1 0.28359375 0.38046875 0.0203125 0.0171875
1 0.2953125 0.353125 0.0125 0.0203125
1 0.3140625 0.3203125 0.021875 0.021875
1 0.175 0.371875 0.0234375 0.0203125
1 0.240625 0.278125 0.0203125 0.01875
1 0.24375 0.2375 0.028125 0.0265625
1 0.2125 0.296875 0.0234375 0.021875
1 0.2015625 0.278125 0.0140625 0.015625
1 0.0765625 0.3703125 0.01875 0.0203125
1 0.146875 0.28125 0.0265625 0.025
1 0.1625 0.253125 0.0078125 0.015625
1 0.1203125 0.25625 0.025 0.015625
1 0.34375 0.2453125 0.0171875 0.0171875
1 0.4 0.3046875 0.0171875 0.0203125
1 0.371875 0.2203125 0.0234375 0.021875
1 0.265625 0.21875 0.0265625 0.0296875
1 0.2953125 0.1546875 0.0203125 0.0234375
1 0.3546875 0.04375 0.025 0.0171875
1 0.303125 0.00234375 0.015625 0.0046875
0 0.36875 0.0703125 0.078125 0.140625
0 0.2875 0.0671875 0.06875 0.1
0 0.159375 0.0703125 0.125 0.103125
0 0.2140625 0.0796875 0.1375 0.159375
0 0.03515625 0.075 0.0703125 0.1
1 0.06875 0.1109375 0.0296875 0.0265625
0 0.721875 0.33203125 0.103125 0.1140625
0 0.284375 0.7296875 0.0484375 0.028125
1 0.2203125 0.4984375 0.0140625 0.009375
0 0.2515625 0.6703125 0.1125 0.2765625
1 0.1828125 0.59375 0.0125 0.0109375
1 0.1671875 0.6859375 0.0109375 0.009375
1 0.1734375 0.9234375 0.025 0.03125
1 0.0828125 0.4125 0.0171875 0.0109375
1 0.0453125 0.640625 0.0109375 0.009375
0 0.1203125 0.6703125 0.11875 0.3171875
1 0.15625 0.6203125 0.0109375 0.053125
0 0.0296875 0.6484375 0.059375 0.10625
1 0.9640625 0.5140625 0.009375 0.0140625
1 0.8984375 0.39765625 0.0125 0.0171875
1 0.8234375 0.5375 0.028125 0.0296875
1 0.775 0.6578125 0.00625 0.0234375
1 0.6671875 0.846875 0.0125 0.0046875
1 0.7734375 0.978125 0.0296875 0.01875
1 0.6734375 0.978125 0.025 0.034375
1 0.6375 0.9890625 0.0140625 0.0171875
1 0.5359375 0.9875 0.025 0.025
1 0.7828125 0.890625 0.0171875 0.021875
1 0.7453125 0.896875 0.0125 0.0171875
1 0.7625 0.8796875 0.0171875 0.025
1 0.721875 0.8796875 0.028125 0.025
1 0.54375 0.8640625 0.0171875 0.0234375
1 0.56875 0.825 0.01875 0.0140625
1 0.5515625 0.665625 0.021875 0.0109375
0 0.5625 0.72421875 0.0875 0.2609375
1 0.6734375 0.7546875 0.0140625 0.0140625
0 0.653125 0.6796875 0.234375 0.259375
1 0.8828125 0.859375 0.021875 0.0203125
1 0.7265625 0.8140625 0.021875 0.0234375
0 0.8234375 0.696875 0.2921875 0.409375
1 0.9296875 0.546875 0.0171875 0.0171875
1 0.853125 0.5078125 0.01875 0.025
1 0.85625 0.5203125 0.0296875 0.0125
1 0.8171875 0.5734375 0.01875 0.0109375
1 0.7671875 0.5609375 0.0125 0.01875
1 0.7890625 0.5484375 0.0203125 0.0265625
1 0.7875 0.5359375 0.0296875 0.0296875
1 0.775 0.5265625 0.0234375 0.015625
1 0.63125 0.515625 0.0296875 0.03125
1 0.6125 0.528125 0.028125 0.0203125
1 0.609375 0.5328125 0.0265625 0.03125
1 0.6015625 0.553125 0.01875 0.0140625
1 0.5734375 0.5375 0.03125 0.0296875
1 0.5625 0.559375 0.0234375 0.0234375
1 0.5578125 0.51875 0.0203125 0.0265625
1 0.5546875 0.5375 0.021875 0.015625
1 0.5234375 0.5765625 0.009375 0.015625
1 0.5359375 0.5546875 0.028125 0.03125
1 0.52890625 0.5234375 0.0203125 0.015625
1 0.53125 0.55625 0.0140625 0.0234375
1 0.525 0.534375 0.0125 0.0234375
1 0.68125 0.5203125 0.028125 0.0328125
1 0.7015625 0.5171875 0.0125 0.0265625
1 0.6921875 0.43125 0.0203125 0.0140625
1 0.6734375 0.4140625 0.01875 0.015625
1 0.946875 0.4234375 0.028125 0.01875
1 0.9609375 0.40625 0.0171875 0.0140625
1 0.8921875 0.3953125 0.0234375 0.009375
1 0.85078125 0.396875 0.0265625 0.015625
1 0.859375 0.41875 0.0265625 0.025
1 0.7984375 0.403125 0.034375 0.025
1 0.8109375 0.409375 0.01875 0.0328125
1 0.81875 0.4203125 0.0125 0.0203125
1 0.8375 0.4234375 0.021875 0.01875
1 0.8421875 0.409375 0.0171875 0.009375
1 0.721875 0.409375 0.0296875 0.0296875
1 0.72265625 0.3921875 0.0265625 0.00625
1 0.534375 0.39765625 0.01875 0.0171875
1 0.5265625 0.4078125 0.015625 0.034375