1 0.2359375 0.459375 0.03125 0.01875
1 0.3765625 0.4140625 0.0390625 0.053125
1 0.2 0.3390625 0.028125 0.0453125
1 0.2640625 0.328125 0.0578125 0.065625
1 0.26875 0.3625 0.0234375 0.0234375
1 0.228125 0.346875 0.028125 0.0296875
1 0.2203125 0.3234375 0.0296875 0.0234375
1 0.2390625 0.328125 0.025 0.01875
1 0.321875 0.365625 0.0234375 0.0515625
1 0.221875 0.25 0.025 0.028125
0 0.14375 0.2109375 0.0828125 0.078125
1 0.18125 0.18125 0.0625 0.0640625
1 0.14375 0.115625 0.03125 0.0296875
1 0.15 0.04375 0.0203125 0.021875
1 0.2390625 0.1015625 0.028125 0.01875
1 0.2 0.0609375 0.0171875 0.025
1 0.2890625 0.1265625 0.0484375 0.021875
1 0.328125 0.1484375 0.0296875 0.03125
1 0.37578125 0.18828125 0.0484375 0.0265625
1 0.3671875 0.2140625 0.0546875 0.0046875
1 0.384375 0.2046875 0.0125 0.046875
1 0.3828125 0.271875 0.00625 0.0359375
1 0.3671875 0.2546875 0.028125 0.025
1 0.22421875 0.00546875 0.0390625 0.0109375
1 0.259375 0.01171875 0.028125 0.0234375
1 0.27265625 0.0109375 0.0359375 0.021875
1 0.3171875 0.00546875 0.025 0.0109375
1 0.38515625 0.31328125 0.0296875 0.0359375
1 0.83046875 0.46484375 0.0296875 0.0078125
1 0.84921875 0.46328125 0.0234375 0.0109375
1 0.821875 0.4328125 0.0171875 0.0234375
1 0.4875 0.4 0.0359375 0.01875
1 0.475 0.415625 0.0265625 0.0234375
1 0.6953125 0.4 0.0234375 0.04375
1 0.88125 0.3484375 0.0234375 0.0140625
1 0.4765625 0.2765625 0.025 0.0234375
1 0.515625 0.328125 0.021875 0.0203125
1 0.6453125 0.2953125 0.015625 0.0234375
1 0.709375 0.3109375 0.021875 0.021875
1 0.89375 0.2375 0.0234375 0.0203125
1 0.89375 0.1875 0.021875 0.028125
1 0.71875 0.165625 0.0328125 0.0328125
1 0.678125 0.1625 0.034375 0.0140625
1 0.546875 0.1703125 0.028125 0.0296875
1 0.4875 0.1671875 0.0234375 0.0171875
1 0.7578125 0.103125 0.0296875 0.0375
1 0.46875 0.0875 0.0203125 0.01875
0 0.49140625 0.05390625 0.1234375 0.1078125
0 0.8890625 0.04609375 0.11875 0.0921875
0 0.75546875 0.0453125 0.1265625 0.090625
1 0.9453125 0.0375 0.0234375 0.0390625
1 0.9453125 0.0046875 0.021875 0.009375
1 0.940625 0.065625 0.03125 0.015625
1 0.5578125 0.340625 0.0265625 0.01875
0 0.58046875 0.034375 0.1015625 0.06875
0 0.659375 0.05703125 0.096875 0.1140625
1 0.178125 0.5515625 0.0390625 0.0328125
1 0.15625 0.5203125 0.0203125 0.025
1 0.1734375 0.975 0.0625 0.05
1 0.13125 0.784375 0.0265625 0.0234375
1 0.11875 0.9109375 0.0390625 0.05625
1 0.0671875 0.890625 0.034375 0.03125
1 0.034375 0.4734375 0.0140625 0.0078125
1 0.025 0.496875 0.0125 0.0078125
1 0.00703125 0.96796875 0.0140625 0.0234375
1 0.0078125 0.7703125 0.0125 0.009375
1 0.1796875 0.4828125 0.05 0.028125
1 0.178125 0.5046875 0.040625 0.0296875
1 0.0609375 0.7890625 0.0265625 0.028125
1 0.0703125 0.821875 0.025 0.046875
1 0.171875 0.884375 0.025 0.01875
1 0.190625 0.884375 0.025 0.0171875
0 0.05078125 0.69921875 0.1015625 0.1484375
0 0.096875 0.7046875 0.053125 0.171875
0 0.1609375 0.690625 0.0890625 0.159375
1 0.646875 0.85 0.009375 0.021875
1 0.60390625 0.49765625 0.0578125 0.0578125
0 0.6359375 0.73125 0.3015625 0.303125
0 0.7609375 0.7375 0.1828125 0.325
0 0.94609375 0.7125 0.1078125 0.24375
1 0.9140625 0.5671875 0.00625 0.0171875
1 0.9390625 0.98125 0.01875 0.0328125