1 0.4015625 0.0625 0.04375 0.0515625
0 0.3078125 0.1859375 0.1625 0.11875
1 0.2625 0.1140625 0.0453125 0.0609375
1 0.309375 0.0171875 0.0296875 0.025
1 0.3375 0.3171875 0.021875 0.01875
1 0.1578125 0.221875 0.03125 0.0328125
1 0.184375 0.165625 0.0328125 0.0359375
1 0.2453125 0.228125 0.028125 0.0375
0 0.0703125 0.134375 0.125 0.15
1 0.0921875 0.3078125 0.0390625 0.028125
1 0.5984375 0.4140625 0.00625 0.0078125
1 0.65 0.3140625 0.03125 0.015625
1 0.7 0.05 0.0640625 0.053125
1 0.82109375 0.0046875 0.0171875 0.009375
1 0.8265625 0.2375 0.0328125 0.0265625
1 0.84296875 0.00546875 0.0140625 0.0109375
0 0.8515625 0.3140625 0.0453125 0.046875
1 0.871875 0.0125 0.00625 0.01875
0 0.6140625 0.0203125 0.090625 0.040625
1 0.596875 0.01875 0.028125 0.021875
0 0.521875 0.1875 0.00625 0.0375
1 0.684375 0.2078125 0.0125 0.015625
1 0.728125 0.4609375 0.14375 0.078125
1 0.5484375 0.4875 0.059375 0.025
1 0.540625 0.4234375 0.01875 0.015625
0 0.309375 0.6953125 0.1328125 0.128125
0 0.4140625 0.7015625 0.125 0.1484375
0 0.225 0.709375 0.10625 0.0546875
0 0.103125 0.7078125 0.1296875 0.14375
1 0.4375 0.9703125 0.0671875 0.053125
1 0.3640625 0.99140625 0.0375 0.0171875
1 0.2796875 0.9515625 0.0578125 0.065625
1 0.4984375 0.903125 0.040625 0.071875
1 0.2359375 0.96640625 0.0625 0.0671875
1 0.303125 0.578125 0.0671875 0.06875
1 0.4234375 0.6140625 0.0609375 0.0546875
1 0.35 0.528125 0.0421875 0.03125
1 0.2625 0.6296875 0.0265625 0.0265625
1 0.21875 0.5625 0.025 0.025
1 0.2546875 0.5109375 0.0234375 0.0171875
1 0.1578125 0.6109375 0.025 0.046875
1 0.203125 0.671875 0.0390625 0.04375
1 0.1484375 0.5359375 0.0296875 0.05625
1 0.096875 0.55625 0.021875 0.0296875
1 0.09375 0.6078125 0.025 0.03125
1 0.1234375 0.50703125 0.028125 0.0140625
1 0.2296875 0.525 0.0234375 0.0125
1 0.459375 0.5546875 0.0203125 0.028125
1 0.1375 0.9015625 0.028125 0.0328125
1 0.134375 0.8484375 0.034375 0.0453125
1 0.209375 0.8203125 0.03125 0.040625
1 0.059375 0.953125 0.0359375 0.0203125
1 0.1734375 0.9671875 0.0234375 0.0546875
1 0.0671875 0.89375 0.021875 0.0296875
1 0.065625 0.821875 0.0328125 0.0328125
1 0.0609375 0.921875 0.03125 0.0234375
1 0.384375 0.896875 0.04375 0.046875
1 0.3921875 0.8234375 0.021875 0.0265625
1 0.384375 0.775 0.0296875 0.028125
1 0.4421875 0.840625 0.0296875 0.0234375
1 0.45625 0.88125 0.0453125 0.0265625
1 0.44375 0.8546875 0.0328125 0.0140625
1 0.3109375 0.9 0.025 0.025
1 0.3125 0.8125 0.0234375 0.021875
1 0.3328125 0.8390625 0.021875 0.0171875
1 0.24375 0.8953125 0.028125 0.021875
1 0.3296875 0.9359375 0.021875 0.034375
1 0.490625 0.9640625 0.0234375 0.03125
1 0.271875 0.8984375 0.025 0.0171875
1 0.4953125 0.72734375 0.046875 0.0203125
0 0.484375 0.70546875 0.06875 0.0796875
1 0.9828125 0.5796875 0.01875 0.0125
1 0.9546875 0.7375 0.028125 0.0296875
1 0.828125 0.7234375 0.0265625 0.03125
1 0.7859375 0.6984375 0.046875 0.03125
1 0.93671875 0.5046875 0.0390625 0.009375
1 0.909375 0.7546875 0.0375 0.034375
0 0.753125 0.93984375 0.05625 0.1203125
0 0.82734375 0.96171875 0.1234375 0.0765625
0 0.921875 0.96328125 0.134375 0.0734375
0 0.97734375 0.95078125 0.0453125 0.0984375