1 0.3125 0.2921875 0.0265625 0.0734375
1 0.33125 0.3296875 0.0125 0.0203125
1 0.359375 0.3140625 0.025 0.0546875
1 0.40625 0.25625 0.015625 0.0125
1 0.2953125 0.1859375 0.0171875 0.0203125
1 0.3703125 0.1640625 0.028125 0.025
1 0.55 0.16796875 0.01875 0.0296875
1 0.55390625 0.0328125 0.0109375 0.021875
1 0.271875 0.0421875 0.0171875 0.021875
0 0.2625 0.021875 0.06875 0.04375
0 0.5078125 0.02109375 0.103125 0.0421875
1 0.8265625 0.00625 0.009375 0.0078125
1 0.7859375 0.04375 0.01875 0.021875
1 0.75 0.178125 0.0140625 0.0078125
0 0.721875 0.115625 0.1 0.140625
0 0.89296875 0.12890625 0.2140625 0.2265625
1 0.834375 0.2 0.021875 0.01875
0 0.871875 0.1515625 0.253125 0.265625
1 0.31484375 0.9921875 0.0453125 0.015625
1 0.31171875 0.96328125 0.0703125 0.0734375
0 0.278125 0.8546875 0.140625 0.18125
1 0.1921875 0.8671875 0.0421875 0.0328125
0 0.0578125 0.8703125 0.0984375 0.0890625
1 0.109375 0.903125 0.0203125 0.0453125
1 0.1328125 0.846875 0.0453125 0.053125
1 0.1125 0.796875 0.0234375 0.0234375
1 0.09375 0.7703125 0.021875 0.028125
1 0.159375 0.796875 0.071875 0.053125
1 0.1921875 0.815625 0.028125 0.0296875
1 0.16875 0.7046875 0.075 0.071875
1 0.228125 0.734375 0.0703125 0.0734375
1 0.203125 0.7734375 0.0609375 0.0390625
1 0.3078125 0.6640625 0.0796875 0.071875
1 0.2578125 0.6125 0.0359375 0.040625
1 0.1171875 0.7125 0.025 0.03125
0 0.015625 0.84375 0.03125 0.134375
1 0.0046875 0.9546875 0.009375 0.025
1 0.09296875 0.98671875 0.0359375 0.0265625
1 0.20703125 0.38671875 0.0546875 0.0140625
1 0.3296875 0.434375 0.0390625 0.04375
1 0.2890625 0.38515625 0.03125 0.0109375
1 0.040625 0.6078125 0.028125 0.01875
1 0.025 0.7078125 0.0234375 0.021875
1 0.1390625 0.9640625 0.0234375 0.0234375
0 0.98046875 0.58203125 0.0390625 0.1609375
1 0.90078125 0.38125 0.0109375 0.003125
1 0.80625 0.74375 0.0265625 0.0375
0 0.8171875 0.6 0.1140625 0.1703125
1 0.99765625 0.83046875 0.0046875 0.0296875
1 0.946875 0.7328125 0.0265625 0.015625
1 0.9078125 0.7078125 0.0203125 0.021875
1 0.8265625 0.7515625 0.0140625 0.0140625
1 0.98828125 0.50546875 0.0234375 0.0421875
1 0.99609375 0.446875 0.0078125 0.025
1 0.9921875 0.39375 0.015625 0.028125