1 0.3046875 0.51640625 0.015625 0.0046875
1 0.2390625 0.515625 0.04375 0.00625
1 0.37578125 0.48359375 0.0078125 0.0203125
1 0.284375 0.475 0.0453125 0.0515625
1 0.2453125 0.4359375 0.0234375 0.0265625
1 0.2359375 0.421875 0.03125 0.0296875
1 0.23125 0.4078125 0.0296875 0.021875
1 0.19375 0.378125 0.0203125 0.01875
1 0.040625 0.378125 0.0171875 0.0171875
1 0.0953125 0.3796875 0.021875 0.0203125
1 0.34375 0.3859375 0.0359375 0.0375
1 0.37265625 0.371875 0.0140625 0.025
1 0.3359375 0.3546875 0.0234375 0.00625
1 0.2265625 0.3546875 0.0078125 0.0078125
1 0.2578125 0.3328125 0.0421875 0.04375
1 0.2953125 0.3234375 0.0203125 0.034375
1 0.315625 0.26875 0.0109375 0.0375
1 0.1734375 0.25625 0.021875 0.015625
1 0.190625 0.2375 0.025 0.021875
1 0.21875 0.2453125 0.0203125 0.025
1 0.15625 0.234375 0.034375 0.0171875
1 0.1359375 0.2203125 0.0171875 0.0109375
1 0.275 0.1921875 0.028125 0.0375
1 0.2359375 0.1421875 0.025 0.021875
1 0.3515625 0.08125 0.01875 0.015625
1 0.109375 0.078125 0.040625 0.04375
1 0.05 0.040625 0.0125 0.021875
1 0.325 0.0296875 0.01875 0.0265625
1 0.1234375 0.0265625 0.0203125 0.01875
1 0.3546875 0.01875 0.0203125 0.015625
1 0.2984375 0.021875 0.0203125 0.0203125
1 0.15625 0.0171875 0.015625 0.0125
0 0.07578125 0.2078125 0.1515625 0.171875
0 0.09453125 0.51015625 0.1265625 0.0171875
0 0.08203125 0.43671875 0.1640625 0.1640625
1 0.01484375 0.07890625 0.0296875 0.0390625
1 0.0078125 0.165625 0.015625 0.021875
1 0.0171875 0.0421875 0.034375 0.04375
1 0.034375 0.021875 0.040625 0.0203125
1 0.0125 0.103125 0.0203125 0.0140625
1 0.00546875 0.03359375 0.0109375 0.0265625
1 0.1265625 0.0171875 0.0125 0.0125
1 0.0578125 0.0890625 0.0375 0.0828125
1 0.1265625 0.046875 0.0296875 0.015625
1 0.140625 0.0703125 0.025 0.028125
1 0.1578125 0.0625 0.03125 0.0359375
1 0.1828125 0.11875 0.0328125 0.053125
1 0.1609375 0.1046875 0.0359375 0.03125
1 0.2078125 0.0328125 0.0078125 0.009375
1 0.125 0.103125 0.03125 0.028125
1 0.1515625 0.128125 0.0234375 0.028125
1 0.184375 0.175 0.0390625 0.028125
1 0.1765625 0.15625 0.0390625 0.0265625
1 0.1703125 0.15 0.0265625 0.021875
1 0.1109375 0.14375 0.025 0.0328125
1 0.1484375 0.1453125 0.0390625 0.0328125
1 0.165625 0.1875 0.028125 0.009375
1 0.1 0.16875 0.0546875 0.0484375
1 0.05 0.209375 0.03125 0.01875
1 0.025 0.1984375 0.028125 0.0390625
1 0.1296875 0.2453125 0.0265625 0.0296875
1 0.1546875 0.259375 0.03125 0.0265625
1 0.1375 0.278125 0.034375 0.0296875
1 0.18125 0.334375 0.0234375 0.0421875
1 0.1671875 0.321875 0.0140625 0.034375
1 0.146875 0.315625 0.0078125 0.0328125
1 0.14375 0.3453125 0.025 0.015625
1 0.175 0.38125 0.015625 0.0359375
1 0.1578125 0.403125 0.0328125 0.0171875
1 0.15625 0.378125 0.04375 0.0234375
1 0.1390625 0.378125 0.03125 0.05
1 0.140625 0.4234375 0.0328125 0.034375
1 0.1296875 0.39375 0.0171875 0.015625
1 0.034375 0.3953125 0.0359375 0.0171875
1 0.071875 0.4375 0.025 0.0171875
1 0.159375 0.4359375 0.0265625 0.0265625
1 0.125 0.49765625 0.096875 0.0421875
1 0.25625 0.2140625 0.0390625 0.0421875
1 0.265625 0.2515625 0.0453125 0.0375
1 0.2953125 0.2671875 0.0328125 0.034375
1 0.375 0.4734375 0.009375 0.025
1 0.37578125 0.2421875 0.0078125 0.03125
1 0.37734375 0.2140625 0.0046875 0.025
1 0.3421875 0.15 0.021875 0.015625
1 0.309375 0.1140625 0.03125 0.01875
1 0.3390625 0.1125 0.0390625 0.0203125
1 0.31875 0.134375 0.0125 0.0234375
1 0.2734375 0.140625 0.0125 0.009375
1 0.253125 0.128125 0.0140625 0.0140625
1 0.271875 0.090625 0.021875 0.0234375
1 0.2515625 0.1078125 0.0203125 0.0125
1 0.246875 0.0796875 0.0328125 0.021875
1 0.265625 0.0640625 0.021875 0.021875
1 0.2890625 0.065625 0.025 0.0421875
1 0.275 0.0421875 0.0390625 0.0375
1 0.265625 0.015625 0.0203125 0.009375
1 0.3453125 0.0359375 0.0265625 0.0171875
1 0.53125 0.4765625 0.0296875 0.0375
1 0.540625 0.4609375 0.025 0.0390625
1 0.5765625 0.4046875 0.0296875 0.028125
1 0.56640625 0.5015625 0.0421875 0.034375
1 0.6125 0.4734375 0.04375 0.0453125
1 0.6265625 0.50625 0.0234375 0.025
1 0.6640625 0.4984375 0.021875 0.025
1 0.66796875 0.509375 0.0203125 0.01875
1 0.6015625 0.353125 0.034375 0.0265625
1 0.4921875 0.2578125 0.0203125 0.0390625
1 0.484375 0.346875 0.03125 0.021875
1 0.475 0.4046875 0.03125 0.0375
1 0.4046875 0.4890625 0.046875 0.03125
1 0.4359375 0.465625 0.04375 0.040625
1 0.51875 0.45625 0.028125 0.0390625
1 0.39140625 0.421875 0.0234375 0.01875
1 0.4265625 0.421875 0.0265625 0.01875
1 0.409375 0.4328125 0.0375 0.0140625
1 0.40234375 0.515625 0.0203125 0.00625
1 0.4984375 0.1984375 0.0234375 0.0203125
1 0.5125 0.253125 0.0171875 0.0234375
1 0.6125 0.1921875 0.0234375 0.0296875
1 0.6453125 0.1875 0.0203125 0.025
1 0.6 0.2 0.0171875 0.0171875
1 0.60625 0.2125 0.028125 0.0265625
1 0.590625 0.234375 0.034375 0.0234375
1 0.6046875 0.2671875 0.0390625 0.0265625
1 0.590625 0.29375 0.0375 0.0265625
1 0.528125 0.2375 0.0203125 0.0203125
1 0.3875 0.23359375 0.015625 0.0234375
1 0.64375 0.3484375 0.0265625 0.025
1 0.6859375 0.4296875 0.040625 0.028125
1 0.7125 0.50625 0.0203125 0.021875
1 0.7203125 0.4921875 0.015625 0.0203125
1 0.675 0.44375 0.0296875 0.0125
1 0.696875 0.375 0.0390625 0.015625
1 0.709375 0.3515625 0.0421875 0.04375
1 0.6890625 0.3515625 0.01875 0.0234375
1 0.6859375 0.3171875 0.0296875 0.025
1 0.671875 0.3453125 0.015625 0.0203125
1 0.6984375 0.2515625 0.04375 0.05
1 0.7484375 0.3546875 0.025 0.025
1 0.765625 0.365625 0.021875 0.0203125
1 0.7234375 0.2375 0.021875 0.0234375
1 0.74921875 0.51171875 0.0140625 0.0140625
0 0.709375 0.2234375 0.1234375 0.0953125
0 0.74375 0.325 0.3625 0.1640625
1 0.80625 0.203125 0.034375 0.034375
1 0.8359375 0.21875 0.04375 0.03125
1 0.790625 0.2328125 0.034375 0.0203125
1 0.8125 0.275 0.0203125 0.0234375
1 0.84375 0.2703125 0.0296875 0.0203125
1 0.9203125 0.2875 0.0390625 0.046875
1 0.89375 0.234375 0.053125 0.0421875
1 0.9453125 0.2375 0.053125 0.0421875
1 0.98046875 0.2140625 0.0390625 0.046875
1 0.9421875 0.203125 0.0546875 0.040625
1 0.98828125 0.184375 0.0234375 0.01875
1 0.95 0.3015625 0.03125 0.034375
1 0.840625 0.415625 0.0296875 0.0453125
1 0.80625 0.434375 0.0359375 0.0421875
1 0.7453125 0.478125 0.0359375 0.0171875
1 0.7703125 0.4671875 0.0234375 0.0375
1 0.7859375 0.4765625 0.0296875 0.028125
1 0.796875 0.4609375 0.03125 0.028125
1 0.80625 0.475 0.021875 0.0296875
1 0.83125 0.475 0.0328125 0.05
1 0.928125 0.475 0.040625 0.0328125
1 0.98671875 0.46875 0.0265625 0.025
1 0.9078125 0.41875 0.0359375 0.0234375
1 0.875 0.5109375 0.03125 0.015625
1 0.9125 0.50859375 0.021875 0.0203125
1 0.1625 0.8359375 0.0171875 0.0140625
1 0.0796875 0.709375 0.0640625 0.021875
1 0.03515625 0.52578125 0.0140625 0.0140625
1 0.2515625 0.628125 0.0203125 0.01875
1 0.34375 0.52890625 0.040625 0.0203125
1 0.328125 0.6234375 0.053125 0.0484375
1 0.24375 0.809375 0.0234375 0.03125
1 0.2453125 0.8078125 0.0078125 0.0109375
1 0.2796875 0.75625 0.0125 0.0171875
1 0.36796875 0.54375 0.0234375 0.021875
0 0.0578125 0.80859375 0.115625 0.3828125
0 0.1046875 0.925 0.209375 0.15
0 0.11484375 0.571875 0.2296875 0.10625
0 0.06953125 0.52265625 0.0140625 0.0078125
1 0.0515625 0.659375 0.0390625 0.015625
1 0.3890625 0.8078125 0.01875 0.028125
1 0.51875 0.875 0.028125 0.0296875
1 0.5890625 0.7484375 0.0546875 0.0140625
1 0.825 0.7703125 0.0390625 0.04375
1 0.8390625 0.784375 0.0296875 0.025
1 0.7828125 0.99921875 0.009375 0.0015625
1 0.884375 0.99296875 0.0375 0.0140625
0 0.9015625 0.8015625 0.196875 0.121875
0 0.87109375 0.8859375 0.2578125 0.20625
1 0.9953125 0.88125 0.009375 0.009375
1 0.7390625 0.90625 0.009375 0.00625