1 0.02734375 0.00625 0.0171875 0.0125
1 0.2390625 0.0234375 0.034375 0.040625
1 0.05625 0.040625 0.0390625 0.025
1 0.06875 0.1265625 0.04375 0.0421875
1 0.271875 0.1453125 0.0125 0.0109375
1 0.225 0.1890625 0.0375 0.03125
1 0.0109375 0.16640625 0.021875 0.0859375
0 0.315625 0.1328125 0.2265625 0.2234375
1 0.334375 0.2640625 0.015625 0.009375
0 0.3203125 0.271875 0.0609375 0.1171875
1 0.475 0.109375 0.015625 0.021875
1 0.4671875 0.096875 0.0125 0.009375
1 0.3890625 0.19375 0.03125 0.028125
1 0.1390625 0.084375 0.0765625 0.0703125
1 0.9734375 0.0390625 0.040625 0.0609375
1 0.753125 0.171875 0.0234375 0.0171875
1 0.74375 0.0921875 0.0125 0.009375
0 0.859375 0.2296875 0.1109375 0.1015625
1 0.8078125 0.26875 0.0234375 0.0234375
1 0.9171875 0.25 0.0140625 0.0125
1 0.9265625 0.196875 0.015625 0.0125
1 0.9078125 0.165625 0.059375 0.0484375
0 0.8671875 0.1359375 0.1234375 0.1078125
0 0.91796875 0.0421875 0.1234375 0.084375
1 0.928125 0.046875 0.009375 0.0125
1 0.6171875 0.0515625 0.0375 0.046875
1 0.62421875 0.0078125 0.0171875 0.015625
1 0.6125 0.253125 0.0140625 0.00625
1 0.53515625 0.26484375 0.0515625 0.0296875
1 0.6921875 0.1890625 0.0171875 0.0171875
1 0.9796875 0.1328125 0.0078125 0.0078125
1 0.4609375 0.7109375 0.096875 0.0625
1 0.5 0.8328125 0.0171875 0.0171875
0 0.39375 0.6234375 0.125 0.0609375
1 0.3125 0.6125 0.0546875 0.040625
1 0.353125 0.7625 0.03125 0.05
1 0.54375 0.4640625 0.0125 0.009375
1 0.8921875 0.49375 0.0078125 0.009375
1 0.6640625 0.49375 0.0234375 0.03125
1 0.9625 0.503125 0.0171875 0.0109375
1 0.790625 0.546875 0.0234375 0.0078125
1 0.7609375 0.575 0.028125 0.0453125
1 0.79375 0.578125 0.0109375 0.015625
1 0.7625 0.6578125 0.0109375 0.0109375
1 0.96875 0.7625 0.0078125 0.009375
1 0.803125 0.7625 0.015625 0.0140625
1 0.8359375 0.7890625 0.0171875 0.01875
1 0.99375 0.790625 0.0125 0.0171875
1 0.7921875 0.7859375 0.0421875 0.046875
1 0.7765625 0.825 0.0140625 0.0140625
1 0.9984375 0.871875 0.003125 0.015625
1 0.8 0.878125 0.015625 0.0296875
1 0.9234375 0.9265625 0.0265625 0.046875
1 0.7953125 0.9484375 0.009375 0.0125
1 0.6703125 0.9453125 0.0484375 0.0515625
1 0.984375 0.95078125 0.03125 0.0515625
1 0.84375 0.7703125 0.03125 0.0359375
0 0.8546875 0.940625 0.0953125 0.08125
0 0.8828125 0.8484375 0.1203125 0.140625
1 0.803125 0.665625 0.0234375 0.03125
0 0.8890625 0.7328125 0.0921875 0.1
0 0.8875 0.6125 0.15625 0.1921875
0 0.865625 0.49375 0.128125 0.0796875
1 0.9921875 0.553125 0.015625 0.034375