1 0.0078125 0.33984375 0.015625 0.0609375
1 0.109375 0.3171875 0.0125 0.034375
1 0.1859375 0.3625 0.0078125 0.0109375
1 0.184375 0.1734375 0.03125 0.0171875
1 0.2125 0.128125 0.0171875 0.0109375
1 0.2296875 0.2234375 0.04375 0.0625
0 0.1515625 0.3796875 0.125 0.178125
0 0.05390625 0.40625 0.1078125 0.125
1 0.4234375 0.165625 0.0125 0.015625
1 0.45 0.01875 0.028125 0.0203125
1 0.5 0.1265625 0.0125 0.0078125
1 0.6421875 0.3578125 0.009375 0.00625
1 0.69375 0.4078125 0.0109375 0.0078125
1 0.6984375 0.4203125 0.0140625 0.009375
1 0.7140625 0.071875 0.0171875 0.0203125
0 0.646875 0.06953125 0.284375 0.1390625
1 0.8375 0.315625 0.0078125 0.009375
1 0.5375 0.1140625 0.015625 0.01875
1 0.5265625 0.1015625 0.015625 0.021875
1 0.7171875 0.134375 0.0203125 0.015625
0 0.7671875 0.05 0.15 0.1
1 0.50625 0.2984375 0.0140625 0.0171875
1 0.490625 0.309375 0.0234375 0.0109375
1 0.00859375 0.51484375 0.0171875 0.0421875
1 0.15234375 0.99453125 0.0234375 0.0109375
0 0.1546875 0.6328125 0.0171875 0.0171875
0 0.15625 0.56875 0.0171875 0.01875
0 0.109375 0.59140625 0.1125 0.2453125
0 0.05078125 0.6140625 0.1015625 0.228125
1 0.4640625 0.85 0.01875 0.0296875
1 0.58125 0.8 0.028125 0.03125
1 0.759375 0.66875 0.0140625 0.0125
1 0.7875 0.91875 0.0171875 0.015625
1 0.7921875 0.740625 0.009375 0.0078125
1 0.796875 0.8375 0.0140625 0.0078125
0 0.8609375 0.8671875 0.0421875 0.0453125
1 0.665625 0.625 0.0296875 0.0234375
1 0.5953125 0.6046875 0.0203125 0.028125
1 0.653125 0.6453125 0.0203125 0.025
1 0.6046875 0.634375 0.01875 0.0171875
1 0.553125 0.6390625 0.021875 0.03125
1 0.5875 0.678125 0.0171875 0.0203125
1 0.521875 0.5953125 0.0390625 0.01875
1 0.4671875 0.5703125 0.0375 0.0265625
1 0.7765625 0.690625 0.0140625 0.0234375
1 0.8890625 0.6875 0.015625 0.0234375
1 0.875 0.715625 0.025 0.0265625
1 0.909375 0.68125 0.0234375 0.015625
1 0.9109375 0.69375 0.025 0.015625
1 0.525 0.821875 0.0296875 0.01875
0 0.4328125 0.8640625 0.0484375 0.0796875
0 0.48125 0.925 0.0984375 0.15
1 0.4546875 0.8484375 0.01875 0.0234375
0 0.5453125 0.8953125 0.078125 0.16875
0 0.628125 0.8828125 0.0921875 0.1375
0 0.6890625 0.8796875 0.1015625 0.1296875
1 0.734375 0.934375 0.015625 0.0109375
1 0.75625 0.8875 0.0203125 0.021875
1 0.80625 0.9734375 0.0234375 0.0203125
1 0.803125 0.9359375 0.0140625 0.0203125
1 0.7140625 0.9640625 0.01875 0.015625
1 0.7421875 0.9015625 0.0171875 0.0140625