0 0.215625 0.3046875 0.00625 0.046875
1 0.2328125 0.2 0.0328125 0.05
1 0.275 0.4453125 0.01875 0.0171875
1 0.275 0.0625 0.0296875 0.0375
1 0.328125 0.19375 0.0109375 0.0125
0 0.36484375 0.50625 0.0359375 0.00625
0 0.403125 0.5078125 0.025 0.003125
1 0.421875 0.0984375 0.0234375 0.0296875
1 0.4515625 0.2078125 0.0078125 0.0171875
1 0.4484375 0.0875 0.015625 0.0140625
1 0.66171875 0.49609375 0.0140625 0.0234375
0 0.634375 0.32734375 0.06875 0.1359375
0 0.31875 0.3359375 0.20625 0.1953125
0 0.49375 0.34375 0.1890625 0.1453125
1 0.79453125 0.0125 0.0296875 0.025
1 0.7640625 0.00859375 0.01875 0.0171875
1 0.8390625 0.0578125 0.0265625 0.0421875
1 0.678125 0.015625 0.01875 0.03125
1 0.7015625 0.0453125 0.01875 0.0234375
0 0.7109375 0.16640625 0.084375 0.1453125
0 0.7796875 0.1578125 0.203125 0.0703125
0 0.865625 0.153125 0.0734375 0.1609375
0 0.934375 0.1546875 0.0421875 0.0640625
1 0.9265625 0.234375 0.05 0.040625
1 0.8953125 0.05625 0.0171875 0.021875
1 0.9453125 0.071875 0.0203125 0.021875
1 0.9328125 0.33125 0.03125 0.0375
1 0.921875 0.3296875 0.0375 0.0453125
1 0.9453125 0.359375 0.021875 0.0328125
1 0.9328125 0.3953125 0.0328125 0.028125
1 0.9 0.371875 0.0390625 0.01875
1 0.86875 0.3515625 0.0359375 0.034375
1 0.815625 0.2578125 0.0296875 0.0265625
1 0.81875 0.346875 0.0234375 0.0265625
1 0.8515625 0.3765625 0.0296875 0.0234375
1 0.890625 0.4390625 0.0421875 0.034375
1 0.925 0.4390625 0.03125 0.021875
1 0.8953125 0.390625 0.0421875 0.0203125
1 0.796875 0.3546875 0.015625 0.015625
1 0.6734375 0.21875 0.009375 0.0375
1 0.6765625 0.26484375 0.015625 0.0296875
1 0.6984375 0.290625 0.0265625 0.01875
1 0.746875 0.359375 0.034375 0.025
1 0.7703125 0.359375 0.0234375 0.034375
1 0.821875 0.375 0.015625 0.0171875
1 0.8546875 0.4078125 0.0125 0.0296875
1 0.7421875 0.4546875 0.0609375 0.06875
1 0.71484375 0.49296875 0.0546875 0.0328125
1 0.703125 0.4859375 0.015625 0.0234375
1 0.790625 0.4515625 0.03125 0.0234375
1 0.8921875 0.4765625 0.021875 0.03125
1 0.7484375 0.2796875 0.0203125 0.015625
1 0.7265625 0.2609375 0.015625 0.021875
1 0.2015625 0.778125 0.009375 0.0125
0 0.2046875 0.8421875 0.0171875 0.0796875
1 0.2109375 0.9609375 0.028125 0.0390625
1 0.20546875 0.99140625 0.0203125 0.0171875
1 0.246875 0.6015625 0.0140625 0.0078125
1 0.2453125 0.9390625 0.0296875 0.0171875
0 0.24375 0.7953125 0.075 0.1046875
1 0.2734375 0.7453125 0.0265625 0.0234375
1 0.26953125 0.996875 0.0453125 0.00625
1 0.2890625 0.8609375 0.028125 0.0203125
1 0.27734375 0.51875 0.0703125 0.01875
1 0.31875 0.903125 0.053125 0.0359375
1 0.3703125 0.5734375 0.0171875 0.0171875
1 0.3765625 0.52890625 0.034375 0.0390625
1 0.396875 0.628125 0.0515625 0.034375
0 0.375 0.8046875 0.1078125 0.1359375
1 0.41875 0.5359375 0.0296875 0.0171875
1 0.4515625 0.8703125 0.015625 0.015625
1 0.4375 0.6734375 0.05625 0.0390625
1 0.45 0.9171875 0.0453125 0.0234375
1 0.4765625 0.6546875 0.034375 0.0453125
1 0.4890625 0.946875 0.0234375 0.0265625
1 0.503125 0.903125 0.0140625 0.021875
1 0.5 0.98046875 0.053125 0.0390625
1 0.53125 0.7078125 0.0125 0.071875
1 0.546875 0.8703125 0.0125 0.0078125
1 0.56015625 0.99296875 0.0359375 0.0140625
1 0.584375 0.7375 0.025 0.0140625
1 0.603125 0.7515625 0.0125 0.01875
1 0.5765625 0.9546875 0.078125 0.05
1 0.59375 0.5484375 0.065625 0.0703125
1 0.634375 0.6390625 0.0078125 0.0125
1 0.64375 0.5609375 0.0203125 0.0140625
1 0.64921875 0.9875 0.0390625 0.025
1 0.65859375 0.63125 0.0203125 0.05625
1 0.64375 0.61875 0.0203125 0.01875
1 0.384375 0.6671875 0.0375 0.0328125
1 0.3640625 0.671875 0.0203125 0.0109375
1 0.509375 0.5796875 0.1 0.134375
1 0.5640625 0.625 0.0328125 0.0328125
1 0.4671875 0.55625 0.0328125 0.0375
1 0.4484375 0.5984375 0.0125 0.0109375
1 0.5375 0.9109375 0.025 0.01875
1 0.5703125 0.8765625 0.0359375 0.059375
1 0.6046875 0.7265625 0.01875 0.025
1 0.271875 0.7171875 0.0265625 0.0296875
1 0.2734375 0.65625 0.0265625 0.025
1 0.2515625 0.6875 0.0859375 0.0859375
0 0.62578125 0.86328125 0.0859375 0.0796875
0 0.59921875 0.80078125 0.1390625 0.0921875
0 0.521875 0.8078125 0.059375 0.0953125
1 0.93515625 0.99609375 0.0234375 0.0078125
1 0.8859375 0.96875 0.0296875 0.0375
1 0.796875 0.9859375 0.0109375 0.0203125
1 0.9421875 0.9875 0.0125 0.015625
0 0.89921875 0.978125 0.1109375 0.04375
0 0.72578125 0.965625 0.0453125 0.06875
1 0.728125 0.821875 0.0140625 0.01875
1 0.703125 0.8546875 0.03125 0.025
1 0.815625 0.934375 0.0109375 0.0203125
1 0.91875 0.89375 0.0265625 0.0140625
1 0.9125 0.896875 0.0203125 0.0265625
1 0.940625 0.871875 0.0203125 0.0125
1 0.978125 0.8578125 0.03125 0.025
1 0.9953125 0.796875 0.0046875 0.009375
1 0.98125 0.7765625 0.034375 0.05
1 0.946875 0.7375 0.0171875 0.0125
1 0.95625 0.684375 0.0828125 0.1421875
1 0.884375 0.7796875 0.0078125 0.00625
1 0.8703125 0.7125 0.0171875 0.0203125
1 0.8 0.76875 0.0265625 0.0078125
1 0.740625 0.784375 0.0515625 0.05
1 0.709375 0.7609375 0.021875 0.021875
1 0.703125 0.7828125 0.01875 0.021875
1 0.6875 0.7453125 0.009375 0.00625
1 0.703125 0.728125 0.03125 0.0234375
1 0.6984375 0.7234375 0.021875 0.028125
1 0.7328125 0.7046875 0.009375 0.0140625
1 0.68203125 0.71015625 0.0265625 0.0359375
1 0.7453125 0.5921875 0.01875 0.0234375
1 0.7515625 0.6125 0.0046875 0.0109375
1 0.76875 0.6515625 0.0390625 0.05625
1 0.75625 0.6703125 0.0328125 0.0234375
1 0.834375 0.625 0.0546875 0.034375
1 0.8671875 0.5921875 0.0078125 0.015625
1 0.875 0.54375 0.015625 0.0171875
1 0.93515625 0.5359375 0.0734375 0.053125
1 0.9671875 0.5421875 0.0625 0.0328125
0 0.784375 0.53046875 0.0875 0.0421875
0 0.96796875 0.51875 0.0578125 0.01875
1 0.69140625 0.5203125 0.0453125 0.021875