1 0.11875 0.178125 0.05 0.0421875
1 0.1375 0.2625 0.0515625 0.034375
0 0.02890625 0.16484375 0.0578125 0.3296875
0 0.14375 0.096875 0.271875 0.19375
0 0.24609375 0.14921875 0.0671875 0.2984375
1 0.54453125 0.3171875 0.0703125 0.14375
1 0.7046875 0.3515625 0.03125 0.0265625
1 0.7921875 0.2859375 0.0171875 0.0234375
1 0.9515625 0.275 0.0203125 0.01875
1 0.95625 0.0578125 0.0265625 0.025
0 0.8765625 0.0328125 0.246875 0.065625
0 0.7078125 0.01640625 0.209375 0.0328125
1 0.596875 0.1 0.05 0.04375
1 0.2390625 0.5578125 0.075 0.0890625
0 0.125 0.5375 0.1125 0.253125
1 0.1421875 0.98125 0.015625 0.0265625
1 0.27421875 0.92734375 0.0109375 0.0171875
1 0.1203125 0.784375 0.015625 0.0125
1 0.2671875 0.4015625 0.0125 0.015625
1 0.0734375 0.40625 0.0109375 0.0203125
1 0.09375 0.65 0.025 0.025
1 0.73203125 0.9875 0.0515625 0.025
1 0.7890625 0.9546875 0.046875 0.0515625
1 0.74375 0.8390625 0.0484375 0.040625
1 0.75 0.8796875 0.0390625 0.034375
1 0.80625 0.871875 0.0390625 0.0484375
1 0.859375 0.8640625 0.05625 0.03125
1 0.846875 0.7796875 0.06875 0.0703125
1 0.834375 0.678125 0.034375 0.071875
1 0.8640625 0.6328125 0.0625 0.0265625
0 0.8484375 0.5359375 0.125 0.1046875
1 0.5578125 0.61875 0.0484375 0.0375
1 0.575 0.659375 0.0375 0.0359375
1 0.5234375 0.6328125 0.046875 0.0546875
1 0.46875 0.6515625 0.09375 0.053125
1 0.434375 0.609375 0.065625 0.0671875
0 0.4125 0.5421875 0.0484375 0.0953125
0 0.45625 0.5140625 0.13125 0.1140625
1 0.809375 0.40546875 0.05 0.0328125
1 0.7515625 0.4046875 0.053125 0.03125
1 0.7203125 0.4296875 0.03125 0.0265625
1 0.6234375 0.41328125 0.046875 0.0484375
1 0.56640625 0.40390625 0.0578125 0.0296875
1 0.525 0.428125 0.071875 0.078125
1 0.43828125 0.41640625 0.0421875 0.0546875
1 0.409375 0.4046875 0.04375 0.03125
1 0.76875 0.63125 0.0421875 0.0328125
1 0.7015625 0.678125 0.0328125 0.046875
1 0.7 0.7265625 0.046875 0.0390625
1 0.6640625 0.7609375 0.0625 0.0484375
1 0.64375 0.8109375 0.09375 0.06875
1 0.6203125 0.9265625 0.0984375 0.0609375
1 0.6203125 0.984375 0.04375 0.025
1 0.53125 0.8609375 0.0640625 0.046875
1 0.490625 0.828125 0.0328125 0.0453125
1 0.4703125 0.7765625 0.0703125 0.109375
1 0.6046875 0.7234375 0.0484375 0.028125
1 0.575 0.7578125 0.059375 0.0515625
1 0.5328125 0.7125 0.028125 0.0140625
1 0.5234375 0.75 0.0328125 0.05
1 0.4046875 0.8890625 0.03125 0.053125
1 0.79375 0.690625 0.028125 0.0234375
1 0.7625 0.78125 0.040625 0.0375
1 0.85859375 0.43203125 0.1046875 0.0859375
0 0.559375 0.96171875 0.0875 0.0765625
0 0.7171875 0.5125 0.153125 0.1109375
0 0.546875 0.5375 0.103125 0.0703125
1 0.625 0.6 0.1125 0.15625