1 0.29375 0.265625 0.0171875 0.0140625
1 0.4421875 0.27578125 0.128125 0.0484375
0 0.2359375 0.03671875 0.140625 0.0734375
0 0.39609375 0.04453125 0.1390625 0.0890625
0 0.5578125 0.06640625 0.121875 0.1328125
0 0.57734375 0.03671875 0.0828125 0.0734375
1 0.61015625 0.07578125 0.0171875 0.0296875
0 0.86015625 0.0265625 0.0859375 0.053125
0 0.9453125 0.10859375 0.109375 0.2171875
1 0.3109375 0.9796875 0.0171875 0.0109375
1 0.28125 0.9390625 0.015625 0.0171875
1 0.015625 0.95 0.03125 0.0375
0 0.0546875 0.85078125 0.109375 0.1953125
0 0.075 0.8546875 0.0890625 0.0796875
1 0.103125 0.940625 0.0171875 0.0203125
0 0.15625 0.846875 0.1 0.2078125
1 0.221875 0.828125 0.0125 0.021875
1 0.2828125 0.7765625 0.025 0.0203125
1 0.2296875 0.8734375 0.0078125 0.0234375
1 0.2140625 0.90625 0.0265625 0.05
0 0.303125 0.8828125 0.1578125 0.1078125
1 0.3390625 0.94453125 0.08125 0.1109375
1 0.3953125 0.940625 0.0328125 0.0640625
0 0.428125 0.878125 0.1171875 0.1640625
0 0.415625 0.878125 0.1171875 0.228125
1 0.45625 0.7546875 0.0109375 0.0046875
1 0.3609375 0.65625 0.0203125 0.0203125
1 0.3671875 0.6 0.0234375 0.0234375
1 0.3953125 0.6046875 0.0296875 0.0296875
1 0.3890625 0.725 0.0078125 0.0109375
1 0.425 0.7484375 0.03125 0.0234375
1 0.078125 0.65625 0.0390625 0.034375
1 0.1296875 0.6625 0.0140625 0.0171875
1 0.1453125 0.6578125 0.0234375 0.0234375
1 0.1609375 0.5671875 0.0640625 0.0625
1 0.2328125 0.575 0.0296875 0.03125
1 0.2625 0.6140625 0.01875 0.0125
1 0.3546875 0.553125 0.01875 0.0125
1 0.371875 0.4609375 0.034375 0.0375
1 0.059375 0.428125 0.0234375 0.0125
1 0.0875 0.4328125 0.0234375 0.028125
1 0.15625 0.3796875 0.0203125 0.015625
1 0.1875 0.3828125 0.03125 0.0265625
1 0.2625 0.4421875 0.0171875 0.01875
1 0.2515625 0.4234375 0.034375 0.0265625
1 0.3109375 0.3875 0.021875 0.025
1 0.484375 0.46875 0.0078125 0.015625
1 0.4234375 0.325 0.0625 0.05
0 0.46015625 0.3484375 0.0546875 0.096875
1 0.02578125 0.3140625 0.0140625 0.028125
0 0.0796875 0.33515625 0.140625 0.0703125
1 0.11484375 0.30625 0.0265625 0.0125
1 0.1359375 0.3140625 0.0234375 0.0078125
0 0.03984375 0.35390625 0.0796875 0.0921875
0 0.1671875 0.3375 0.1046875 0.0640625
0 0.23046875 0.35078125 0.0796875 0.1015625
0 0.2828125 0.328125 0.134375 0.05625
1 0.31953125 0.30546875 0.0171875 0.0109375
1 0.83125 0.69375 0.025 0.0625
1 0.91875 0.6015625 0.04375 0.025
1 0.8546875 0.6296875 0.05 0.0265625
1 0.884375 0.5203125 0.025 0.0296875
1 0.99296875 0.61875 0.0140625 0.021875
1 0.9296875 0.725 0.0671875 0.059375
1 0.9484375 0.946875 0.021875 0.0265625
1 0.8171875 0.878125 0.0140625 0.021875
1 0.99296875 0.5359375 0.0140625 0.025
1 0.99609375 0.5125 0.0078125 0.01875
1 0.9390625 0.3703125 0.0296875 0.01875
1 0.8015625 0.3078125 0.009375 0.015625
0 0.8203125 0.4875 0.0484375 0.1140625
1 0.953125 0.3375 0.0171875 0.025
0 0.94375 0.4828125 0.0765625 0.11875
0 0.896875 0.4484375 0.134375 0.0671875