0 0.0109375 0.321875 0.0171875 0.046875
1 0.09609375 0.00859375 0.0421875 0.0171875
1 0.01484375 0.01796875 0.0296875 0.0359375
1 0.459375 0.1421875 0.0625 0.0640625
1 0.5078125 0.253125 0.0171875 0.05
1 0.415625 0.1671875 0.015625 0.015625
1 0.3359375 0.1296875 0.0234375 0.0171875
1 0.2796875 0.303125 0.0359375 0.0375
0 0.1953125 0.10546875 0.228125 0.2109375
0 0.14140625 0.215625 0.2828125 0.259375
1 0.7234375 0.2234375 0.0078125 0.0109375
0 0.93125 0.2515625 0.1375 0.140625
1 0.521875 0.19609375 0.00625 0.0234375
1 0.5640625 0.1609375 0.034375 0.03125
1 0.5234375 0.10390625 0.009375 0.0234375
1 0.7265625 0.0921875 0.0234375 0.0265625
1 0.578125 0.08125 0.00625 0.0109375
1 0.975 0.034375 0.046875 0.0140625
0 0.846875 0.1015625 0.30625 0.1625
1 0.875 0.021875 0.0140625 0.0125
1 0.58125 0.0015625 0.0125 0.003125
1 0.5375 0.07109375 0.0375 0.0265625
1 0.65625 0.203125 0.025 0.0109375
1 0.5890625 0.2328125 0.0171875 0.0140625
1 0.603125 0.040625 0.0171875 0.0125
1 0.97734375 0.17265625 0.0453125 0.0140625
0 0.34375 0.80625 0.1125 0.0875
0 0.3359375 0.7390625 0.0796875 0.06875
1 0.096875 0.9171875 0.0390625 0.0453125
1 0.08125 0.98828125 0.03125 0.0234375
1 0.04921875 0.9828125 0.0234375 0.034375
1 0.05 0.9359375 0.0296875 0.03125
1 0.0375 0.884375 0.028125 0.021875
1 0.0625 0.9 0.0140625 0.0203125
1 0.075 0.8359375 0.025 0.03125
1 0.2296875 0.8953125 0.025 0.0328125
1 0.1875 0.871875 0.028125 0.03125
1 0.2109375 0.8140625 0.01875 0.01875
1 0.2578125 0.7921875 0.0171875 0.0234375
1 0.2484375 0.7578125 0.0203125 0.025
1 0.1734375 0.7984375 0.03125 0.0296875
1 0.140625 0.9640625 0.0296875 0.0265625
1 0.103125 0.9453125 0.0234375 0.009375
1 0.2734375 0.971875 0.01875 0.0328125
1 0.253125 0.8421875 0.0203125 0.015625
1 0.5046875 0.99453125 0.025 0.0109375
1 0.515625 0.94765625 0.00625 0.0265625
1 0.44375 0.8921875 0.03125 0.0234375
1 0.4921875 0.778125 0.028125 0.0234375
0 0.346875 0.93671875 0.096875 0.1265625
0 0.3953125 0.890625 0.1078125 0.1109375
1 0.6140625 0.6515625 0.0375 0.0453125
0 0.79140625 0.97265625 0.2953125 0.0546875
0 0.84140625 0.95859375 0.3171875 0.0828125
0 0.759375 0.834375 0.4171875 0.3109375
0 0.8171875 0.65234375 0.28125 0.2453125