0 0.3015625 0.2515625 0.021875 0.075
1 0.23125 0.31875 0.0609375 0.0359375
1 0.146875 0.29375 0.034375 0.025
0 0.07578125 0.27421875 0.1515625 0.0890625
1 0.125 0.309375 0.0296875 0.0203125
1 0.1109375 0.3390625 0.025 0.03125
1 0.18125 0.1953125 0.01875 0.025
1 0.1515625 0.1109375 0.046875 0.05625
1 0.05 0.2109375 0.0390625 0.025
1 0.14375 0.2171875 0.0171875 0.0171875
1 0.290625 0.2328125 0.0265625 0.025
1 0.578125 0.309375 0.025 0.0296875
1 0.828125 0.3609375 0.01875 0.0265625
1 0.86875 0.3484375 0.0203125 0.0265625
1 0.9265625 0.34375 0.0546875 0.059375
1 0.9375 0.3734375 0.025 0.0125
1 0.77734375 0.37265625 0.0171875 0.0140625
1 0.6921875 0.325 0.025 0.025
1 0.696875 0.3015625 0.0203125 0.01875
1 0.73125 0.1890625 0.0375 0.0453125
1 0.7046875 0.1953125 0.021875 0.01875
1 0.9234375 0.1703125 0.040625 0.0359375
1 0.971875 0.1390625 0.034375 0.0515625
1 0.99296875 0.12421875 0.0140625 0.0421875
1 0.95234375 0.0140625 0.0390625 0.028125
1 0.9046875 0.009375 0.028125 0.01875
1 0.90625 0.0375 0.028125 0.0265625
1 0.8921875 0.065625 0.059375 0.0296875
1 0.871875 0.1046875 0.04375 0.0265625
1 0.81875 0.0859375 0.0515625 0.0390625
1 0.771875 0.0671875 0.01875 0.015625
1 0.75 0.0546875 0.03125 0.0453125
1 0.7703125 0.15 0.028125 0.028125
1 0.834375 0.1828125 0.0234375 0.0140625
1 0.721875 0.025 0.0328125 0.0265625
1 0.86640625 0.0109375 0.0453125 0.021875
1 0.8765625 0.0453125 0.034375 0.0171875
1 0.6328125 0.015625 0.034375 0.03125
1 0.6359375 0.05625 0.015625 0.0234375
1 0.6328125 0.159375 0.0296875 0.01875
1 0.5046875 0.0390625 0.0296875 0.03125
1 0.4953125 0.096875 0.009375 0.0171875
1 0.99609375 0.1796875 0.0078125 0.021875
0 0.9484375 0.25859375 0.103125 0.0953125
0 0.878125 0.2625 0.078125 0.1375
0 0.7625 0.2484375 0.109375 0.0875
1 0.8046875 0.275 0.0171875 0.0359375
1 0.7578125 0.2921875 0.04375 0.0125
0 0.5140625 0.2765625 0.0484375 0.1140625
1 0.7859375 0.184375 0.015625 0.015625
1 0.646875 0.1265625 0.0171875 0.025
1 0.928125 0.0546875 0.0171875 0.01875
1 0.9875 0.3203125 0.0203125 0.015625
1 0.5515625 0.05625 0.0765625 0.0671875
0 0.6375 0.271875 0.0765625 0.11875
0 0.590625 0.2375 0.134375 0.0671875
0 0.365625 0.865625 0.00625 0.0234375
1 0.3578125 0.55625 0.0234375 0.04375
1 0.3546875 0.6046875 0.028125 0.021875
1 0.3328125 0.9203125 0.0203125 0.0078125
1 0.3390625 0.828125 0.0421875 0.0375
1 0.33125 0.3875 0.034375 0.015625
1 0.3171875 0.9734375 0.015625 0.0125
1 0.246875 0.6125 0.0234375 0.0234375
1 0.2375 0.553125 0.0265625 0.0296875
1 0.240625 0.8875 0.025 0.0203125
1 0.2234375 0.6796875 0.0140625 0.0078125
1 0.2234375 0.834375 0.0390625 0.021875
1 0.175 0.825 0.009375 0.021875
1 0.1671875 0.503125 0.0390625 0.0296875
1 0.1546875 0.5828125 0.0328125 0.0265625
1 0.0703125 0.628125 0.0234375 0.0171875
1 0.0953125 0.675 0.0765625 0.0640625
1 0.0640625 0.5890625 0.0296875 0.034375
1 0.0328125 0.66875 0.0125 0.01875
1 0.01875 0.99921875 0.009375 0.0015625
1 0.028125 0.715625 0.0359375 0.0359375
0 0.05078125 0.9359375 0.1015625 0.121875
1 0.1578125 0.896875 0.0484375 0.0453125
1 0.3203125 0.9390625 0.03125 0.025
0 0.2359375 0.9375 0.165625 0.0796875
1 0.22890625 0.97734375 0.0703125 0.0453125
1 0.2921875 0.7875 0.025 0.034375
1 0.346875 0.940625 0.015625 0.0109375
0 0.3546875 0.9609375 0.0296875 0.0625
1 0.35625 0.990625 0.0078125 0.0140625
1 0.2390625 0.7 0.01875 0.0234375
1 0.25625 0.690625 0.046875 0.040625
1 0.3234375 0.675 0.04375 0.0421875
1 0.3328125 0.709375 0.0296875 0.03125
1 0.009375 0.68203125 0.01875 0.0421875
1 0.03125 0.60625 0.04375 0.0375
1 0.015625 0.653125 0.03125 0.08125
0 0.028125 0.41328125 0.05625 0.0609375
0 0.0984375 0.4421875 0.10625 0.125
0 0.21796875 0.4390625 0.1390625 0.11875
1 0.0203125 0.83125 0.0203125 0.028125
1 0.1234375 0.940625 0.0125 0.0171875
1 0.115625 0.9109375 0.0140625 0.0234375
1 0.1109375 0.8046875 0.0203125 0.0203125
1 0.084375 0.7375 0.021875 0.0140625
1 0.1421875 0.721875 0.01875 0.021875
1 0.1421875 0.7484375 0.0171875 0.01875
1 0.0921875 0.5578125 0.025 0.01875
1 0.159375 0.553125 0.0390625 0.025
1 0.234375 0.509375 0.0203125 0.0296875
1 0.3609375 0.4328125 0.015625 0.03125
1 0.7671875 0.475 0.0234375 0.015625
1 0.75625 0.8828125 0.0265625 0.0328125
1 0.7578125 0.6 0.0453125 0.05625
1 0.746875 0.91875 0.0328125 0.0296875
1 0.734375 0.6859375 0.034375 0.046875
1 0.7125 0.9265625 0.0359375 0.015625
1 0.69375 0.9515625 0.0234375 0.021875
1 0.678125 0.9078125 0.025 0.0109375
1 0.6734375 0.5828125 0.0375 0.0625
1 0.6375 0.5828125 0.0265625 0.0234375
1 0.6359375 0.628125 0.0359375 0.05625
1 0.6109375 0.565625 0.021875 0.021875
1 0.625 0.7234375 0.0453125 0.0296875
1 0.584375 0.546875 0.0578125 0.040625
0 0.61796875 0.4546875 0.1328125 0.15
1 0.55625 0.80625 0.0140625 0.009375
1 0.5125 0.5640625 0.0140625 0.0125
1 0.5 0.73125 0.0296875 0.046875
1 0.4484375 0.8625 0.01875 0.0171875
1 0.43515625 0.80078125 0.0109375 0.0234375
0 0.490625 0.94140625 0.121875 0.1171875
1 0.4875 0.7515625 0.028125 0.0234375
1 0.43984375 0.571875 0.0203125 0.03125
1 0.4546875 0.6046875 0.05 0.028125
1 0.490625 0.6578125 0.028125 0.03125
1 0.6 0.93125 0.0296875 0.109375
1 0.59375 0.896875 0.028125 0.0296875
1 0.6765625 0.7546875 0.096875 0.0515625
1 0.7203125 0.46875 0.0625 0.0484375
1 0.5046875 0.50625 0.046875 0.040625
0 0.4765625 0.4546875 0.09375 0.15