1 0.46875 0.04375 0.01875 0.0109375
1 0.5125 0.0390625 0.01875 0.01875
1 0.51875 0.01875 0.0140625 0.0078125
1 0.5203125 0.0921875 0.0203125 0.015625
1 0.5453125 0.1171875 0.00625 0.009375
1 0.59765625 0.1171875 0.0046875 0.0125
1 0.2453125 0.18125 0.028125 0.040625
1 0.3125 0.1796875 0.0140625 0.01875
1 0.4953125 0.2265625 0.0234375 0.025
0 0.8140625 0.16875 0.0484375 0.134375
0 0.7390625 0.1484375 0.1109375 0.1359375
0 0.6609375 0.153125 0.0703125 0.1125
0 0.6125 0.16015625 0.025 0.1046875
1 0.53828125 0.4 0.1234375 0.121875
1 0.44296875 0.3703125 0.0859375 0.0625
1 0.34375 0.4 0.0921875 0.0828125
1 0.328125 0.4484375 0.0546875 0.0390625
1 0.3796875 0.4671875 0.0734375 0.065625
1 0.46875 0.41875 0.034375 0.0671875
1 0.54375 0.459375 0.0640625 0.034375
1 0.5796875 0.475 0.040625 0.0625
1 0.5859375 0.6125 0.028125 0.021875
1 0.51640625 0.8109375 0.1671875 0.109375
1 0.4984375 0.925 0.0328125 0.0484375
1 0.5078125 0.6015625 0.0453125 0.04375
1 0.38125 0.5609375 0.0828125 0.05625
1 0.40625 0.5015625 0.021875 0.021875
1 0.4515625 0.6 0.0640625 0.0765625
1 0.4484375 0.646875 0.0359375 0.0453125
1 0.3765625 0.64375 0.0640625 0.0359375
1 0.2015625 0.3859375 0.0640625 0.08125
1 0.159375 0.465625 0.0390625 0.0234375
1 0.2578125 0.4953125 0.0640625 0.0890625
1 0.259375 0.5796875 0.075 0.1015625
1 0.19375 0.5734375 0.0453125 0.084375
1 0.159375 0.5828125 0.0421875 0.078125
0 0.1828125 0.8046875 0.090625 0.1203125
0 0.2625 0.8015625 0.1296875 0.09375
1 0.190625 0.9796875 0.1 0.040625
1 0.271875 0.909375 0.1578125 0.171875
1 0.30625 0.97265625 0.165625 0.0546875
1 0.8171875 0.5046875 0.028125 0.025
1 0.8625 0.5828125 0.0765625 0.0546875
1 0.8578125 0.6546875 0.0234375 0.0578125
1 0.8265625 0.6515625 0.0234375 0.0359375
1 0.93125 0.621875 0.0390625 0.0234375
1 0.9328125 0.4953125 0.021875 0.0328125
1 0.940625 0.6953125 0.0390625 0.040625
0 0.95546875 0.87734375 0.0890625 0.1515625
1 0.95390625 0.81640625 0.0921875 0.0796875
0 0.8671875 0.840625 0.128125 0.1484375
1 0.99453125 0.975 0.0109375 0.05