1 0.0734375 0.50625 0.0125 0.015625
1 0.6078125 0.4875 0.0171875 0.009375
1 0.63125 0.465625 0.028125 0.0125
0 0.63671875 0.47890625 0.0640625 0.1078125
1 0.6328125 0.41875 0.0296875 0.0390625
1 0.3796875 0.3640625 0.0171875 0.0125
0 0.6328125 0.35 0.071875 0.13125
1 0.6109375 0.29375 0.025 0.015625
1 0.5796875 0.1984375 0.0234375 0.01875
1 0.0828125 0.0953125 0.025 0.01875
1 0.3109375 0.384375 0.021875 0.0203125
0 0.1484375 0.5203125 0.134375 0.0375
0 0.1390625 0.4609375 0.1375 0.05
1 0.1859375 0.503125 0.05 0.025
1 0.19375 0.453125 0.078125 0.071875
1 0.334375 0.15625 0.0296875 0.021875
1 0.2921875 0.15625 0.01875 0.0203125
1 0.3734375 0.2015625 0.025 0.0265625
1 0.3671875 0.121875 0.021875 0.021875
0 0.1359375 0.1328125 0.1515625 0.10625
1 0.1453125 0.14375 0.0109375 0.0125
1 0.1234375 0.1421875 0.0203125 0.0140625
0 0.11875 0.0875 0.025 0.015625
0 0.1640625 0.2328125 0.16875 0.1453125
0 0.165625 0.3796875 0.1171875 0.096875
0 0.1609375 0.296875 0.0984375 0.090625
1 0.3015625 0.3015625 0.01875 0.021875
1 0.3296875 0.2671875 0.0234375 0.0140625
1 0.390625 0.2640625 0.0359375 0.0265625
1 0.39375 0.3515625 0.0265625 0.021875
1 0.39375 0.3234375 0.021875 0.0203125
1 0.440625 0.13125 0.01875 0.0171875
1 0.453125 0.2734375 0.0203125 0.0203125
1 0.425 0.28125 0.0171875 0.0140625
1 0.4828125 0.31875 0.021875 0.0203125
1 0.4859375 0.28125 0.0296875 0.0265625
1 0.4875 0.2234375 0.0234375 0.025
1 0.5421875 0.3 0.0125 0.021875
1 0.5 0.396875 0.0171875 0.0234375
1 0.4296875 0.23125 0.01875 0.021875
1 0.5203125 0.1140625 0.025 0.0234375
1 0.61875 0.1578125 0.021875 0.0171875
1 0.6078125 0.109375 0.0140625 0.015625
1 0.634375 0.11875 0.0140625 0.015625
1 0.64296875 0.22265625 0.0515625 0.0234375
1 0.6015625 0.2796875 0.021875 0.015625
1 0.45625 0.4828125 0.0234375 0.015625
1 0.4640625 0.509375 0.021875 0.021875
1 0.4375 0.446875 0.0109375 0.0125
1 0.48125 0.4234375 0.0265625 0.015625
1 0.559375 0.4765625 0.0109375 0.0203125
1 0.584375 0.2171875 0.01875 0.01875
1 0.6328125 0.2796875 0.015625 0.0125
1 0.6640625 0.14140625 0.009375 0.0109375
1 0.66171875 0.15390625 0.0140625 0.0140625
1 0.6625 0.10078125 0.0125 0.0171875
1 0.4375 0.503125 0.015625 0.0125
1 0.4703125 0.528125 0.0171875 0.0125
1 0.4984375 0.45625 0.0203125 0.0171875
1 0.5140625 0.4484375 0.03125 0.0265625
1 0.4625 0.3578125 0.0265625 0.0203125
1 0.4796875 0.34375 0.021875 0.0140625
1 0.6625 0.17265625 0.0125 0.0359375
1 0.62578125 0.53203125 0.0515625 0.0140625
1 0.84375 0.3921875 0.0140625 0.0203125
1 0.928125 0.353125 0.0109375 0.0140625
0 0.7875 0.36875 0.1484375 0.1109375
1 0.98125 0.2140625 0.0203125 0.0109375
1 0.7234375 0.1390625 0.0375 0.028125
1 0.9953125 0.0703125 0.009375 0.021875
1 0.690625 0.0640625 0.0359375 0.03125
0 0.76640625 0.0234375 0.1046875 0.046875
1 0.6765625 0.04375 0.015625 0.015625
1 0.671875 0.3140625 0.00625 0.028125
1 0.721875 0.35 0.0265625 0.0296875
1 0.8578125 0.059375 0.01875 0.015625
1 0.921875 0.1390625 0.0234375 0.021875
1 0.9859375 0.1203125 0.0203125 0.025
1 0.9796875 0.1546875 0.01875 0.015625
1 0.996875 0.2203125 0.00625 0.01875
1 0.834375 0.0109375 0.046875 0.021875
1 0.7328125 0.134375 0.015625 0.0328125
0 0.753125 0.078125 0.10625 0.078125
1 0.8296875 0.1671875 0.025 0.0203125
1 0.853125 0.1765625 0.0296875 0.0109375
1 0.8609375 0.19375 0.0109375 0.0078125
1 0.7078125 0.3296875 0.015625 0.025
1 0.7109375 0.3171875 0.0125 0.015625
0 0.76875 0.2703125 0.1359375 0.0984375
0 0.7734375 0.2171875 0.14375 0.0671875
1 0.7921875 0.184375 0.025 0.015625
0 0.740625 0.1546875 0.1265625 0.1015625
0 0.06171875 0.94453125 0.1015625 0.1109375
0 0.0796875 0.88125 0.0671875 0.065625
0 0.59453125 0.91875 0.1484375 0.1625
1 0.2921875 0.7203125 0.01875 0.0234375
0 0.04296875 0.7859375 0.0859375 0.196875
1 0.515625 0.6859375 0.021875 0.025
1 0.03125 0.684375 0.0265625 0.0234375
1 0.1171875 0.6734375 0.021875 0.021875
1 0.14375 0.5953125 0.0203125 0.0265625
0 0.0453125 0.5703125 0.090625 0.0625
1 0.3015625 0.75 0.0234375 0.028125
1 0.415625 0.8140625 0.04375 0.0421875
1 0.359375 0.5890625 0.0234375 0.0203125
1 0.3796875 0.6203125 0.025 0.03125
1 0.4203125 0.6359375 0.0375 0.0203125
1 0.4828125 0.653125 0.015625 0.015625
1 0.540625 0.853125 0.0203125 0.03125
1 0.5328125 0.671875 0.0265625 0.0234375
0 0.5359375 0.7859375 0.1203125 0.0921875
0 0.5515625 0.7078125 0.075 0.05
0 0.58125 0.59375 0.1046875 0.0640625
0 0.56328125 0.55859375 0.1453125 0.0390625
0 0.73515625 0.621875 0.1328125 0.103125
1 0.8078125 0.64375 0.0171875 0.0109375
1 0.796875 0.6859375 0.071875 0.021875
0 0.7140625 0.7734375 0.090625 0.140625
1 0.95625 0.94375 0.015625 0.0234375
1 0.7421875 0.8546875 0.0140625 0.04375