1 0.5703125 0.23125 0.01875 0.015625
1 0.546875 0.1984375 0.01875 0.0203125
1 0.503125 0.05 0.0234375 0.015625
1 0.478125 0.028125 0.021875 0.028125
1 0.4875 0.01328125 0.015625 0.0265625
1 0.4875 0.3546875 0.0171875 0.021875
0 0.425 0.3296875 0.0984375 0.084375
0 0.471875 0.28125 0.15625 0.109375
0 0.4234375 0.2125 0.1953125 0.1125
0 0.4109375 0.15 0.1515625 0.0859375
0 0.4234375 0.0734375 0.1 0.103125
0 0.421875 0.01796875 0.228125 0.0359375
1 0.3609375 0.2796875 0.0140625 0.015625
1 0.3203125 0.2625 0.0125 0.009375
1 0.221875 0.2265625 0.0296875 0.0328125
1 0.1953125 0.2328125 0.0140625 0.0140625
1 0.1609375 0.2140625 0.0140625 0.0078125
1 0.2453125 0.3390625 0.0296875 0.025
1 0.2046875 0.35625 0.025 0.0234375
1 0.178125 0.3359375 0.0203125 0.0203125
1 0.20625 0.3125 0.01875 0.021875
1 0.175 0.303125 0.0109375 0.0078125
1 0.190625 0.159375 0.015625 0.0140625
1 0.1703125 0.1546875 0.0078125 0.0078125
1 0.003125 0.18515625 0.00625 0.0203125
1 0.025 0.2265625 0.015625 0.0140625
1 0.009375 0.0390625 0.01875 0.021875
1 0.065625 0.1234375 0.009375 0.01875
1 0.7359375 0.35 0.0125 0.0125
1 0.8078125 0.2453125 0.0625 0.0421875
0 0.75078125 0.36171875 0.2828125 0.1546875
0 0.725 0.2328125 0.23125 0.146875
0 0.046875 0.48671875 0.090625 0.0953125
1 0.1453125 0.44921875 0.03125 0.0203125
1 0.1125 0.509375 0.040625 0.0171875
1 0.2125 0.5390625 0.0546875 0.0390625
1 0.1921875 0.584375 0.0484375 0.0546875
1 0.2546875 0.5953125 0.071875 0.0765625
1 0.3015625 0.63125 0.04375 0.04375
1 0.175 0.7640625 0.0890625 0.084375
1 0.228125 0.79375 0.0546875 0.075
1 0.296875 0.790625 0.0765625 0.0953125
1 0.171875 0.8515625 0.0703125 0.0359375
1 0.3890625 0.7 0.040625 0.0546875
1 0.45625 0.8328125 0.0859375 0.0453125
1 0.59921875 0.68984375 0.0203125 0.0578125
1 0.5484375 0.7140625 0.034375 0.0203125
1 0.4515625 0.625 0.059375 0.059375
1 0.35625 0.55 0.034375 0.0734375
1 0.4640625 0.4546875 0.046875 0.03125
1 0.5984375 0.49453125 0.021875 0.0265625
1 0.171875 0.6265625 0.025 0.03125
0 0.05703125 0.56015625 0.1140625 0.0734375
0 0.05859375 0.66796875 0.1171875 0.1609375
0 0.06640625 0.80859375 0.1328125 0.1203125
1 0.684375 0.765625 0.0640625 0.0578125
0 0.884375 0.73359375 0.23125 0.3015625
0 0.88203125 0.60859375 0.2359375 0.1828125
0 0.88984375 0.4578125 0.2203125 0.0375
1 0.75625 0.45625 0.0171875 0.00625