1 0.003125 0.09375 0.00625 0.015625
1 0.0328125 0.271875 0.025 0.03125
0 0.0875 0.29609375 0.175 0.1453125
0 0.134375 0.2671875 0.26875 0.203125
1 0.25625 0.2875 0.025 0.0328125
1 0.1421875 0.1125 0.0328125 0.03125
1 0.18125 0.0734375 0.0234375 0.025
1 0.9125 0.00546875 0.025 0.0109375
1 0.915625 0.0359375 0.0234375 0.0359375
1 0.8890625 0.065625 0.0203125 0.025
1 0.8921875 0.0078125 0.0125 0.015625
1 0.86640625 0.01171875 0.0328125 0.0234375
1 0.8421875 0.0328125 0.03125 0.028125
1 0.865625 0.0359375 0.021875 0.028125
1 0.8125 0.0078125 0.028125 0.015625
1 0.8375 0.0171875 0.025 0.0171875
1 0.846875 0.0140625 0.0234375 0.0265625
1 0.859375 0.0234375 0.0265625 0.0125
1 0.82734375 0.00546875 0.0234375 0.0109375
1 0.784375 0.0265625 0.015625 0.0265625
1 0.7859375 0.03125 0.0203125 0.0109375
1 0.77421875 0.00546875 0.0234375 0.0109375
1 0.76484375 0.00703125 0.0234375 0.0140625
1 0.74375 0.0390625 0.028125 0.028125
1 0.72265625 0.00625 0.0234375 0.0125
1 0.6953125 0.021875 0.025 0.03125
1 0.58515625 0.0046875 0.0140625 0.009375
1 0.603125 0.0296875 0.028125 0.0265625
1 0.596875 0.01015625 0.028125 0.0203125
1 0.66953125 0.00546875 0.0171875 0.0109375
1 0.9671875 0.065625 0.0234375 0.028125
1 0.9578125 0.090625 0.028125 0.01875
1 0.9515625 0.1015625 0.0140625 0.015625
1 0.9140625 0.109375 0.0125 0.0125
1 0.8546875 0.0828125 0.021875 0.0125
1 0.8328125 0.0703125 0.0515625 0.053125
1 0.8265625 0.103125 0.01875 0.021875
1 0.840625 0.121875 0.0171875 0.03125
1 0.99609375 0.13515625 0.0078125 0.0234375
1 0.7421875 0.0921875 0.0359375 0.046875
1 0.7484375 0.11875 0.015625 0.015625
1 0.7546875 0.1328125 0.0171875 0.0140625
1 0.7046875 0.121875 0.0234375 0.0421875
1 0.6890625 0.0625 0.0390625 0.0390625
1 0.715625 0.0703125 0.01875 0.021875
1 0.575 0.0671875 0.0234375 0.0171875
1 0.571875 0.0859375 0.015625 0.021875
1 0.6203125 0.1046875 0.0453125 0.0265625
1 0.9875 0.2796875 0.015625 0.0203125
1 0.99453125 0.26171875 0.0109375 0.0421875
1 0.94375 0.221875 0.01875 0.021875
1 0.9046875 0.2671875 0.021875 0.0203125
1 0.93125 0.2328125 0.0234375 0.021875
1 0.9625 0.2453125 0.0375 0.0296875
1 0.95625 0.2390625 0.0359375 0.034375
1 0.95625 0.2734375 0.0234375 0.0296875
1 0.94375 0.2546875 0.0328125 0.0328125
1 0.796875 0.25625 0.0234375 0.0375
1 0.7859375 0.221875 0.015625 0.0234375
1 0.7921875 0.2390625 0.0140625 0.01875
1 0.7734375 0.23125 0.01875 0.0171875
1 0.7625 0.2671875 0.0515625 0.0640625
1 0.7375 0.2671875 0.0234375 0.015625
1 0.7578125 0.28125 0.0234375 0.0203125
1 0.7609375 0.3015625 0.0265625 0.0234375
1 0.7609375 0.2375 0.0296875 0.025
1 0.703125 0.24375 0.025 0.0234375
1 0.65625 0.2296875 0.0296875 0.0296875
1 0.653125 0.2578125 0.015625 0.0234375
1 0.665625 0.1953125 0.0234375 0.01875
1 0.6859375 0.1796875 0.021875 0.0375
1 0.6609375 0.1578125 0.028125 0.0359375
1 0.6734375 0.1765625 0.025 0.009375
1 0.5828125 0.134375 0.034375 0.0328125
1 0.659375 0.35859375 0.021875 0.0203125
1 0.67734375 0.35234375 0.0296875 0.0328125
1 0.625 0.3421875 0.0140625 0.0125
0 0.1484375 0.97421875 0.121875 0.0515625
0 0.2921875 0.4515625 0.11875 0.1375
0 0.0625 0.4546875 0.125 0.06875
1 0.178125 0.471875 0.0828125 0.0875
1 0.2015625 0.8984375 0.0296875 0.075
1 0.13125 0.91875 0.0625 0.04375
1 0.0140625 0.95078125 0.028125 0.0984375
1 0.253125 0.8984375 0.0265625 0.0671875
1 0.34375 0.6296875 0.040625 0.0375
1 0.2703125 0.7484375 0.021875 0.0296875
1 0.1671875 0.8578125 0.0234375 0.025
1 0.20625 0.675 0.01875 0.021875
1 0.05 0.921875 0.0390625 0.03125
1 0.0765625 0.9046875 0.0140625 0.0125
1 0.003125 0.77421875 0.00625 0.0265625
1 0.1109375 0.79375 0.0265625 0.028125
1 0.06875 0.865625 0.03125 0.0203125
1 0.359375 0.890625 0.0234375 0.0296875
1 0.159375 0.6453125 0.028125 0.0140625
1 0.01796875 0.40625 0.0359375 0.046875
1 0.084375 0.9890625 0.025 0.021875
1 0.3546875 0.778125 0.025 0.0234375
0 0.25625 0.959375 0.121875 0.08125
0 0.33828125 0.95859375 0.0890625 0.0828125
1 0.428125 0.9265625 0.05625 0.053125
1 0.509375 0.721875 0.0578125 0.0421875
1 0.534375 0.9515625 0.01875 0.0140625
1 0.54453125 0.9875 0.0328125 0.025
1 0.55625 0.9015625 0.0125 0.0109375
1 0.5546875 0.8125 0.015625 0.034375
1 0.565625 0.553125 0.021875 0.0296875
1 0.5625 0.771875 0.0234375 0.028125
1 0.5703125 0.8234375 0.0140625 0.021875
1 0.5734375 0.7921875 0.0140625 0.03125
1 0.5859375 0.8578125 0.034375 0.0171875
1 0.578125 0.6390625 0.034375 0.040625
1 0.5921875 0.7953125 0.015625 0.0109375
1 0.596875 0.5 0.0125 0.0203125
1 0.5765625 0.6859375 0.0578125 0.0546875
1 0.6125 0.7328125 0.0171875 0.0296875
1 0.615625 0.7734375 0.0546875 0.0578125
1 0.6328125 0.8859375 0.025 0.021875
1 0.64375 0.5140625 0.021875 0.0140625
1 0.653125 0.8609375 0.034375 0.0140625
1 0.6515625 0.9546875 0.034375 0.025
1 0.6453125 0.9296875 0.0546875 0.0625
1 0.675 0.890625 0.03125 0.028125
1 0.6671875 0.821875 0.0515625 0.0734375
1 0.7109375 0.884375 0.034375 0.0359375
1 0.6890625 0.98828125 0.059375 0.0234375
1 0.7140625 0.9375 0.0421875 0.04375
1 0.7140625 0.796875 0.0484375 0.0671875
1 0.71875 0.746875 0.0421875 0.0375
1 0.7421875 0.4078125 0.0140625 0.0078125
1 0.746875 0.6890625 0.0203125 0.0328125
1 0.7421875 0.9484375 0.034375 0.04375
1 0.771875 0.6359375 0.0140625 0.0125
1 0.7625 0.809375 0.0421875 0.03125
1 0.765625 0.7265625 0.040625 0.0484375
1 0.778125 0.684375 0.0140625 0.021875
1 0.771875 0.9921875 0.03125 0.015625
1 0.78125 0.9765625 0.0125 0.0203125
1 0.7828125 0.834375 0.0078125 0.0125
0 0.47890625 0.59921875 0.1578125 0.3421875
1 0.4203125 0.66171875 0.040625 0.0609375
1 0.4421875 0.79375 0.0640625 0.0484375
0 0.6734375 0.5515625 0.2265625 0.3015625
1 0.4625 0.9421875 0.025 0.05625
1 0.4765625 0.98515625 0.025 0.0296875
1 0.490625 0.99453125 0.03125 0.0109375
1 0.428125 0.98359375 0.028125 0.0328125
1 0.44609375 0.9953125 0.0359375 0.009375
1 0.453125 0.9765625 0.05 0.0375
1 0.63828125 0.9953125 0.0390625 0.009375
1 0.6328125 0.815625 0.0328125 0.05625