1 0.1953125 0.0625 0.0328125 0.025
1 0.4234375 0.0734375 0.046875 0.0140625
0 0.41953125 0.04375 0.2796875 0.0875
1 0.1515625 0.0796875 0.01875 0.01875
1 0.0859375 0.071875 0.0203125 0.0375
1 0.5234375 0.0859375 0.0140625 0.0125
1 0.4109375 0.1171875 0.0078125 0.0078125
1 0.2484375 0.1234375 0.0109375 0.0109375
1 0.365625 0.13125 0.028125 0.03125
1 0.1125 0.13125 0.021875 0.03125
1 0.05 0.140625 0.025 0.03125
1 0.071875 0.159375 0.0234375 0.025
1 0.33125 0.184375 0.009375 0.0046875
1 0.3 0.2140625 0.0203125 0.0125
1 0.1 0.2171875 0.025 0.021875
0 0.3421875 0.3 0.009375 0.0234375
0 0.384375 0.2046875 0.140625 0.215625
1 0.465625 0.2703125 0.0171875 0.009375
1 0.465625 0.25625 0.0140625 0.0078125
1 0.0078125 0.009375 0.015625 0.01875
1 0.0734375 0.121875 0.0203125 0.0140625
1 0.065625 0.1 0.01875 0.025
1 0.0078125 0.1171875 0.015625 0.028125
1 0.00625 0.23359375 0.0125 0.0234375
1 0.05625 0.3015625 0.0234375 0.01875
1 0.028125 0.2953125 0.0265625 0.028125
1 0.053125 0.271875 0.0328125 0.0359375
1 0.196875 0.2953125 0.03125 0.03125
0 0.9546875 0.3140625 0.0546875 0.1078125
0 0.9625 0.13203125 0.075 0.0734375
0 0.97421875 0.04609375 0.0515625 0.0546875
1 0.971875 0.2015625 0.028125 0.0265625
1 0.6203125 0.184375 0.034375 0.0375
1 0.5703125 0.31875 0.021875 0.0203125
1 0.615625 0.384375 0.0234375 0.0109375
1 0.56796875 0.11484375 0.0171875 0.0359375
1 0.6796875 0.0265625 0.028125 0.0171875
1 0.76875 0.00546875 0.03125 0.0109375
1 0.8734375 0.04375 0.0171875 0.0234375
1 0.740625 0.1859375 0.021875 0.0234375
1 0.7484375 0.009375 0.021875 0.01875
1 0.98203125 0.225 0.0359375 0.03125
0 0.9890625 0.29296875 0.021875 0.0765625
1 0.965625 0.24765625 0.06875 0.0203125
1 0.98515625 0.36015625 0.0296875 0.0359375
1 0.0140625 0.5140625 0.0078125 0.0046875
1 0.0671875 0.653125 0.0078125 0.0109375
1 0.490625 0.703125 0.0078125 0.0140625
0 0.0859375 0.6734375 0.171875 0.325
0 0.1125 0.83125 0.225 0.125
1 0.4640625 0.571875 0.0234375 0.0078125
1 0.1859375 0.7484375 0.0109375 0.0125
1 0.8015625 0.7265625 0.0515625 0.034375
1 0.753125 0.8484375 0.0234375 0.015625
1 0.6765625 0.721875 0.0140625 0.0078125
1 0.6671875 0.74375 0.015625 0.00625
1 0.6515625 0.7296875 0.0140625 0.015625
0 0.61328125 0.92109375 0.1078125 0.1578125
1 0.5890625 0.85 0.0140625 0.0078125
1 0.571875 0.91875 0.0078125 0.015625
1 0.5828125 0.7234375 0.0265625 0.015625
0 0.5859375 0.76015625 0.053125 0.1609375