1 0.11015625 0.021875 0.0890625 0.04375
0 0.10859375 0.1203125 0.2171875 0.1125
1 0.3375 0.125 0.0125 0.015625
1 0.203125 0.1515625 0.025 0.025
1 0.6609375 0.00859375 0.01875 0.0171875
1 0.5140625 0.06796875 0.009375 0.0109375
1 0.6140625 0.1234375 0.0078125 0.015625
1 0.7265625 0.14375 0.00625 0.0140625
1 0.7671875 0.153125 0.025 0.025
1 0.590625 0.165625 0.01875 0.0109375
0 0.93671875 0.08984375 0.1265625 0.1640625
0 0.97890625 0.16015625 0.0421875 0.0234375
1 0.996875 0.134375 0.00625 0.021875
1 0.8265625 0.1171875 0.04375 0.046875
1 0.9421875 0.1578125 0.0703125 0.028125
1 0.596875 0.0875 0.0171875 0.0203125
1 0.5890625 0.071875 0.0109375 0.0125
1 0.5984375 0.03125 0.028125 0.0140625
1 0.5390625 0.0078125 0.040625 0.015625
1 0.234375 0.6671875 0.0546875 0.0390625
1 0.0359375 0.709375 0.0328125 0.0390625
1 0.2484375 0.8390625 0.0296875 0.0375
1 0.2390625 0.8546875 0.025 0.0390625
1 0.203125 0.9109375 0.0296875 0.028125
1 0.2125 0.80625 0.0421875 0.0484375
1 0.1671875 0.8421875 0.04375 0.0453125
1 0.153125 0.809375 0.0234375 0.025
1 0.140625 0.784375 0.0296875 0.01875
1 0.121875 0.778125 0.025 0.021875
1 0.115625 0.8171875 0.021875 0.025
1 0.1109375 0.8015625 0.0203125 0.028125
1 0.1015625 0.7890625 0.0234375 0.025
1 0.178125 0.9625 0.034375 0.0265625
1 0.2953125 0.96875 0.03125 0.021875
1 0.3046875 0.9109375 0.03125 0.0375
1 0.2921875 0.7765625 0.0359375 0.046875
1 0.453125 0.7125 0.0234375 0.034375
1 0.3734375 0.703125 0.028125 0.0296875
1 0.375 0.8265625 0.046875 0.03125
1 0.453125 0.7875 0.0328125 0.05
1 0.50234375 0.9453125 0.0140625 0.0125
1 0.4203125 0.9515625 0.0640625 0.0484375
1 0.4546875 0.7484375 0.009375 0.021875
1 0.34375 0.85 0.04375 0.040625
1 0.2609375 0.859375 0.028125 0.0390625
1 0.3890625 0.89375 0.025 0.01875
1 0.353125 0.89375 0.0265625 0.01875
1 0.3703125 0.8828125 0.0375 0.0140625
1 0.3765625 0.796875 0.0203125 0.0109375
1 0.1359375 0.9671875 0.0265625 0.025
1 0.09375 0.8859375 0.040625 0.028125
1 0.0671875 0.809375 0.0203125 0.021875
1 0.059375 0.8234375 0.015625 0.0203125
1 0.1046875 0.871875 0.0296875 0.0125
1 0.0828125 0.940625 0.0390625 0.015625
1 0.0703125 0.9640625 0.0421875 0.04375
1 0.090625 0.9640625 0.01875 0.0234375
1 0.09296875 0.99296875 0.0296875 0.0140625
1 0.1078125 0.9703125 0.015625 0.0203125
1 0.03125 0.9609375 0.025 0.025
1 0.0140625 0.95 0.021875 0.0203125
1 0.040625 0.7796875 0.0328125 0.028125
1 0.0078125 0.765625 0.015625 0.065625
1 0.0296875 0.79375 0.0140625 0.034375
0 0.10859375 0.95390625 0.2171875 0.0921875
1 0.034375 0.8375 0.0359375 0.0171875
1 0.01015625 0.8484375 0.0203125 0.0375
1 0.00390625 0.8390625 0.0078125 0.028125
1 0.6859375 0.56875 0.021875 0.0265625
1 0.8234375 0.640625 0.0546875 0.04375
1 0.7625 0.665625 0.0234375 0.01875
1 0.8859375 0.515625 0.05 0.059375
1 0.9015625 0.446875 0.025 0.0265625
1 0.89375 0.4796875 0.0515625 0.0296875
1 0.7921875 0.4875 0.0140625 0.028125
1 0.5734375 0.8171875 0.0171875 0.03125
1 0.99140625 0.63828125 0.0171875 0.0265625
0 0.64375 0.46484375 0.26875 0.1296875
0 0.59375 0.653125 0.1265625 0.359375
1 0.5453125 0.5515625 0.0109375 0.015625
1 0.51875 0.57109375 0.01875 0.0453125
1 0.546875 0.5765625 0.0359375 0.028125