1 0.109375 0.2015625 0.0359375 0.0390625
1 0.23125 0.2203125 0.0359375 0.0234375
1 0.303125 0.240625 0.015625 0.03125
1 0.2359375 0.2984375 0.0203125 0.025
1 0.190625 0.315625 0.040625 0.0234375
1 0.1265625 0.334375 0.0125 0.0265625
1 0.171875 0.346875 0.0265625 0.0328125
1 0.359375 0.359375 0.01875 0.028125
1 0.1921875 0.36875 0.040625 0.0453125
1 0.225 0.44375 0.015625 0.01875
1 0.1984375 0.4328125 0.0328125 0.034375
1 0.0125 0.4890625 0.009375 0.015625
1 0.190625 0.5375 0.0625 0.046875
1 0.29140625 0.675 0.0390625 0.009375
1 0.2359375 0.61875 0.025 0.034375
1 0.228125 0.6671875 0.040625 0.025
1 0.175 0.64375 0.0421875 0.0625
1 0.175 0.4796875 0.053125 0.05625
1 0.146875 0.4640625 0.0359375 0.0375
1 0.071875 0.3328125 0.078125 0.0578125
1 0.0375 0.3390625 0.0234375 0.0171875
0 0.03984375 0.3765625 0.0796875 0.128125
0 0.03828125 0.253125 0.0765625 0.1375
1 0.08125 0.4875 0.0484375 0.0734375
1 0.0296875 0.5203125 0.025 0.0328125
0 0.053125 0.55078125 0.10625 0.1109375
0 0.01484375 0.56875 0.0296875 0.1375
0 0.0359375 0.6328125 0.071875 0.09375
1 0.7203125 0.3671875 0.0171875 0.01875
1 0.69375 0.3734375 0.0328125 0.03125
1 0.7078125 0.3203125 0.0125 0.0125
1 0.6671875 0.3171875 0.040625 0.0453125
1 0.5796875 0.3546875 0.046875 0.0390625
1 0.5203125 0.384375 0.0765625 0.0265625
1 0.4640625 0.4421875 0.0234375 0.01875
1 0.5484375 0.4453125 0.0125 0.0171875
1 0.5703125 0.2609375 0.0265625 0.0234375
1 0.553125 0.2890625 0.0234375 0.01875
1 0.4625 0.265625 0.028125 0.01875
1 0.453125 0.209375 0.05 0.0546875
1 0.534375 0.540625 0.0234375 0.025
1 0.65 0.5203125 0.0203125 0.0140625
1 0.6296875 0.521875 0.025 0.0265625
1 0.68125 0.4796875 0.0265625 0.03125
1 0.6609375 0.4 0.025 0.015625
1 0.7890625 0.3234375 0.025 0.0359375
1 0.7546875 0.2796875 0.0265625 0.028125
1 0.7078125 0.2171875 0.040625 0.034375
1 0.7078125 0.1625 0.03125 0.05
1 0.675 0.178125 0.0171875 0.01875
1 0.6828125 0.15 0.0125 0.0234375
1 0.7171875 0.1109375 0.0203125 0.028125
1 0.60625 0.0578125 0.021875 0.0140625
1 0.5578125 0.1125 0.0390625 0.04375
1 0.5171875 0.0953125 0.034375 0.046875
1 0.53125 0.1875 0.025 0.025
1 0.37265625 0.07890625 0.0078125 0.0609375
1 0.3828125 0.05625 0.015625 0.0078125
1 0.3828125 0.2828125 0.015625 0.0078125
1 0.425 0.5671875 0.0578125 0.01875
1 0.3859375 0.521875 0.021875 0.01875
1 0.8265625 0.05625 0.0328125 0.0078125
0 0.815625 0.1421875 0.13125 0.178125
1 0.8625 0.190625 0.0515625 0.05
1 0.828125 0.2015625 0.0171875 0.025
0 0.809375 0.234375 0.1375 0.109375
0 0.790625 0.553125 0.103125 0.0453125
1 0.8046875 0.5390625 0.021875 0.0109375
1 0.878125 0.41875 0.0140625 0.0140625
1 0.990625 0.53125 0.0125 0.0234375
1 0.865625 0.4796875 0.025 0.0203125
1 0.9109375 0.309375 0.0125 0.0171875
1 0.99453125 0.16015625 0.0109375 0.0234375
1 0.8671875 0.246875 0.0203125 0.021875
1 0.9265625 0.071875 0.0234375 0.0140625
1 0.37578125 0.50234375 0.0140625 0.0171875
0 0.8 0.428125 0.103125 0.2109375
1 0.83125 0.50625 0.071875 0.05
1 0.2453125 0.95625 0.0484375 0.0359375
1 0.1875 0.9734375 0.0296875 0.0453125
1 0.153125 0.8765625 0.021875 0.0203125
1 0.0515625 0.840625 0.028125 0.046875
1 0.0171875 0.8765625 0.0328125 0.025
1 0.01953125 0.9109375 0.0390625 0.0875
0 0.296875 0.9125 0.1109375 0.1
0 0.2828125 0.846875 0.1 0.05625
0 0.24375 0.8296875 0.0359375 0.0234375
0 0.29296875 0.97890625 0.1140625 0.0421875
1 0.76328125 0.94921875 0.0984375 0.1015625
1 0.61875 0.9609375 0.040625 0.0375
1 0.6546875 0.9515625 0.0296875 0.0390625
1 0.6375 0.871875 0.0296875 0.0234375
1 0.94375 0.8828125 0.0421875 0.03125
1 0.93984375 0.69296875 0.0546875 0.0265625
1 0.7234375 0.7265625 0.03125 0.0234375
1 0.803125 0.8359375 0.0234375 0.0265625
0 0.90625 0.884375 0.078125 0.0828125
1 0.9125 0.9625 0.028125 0.034375
1 0.9453125 0.934375 0.0265625 0.025
1 0.99296875 0.8859375 0.0140625 0.03125
0 0.90234375 0.7203125 0.0765625 0.08125
0 0.878125 0.771875 0.1015625 0.1015625
0 0.44375 0.73125 0.125 0.103125
1 0.490625 0.74375 0.034375 0.0390625
1 0.375 0.98984375 0.0125 0.0203125
1 0.7859375 0.7109375 0.015625 0.0234375
1 0.7640625 0.821875 0.0234375 0.028125
1 0.6828125 0.8890625 0.0234375 0.025
1 0.8578125 0.828125 0.025 0.03125
1 0.9546875 0.853125 0.028125 0.025
1 0.778125 0.8921875 0.028125 0.0203125
1 0.8078125 0.9 0.0234375 0.0171875
1 0.81328125 0.99453125 0.0265625 0.0109375