1 0.0703125 0.05625 0.015625 0.025
0 0.0921875 0.103125 0.05625 0.046875
1 0.2703125 0.2140625 0.015625 0.009375
1 0.35546875 0.00625 0.0265625 0.0125
1 0.6453125 0.00234375 0.015625 0.0046875
1 0.5984375 0.00625 0.01875 0.0125
1 0.53046875 0.0078125 0.0234375 0.015625
1 0.86875 0.0234375 0.0078125 0.0140625
1 0.8 0.0390625 0.0109375 0.0140625
1 0.7375 0.0546875 0.015625 0.0109375
1 0.896875 0.065625 0.021875 0.0265625
1 0.971875 0.09375 0.015625 0.0125
1 0.8171875 0.090625 0.0234375 0.0234375
1 0.9859375 0.178125 0.021875 0.015625
1 0.8921875 0.1859375 0.0234375 0.0234375
1 0.8265625 0.1984375 0.009375 0.00625
1 0.53828125 0.196875 0.0390625 0.046875
1 0.8015625 0.2171875 0.0125 0.0046875
1 0.9515625 0.0484375 0.0203125 0.01875
1 0.928125 0.0515625 0.0359375 0.0234375
1 0.946875 0.0140625 0.0265625 0.0140625
1 0.8140625 0.1765625 0.00625 0.0078125
1 0.809375 0.1734375 0.0078125 0.0125
1 0.7828125 0.0375 0.009375 0.009375
1 0.74375 0.1453125 0.0390625 0.05
1 0.775 0.1265625 0.015625 0.0140625
1 0.721875 0.1828125 0.0328125 0.0359375
1 0.7078125 0.178125 0.00625 0.003125
1 0.70625 0.215625 0.0171875 0.009375
1 0.7109375 0.20625 0.0171875 0.0125
1 0.5875 0.015625 0.0265625 0.01875
0 0.2140625 0.6578125 0.4171875 0.30625
0 0.2734375 0.8203125 0.1640625 0.1265625
1 0.0515625 0.7328125 0.021875 0.046875
0 0.196875 0.553125 0.1640625 0.090625
0 0.18671875 0.915625 0.3734375 0.16875
1 0.9875 0.9265625 0.0203125 0.04375
1 0.95625 0.9671875 0.015625 0.0125
1 0.5328125 0.975 0.028125 0.021875
1 0.584375 0.990625 0.01875 0.0171875
0 0.7140625 0.734375 0.184375 0.103125
1 0.7859375 0.8171875 0.0265625 0.0171875
0 0.7390625 0.87265625 0.240625 0.2546875
0 0.75078125 0.971875 0.2671875 0.05625