1 0.10546875 0.4546875 0.0703125 0.009375
1 0.0375 0.3359375 0.021875 0.0203125
1 0.0046875 0.21953125 0.009375 0.0265625
1 0.265625 0.4203125 0.0484375 0.0390625
1 0.321875 0.3046875 0.028125 0.0265625
1 0.3265625 0.25 0.0296875 0.025
1 0.2859375 0.259375 0.0265625 0.021875
1 0.38828125 0.01015625 0.0390625 0.0203125
1 0.4515625 0.0671875 0.0140625 0.0546875
1 0.18125 0.2421875 0.0265625 0.03125
1 0.04375 0.21875 0.021875 0.028125
1 0.3515625 0.0625 0.0171875 0.0203125
1 0.3640625 0.4234375 0.028125 0.0265625
1 0.14921875 0.44296875 0.0265625 0.0328125
1 0.0109375 0.375 0.0140625 0.0234375
1 0.0765625 0.4390625 0.0359375 0.0203125
1 0.99921875 0.34296875 0.0015625 0.0046875
0 0.8640625 0.0203125 0.09375 0.040625
0 0.75 0.0078125 0.09375 0.015625
1 0.765625 0.0140625 0.075 0.028125
1 0.771875 0.178125 0.021875 0.021875
1 0.9421875 0.2375 0.0203125 0.01875
1 0.865625 0.1296875 0.0484375 0.0703125
1 0.98671875 0.14296875 0.0265625 0.0234375
1 0.8515625 0.3265625 0.025 0.0140625
1 0.4421875 0.46484375 0.021875 0.0109375
1 0.5015625 0.553125 0.0375 0.0390625
0 0.446875 0.76875 0.1546875 0.328125
0 0.2953125 0.75 0.334375 0.25625
1 0.30625 0.7140625 0.034375 0.03125
1 0.2828125 0.675 0.01875 0.01875
1 0.25 0.6296875 0.021875 0.0328125
0 0.096875 0.7640625 0.19375 0.153125
1 0.2609375 0.8390625 0.0234375 0.0265625
1 0.2796875 0.521875 0.028125 0.03125
1 0.1078125 0.89375 0.0234375 0.034375
1 0.5109375 0.775 0.025 0.046875
1 0.0125 0.68125 0.025 0.03125
1 0.61640625 0.99453125 0.0078125 0.0109375
1 0.6203125 0.6875 0.0078125 0.0109375
1 0.6359375 0.8140625 0.0140625 0.01875
1 0.7375 0.840625 0.021875 0.0546875
1 0.821875 0.5109375 0.009375 0.0328125
1 0.7828125 0.4875 0.0234375 0.0265625
1 0.8046875 0.5015625 0.0140625 0.009375
1 0.775 0.859375 0.040625 0.0453125
0 0.765625 0.86875 0.121875 0.0890625