1 0.4421875 0.2953125 0.0171875 0.0171875
1 0.421875 0.325 0.034375 0.03125
1 0.3921875 0.3421875 0.046875 0.0390625
1 0.4375 0.3734375 0.0140625 0.0078125
1 0.3921875 0.3171875 0.0171875 0.015625
1 0.3984375 0.2625 0.0109375 0.0078125
1 0.4078125 0.2609375 0.0234375 0.0265625
1 0.4515625 0.1625 0.015625 0.021875
1 0.4015625 0.1765625 0.0328125 0.021875
1 0.4234375 0.2046875 0.046875 0.0390625
1 0.3859375 0.2015625 0.0140625 0.0125
1 0.4515625 0.0875 0.015625 0.034375
1 0.40625 0.0875 0.0265625 0.025
1 0.375 0.0859375 0.025 0.015625
1 0.3671875 0.059375 0.0203125 0.0125
1 0.3671875 0.0234375 0.0171875 0.00625
1 0.3546875 0.0140625 0.028125 0.01875
1 0.3296875 0.04375 0.0125 0.01875
1 0.3484375 0.103125 0.0671875 0.053125
1 0.346875 0.1328125 0.0140625 0.0140625
1 0.2953125 0.1265625 0.0171875 0.01875
1 0.3203125 0.16875 0.0234375 0.0125
1 0.2984375 0.16875 0.0359375 0.034375
1 0.3 0.1546875 0.015625 0.0078125
1 0.321875 0.3015625 0.0171875 0.025
1 0.3390625 0.2625 0.0515625 0.04375
1 0.3203125 0.2859375 0.0234375 0.0203125
1 0.346875 0.259375 0.009375 0.009375
1 0.3328125 0.2515625 0.0078125 0.015625
1 0.303125 0.0765625 0.021875 0.015625
1 0.271875 0.071875 0.0140625 0.0140625
1 0.278125 0.059375 0.0234375 0.0140625
1 0.2921875 0.01875 0.028125 0.0375
1 0.2796875 0.0265625 0.009375 0.015625
1 0.275 0.0140625 0.025 0.028125
1 0.215625 0.00625 0.021875 0.0125
1 0.2453125 0.159375 0.03125 0.0515625
1 0.1921875 0.203125 0.0125 0.0109375
1 0.1875 0.140625 0.0296875 0.021875
1 0.196875 0.1390625 0.015625 0.0265625
1 0.1875 0.1234375 0.0296875 0.0140625
1 0.184375 0.0859375 0.0375 0.040625
1 0.2046875 0.0859375 0.0359375 0.0296875
1 0.184375 0.0625 0.021875 0.021875
1 0.2796875 0.29375 0.0296875 0.0234375
1 0.259375 0.2859375 0.021875 0.025
1 0.25 0.2671875 0.0234375 0.028125
1 0.2609375 0.2703125 0.0109375 0.015625
1 0.2734375 0.2515625 0.015625 0.015625
1 0.2046875 0.303125 0.0234375 0.015625
1 0.1546875 0.2796875 0.028125 0.028125
1 0.1390625 0.28125 0.0125 0.0109375
1 0.1671875 0.375 0.0109375 0.0046875
1 0.1765625 0.3328125 0.0109375 0.0109375
1 0.2640625 0.315625 0.0078125 0.0109375
1 0.103125 0.3546875 0.021875 0.025
1 0.0984375 0.3140625 0.015625 0.028125
1 0.0421875 0.30625 0.025 0.0203125
1 0.00625 0.33203125 0.0125 0.0390625
1 0.00703125 0.3296875 0.0140625 0.00625
1 0.0359375 0.2828125 0.0171875 0.0265625
1 0.015625 0.29609375 0.03125 0.0234375
1 0.0890625 0.221875 0.0265625 0.0359375
1 0.1125 0.2109375 0.0234375 0.0234375
1 0.01171875 0.26953125 0.0234375 0.0765625
1 0.00390625 0.2265625 0.0078125 0.03125
1 0.009375 0.1859375 0.01875 0.009375
1 0.1015625 0.1640625 0.0390625 0.0453125
1 0.00859375 0.16328125 0.0171875 0.0140625
1 0.0125 0.175 0.0078125 0.015625
0 0.1421875 0.10625 0.0375 0.0390625
1 0.1203125 0.109375 0.0125 0.015625
1 0.1421875 0.0828125 0.0203125 0.0140625
1 0.15625 0.096875 0.003125 0.0109375
1 0.1421875 0.0609375 0.0390625 0.0296875
1 0.0859375 0.05 0.0453125 0.0421875
1 0.15625 0.0140625 0.0140625 0.01875
1 0.1375 0.0109375 0.028125 0.021875
1 0.121875 0.021875 0.0171875 0.0203125
0 0.11640625 0.01015625 0.0828125 0.0203125
1 0.0875 0.0765625 0.028125 0.0375
1 0.09375 0.034375 0.0375 0.0296875
1 0.1140625 0.0484375 0.0234375 0.015625
1 0.128125 0.0484375 0.021875 0.0265625
1 0.11875 0.0390625 0.015625 0.015625
1 0.1109375 0.075 0.05625 0.0421875
1 0.1234375 0.2171875 0.021875 0.009375
1 0.5734375 0.0828125 0.0140625 0.0203125
1 0.609375 0.0953125 0.0359375 0.0359375
1 0.525 0.153125 0.0234375 0.01875
1 0.5 0.15625 0.028125 0.046875
1 0.715625 0.2140625 0.0078125 0.0078125
1 0.809375 0.2390625 0.0109375 0.0265625
1 0.5734375 0.2515625 0.0171875 0.0296875
1 0.478125 0.25625 0.0375 0.08125
1 0.6484375 0.2578125 0.096875 0.1359375
1 0.7328125 0.3359375 0.06875 0.0609375
1 0.7015625 0.44375 0.0171875 0.0234375
1 0.690625 0.465625 0.0203125 0.034375
1 0.675 0.4765625 0.01875 0.0078125
1 0.4734375 0.4828125 0.015625 0.0125
1 0.48828125 0.521875 0.0203125 0.015625
1 0.54375 0.5265625 0.009375 0.00625
0 0.83515625 0.4890625 0.2203125 0.08125
0 0.88359375 0.3375 0.2328125 0.384375
0 0.871875 0.175 0.25625 0.25
1 0.2109375 0.8359375 0.0296875 0.04375
1 0.3484375 0.8359375 0.028125 0.0421875
1 0.4125 0.6703125 0.021875 0.0421875
1 0.403125 0.7 0.0640625 0.046875
1 0.43125 0.71875 0.034375 0.034375
1 0.41875 0.8453125 0.0359375 0.053125
1 0.44296875 0.81015625 0.0328125 0.0578125
1 0.428125 0.778125 0.0296875 0.053125
1 0.3609375 0.6546875 0.0390625 0.028125
1 0.3171875 0.646875 0.115625 0.084375
1 0.2921875 0.640625 0.0125 0.021875
1 0.2671875 0.6421875 0.0171875 0.0140625
1 0.384375 0.621875 0.04375 0.034375
1 0.3453125 0.609375 0.021875 0.0109375
1 0.3 0.7765625 0.0625 0.0359375
1 0.3125 0.746875 0.04375 0.034375
1 0.284375 0.7453125 0.028125 0.0359375
1 0.25 0.7359375 0.0265625 0.04375
1 0.2359375 0.721875 0.0171875 0.05
1 0.2703125 0.8703125 0.040625 0.0203125
1 0.2625 0.8328125 0.0578125 0.06875
0 0.16875 0.628125 0.115625 0.046875
1 0.209375 0.66875 0.01875 0.028125
0 0.1640625 0.7 0.0828125 0.11875
1 0.1375 0.690625 0.025 0.0203125
1 0.2765625 0.9765625 0.040625 0.025
1 0.3296875 0.965625 0.078125 0.0515625
1 0.4046875 0.99375 0.025 0.0125
1 0.36328125 0.9796875 0.0859375 0.040625
1 0.36875 0.93125 0.03125 0.025
0 0.15078125 0.9796875 0.0859375 0.040625
0 0.1609375 0.9125 0.065625 0.0984375
1 0.1109375 0.9484375 0.046875 0.034375
1 0.0734375 0.8953125 0.009375 0.015625
0 0.15 0.8421875 0.0828125 0.10625
1 0.109375 0.840625 0.0296875 0.0265625
1 0.15 0.790625 0.021875 0.0390625
1 0.0375 0.91875 0.0328125 0.034375
1 0.0328125 0.86875 0.0265625 0.0265625
1 0.0875 0.6734375 0.0765625 0.0515625
1 0.103125 0.659375 0.025 0.0203125
1 0.1015625 0.7375 0.034375 0.028125
1 0.0625 0.7421875 0.0375 0.0359375
1 0.03671875 0.68359375 0.0734375 0.0984375
1 0.0125 0.61953125 0.025 0.0328125
1 0.8765625 0.7796875 0.040625 0.0625
1 0.8453125 0.5609375 0.0265625 0.05
1 0.790625 0.8171875 0.0390625 0.0390625
0 0.7375 0.8171875 0.0921875 0.0546875
0 0.7046875 0.61015625 0.109375 0.1609375
1 0.5828125 0.7796875 0.0328125 0.071875
1 0.8625 0.6375 0.0625 0.05625
1 0.6890625 0.7890625 0.0515625 0.0578125
1 0.5046875 0.68125 0.0625 0.075
1 0.5921875 0.7234375 0.0328125 0.0390625
1 0.625 0.7546875 0.0359375 0.034375
1 0.53125 0.740625 0.0453125 0.0296875
1 0.5 0.79375 0.0421875 0.0828125