1 0.25625 0.08125 0.01875 0.015625
0 0.30546875 0.16796875 0.3265625 0.1921875
0 0.0609375 0.18125 0.01875 0.0921875
0 0.065625 0.2484375 0.0265625 0.0203125
1 0.1765625 0.371875 0.0390625 0.034375
1 0.1640625 0.45 0.0375 0.01875
1 0.4640625 0.25 0.009375 0.040625
1 0.5953125 0.2265625 0.0203125 0.028125
1 0.5625 0.296875 0.0328125 0.0234375
0 0.61640625 0.065625 0.2171875 0.13125
0 0.5625 0.1734375 0.109375 0.040625
0 0.853125 0.1328125 0.103125 0.265625
0 0.9453125 0.08671875 0.109375 0.1734375
1 0.196875 0.5453125 0.0265625 0.0265625
1 0.1734375 0.625 0.015625 0.01875
1 0.1359375 0.8296875 0.028125 0.0234375
1 0.121875 0.671875 0.015625 0.0171875
1 0.071875 0.840625 0.0203125 0.0578125
1 0.0125 0.9640625 0.0109375 0.009375
1 0.003125 0.9984375 0.00625 0.003125
1 0.1 0.940625 0.0109375 0.0171875
1 0.125 0.959375 0.0453125 0.0578125
0 0.1828125 0.871875 0.1671875 0.1125
0 0.06875 0.87734375 0.1375 0.2453125
1 0.0890625 0.9625 0.0125 0.025
1 0.0765625 0.96875 0.0203125 0.015625
1 0.15625 0.56875 0.0109375 0.015625
1 0.99765625 0.8046875 0.0046875 0.025
1 0.853125 0.5640625 0.0234375 0.015625
1 0.76875 0.71875 0.034375 0.0375
1 0.70625 0.6921875 0.0328125 0.0375
1 0.65078125 0.52734375 0.0078125 0.0171875
1 0.8890625 0.990625 0.03125 0.01875
1 0.98671875 0.89140625 0.0265625 0.0640625
1 0.7375 0.8390625 0.1703125 0.03125
0 0.80234375 0.95234375 0.2234375 0.0953125
0 0.90234375 0.8578125 0.1953125 0.284375