1 0.24375 0.00234375 0.025 0.0046875
1 0.4796875 0.03125 0.0203125 0.0234375
1 0.4453125 0.028125 0.0171875 0.0125
1 0.10625 0.0328125 0.028125 0.021875
1 0.51640625 0.03359375 0.0046875 0.0171875
1 0.1171875 0.2484375 0.021875 0.015625
1 0.453125 0.2515625 0.040625 0.0265625
1 0.265625 0.3375 0.0296875 0.0171875
1 0.03125 0.4078125 0.021875 0.0125
1 0.0203125 0.459375 0.0265625 0.0265625
1 0.51171875 0.28515625 0.0140625 0.0328125
1 0.4984375 0.3171875 0.0359375 0.034375
1 0.4671875 0.4421875 0.01875 0.0171875
1 0.3890625 0.4171875 0.0125 0.01875
1 0.3328125 0.403125 0.01875 0.015625
1 0.3484375 0.3953125 0.025 0.0265625
1 0.3890625 0.39375 0.0265625 0.0234375
1 0.371875 0.375 0.021875 0.028125
1 0.375 0.359375 0.0171875 0.01875
1 0.415625 0.34375 0.0234375 0.034375
1 0.3921875 0.34375 0.0234375 0.021875
1 0.434375 0.3328125 0.0109375 0.0203125
1 0.415625 0.278125 0.0140625 0.0234375
1 0.3671875 0.2703125 0.028125 0.034375
1 0.3828125 0.2859375 0.01875 0.021875
1 0.390625 0.2671875 0.0296875 0.015625
1 0.3609375 0.2375 0.021875 0.0203125
1 0.375 0.228125 0.01875 0.0234375
1 0.3859375 0.225 0.01875 0.028125
1 0.4015625 0.2046875 0.0484375 0.040625
1 0.38125 0.1734375 0.0296875 0.028125
1 0.4796875 0.153125 0.015625 0.0125
1 0.4578125 0.1265625 0.01875 0.028125
1 0.31875 0.1109375 0.021875 0.0171875
1 0.38125 0.071875 0.0296875 0.0359375
1 0.3828125 0.109375 0.015625 0.0109375
1 0.38671875 0.0140625 0.0328125 0.028125
1 0.40625 0.04375 0.028125 0.0203125
1 0.45 0.0515625 0.0140625 0.0125
1 0.4453125 0.00546875 0.03125 0.0109375
1 0.14375 0.30625 0.040625 0.0390625
0 0.1953125 0.359375 0.128125 0.0921875
0 0.1890625 0.4359375 0.08125 0.0734375
1 0.1296875 0.371875 0.0171875 0.03125
1 0.2640625 0.15625 0.0171875 0.0234375
1 0.290625 0.0171875 0.021875 0.0296875
0 0.2015625 0.0796875 0.1265625 0.134375
1 0.171875 0.1234375 0.015625 0.034375
0 0.1765625 0.01484375 0.1625 0.0296875
0 0.175 0.1796875 0.196875 0.1765625
1 0.00703125 0.02109375 0.0140625 0.0265625
1 0.0140625 0.19375 0.025 0.0265625
1 0.00234375 0.2015625 0.0046875 0.01875
1 0.5921875 0.0921875 0.015625 0.01875
0 0.67890625 0.10234375 0.1921875 0.2046875
0 0.6921875 0.2875 0.0921875 0.01875
0 0.759375 0.2828125 0.0203125 0.0265625
1 0.8828125 0.171875 0.034375 0.0390625
1 0.9609375 0.184375 0.01875 0.0375
0 0.19921875 0.9765625 0.1390625 0.046875
0 0.18828125 0.92421875 0.1828125 0.1515625
0 0.178125 0.690625 0.225 0.153125
1 0.5296875 0.846875 0.0203125 0.0296875
0 0.91875 0.7734375 0.0953125 0.16875
1 0.8859375 0.865625 0.01875 0.025
1 0.853125 0.990625 0.0328125 0.015625
0 0.82890625 0.91953125 0.3421875 0.1609375
0 0.7796875 0.7140625 0.15 0.0484375
0 0.8484375 0.778125 0.1171875 0.121875
1 0.7375 0.9890625 0.0078125 0.015625
1 0.690625 0.9453125 0.0109375 0.0171875
1 0.521875 0.9609375 0.00625 0.009375
1 0.6640625 0.7578125 0.04375 0.040625