1 0.040625 0.475 0.0078125 0.00625
1 0.115625 0.2015625 0.0109375 0.0109375
1 0.1375 0.2203125 0.0234375 0.0078125
1 0.3265625 0.0203125 0.0125 0.0078125
1 0.4265625 0.1109375 0.0171875 0.01875
0 0.3921875 0.1671875 0.125 0.328125
0 0.02265625 0.11640625 0.0453125 0.2171875
1 0.675 0.503125 0.009375 0.0328125
1 0.7546875 0.0875 0.0171875 0.028125
1 0.7640625 0.5171875 0.053125 0.025
1 0.7609375 0.0453125 0.0296875 0.0171875
1 0.7828125 0.1546875 0.0171875 0.021875
1 0.778125 0.21875 0.0375 0.0171875
1 0.79375 0.5125 0.0125 0.0125
1 0.796875 0.090625 0.01875 0.01875
1 0.79453125 0.021875 0.0296875 0.04375
1 0.80625 0.4 0.0109375 0.0265625
1 0.815625 0.05625 0.0390625 0.015625
1 0.8421875 0.2296875 0.009375 0.025
1 0.884375 0.00625 0.053125 0.0125
1 0.878125 0.2625 0.0265625 0.0125
1 0.8875 0.178125 0.0265625 0.01875
1 0.91875 0.5109375 0.025 0.01875
1 0.9484375 0.1578125 0.0265625 0.028125
1 0.93828125 0.00625 0.0296875 0.0125
1 0.9796875 0.0234375 0.0265625 0.0171875
1 0.9890625 0.275 0.0171875 0.03125
1 0.9953125 0.31328125 0.009375 0.0109375
1 0.96953125 0.046875 0.0609375 0.04375
1 0.7203125 0.1546875 0.015625 0.028125
1 0.7109375 0.175 0.0625 0.025
1 0.7265625 0.1796875 0.01875 0.0234375
1 0.76875 0.21875 0.009375 0.046875
1 0.78125 0.2359375 0.0234375 0.0234375
1 0.68671875 0.04765625 0.0734375 0.0640625
1 0.65703125 0.03046875 0.0140625 0.0328125
1 0.76015625 0.00859375 0.0609375 0.0171875
1 0.74375 0.009375 0.0203125 0.0171875
1 0.840625 0.1015625 0.03125 0.03125
1 0.8484375 0.05625 0.08125 0.109375
1 0.765625 0.26875 0.009375 0.0171875
1 0.67890625 0.2609375 0.0578125 0.046875
1 0.8515625 0.2390625 0.00625 0.00625
1 0.8734375 0.2625 0.0171875 0.034375
1 0.840625 0.271875 0.0453125 0.0234375
1 0.8703125 0.2859375 0.0234375 0.0171875
1 0.665625 0.4828125 0.03125 0.05
1 0.8921875 0.3140625 0.040625 0.0515625
1 0.8859375 0.340625 0.0265625 0.0125
1 0.875 0.353125 0.034375 0.0171875
1 0.9296875 0.025 0.021875 0.025
1 0.9828125 0.11171875 0.034375 0.0765625
1 0.9546875 0.06875 0.04375 0.05625
1 0.9390625 0.053125 0.121875 0.10625
1 0.890625 0.134375 0.028125 0.05
1 0.8734375 0.125 0.0328125 0.0546875
1 0.971875 0.1609375 0.0203125 0.0234375
1 0.9890625 0.1671875 0.021875 0.025
1 0.921875 0.1671875 0.04375 0.0453125
1 0.8703125 0.2 0.0328125 0.025
1 0.8984375 0.19375 0.0390625 0.034375
1 0.9296875 0.2546875 0.025 0.0234375
1 0.909375 0.2484375 0.034375 0.03125
1 0.959375 0.2015625 0.04375 0.059375
1 0.9625 0.2546875 0.0328125 0.0625
0 0.9453125 0.33671875 0.109375 0.1546875
1 0.79375 0.3796875 0.028125 0.0171875
0 0.8546875 0.371875 0.13125 0.1484375
1 0.884375 0.496875 0.0375 0.046875
1 0.84921875 0.496875 0.0515625 0.065625
1 0.8625 0.459375 0.0390625 0.015625
0 0.7265625 0.3734375 0.146875 0.1328125
0 0.69140625 0.3328125 0.0828125 0.115625
0 0.684375 0.4125 0.06875 0.09375
1 0.321875 0.6265625 0.0125 0.0125
1 0.2640625 0.61875 0.0390625 0.0453125
1 0.1875 0.796875 0.0140625 0.0171875
1 0.3140625 0.7140625 0.021875 0.0640625
1 0.4984375 0.6703125 0.015625 0.0140625
1 0.3953125 0.8859375 0.01875 0.0203125
1 0.4984375 0.978125 0.0296875 0.040625
1 0.4 0.9625 0.0484375 0.053125
1 0.2140625 0.878125 0.03125 0.0234375
1 0.215625 0.8796875 0.0109375 0.0078125
1 0.2671875 0.9140625 0.0171875 0.0125
1 0.4796875 0.9953125 0.021875 0.009375
0 0.203125 0.63984375 0.40625 0.2203125
0 0.0859375 0.69375 0.171875 0.3
0 0.4625 0.696875 0.128125 0.334375
0 0.509375 0.640625 0.0328125 0.0953125
0 0.5109375 0.7046875 0.0296875 0.0140625
0 0.515625 0.7296875 0.021875 0.0125
1 0.3640625 0.6859375 0.015625 0.0390625
1 0.9890625 0.5625 0.021875 0.01875
1 0.90625 0.5515625 0.0375 0.0390625
1 0.884375 0.54375 0.0171875 0.015625
1 0.978125 0.6015625 0.0296875 0.0171875
1 0.98125 0.6984375 0.028125 0.034375
1 0.9625 0.7796875 0.0234375 0.0296875
1 0.8625 0.6890625 0.015625 0.03125
1 0.8859375 0.6484375 0.025 0.021875
1 0.9390625 0.690625 0.021875 0.021875
1 0.903125 0.7875 0.0265625 0.01875
1 0.91875 0.8171875 0.0140625 0.0265625
1 0.890625 0.7671875 0.021875 0.0109375
1 0.884375 0.7296875 0.0203125 0.015625
1 0.8390625 0.7734375 0.015625 0.03125
1 0.853125 0.80625 0.028125 0.03125
1 0.9390625 0.6640625 0.01875 0.0234375
1 0.921875 0.678125 0.0203125 0.01875
1 0.8484375 0.609375 0.0234375 0.01875
1 0.81875 0.6171875 0.0203125 0.015625
1 0.8109375 0.6625 0.015625 0.009375
1 0.80625 0.8 0.028125 0.0234375
1 0.7140625 0.559375 0.0203125 0.015625
1 0.725 0.5921875 0.021875 0.01875
1 0.684375 0.640625 0.01875 0.0234375
1 0.7078125 0.65625 0.01875 0.021875
1 0.6953125 0.671875 0.0265625 0.0375
1 0.6796875 0.665625 0.0140625 0.034375
1 0.7109375 0.6703125 0.015625 0.0171875
1 0.753125 0.790625 0.0296875 0.025
1 0.75 0.809375 0.0234375 0.0265625
1 0.7828125 0.79375 0.0140625 0.0125
1 0.7203125 0.840625 0.01875 0.015625
1 0.83125 0.9453125 0.0203125 0.0203125
1 0.825 0.96875 0.0265625 0.0234375
1 0.98125 0.9421875 0.015625 0.015625
0 0.94453125 0.8921875 0.1109375 0.109375
0 0.8546875 0.8828125 0.103125 0.1265625
1 0.8375 0.81875 0.0265625 0.0203125
1 0.871875 0.91875 0.0203125 0.0140625
1 0.8671875 0.940625 0.025 0.0140625
1 0.871875 0.9625 0.028125 0.015625
1 0.8640625 0.95 0.0234375 0.00625
1 0.778125 0.8265625 0.0125 0.009375
0 0.759375 0.8796875 0.1 0.1484375
1 0.753125 0.8953125 0.009375 0.0125
0 0.7125 0.8921875 0.1078125 0.1609375
0 0.66640625 0.86953125 0.0328125 0.1078125