1 0.275 0.403125 0.0421875 0.0265625
0 0.0484375 0.153125 0.053125 0.0515625
1 0.01484375 0.30390625 0.0296875 0.0390625
1 0.2046875 0.3328125 0.0109375 0.0125
0 0.08046875 0.33359375 0.1609375 0.1671875
1 0.01015625 0.184375 0.0203125 0.034375
0 0.0203125 0.19296875 0.040625 0.1296875
1 0.934375 0.178125 0.0546875 0.025
1 0.70625 0.196875 0.01875 0.0171875
1 0.6953125 0.2609375 0.0453125 0.040625
1 0.5265625 0.3921875 0.0109375 0.0125
1 0.715625 0.3109375 0.0609375 0.0390625
0 0.5453125 0.2953125 0.153125 0.128125
0 0.55546875 0.19453125 0.1734375 0.1546875
0 0.43359375 0.98359375 0.0703125 0.0328125
0 0.453125 0.77734375 0.03125 0.0609375
0 0.4484375 0.8296875 0.040625 0.075
1 0.425 0.85 0.0265625 0.0546875
1 0.340625 0.6578125 0.040625 0.03125
0 0.44296875 0.67109375 0.0515625 0.0828125
0 0.43515625 0.5984375 0.0671875 0.09375
0 0.440625 0.50859375 0.05625 0.0609375
1 0.3625 0.9171875 0.0234375 0.028125
1 0.2359375 0.9046875 0.0265625 0.0265625
1 0.3328125 0.8671875 0.0296875 0.028125
1 0.3265625 0.7890625 0.0234375 0.01875
1 0.315625 0.88125 0.028125 0.0234375
1 0.2453125 0.8796875 0.0265625 0.021875
1 0.3234375 0.9296875 0.01875 0.0203125
1 0.2140625 0.946875 0.01875 0.01875
1 0.1421875 0.9578125 0.0359375 0.0234375
1 0.2140625 0.96875 0.0265625 0.0359375
1 0.159375 0.9875 0.01875 0.0203125
1 0.053125 0.940625 0.0296875 0.0171875
1 0.0296875 0.9359375 0.0203125 0.015625
1 0.003125 0.9375 0.00625 0.034375
1 0.146875 0.915625 0.028125 0.0265625
1 0.2125 0.8921875 0.025 0.0171875
1 0.215625 0.7890625 0.040625 0.0375
1 0.23125 0.821875 0.0265625 0.03125
1 0.2 0.83125 0.025 0.0171875
1 0.2140625 0.8203125 0.03125 0.03125
1 0.2359375 0.521875 0.025 0.0296875
1 0.2203125 0.5796875 0.071875 0.05625
1 0.1578125 0.5984375 0.0296875 0.0234375
1 0.2265625 0.640625 0.04375 0.0265625
1 0.1921875 0.659375 0.03125 0.03125
1 0.20625 0.6109375 0.0203125 0.025
1 0.190625 0.54375 0.0234375 0.0265625
1 0.2328125 0.7109375 0.0203125 0.0203125
1 0.06875 0.6375 0.03125 0.01875
1 0.00859375 0.64375 0.0171875 0.025
1 0.0796875 0.559375 0.0203125 0.025
1 0.0515625 0.5796875 0.03125 0.0234375
1 0.015625 0.5921875 0.0203125 0.0234375
1 0.13125 0.703125 0.0203125 0.03125
1 0.115625 0.69375 0.0265625 0.0234375
1 0.046875 0.6625 0.01875 0.015625
1 0.08125 0.6546875 0.0296875 0.021875
1 0.0609375 0.7421875 0.0203125 0.028125
1 0.02734375 0.7484375 0.0546875 0.05
1 0.00390625 0.79609375 0.0078125 0.0171875
1 0.0375 0.828125 0.0296875 0.021875
1 0.0328125 0.8625 0.025 0.028125
1 0.0421875 0.84375 0.0171875 0.015625
1 0.05625 0.8234375 0.021875 0.015625
1 0.9859375 0.83046875 0.028125 0.0859375
1 0.9609375 0.78125 0.0578125 0.0546875
1 0.9640625 0.7296875 0.028125 0.03125
1 0.878125 0.8265625 0.0546875 0.0296875
1 0.97265625 0.9953125 0.0328125 0.009375
1 0.95703125 0.98828125 0.0203125 0.0234375
1 0.84921875 0.98359375 0.0671875 0.0328125
1 0.803125 0.9859375 0.0328125 0.0234375
1 0.76875 0.8140625 0.0546875 0.046875
0 0.6609375 0.7734375 0.1453125 0.15
0 0.671875 0.865625 0.146875 0.09375
0 0.675 0.9421875 0.1671875 0.1046875
1 0.68671875 0.99765625 0.0296875 0.0046875
1 0.5046875 0.8 0.0546875 0.04375
1 0.4796875 0.859375 0.021875 0.05625
1 0.4890625 0.8953125 0.0328125 0.0296875
1 0.496875 0.9203125 0.025 0.028125
1 0.5078125 0.8703125 0.0203125 0.021875
1 0.546875 0.9078125 0.053125 0.0453125
1 0.50625 0.9765625 0.0359375 0.0296875
1 0.54765625 0.996875 0.0578125 0.00625