1 0.509375 0.0828125 0.015625 0.01875
1 0.4765625 0.10625 0.0203125 0.01875
1 0.328125 0.15 0.015625 0.0234375
1 0.30625 0.175 0.028125 0.021875
1 0.2875 0.165625 0.034375 0.015625
1 0.2046875 0.3234375 0.0609375 0.065625
1 0.2359375 0.3484375 0.0203125 0.021875
0 0.4765625 0.22890625 0.084375 0.1953125
0 0.428125 0.2421875 0.0859375 0.1515625
0 0.3515625 0.2296875 0.103125 0.1
0 0.26875 0.23125 0.090625 0.228125
0 0.178125 0.240625 0.1109375 0.1015625
1 0.1984375 0.2578125 0.0421875 0.03125
1 0.503125 0.43046875 0.03125 0.0296875
1 0.5109375 0.4578125 0.0140625 0.0140625
1 0.4921875 0.4921875 0.0078125 0.0140625
1 0.4375 0.4625 0.0140625 0.015625
1 0.4328125 0.4828125 0.0078125 0.0078125
1 0.1640625 0.4453125 0.015625 0.0125
1 0.1625 0.48125 0.0140625 0.015625
1 0.4640625 0.659375 0.0203125 0.0265625
1 0.5046875 0.628125 0.0140625 0.015625
1 0.3390625 0.6578125 0.0203125 0.0171875
1 0.3171875 0.64375 0.021875 0.0203125
1 0.2453125 0.678125 0.01875 0.003125
1 0.4015625 0.5875 0.01875 0.009375
1 0.559375 0.3625 0.0171875 0.00625
1 0.59375 0.403125 0.015625 0.0078125
1 0.6109375 0.6265625 0.03125 0.025
1 0.63125 0.475 0.009375 0.0078125
1 0.6421875 0.5515625 0.015625 0.0109375
1 0.6890625 0.14375 0.0171875 0.0171875
1 0.696875 0.2484375 0.0078125 0.0078125
1 0.7015625 0.11875 0.05 0.021875
1 0.74375 0.1625 0.0125 0.0125
1 0.753125 0.40625 0.015625 0.0171875
1 0.76875 0.346875 0.053125 0.0546875
1 0.7953125 0.1609375 0.009375 0.0109375
1 0.8359375 0.58125 0.0265625 0.0203125
1 0.9140625 0.40625 0.015625 0.021875
1 0.7546875 0.01953125 0.0625 0.0390625
1 0.61484375 0.00703125 0.0265625 0.0140625
1 0.64765625 0.00703125 0.0265625 0.0140625
1 0.659375 0.0625 0.040625 0.0265625
0 0.8484375 0.140625 0.11875 0.1421875
0 0.9140625 0.1546875 0.090625 0.1453125
1 0.84375 0.0421875 0.0125 0.0390625
1 0.7078125 0.3640625 0.0234375 0.0265625
1 0.6703125 0.375 0.0609375 0.0234375
1 0.528125 0.5375 0.01875 0.05625
1 0.721875 0.55625 0.0390625 0.034375
1 0.5828125 0.203125 0.0234375 0.025
0 0.57421875 0.15546875 0.1109375 0.0671875
1 0.53671875 0.11484375 0.0359375 0.0484375
1 0.7046875 0.15625 0.06875 0.0359375
1 0.7265625 0.29375 0.015625 0.0328125
1 0.8171875 0.4328125 0.015625 0.015625
1 0.8015625 0.2609375 0.0390625 0.0421875
1 0.9078125 0.3046875 0.0234375 0.0171875
1 0.9453125 0.340625 0.028125 0.021875
1 0.871875 0.39375 0.046875 0.0609375
1 0.9515625 0.4171875 0.015625 0.0296875
1 0.953125 0.4546875 0.0109375 0.028125
1 0.2359375 0.9828125 0.0234375 0.01875
1 0.3234375 0.6890625 0.01875 0.01875
1 0.3765625 0.9359375 0.01875 0.0203125
1 0.4578125 0.925 0.0265625 0.0375
1 0.51640625 0.715625 0.0046875 0.01875
1 0.23359375 0.68359375 0.0234375 0.0078125
1 0.265625 0.9828125 0.01875 0.015625
1 0.37734375 0.98984375 0.0390625 0.0203125
1 0.68671875 0.684375 0.0390625 0.009375
1 0.71875 0.7046875 0.0203125 0.021875
1 0.7296875 0.7171875 0.0078125 0.0109375
1 0.6828125 0.7328125 0.009375 0.009375
1 0.553125 0.728125 0.0359375 0.03125
1 0.5453125 0.775 0.009375 0.009375
1 0.771875 0.7078125 0.0265625 0.0328125
1 0.7484375 0.7234375 0.075 0.0859375
1 0.7734375 0.7359375 0.025 0.0390625
1 0.7671875 0.7375 0.0375 0.03125
1 0.5203125 0.75703125 0.003125 0.0140625
1 0.7546875 0.9734375 0.059375 0.0390625
1 0.75859375 0.99609375 0.0203125 0.0078125
1 0.740625 0.996875 0.028125 0.00625
1 0.6984375 0.9421875 0.0109375 0.0125
1 0.7125 0.965625 0.025 0.0171875
1 0.709375 0.9859375 0.0203125 0.01875
1 0.7078125 0.990625 0.05 0.01875
1 0.62890625 0.9953125 0.0109375 0.009375
1 0.6546875 0.9703125 0.015625 0.0140625
1 0.61953125 0.99453125 0.0203125 0.0109375
1 0.56875 0.9453125 0.0203125 0.0203125
1 0.5296875 0.959375 0.01875 0.015625
1 0.52109375 0.95 0.0046875 0.025
1 0.7734375 0.86875 0.0140625 0.0171875
1 0.753125 0.8921875 0.0125 0.015625
1 0.74375 0.8921875 0.034375 0.0375
1 0.7265625 0.875 0.059375 0.065625
0 0.7296875 0.8390625 0.096875 0.05
1 0.7046875 0.8609375 0.071875 0.0421875
1 0.678125 0.81875 0.0390625 0.028125
1 0.6390625 0.8453125 0.0484375 0.046875
0 0.6734375 0.8578125 0.0828125 0.071875
1 0.5890625 0.846875 0.0640625 0.0796875
1 0.5796875 0.78125 0.0078125 0.0078125
1 0.5546875 0.790625 0.009375 0.0109375
0 0.55078125 0.8875 0.0640625 0.121875
0 0.54453125 0.8578125 0.0515625 0.140625