1 0.1984375 0.4875 0.034375 0.025
1 0.0765625 0.453125 0.015625 0.0234375
1 0.203125 0.3765625 0.0078125 0.0140625
1 0.18125 0.3671875 0.00625 0.015625
1 0.1953125 0.3515625 0.015625 0.0140625
0 0.040625 0.25625 0.08125 0.221875
1 0.0671875 0.21875 0.03125 0.0265625
1 0.078125 0.228125 0.0265625 0.01875
1 0.075 0.2890625 0.0078125 0.0140625
1 0.00703125 0.27109375 0.0140625 0.0078125
1 0.13125 0.190625 0.0234375 0.0109375
1 0.134375 0.15625 0.0203125 0.0140625
1 0.2015625 0.2828125 0.015625 0.0265625
0 0.1640625 0.203125 0.1609375 0.2203125
1 0.0625 0.0171875 0.0390625 0.034375
0 0.4921875 0.45546875 0.115625 0.0890625
0 0.64921875 0.4390625 0.1015625 0.121875
1 0.709375 0.4359375 0.0265625 0.0296875
1 0.5375 0.3078125 0.021875 0.0140625
1 0.546875 0.28125 0.0234375 0.0234375
1 0.5625 0.3171875 0.01875 0.0171875
1 0.6140625 0.3703125 0.0203125 0.0296875
1 0.6140625 0.2515625 0.021875 0.01875
1 0.696875 0.2625 0.0375 0.0390625
1 0.71875 0.2703125 0.0171875 0.015625
0 0.7984375 0.46171875 0.11875 0.0765625
0 0.8703125 0.446875 0.1 0.10625
1 0.85 0.390625 0.0234375 0.025
0 0.9375 0.453125 0.0484375 0.0828125
1 0.4390625 0.2421875 0.009375 0.0234375
1 0.46875 0.1296875 0.0171875 0.0203125
1 0.5125 0.1359375 0.0296875 0.0234375
1 0.55 0.2390625 0.0265625 0.0234375
1 0.5328125 0.2109375 0.015625 0.0125
1 0.5234375 0.1609375 0.0203125 0.01875
1 0.53125 0.1484375 0.0203125 0.0140625
1 0.5421875 0.165625 0.0234375 0.0265625
1 0.51875 0.1421875 0.0234375 0.015625
1 0.553125 0.203125 0.0125 0.0125
1 0.578125 0.146875 0.0375 0.0328125
1 0.5734375 0.0546875 0.0296875 0.021875
1 0.5921875 0.009375 0.015625 0.01875
1 0.584375 0.20625 0.0234375 0.0296875
1 0.625 0.2125 0.0296875 0.0171875
1 0.621875 0.115625 0.028125 0.034375
1 0.640625 0.034375 0.0234375 0.0296875
1 0.740625 0.125 0.015625 0.03125
1 0.7171875 0.165625 0.025 0.021875
1 0.6640625 0.1234375 0.021875 0.021875
1 0.7 0.0265625 0.0265625 0.01875
1 0.68359375 0.0046875 0.0140625 0.009375
1 0.7125 0.046875 0.021875 0.0109375
1 0.71875 0.084375 0.0203125 0.015625
1 0.7640625 0.040625 0.015625 0.03125
1 0.75 0.01171875 0.028125 0.0234375
1 0.6640625 0.15 0.01875 0.0234375
1 0.68125 0.1359375 0.0203125 0.01875
1 0.7546875 0.2046875 0.0234375 0.01875
1 0.784375 0.196875 0.0203125 0.015625
1 0.7921875 0.1515625 0.015625 0.009375
1 0.796875 0.0140625 0.028125 0.0234375
1 0.8890625 0.2546875 0.0203125 0.015625
1 0.878125 0.221875 0.021875 0.01875
1 0.91875 0.1734375 0.01875 0.0234375
1 0.8953125 0.1578125 0.01875 0.021875
1 0.9078125 0.1421875 0.0265625 0.0375
1 0.9234375 0.1484375 0.0140625 0.034375
1 0.8921875 0.14375 0.015625 0.0171875
1 0.85 0.0234375 0.0296875 0.025
1 0.85234375 0.00859375 0.0234375 0.0171875
1 0.8203125 0.0203125 0.0140625 0.0125
1 0.4421875 0.03125 0.0140625 0.0125
0 0.49140625 0.0125 0.1140625 0.025
1 0.76484375 0.00234375 0.0265625 0.0046875
1 0.459375 0.2140625 0.028125 0.025
0 0.053125 0.74140625 0.10625 0.2453125
1 0.1 0.7734375 0.06875 0.090625
0 0.3359375 0.7125 0.040625 0.0609375
0 0.5046875 0.896875 0.1859375 0.1390625
0 0.596875 0.8859375 0.2125 0.1828125
1 0.77578125 0.515625 0.0453125 0.03125
0 0.8609375 0.875 0.153125 0.225
1 0.5171875 0.5421875 0.025 0.0171875