1 0.246875 0.0109375 0.0109375 0.009375
1 0.41875 0.0140625 0.0203125 0.0171875
1 0.371875 0.025 0.015625 0.009375
1 0.30625 0.0453125 0.03125 0.0203125
1 0.240625 0.0515625 0.0296875 0.0265625
1 0.2609375 0.0921875 0.03125 0.0390625
1 0.05625 0.1203125 0.0203125 0.021875
1 0.3671875 0.121875 0.0359375 0.021875
1 0.2140625 0.19375 0.009375 0.0171875
1 0.1109375 0.171875 0.05625 0.0703125
1 0.35625 0.2578125 0.0265625 0.0203125
1 0.34375 0.2890625 0.04375 0.0390625
1 0.3453125 0.3328125 0.0171875 0.015625
0 0.0734375 0.08671875 0.146875 0.1734375
0 0.10546875 0.2125 0.2109375 0.109375
1 0.103125 0.3125 0.0375 0.021875
1 0.046875 0.2859375 0.0453125 0.0234375
0 0.09140625 0.325 0.1828125 0.0875
1 0.94375 0.2375 0.00625 0.0171875
1 0.946875 0.2234375 0.0109375 0.0296875
1 0.96875 0.2375 0.0171875 0.015625
1 0.7203125 0.215625 0.0109375 0.0140625
0 0.525 0.2796875 0.171875 0.140625
0 0.5828125 0.271875 0.06875 0.1234375
0 0.509375 0.228125 0.01875 0.0359375
0 0.4984375 0.2390625 0.0390625 0.059375
0 0.39765625 0.978125 0.0703125 0.04375
1 0.3734375 0.959375 0.0078125 0.0171875
1 0.3984375 0.94375 0.0078125 0.0109375
1 0.125 0.878125 0.028125 0.0359375
1 0.0375 0.8578125 0.03125 0.0296875
1 0.065625 0.6390625 0.0234375 0.0328125
1 0.05 0.65625 0.0390625 0.0421875
1 0.053125 0.6734375 0.0125 0.0109375
1 0.2171875 0.84375 0.1125 0.1140625
1 0.42109375 0.7703125 0.0359375 0.025
0 0.39296875 0.6625 0.0921875 0.140625
1 0.321875 0.665625 0.040625 0.03125
0 0.43125 0.61015625 0.015625 0.0359375
0 0.4203125 0.621875 0.0375 0.059375
1 0.5703125 0.609375 0.0328125 0.0546875
0 0.90390625 0.50078125 0.1921875 0.2640625
0 0.8359375 0.646875 0.203125 0.3609375
1 0.7265625 0.5828125 0.046875 0.025
0 0.825 0.7734375 0.1421875 0.109375
1 0.475 0.5765625 0.0484375 0.0609375
1 0.44765625 0.5859375 0.0171875 0.059375
1 0.5640625 0.8125 0.0375 0.0296875