1 0.340625 0.0140625 0.015625 0.0234375
1 0.2140625 0.090625 0.0078125 0.0140625
1 0.2359375 0.1 0.00625 0.015625
1 0.221875 0.115625 0.015625 0.0140625
1 0.490625 0.2390625 0.0984375 0.0703125
1 0.459375 0.36875 0.0140625 0.00625
1 0.4265625 0.328125 0.0125 0.0078125
0 0.45625 0.2109375 0.2421875 0.221875
1 0.35 0.2484375 0.03125 0.0265625
1 0.3390625 0.2390625 0.0265625 0.01875
1 0.3421875 0.178125 0.0078125 0.0140625
1 0.4109375 0.1953125 0.015625 0.0078125
1 0.2859375 0.2765625 0.0234375 0.0109375
1 0.2828125 0.3109375 0.0203125 0.0140625
1 0.215625 0.184375 0.015625 0.0265625
0 0.253125 0.2640625 0.1609375 0.2203125
1 0.55 0.465625 0.025 0.034375
1 0.4859375 0.4359375 0.05 0.0359375
1 0.4203125 0.471875 0.034375 0.0359375
1 0.3546875 0.45 0.0390625 0.034375
1 0.49375 0.21875 0.009375 0.015625
1 0.6734375 0.465625 0.009375 0.0125
1 0.675 0.1265625 0.0140625 0.0234375
1 0.721875 0.240625 0.01875 0.0125
1 0.8453125 0.309375 0.015625 0.0125
1 0.91875 0.159375 0.0328125 0.0296875
1 0.9453125 0.0359375 0.015625 0.01875
1 0.9515625 0.478125 0.0109375 0.0203125
1 0.9578125 0.5 0.009375 0.0078125
1 0.978125 0.0484375 0.0109375 0.009375
0 0.93046875 0.428125 0.1390625 0.115625
1 0.75 0.13125 0.0140625 0.0234375
1 0.7921875 0.1453125 0.0109375 0.025
1 0.834375 0.1453125 0.0109375 0.0234375
1 0.99609375 0.10703125 0.0078125 0.0234375
1 0.6703125 0.3140625 0.003125 0.015625
1 0.6703125 0.3375 0.003125 0.01875
1 0.8171875 0.30625 0.0203125 0.0203125
1 0.728125 0.46875 0.009375 0.0109375
1 0.6984375 0.4265625 0.05625 0.0609375
1 0.79375 0.45 0.01875 0.05625
1 0.0140625 0.6671875 0.028125 0.03125
1 0.2203125 0.7859375 0.0171875 0.015625
1 0.225 0.6078125 0.009375 0.0078125
1 0.2296875 0.7046875 0.0140625 0.0078125
1 0.2296875 0.946875 0.0421875 0.0359375
1 0.2609375 0.96875 0.0234375 0.0203125
0 0.29375 0.734375 0.0421875 0.0453125
1 0.3078125 0.5828125 0.025 0.0265625
0 0.00859375 0.7625 0.0171875 0.16875
0 0.0609375 0.75 0.0921875 0.1375
0 0.121875 0.746875 0.1015625 0.1296875
1 0.06875 0.9078125 0.0265625 0.0203125
1 0.0578125 0.9515625 0.0171875 0.0109375
1 0.040625 0.9421875 0.0265625 0.025
1 0.1015625 0.9625 0.0109375 0.0078125
1 0.078125 0.959375 0.0140625 0.0171875
1 0.1828125 0.9390625 0.025 0.0234375
1 0.1671875 0.8015625 0.015625 0.0109375
1 0.1890625 0.7546875 0.0203125 0.021875
1 0.1765625 0.990625 0.0171875 0.0140625
1 0.2296875 0.9171875 0.01875 0.021875
1 0.24375 0.925 0.0171875 0.01875
1 0.2296875 0.934375 0.0375 0.015625
1 0.2640625 0.9859375 0.01875 0.01875
1 0.28125 0.875 0.01875 0.025
1 0.2703125 0.90625 0.0234375 0.021875
1 0.2390625 0.840625 0.0234375 0.0203125
1 0.2359375 0.803125 0.0140625 0.0203125
1 0.146875 0.83125 0.01875 0.015625
1 0.175 0.76875 0.0171875 0.0140625
1 0.35 0.921875 0.0171875 0.015625
1 0.3421875 0.9828125 0.0078125 0.015625
1 0.3625 0.921875 0.0078125 0.021875
1 0.865625 0.8296875 0.0171875 0.015625
1 0.915625 0.6609375 0.0109375 0.0140625
1 0.990625 0.7296875 0.015625 0.015625
1 0.97734375 0.75234375 0.0453125 0.0453125
1 0.903125 0.6890625 0.0703125 0.0359375
1 0.8515625 0.7015625 0.021875 0.021875
1 0.85 0.68125 0.01875 0.015625
1 0.7859375 0.659375 0.028125 0.0234375
1 0.7015625 0.6578125 0.009375 0.0109375
1 0.678125 0.6796875 0.0203125 0.0109375
1 0.71875 0.6953125 0.009375 0.015625
1 0.7515625 0.7046875 0.0515625 0.0640625
1 0.7578125 0.7453125 0.034375 0.0296875
1 0.7234375 0.73125 0.0625 0.0984375
1 0.7375 0.8 0.040625 0.03125
0 0.6765625 0.703125 0.0765625 0.084375
1 0.8421875 0.6921875 0.028125 0.028125
0 0.828125 0.7265625 0.08125 0.0875
1 0.9375 0.8234375 0.025 0.0296875
1 0.871875 0.7921875 0.0140625 0.01875
1 0.8171875 0.7953125 0.025 0.0328125
1 0.7890625 0.8453125 0.05625 0.05625
1 0.69375 0.9734375 0.01875 0.0140625
1 0.8859375 0.89375 0.0203125 0.021875
1 0.8609375 0.9125 0.046875 0.0234375
1 0.821875 0.921875 0.0234375 0.021875
1 0.9484375 0.98046875 0.040625 0.0390625