1 0.5421875 0.015625 0.05625 0.03125
1 0.128125 0.0671875 0.0375 0.0484375
1 0.16875 0.05 0.0359375 0.0375
1 0.1421875 0.1015625 0.0546875 0.046875
1 0.1609375 0.15625 0.053125 0.09375
1 0.11875 0.190625 0.0671875 0.065625
0 0.0515625 0.2125 0.0953125 0.0484375
0 0.03984375 0.16875 0.0796875 0.13125
1 0.3203125 0.0140625 0.06875 0.028125
1 0.43515625 0.0265625 0.0609375 0.053125
1 0.49375 0.01328125 0.025 0.0265625
1 0.3703125 0.09375 0.046875 0.0640625
1 0.3375 0.134375 0.0453125 0.0328125
1 0.2859375 0.1546875 0.109375 0.0703125
1 0.2328125 0.021875 0.028125 0.04375
1 0.2671875 0.05 0.0515625 0.059375
1 0.221875 0.0921875 0.0140625 0.028125
1 0.259375 0.1015625 0.05 0.0328125
1 0.3984375 0.2203125 0.053125 0.03125
0 0.52109375 0.065625 0.1765625 0.0875
0 0.54453125 0.15625 0.1296875 0.159375
0 0.046875 0.078125 0.0703125 0.103125
1 0.109375 0.028125 0.15625 0.05625
1 0.796875 0.1515625 0.0125 0.0140625
0 0.675 0.1 0.13125 0.2
0 0.68515625 0.17734375 0.1515625 0.2328125
1 0.2078125 0.5125 0.0078125 0.0109375
1 0.3421875 0.5265625 0.0125 0.0328125
1 0.59453125 0.57578125 0.0296875 0.0203125
1 0.596875 0.615625 0.009375 0.009375
1 0.1734375 0.628125 0.0203125 0.0125
1 0.05 0.659375 0.0125 0.0078125
1 0.2828125 0.6640625 0.0203125 0.025
1 0.58984375 0.7 0.0390625 0.03125
1 0.025 0.75625 0.040625 0.034375
1 0.2203125 0.75625 0.0609375 0.053125
1 0.24375 0.8765625 0.034375 0.0125
1 0.046875 0.88125 0.009375 0.0140625
1 0.59296875 0.93046875 0.0328125 0.0296875
1 0.1984375 0.953125 0.0109375 0.0078125
1 0.3875 0.9515625 0.0171875 0.03125
1 0.4328125 0.9796875 0.0109375 0.0171875
1 0.59765625 0.98984375 0.0234375 0.0203125
1 0.3375 0.9875 0.0625 0.025
1 0.5984375 0.9109375 0.021875 0.05
1 0.4375 0.659375 0.0546875 0.0515625
1 0.478125 0.684375 0.0234375 0.01875
1 0.453125 0.7140625 0.034375 0.0171875
0 0.13515625 0.91875 0.2703125 0.125
0 0.1078125 0.734375 0.215625 0.28125
1 0.0734375 0.65625 0.0234375 0.009375
0 0.10546875 0.60078125 0.2109375 0.1890625
1 0.103125 0.6 0.009375 0.0203125
1 0.81875 0.5078125 0.0125 0.009375
1 0.8765625 0.509375 0.009375 0.009375
1 0.6453125 0.53125 0.0203125 0.01875
1 0.9359375 0.5515625 0.0109375 0.0125
1 0.6390625 0.5625 0.0140625 0.00625
1 0.890625 0.5890625 0.00625 0.0125
1 0.703125 0.5984375 0.0078125 0.009375
1 0.9046875 0.609375 0.0078125 0.01875
1 0.659375 0.6859375 0.025 0.01875
1 0.86875 0.684375 0.0375 0.0359375
1 0.8421875 0.7140625 0.015625 0.021875
1 0.75 0.74375 0.0265625 0.0203125
1 0.890625 0.753125 0.0125 0.00625
1 0.6359375 0.775 0.0125 0.015625
1 0.9890625 0.775 0.0171875 0.015625
1 0.61640625 0.85078125 0.0140625 0.0234375
1 0.98125 0.8546875 0.01875 0.0140625
1 0.625 0.946875 0.015625 0.0203125
1 0.8625 0.921875 0.015625 0.0265625
1 0.86875 0.7953125 0.03125 0.0375
0 0.8140625 0.840625 0.2453125 0.1640625
0 0.8265625 0.625 0.2453125 0.1515625
0 0.9203125 0.56875 0.084375 0.134375