1 0.31875 0.596875 0.021875 0.0421875
1 0.2640625 0.534375 0.0671875 0.0421875
1 0.034375 0.1671875 0.0375 0.03125
1 0.1015625 0.00234375 0.028125 0.0046875
1 0.0828125 0.1484375 0.009375 0.00625
1 0.203125 0.2078125 0.0375 0.0328125
1 0.3 0.1453125 0.0296875 0.0296875
0 0.2546875 0.403125 0.2 0.4
0 0.1859375 0.3640625 0.325 0.2984375
0 0.096875 0.4328125 0.19375 0.290625
1 0.5703125 0.5703125 0.01875 0.0203125
1 0.6875 0.5609375 0.0375 0.03125
1 0.8328125 0.5125 0.040625 0.0578125
1 0.8125 0.5703125 0.0109375 0.0125
1 0.475 0.040625 0.0078125 0.0109375
1 0.490625 0.034375 0.0078125 0.0109375
1 0.503125 0.10625 0.0125 0.021875
0 0.5125 0.1578125 0.2671875 0.128125
1 0.5703125 0.146875 0.00625 0.0046875
1 0.6171875 0.1546875 0.0078125 0.0078125
1 0.7078125 0.1890625 0.0140625 0.0125
1 0.8515625 0.1390625 0.0203125 0.0078125
1 0.8625 0.15625 0.0109375 0.0078125
0 0.6953125 0.1828125 0.2078125 0.190625
0 0.8125 0.1671875 0.15625 0.0890625
1 0.88125 0.3328125 0.0328125 0.0359375
1 0.884375 0.3078125 0.0390625 0.0453125
1 0.884375 0.2953125 0.009375 0.0109375
1 0.859375 0.028125 0.0234375 0.0234375
1 0.5625 0.0359375 0.0078125 0.0109375
1 0.4640625 0.2796875 0.0078125 0.0109375
1 0.2796875 0.68125 0.0125 0.034375
1 0.2046875 0.825 0.03125 0.0171875
1 0.1765625 0.8703125 0.0171875 0.0109375
1 0.159375 0.775 0.04375 0.0625
0 0.6375 0.8296875 0.134375 0.0953125
0 0.71953125 0.86640625 0.2953125 0.2671875
1 0.6453125 0.7015625 0.0203125 0.025
0 0.871875 0.80390625 0.253125 0.3078125