1 0.5203125 0.07109375 0.01875 0.0203125
1 0.51796875 0.29296875 0.0234375 0.0234375
1 0.51328125 0.4140625 0.0328125 0.028125
1 0.49375 0.159375 0.046875 0.034375
1 0.403125 0.3140625 0.0328125 0.0171875
1 0.3484375 0.1421875 0.0140625 0.0125
1 0.3390625 0.321875 0.0265625 0.034375
1 0.3203125 0.146875 0.0109375 0.0078125
1 0.303125 0.0859375 0.015625 0.009375
1 0.29375 0.1546875 0.0171875 0.0125
1 0.2484375 0.2828125 0.015625 0.015625
1 0.240625 0.20625 0.01875 0.0171875
0 0.25625 0.4171875 0.11875 0.025
1 0.284375 0.240625 0.0296875 0.034375
1 0.4078125 0.3703125 0.015625 0.015625
0 0.42109375 0.4140625 0.0546875 0.03125
1 0.61328125 0.428125 0.0203125 0.003125
1 0.6203125 0.415625 0.034375 0.01875
1 0.621875 0.3546875 0.03125 0.0171875
1 0.63515625 0.4203125 0.0234375 0.01875
1 0.6265625 0.340625 0.0203125 0.0109375
1 0.6546875 0.33125 0.03125 0.03125
1 0.6921875 0.3875 0.0265625 0.025
1 0.7875 0.3515625 0.046875 0.0484375
1 0.790625 0.3953125 0.03125 0.0390625
1 0.7984375 0.4125 0.0140625 0.0140625
1 0.86875 0.3921875 0.040625 0.0359375
1 0.721875 0.4203125 0.009375 0.01875
0 0.7484375 0.325 0.1078125 0.1828125
0 0.7046875 0.30625 0.0734375 0.071875
0 0.95859375 0.3515625 0.0828125 0.115625
1 0.9625 0.3796875 0.0234375 0.034375
1 0.9921875 0.390625 0.0140625 0.009375
1 0.853125 0.3625 0.040625 0.0453125
0 0.9078125 0.328125 0.0828125 0.14375
0 0.859375 0.3359375 0.0578125 0.0390625
1 0.6078125 0.246875 0.003125 0.0109375
1 0.61875 0.225 0.0140625 0.0125
1 0.6125 0.1734375 0.0125 0.009375
1 0.6921875 0.0875 0.0296875 0.0140625
1 0.609375 0.0390625 0.0109375 0.0203125
1 0.7296875 0.0953125 0.01875 0.0203125
1 0.7453125 0.153125 0.021875 0.01875
1 0.8171875 0.1875 0.046875 0.0359375
1 0.790625 0.225 0.009375 0.009375
1 0.8890625 0.1828125 0.0296875 0.025
1 0.9453125 0.0171875 0.0203125 0.01875
1 0.98828125 0.0375 0.0234375 0.021875
1 0.9859375 0.0703125 0.028125 0.015625
1 0.9703125 0.0453125 0.0171875 0.0171875
1 0.5125 0.5328125 0.025 0.015625
1 0.4953125 0.5578125 0.025 0.0125
1 0.47109375 0.99453125 0.0234375 0.0109375
1 0.4796875 0.9703125 0.040625 0.03125
1 0.4609375 0.8828125 0.0203125 0.0203125
1 0.459375 0.728125 0.028125 0.015625
1 0.409375 0.990625 0.028125 0.015625
1 0.396875 0.8734375 0.025 0.021875
1 0.3828125 0.7875 0.0109375 0.0125
1 0.36875 0.853125 0.0203125 0.028125
1 0.375 0.525 0.034375 0.040625
1 0.328125 0.875 0.028125 0.0234375
1 0.340625 0.4890625 0.0234375 0.015625
1 0.3203125 0.5171875 0.0140625 0.0125
1 0.278125 0.9921875 0.0171875 0.015625
1 0.1828125 0.80625 0.0046875 0.0265625
1 0.1625 0.6234375 0.0203125 0.0234375
1 0.1609375 0.790625 0.0140625 0.025
1 0.1375 0.740625 0.015625 0.015625
1 0.1328125 0.99140625 0.028125 0.0171875
1 0.0984375 0.6234375 0.0171875 0.0125
1 0.090625 0.5125 0.021875 0.034375
1 0.2609375 0.8984375 0.0203125 0.0234375
1 0.34375 0.778125 0.0203125 0.01875
1 0.196875 0.8984375 0.0125 0.025
1 0.190625 0.884375 0.015625 0.0140625
1 0.28125 0.7953125 0.0171875 0.0234375
1 0.28125 0.8109375 0.021875 0.025
1 0.5015625 0.9921875 0.015625 0.015625
1 0.403125 0.9109375 0.021875 0.0203125
1 0.4265625 0.9 0.021875 0.015625
1 0.4671875 0.7671875 0.0140625 0.0203125
1 0.396875 0.74375 0.025 0.01875
1 0.51328125 0.62265625 0.0328125 0.0265625
0 0.49296875 0.66796875 0.0734375 0.0640625
1 0.459375 0.6875 0.028125 0.021875
0 0.39375 0.68125 0.1015625 0.140625
1 0.365625 0.709375 0.0296875 0.04375
1 0.34375 0.6328125 0.05 0.0546875
0 0.309375 0.696875 0.14375 0.1
0 0.2 0.69375 0.1125 0.0609375
0 0.1046875 0.671875 0.05 0.1
0 0.14375 0.6984375 0.0796875 0.0859375
1 0.1078125 0.534375 0.0234375 0.0171875
1 0.1296875 0.4671875 0.015625 0.0078125
1 0.1703125 0.5859375 0.0203125 0.0125
1 0.290625 0.5515625 0.0171875 0.015625
1 0.4390625 0.5734375 0.0203125 0.015625
1 0.4890625 0.5359375 0.0203125 0.0125
1 0.5125 0.4515625 0.01875 0.0171875
1 0.4359375 0.478125 0.03125 0.0234375
1 0.46875 0.509375 0.04375 0.0359375
1 0.440625 0.5 0.015625 0.015625
1 0.4484375 0.4859375 0.01875 0.0078125
1 0.465625 0.5203125 0.03125 0.0203125
1 0.240625 0.4859375 0.015625 0.0171875
1 0.15234375 0.43125 0.0390625 0.003125
1 0.2375 0.453125 0.015625 0.01875
1 0.225 0.453125 0.0125 0.0296875
1 0.209375 0.4484375 0.01875 0.0171875
1 0.203125 0.4359375 0.028125 0.0125
1 0.98046875 0.4671875 0.0390625 0.04375
1 0.97421875 0.98984375 0.0390625 0.0203125
1 0.946875 0.790625 0.021875 0.0203125
1 0.8734375 0.9484375 0.0171875 0.009375
1 0.8953125 0.8453125 0.0703125 0.05625
1 0.8203125 0.503125 0.0265625 0.01875
1 0.653125 0.9484375 0.0078125 0.015625
0 0.94609375 0.765625 0.1078125 0.23125
0 0.8546875 0.7578125 0.109375 0.375
1 0.7546875 0.8375 0.021875 0.0375
1 0.78125 0.78125 0.0234375 0.0453125
0 0.665625 0.825 0.2390625 0.184375
0 0.5703125 0.8015625 0.059375 0.1640625
1 0.5578125 0.796875 0.0328125 0.0296875
1 0.55625 0.8546875 0.03125 0.021875
1 0.646875 0.7125 0.025 0.028125
1 0.6421875 0.675 0.03125 0.0359375