1 0.034375 0.234375 0.0171875 0.01875
1 0.134375 0.2140625 0.0328125 0.015625
1 0.125 0.2921875 0.0109375 0.0046875
1 0.0359375 0.41796875 0.071875 0.1828125
1 0.2421875 0.234375 0.00625 0.0078125
1 0.2375 0.334375 0.0140625 0.0140625
1 0.3625 0.4515625 0.0234375 0.0203125
1 0.30625 0.4546875 0.0046875 0.0109375
0 0.29921875 0.34765625 0.1609375 0.1546875
1 0.26875 0.30625 0.0734375 0.0859375
0 0.30390625 0.16953125 0.1515625 0.1859375
0 0.27578125 0.47578125 0.2078125 0.0671875
1 0.940625 0.33125 0.01875 0.0140625
1 0.5921875 0.3234375 0.0078125 0.009375
1 0.846875 0.309375 0.009375 0.0125
1 0.8109375 0.303125 0.0109375 0.0078125
1 0.7015625 0.2640625 0.009375 0.0109375
1 0.6625 0.2515625 0.0078125 0.0109375
1 0.4140625 0.2359375 0.009375 0.0078125
1 0.703125 0.2109375 0.009375 0.0140625
1 0.69375 0.1953125 0.0109375 0.0140625
1 0.9328125 0.175 0.0078125 0.0125
1 0.9375 0.146875 0.0265625 0.0359375
1 0.6578125 0.1203125 0.0171875 0.0125
1 0.5046875 0.0140625 0.0140625 0.0078125
1 0.9375 0.01875 0.0265625 0.025
1 0.63046875 0.0015625 0.0109375 0.003125
1 0.9140625 0.00390625 0.0125 0.0078125
0 0.6890625 0.084375 0.134375 0.16875
0 0.7125 0.3375 0.103125 0.084375
0 0.69375 0.2265625 0.1703125 0.159375
1 0.96875 0.1421875 0.0140625 0.0078125
1 0.00390625 0.5640625 0.0078125 0.015625
1 0.0265625 0.896875 0.0265625 0.0234375
1 0.0078125 0.7875 0.015625 0.034375
1 0.0078125 0.66328125 0.015625 0.0171875
1 0.0375 0.51953125 0.053125 0.0203125
1 0.1375 0.5296875 0.040625 0.040625
1 0.15625 0.6453125 0.03125 0.0296875
1 0.0953125 0.6234375 0.025 0.021875
1 0.1421875 0.6921875 0.040625 0.0390625
1 0.1234375 0.6859375 0.01875 0.0234375
1 0.09375 0.715625 0.040625 0.0375
1 0.1171875 0.6984375 0.0171875 0.0234375
1 0.1078125 0.7078125 0.015625 0.0140625
1 0.134375 0.6984375 0.0265625 0.0234375
1 0.1328125 0.759375 0.0421875 0.0328125
1 0.0765625 0.778125 0.028125 0.0390625
1 0.1 0.78125 0.0109375 0.015625
1 0.103125 0.8953125 0.059375 0.040625
1 0.1125 0.86875 0.05 0.0515625
1 0.125 0.8015625 0.046875 0.0265625
1 0.0953125 0.81875 0.021875 0.01875
1 0.1109375 0.8359375 0.028125 0.0203125
1 0.1359375 0.853125 0.040625 0.0328125
1 0.2296875 0.853125 0.021875 0.0234375
1 0.1765625 0.840625 0.0484375 0.04375
1 0.175 0.8140625 0.0203125 0.0140625
1 0.2578125 0.7765625 0.009375 0.015625
1 0.3078125 0.7484375 0.0234375 0.01875
1 0.271875 0.6640625 0.0328125 0.0296875
1 0.24453125 0.52265625 0.0546875 0.0265625
1 0.30625 0.790625 0.0234375 0.021875
1 0.37421875 0.86640625 0.0109375 0.0296875
1 0.365625 0.7390625 0.0203125 0.01875
1 0.36875 0.72265625 0.021875 0.0078125
1 0.3703125 0.56875 0.0171875 0.0125
1 0.3734375 0.58125 0.0125 0.01875
0 0.24453125 0.559375 0.2703125 0.1
0 0.2953125 0.646875 0.16875 0.275
1 0.16875 0.7125 0.0171875 0.01875
1 0.121875 0.7203125 0.0265625 0.03125
0 0.28125 0.8390625 0.196875 0.153125
1 0.4390625 0.9 0.0109375 0.0046875
1 0.821875 0.759375 0.01875 0.0203125
0 0.64765625 0.9 0.1890625 0.2
0 0.621875 0.97578125 0.11875 0.0484375