1 0.4875 0.478125 0.009375 0.0125
1 0.4671875 0.1109375 0.015625 0.009375
1 0.359375 0.503125 0.015625 0.015625
1 0.275 0.125 0.0078125 0.0078125
1 0.2796875 0.4625 0.0203125 0.0171875
1 0.2640625 0.01875 0.0234375 0.0265625
1 0.209375 0.209375 0.0078125 0.0203125
0 0.390625 0.43828125 0.25625 0.2828125
0 0.3390625 0.440625 0.26875 0.1890625
1 0.24375 0.3640625 0.021875 0.0140625
1 0.23125 0.4390625 0.00625 0.00625
1 0.41953125 0.0671875 0.1171875 0.134375
1 0.903125 0.421875 0.021875 0.0203125
1 0.896875 0.3203125 0.025 0.0203125
1 0.88515625 0.00625 0.0203125 0.0125
1 0.821875 0.45 0.0109375 0.0078125
1 0.784375 0.540625 0.0265625 0.03125
1 0.778125 0.1765625 0.0171875 0.0171875
1 0.6296875 0.2 0.0125 0.0109375
0 0.65234375 0.55546875 0.1015625 0.0484375
1 0.6078125 0.1265625 0.0296875 0.0859375
1 0.5875 0.5375 0.0203125 0.0265625
1 0.5703125 0.5609375 0.0109375 0.0140625
0 0.89140625 0.56875 0.0578125 0.021875
1 0.6171875 0.446875 0.025 0.0328125
1 0.6953125 0.4875 0.0203125 0.0203125
1 0.7109375 0.4828125 0.0171875 0.028125
1 0.6140625 0.2765625 0.028125 0.0171875
1 0.5484375 0.28125 0.034375 0.0234375
1 0.765625 0.2921875 0.0265625 0.0328125
1 0.775 0.3234375 0.0359375 0.0390625
1 0.925 0.38125 0.03125 0.040625
0 0.5546875 0.065625 0.071875 0.109375
0 0.7390625 0.0640625 0.225 0.1234375
0 0.8828125 0.09375 0.1171875 0.1765625
1 0.7125 0.1390625 0.01875 0.01875
1 0.6796875 0.1375 0.0421875 0.046875
1 0.65 0.16875 0.0125 0.0140625
1 0.8984375 0.1515625 0.0140625 0.01875
1 0.8859375 0.140625 0.015625 0.015625
1 0.3078125 0.928125 0.0625 0.059375
1 0.2421875 0.703125 0.0484375 0.046875
1 0.221875 0.7546875 0.028125 0.0171875
1 0.20625 0.728125 0.01875 0.015625
1 0.1796875 0.646875 0.021875 0.03125
1 0.4734375 0.825 0.04375 0.046875
1 0.434375 0.646875 0.034375 0.0578125
1 0.4625 0.671875 0.03125 0.046875
1 0.4875 0.675 0.0171875 0.028125
1 0.490625 0.634375 0.0234375 0.0359375
1 0.3140625 0.790625 0.0234375 0.03125
1 0.3515625 0.7265625 0.0265625 0.0234375
1 0.4015625 0.8375 0.028125 0.028125
1 0.321875 0.6734375 0.025 0.028125
1 0.2859375 0.6328125 0.0828125 0.0578125
1 0.9 0.6015625 0.0140625 0.0125
1 0.98671875 0.60859375 0.0265625 0.0578125
1 0.8421875 0.6640625 0.0109375 0.0078125
1 0.846875 0.6890625 0.0125 0.00625
0 0.76328125 0.66953125 0.1109375 0.1796875
1 0.84375 0.6046875 0.025 0.04375
0 0.92421875 0.6125 0.1515625 0.065625
1 0.9734375 0.58125 0.009375 0.003125
1 0.8484375 0.965625 0.015625 0.01875