1 0.225 0.26875 0.0453125 0.03125
1 0.2671875 0.2921875 0.0234375 0.0296875
0 0.34140625 0.09921875 0.1765625 0.1984375
1 0.3640625 0.025 0.046875 0.0390625
0 0.33046875 0.1359375 0.1734375 0.271875
1 0.28125 0.1578125 0.015625 0.040625
1 0.2453125 0.0953125 0.0390625 0.028125
0 0.209375 0.065625 0.0203125 0.0796875
1 0.3640625 0.3640625 0.0265625 0.015625
1 0.253125 0.3984375 0.028125 0.03125
1 0.2765625 0.3578125 0.0203125 0.0171875
1 0.2921875 0.375 0.03125 0.0140625
1 0.2875 0.3921875 0.015625 0.015625
1 0.334375 0.26875 0.0296875 0.034375
1 0.28125 0.2421875 0.0171875 0.025
1 0.28125 0.2609375 0.028125 0.021875
1 0.35625 0.290625 0.0359375 0.0296875
1 0.38125 0.2703125 0.0375 0.034375
1 0.41484375 0.27578125 0.0296875 0.0421875
1 0.4203125 0.2953125 0.0140625 0.0171875
1 0.428125 0.2828125 0.003125 0.01875
1 0.540625 0.0484375 0.025 0.0234375
1 0.5609375 0.34375 0.03125 0.028125
0 0.58671875 0.04375 0.1671875 0.0875
0 0.9109375 0.06328125 0.178125 0.1265625
0 0.79375 0.046875 0.365625 0.09375
1 0.99375 0.053125 0.0125 0.01875
1 0.975 0.065625 0.028125 0.040625
1 0.99609375 0.178125 0.0078125 0.015625
1 0.9609375 0.2265625 0.015625 0.0140625
1 0.95625 0.209375 0.015625 0.01875
1 0.9578125 0.1390625 0.0234375 0.028125
1 0.9640625 0.1640625 0.0203125 0.0171875
1 0.9484375 0.1546875 0.0125 0.015625
1 0.9421875 0.1734375 0.03125 0.0265625
1 0.9578125 0.1765625 0.0109375 0.0140625
1 0.8796875 0.1375 0.021875 0.025
1 0.9328125 0.3078125 0.0234375 0.0203125
1 0.896875 0.353125 0.0359375 0.021875
1 0.9328125 0.38125 0.025 0.0328125
1 0.9125 0.4 0.0265625 0.0140625
1 0.909375 0.3828125 0.0234375 0.015625
1 0.8984375 0.3671875 0.025 0.0203125
1 0.8984375 0.196875 0.0140625 0.01875
1 0.9 0.1765625 0.0140625 0.0140625
1 0.890625 0.1828125 0.0109375 0.0140625
1 0.8296875 0.1484375 0.0203125 0.0265625
1 0.840625 0.1625 0.0125 0.015625
1 0.8046875 0.196875 0.0140625 0.0078125
1 0.8015625 0.2046875 0.0203125 0.0203125
1 0.778125 0.1984375 0.0109375 0.0140625
1 0.9796875 0.3625 0.0140625 0.0203125
1 0.8265625 0.384375 0.021875 0.015625
1 0.7953125 0.39375 0.0234375 0.028125
1 0.671875 0.29375 0.0296875 0.0265625
1 0.65 0.321875 0.025 0.0203125
1 0.653125 0.2953125 0.015625 0.015625
1 0.6875 0.1734375 0.01875 0.0234375
1 0.6859375 0.215625 0.0328125 0.0234375
1 0.6640625 0.18125 0.040625 0.028125
1 0.6484375 0.196875 0.01875 0.0171875
1 0.6390625 0.2078125 0.01875 0.0171875
1 0.615625 0.2125 0.025 0.025
1 0.58125 0.2015625 0.0296875 0.025
1 0.634375 0.18125 0.0234375 0.021875
1 0.5921875 0.14375 0.0234375 0.01875
1 0.6078125 0.128125 0.01875 0.021875
1 0.6265625 0.1375 0.015625 0.0140625
1 0.6828125 0.190625 0.015625 0.0125
1 0.6734375 0.1609375 0.015625 0.015625
1 0.678125 0.2015625 0.0265625 0.0234375
1 0.5625 0.2078125 0.0109375 0.0125
1 0.5453125 0.2046875 0.0171875 0.015625
1 0.5484375 0.3140625 0.021875 0.01875
1 0.51875 0.3046875 0.0234375 0.0203125
1 0.61875 0.3734375 0.0296875 0.0296875
1 0.5953125 0.3875 0.0328125 0.0125
1 0.590625 0.4015625 0.028125 0.021875
1 0.5703125 0.396875 0.01875 0.0171875
1 0.5484375 0.3875 0.03125 0.021875
1 0.5578125 0.4109375 0.01875 0.015625
1 0.5203125 0.4015625 0.0265625 0.0265625
1 0.621875 0.390625 0.0203125 0.0171875
1 0.146875 0.5234375 0.021875 0.025
1 0.121875 0.5484375 0.01875 0.0203125
1 0.2828125 0.5296875 0.0265625 0.0265625
1 0.296875 0.5578125 0.0375 0.0265625
1 0.353125 0.5359375 0.0171875 0.0171875
1 0.00078125 0.44453125 0.0015625 0.0078125
1 0.0640625 0.7859375 0.0296875 0.025
1 0.3546875 0.7515625 0.01875 0.0296875
1 0.42109375 0.81171875 0.0171875 0.0484375
1 0.425 0.97578125 0.009375 0.0171875
1 0.146875 0.99609375 0.01875 0.0078125
1 0.2734375 0.5421875 0.0203125 0.0578125
0 0.190625 0.7953125 0.2640625 0.1
0 0.0390625 0.78828125 0.078125 0.2140625
1 0.278125 0.8265625 0.0140625 0.025
1 0.2453125 0.853125 0.003125 0.0296875
1 0.215625 0.8578125 0.003125 0.05625
1 0.2796875 0.7359375 0.009375 0.009375
1 0.3171875 0.7703125 0.009375 0.046875
1 0.2546875 0.7890625 0.015625 0.0296875
1 0.403125 0.5265625 0.0140625 0.015625
1 0.51875 0.5953125 0.0109375 0.009375
1 0.5625 0.7625 0.0265625 0.0125
1 0.696875 0.484375 0.0046875 0.0125
1 0.753125 0.7203125 0.009375 0.021875
1 0.7859375 0.453125 0.0078125 0.0078125
1 0.85 0.884375 0.0609375 0.0890625
1 0.88125 0.659375 0.0265625 0.009375
1 0.90625 0.603125 0.0109375 0.0515625
1 0.959375 0.6421875 0.01875 0.0265625
1 0.975 0.7296875 0.0125 0.0125
1 0.9984375 0.9328125 0.003125 0.040625
1 0.64375 0.734375 0.028125 0.03125
0 0.7453125 0.7171875 0.196875 0.1875
0 0.5984375 0.7125 0.2046875 0.209375
0 0.5015625 0.725 0.04375 0.196875