1 0.0234375 0.540625 0.0140625 0.01875
1 0.178125 0.3609375 0.0765625 0.0546875
0 0.2015625 0.2390625 0.3875 0.2359375
0 0.2203125 0.4734375 0.290625 0.3453125
0 0.15 0.625 0.0484375 0.04375
0 0.2140625 0.596875 0.0375 0.103125
1 0.2234375 0.4515625 0.0234375 0.025
1 0.209375 0.428125 0.0234375 0.028125
1 0.425 0.1546875 0.028125 0.0328125
1 0.5875 0.1671875 0.0453125 0.0484375
1 0.5171875 0.365625 0.075 0.084375
1 0.6 0.4234375 0.015625 0.0296875
1 0.6484375 0.50625 0.021875 0.03125
1 0.6359375 0.275 0.046875 0.040625
1 0.5109375 0.31875 0.028125 0.0203125
0 0.2625 0.55 0.290625 0.1953125
1 0.7125 0.346875 0.0203125 0.0140625
1 0.6625 0.440625 0.00625 0.025
1 0.6890625 0.51875 0.009375 0.009375
1 0.7109375 0.540625 0.015625 0.0203125
1 0.6859375 0.6046875 0.025 0.03125
1 0.6875 0.625 0.015625 0.021875
1 0.771875 0.628125 0.028125 0.021875
1 0.771875 0.6421875 0.015625 0.0109375
1 0.7625 0.65390625 0.04375 0.0296875
1 0.871875 0.6359375 0.0203125 0.015625
1 0.84375 0.578125 0.00625 0.0046875
1 0.765625 0.475 0.01875 0.01875
1 0.7859375 0.4609375 0.0265625 0.025
1 0.815625 0.4140625 0.0078125 0.0046875
1 0.7578125 0.3703125 0.015625 0.0390625
1 0.8203125 0.3296875 0.0328125 0.0234375
1 0.8625 0.275 0.0140625 0.0125
1 0.8296875 0.259375 0.0359375 0.040625
1 0.8625 0.228125 0.0140625 0.0125
1 0.80625 0.3734375 0.05625 0.0484375
1 0.8765625 0.4546875 0.0125 0.0109375
1 0.88125 0.4609375 0.0015625 0.00625
1 0.90625 0.471875 0.034375 0.0265625
1 0.8265625 0.5109375 0.084375 0.084375
1 0.8796875 0.3515625 0.0484375 0.0328125
1 0.9 0.4140625 0.0140625 0.0125
1 0.94375 0.471875 0.0140625 0.0171875
1 0.95 0.271875 0.0234375 0.0203125
1 0.9265625 0.346875 0.03125 0.028125
1 0.9625 0.3578125 0.01875 0.021875
1 0.9296875 0.3671875 0.0671875 0.0390625
1 0.98125 0.51875 0.0140625 0.0203125
1 0.98984375 0.23984375 0.0203125 0.0359375
0 0.28125 0.76640625 0.434375 0.1953125
1 0.3640625 0.69375 0.0703125 0.046875
1 0.459375 0.7390625 0.034375 0.0453125
1 0.503125 0.7421875 0.0359375 0.0390625
1 0.55625 0.88125 0.075 0.103125
1 0.521875 0.9515625 0.084375 0.0796875
0 0.2953125 0.89609375 0.14375 0.2078125
0 0.17578125 0.98828125 0.0578125 0.0234375
1 0.303125 0.8265625 0.0234375 0.0234375
1 0.00703125 0.69921875 0.0140625 0.0234375
1 0.65390625 0.9625 0.0109375 0.01875
1 0.7171875 0.9953125 0.034375 0.009375
1 0.8875 0.971875 0.025 0.0203125
1 0.8515625 0.9625 0.0203125 0.028125
1 0.7828125 0.88125 0.0203125 0.0125
1 0.984375 0.8234375 0.03125 0.03125
1 0.9 0.7515625 0.015625 0.0203125
1 0.734375 0.67265625 0.04375 0.0078125
1 0.721875 0.8046875 0.0296875 0.025
1 0.6859375 0.95703125 0.053125 0.0578125
1 0.9171875 0.8109375 0.01875 0.021875
1 0.8625 0.825 0.03125 0.0375
1 0.91171875 0.99296875 0.0328125 0.0140625
1 0.8828125 0.9078125 0.0359375 0.021875
1 0.921875 0.9078125 0.0453125 0.0296875
1 0.9296875 0.9546875 0.078125 0.071875
1 0.8453125 0.871875 0.04375 0.0234375