1 0.25625 0.1109375 0.03125 0.0609375
1 0.21875 0.1015625 0.0296875 0.0234375
1 0.1921875 0.0984375 0.021875 0.028125
1 0.2109375 0.13125 0.0171875 0.0234375
1 0.134375 0.13125 0.05625 0.0703125
1 0.1546875 0.046875 0.01875 0.0265625
1 0.1109375 0.0125 0.021875 0.025
1 0.0390625 0.1890625 0.0390625 0.046875
1 0.084375 0.2578125 0.0265625 0.0328125
1 0.15 0.2375 0.0265625 0.021875
1 0.0796875 0.0484375 0.025 0.021875
1 0.15625 0.1734375 0.0171875 0.0140625
1 0.2625 0.2140625 0.0171875 0.0484375
1 0.2328125 0.2625 0.078125 0.0796875
1 0.19375 0.3015625 0.0328125 0.0328125
1 0.2046875 0.3890625 0.0296875 0.028125
1 0.23125 0.425 0.0203125 0.021875
0 0.084375 0.478125 0.0875 0.0890625
1 0.040625 0.3828125 0.025 0.0234375
1 0.00703125 0.37578125 0.0140625 0.0453125
1 0.0203125 0.478125 0.040625 0.075
1 0.0296875 0.5640625 0.0359375 0.0265625
1 0.0578125 0.5796875 0.028125 0.0265625
0 0.04609375 0.63671875 0.0921875 0.0859375
0 0.2 0.6203125 0.140625 0.11875
1 0.225 0.5140625 0.03125 0.028125
1 0.25625 0.5203125 0.0265625 0.0234375
1 0.0828125 0.1390625 0.0140625 0.0234375
0 0.85 0.06875 0.096875 0.08125
1 0.809375 0.18125 0.04375 0.04375
1 0.840625 0.1875 0.00625 0.0140625
1 0.8859375 0.153125 0.0078125 0.0203125
0 0.815625 0.0734375 0.1046875 0.09375
0 0.71484375 0.05234375 0.2078125 0.1046875
1 0.703125 0.040625 0.015625 0.0296875
1 0.6375 0.11875 0.009375 0.0140625
1 0.6125 0.1765625 0.021875 0.0203125
1 0.6484375 0.15625 0.0140625 0.015625
1 0.5859375 0.2125 0.0296875 0.028125
0 0.6171875 0.053125 0.115625 0.10625
0 0.53671875 0.06953125 0.0734375 0.1171875
1 0.525 0.1703125 0.05 0.040625
1 0.5359375 0.1421875 0.015625 0.0421875
1 0.51328125 0.24765625 0.0265625 0.0296875
1 0.5296875 0.25 0.021875 0.028125
1 0.528125 0.2875 0.015625 0.0203125
1 0.609375 0.275 0.015625 0.009375
1 0.834375 0.3046875 0.0171875 0.04375
1 0.7890625 0.30625 0.0359375 0.0625
1 0.70625 0.34375 0.021875 0.0234375
1 0.659375 0.38125 0.028125 0.0265625
1 0.6828125 0.378125 0.0171875 0.015625
1 0.678125 0.4015625 0.025 0.025
1 0.6625 0.4078125 0.0171875 0.01875
1 0.653125 0.4125 0.028125 0.034375
1 0.575 0.428125 0.0828125 0.059375
1 0.890625 0.4046875 0.0140625 0.0109375
1 0.846875 0.421875 0.021875 0.0234375
1 0.875 0.4609375 0.0296875 0.0296875
1 0.8875 0.4953125 0.0203125 0.0125
1 0.88125 0.5125 0.034375 0.01875
1 0.8796875 0.5734375 0.03125 0.0171875
1 0.865625 0.503125 0.0234375 0.0265625
1 0.875 0.5875 0.0203125 0.0109375
1 0.846875 0.596875 0.03125 0.03125
1 0.809375 0.540625 0.0265625 0.025
1 0.7140625 0.5765625 0.046875 0.0484375
1 0.7109375 0.5328125 0.03125 0.0390625
1 0.703125 0.515625 0.0140625 0.0140625
1 0.5984375 0.453125 0.021875 0.0125
1 0.6078125 0.4703125 0.0421875 0.0234375
1 0.6328125 0.5359375 0.040625 0.0359375
1 0.7796875 0.5046875 0.009375 0.025
0 0.75234375 0.5953125 0.1078125 0.16875
0 0.796875 0.621875 0.0734375 0.071875
0 0.54140625 0.5765625 0.0828125 0.115625
1 0.5390625 0.5484375 0.0234375 0.034375
1 0.509375 0.5375 0.0140625 0.009375
1 0.6484375 0.565625 0.040625 0.0453125
0 0.59375 0.6 0.0828125 0.14375
0 0.6421875 0.5921875 0.0578125 0.0390625
1 0.89375 0.67734375 0.003125 0.0046875
1 0.2703125 0.7140625 0.0171875 0.0265625
1 0.2046875 0.725 0.0171875 0.028125
1 0.2265625 0.734375 0.0203125 0.021875
1 0.075 0.68828125 0.021875 0.0171875
1 0.0546875 0.709375 0.0203125 0.015625
1 0.00703125 0.74765625 0.0140625 0.0203125
1 0.028125 0.8421875 0.01875 0.0234375
1 0.0640625 0.88125 0.03125 0.015625
1 0.06875 0.7984375 0.0359375 0.0296875
1 0.0578125 0.7703125 0.0203125 0.0203125
1 0.1296875 0.8 0.0234375 0.028125
1 0.115625 0.821875 0.03125 0.015625
1 0.1359375 0.821875 0.0109375 0.015625
1 0.1453125 0.8484375 0.015625 0.028125
1 0.159375 0.93125 0.0234375 0.04375
1 0.19375 0.9328125 0.0265625 0.025
1 0.19375 0.8890625 0.0265625 0.0421875
1 0.1875 0.8328125 0.0484375 0.0421875
1 0.1859375 0.8109375 0.01875 0.015625
1 0.21875 0.7828125 0.0234375 0.03125
1 0.23125 0.8 0.015625 0.025
1 0.228125 0.840625 0.021875 0.028125
1 0.240625 0.884375 0.0203125 0.028125
1 0.275 0.784375 0.0140625 0.0421875
1 0.259375 0.79375 0.0171875 0.015625
1 0.2734375 0.81875 0.0171875 0.0203125
1 0.21484375 0.996875 0.0140625 0.00625
1 0.13828125 0.99609375 0.0171875 0.0078125
1 0.9828125 0.69140625 0.021875 0.0234375
1 0.91015625 0.69453125 0.0234375 0.0296875
1 0.81640625 0.68984375 0.0265625 0.0203125
1 0.8578125 0.7703125 0.03125 0.0296875
1 0.9078125 0.828125 0.0234375 0.021875
1 0.959375 0.759375 0.040625 0.0234375
1 0.99375 0.7859375 0.0125 0.0375
1 0.921875 0.884375 0.0328125 0.0375
1 0.9421875 0.9140625 0.025 0.0234375
1 0.9703125 0.934375 0.0171875 0.021875
1 0.8859375 0.859375 0.0328125 0.03125
1 0.8046875 0.896875 0.059375 0.0546875
1 0.771875 0.859375 0.01875 0.025
1 0.759375 0.790625 0.0234375 0.0203125
1 0.675 0.7375 0.0484375 0.04375
1 0.63125 0.6828125 0.028125 0.00625
1 0.5921875 0.6953125 0.046875 0.03125
1 0.628125 0.7265625 0.021875 0.03125
1 0.6203125 0.9109375 0.0515625 0.0546875
1 0.6640625 0.925 0.028125 0.0375
0 0.67890625 0.9734375 0.0921875 0.053125
1 0.7765625 0.95625 0.0390625 0.040625
0 0.8125 0.9796875 0.121875 0.040625
1 0.83125 0.9234375 0.046875 0.03125
0 0.57578125 0.971875 0.0796875 0.05625
1 0.6515625 0.7984375 0.0296875 0.0171875
1 0.9921875 0.8421875 0.015625 0.01875
1 0.878125 0.8140625 0.0203125 0.025
0 0.9421875 0.95078125 0.0875 0.0984375
0 0.87578125 0.96953125 0.0765625 0.0609375