0 0.13125 0.1890625 0.10625 0.0734375
1 0.2125 0.203125 0.0625 0.05
1 0.0421875 0.1890625 0.021875 0.0578125
1 0.0703125 0.203125 0.0390625 0.034375
1 0.053125 0.290625 0.03125 0.040625
1 0.0359375 0.41640625 0.025 0.0265625
1 0.00390625 0.4046875 0.0078125 0.03125
1 0.1015625 0.38125 0.03125 0.0265625
1 0.2015625 0.2890625 0.0265625 0.028125
1 0.24375 0.359375 0.025 0.03125
1 0.240625 0.3953125 0.0234375 0.034375
1 0.24375 0.3078125 0.0203125 0.0234375
1 0.5796875 0.3734375 0.009375 0.0125
1 0.7921875 0.0265625 0.015625 0.021875
1 0.725 0.0171875 0.0140625 0.0296875
1 0.6203125 0.109375 0.0375 0.0265625
1 0.6390625 0.1390625 0.015625 0.015625
1 0.5796875 0.171875 0.0125 0.0140625
1 0.5734375 0.153125 0.0265625 0.0203125
0 0.48203125 0.3671875 0.0453125 0.125
0 0.51484375 0.33671875 0.1109375 0.1859375
1 0.5328125 0.2546875 0.0171875 0.0125
1 0.55625 0.290625 0.0453125 0.0453125
1 0.584375 0.31875 0.015625 0.015625
1 0.6125 0.4015625 0.03125 0.0234375
1 0.615625 0.41953125 0.01875 0.0203125
1 0.6734375 0.3171875 0.025 0.03125
0 0.69453125 0.34921875 0.2421875 0.1609375
0 0.7671875 0.3203125 0.284375 0.21875
1 0.896875 0.3328125 0.025 0.0328125
1 0.7828125 0.1578125 0.0328125 0.03125
1 0.821875 0.11875 0.0234375 0.025
1 0.45234375 0.69375 0.0140625 0.034375
1 0.4375 0.671875 0.0203125 0.0234375
1 0.403125 0.671875 0.0265625 0.0359375
1 0.4328125 0.7484375 0.03125 0.034375
1 0.39375 0.8328125 0.0234375 0.025
1 0.41875 0.853125 0.028125 0.0234375
1 0.44375 0.85 0.0203125 0.025
1 0.44609375 0.94609375 0.0265625 0.0390625
1 0.44140625 0.97734375 0.0359375 0.0359375
1 0.421875 0.94375 0.0375 0.04375
1 0.4 0.975 0.0453125 0.0484375
1 0.2671875 0.9359375 0.0203125 0.028125
0 0.2796875 0.8890625 0.08125 0.0453125
1 0.3390625 0.9078125 0.0203125 0.03125
1 0.45390625 0.4625 0.0109375 0.025
0 0.328125 0.75625 0.1546875 0.33125
0 0.3 0.81875 0.11875 0.2328125
1 0.765625 0.4828125 0.015625 0.015625
1 0.7265625 0.4328125 0.015625 0.00625
1 0.8828125 0.475 0.0140625 0.021875
1 0.946875 0.4921875 0.0203125 0.009375
1 0.96875 0.625 0.0140625 0.0171875
1 0.9046875 0.6234375 0.0125 0.021875
1 0.7859375 0.5625 0.025 0.015625
1 0.928125 0.5578125 0.015625 0.0171875
1 0.9765625 0.85 0.021875 0.0234375
1 0.98203125 0.86328125 0.0359375 0.0546875
1 0.99375 0.871875 0.0078125 0.0265625
1 0.990625 0.88125 0.01875 0.015625
1 0.9484375 0.9421875 0.0125 0.0234375
1 0.7625 0.946875 0.0453125 0.0390625
1 0.7859375 0.9359375 0.0109375 0.0328125
1 0.80625 0.959375 0.01875 0.0296875
1 0.8171875 0.9734375 0.009375 0.0171875
1 0.7921875 0.98203125 0.03125 0.0359375
1 0.696875 0.971875 0.009375 0.01875
1 0.8375 0.9140625 0.015625 0.0125
1 0.8875 0.94609375 0.09375 0.1078125
1 0.8515625 0.9421875 0.01875 0.0265625
1 0.9828125 0.9125 0.0265625 0.0328125
1 0.7046875 0.834375 0.0265625 0.03125
1 0.7421875 0.8671875 0.0265625 0.028125
1 0.7765625 0.8703125 0.0328125 0.0453125
1 0.8578125 0.828125 0.0265625 0.01875
1 0.9390625 0.8859375 0.0109375 0.0171875
1 0.996875 0.78125 0.00625 0.015625
1 0.971875 0.7390625 0.021875 0.0328125
1 0.884375 0.7546875 0.034375 0.021875
1 0.865625 0.7828125 0.0359375 0.028125
1 0.790625 0.7203125 0.015625 0.015625
1 0.7828125 0.7375 0.025 0.034375
1 0.796875 0.503125 0.0171875 0.0140625
1 0.7875 0.6046875 0.040625 0.0390625
0 0.74375 0.584375 0.1046875 0.240625
0 0.91328125 0.56640625 0.1734375 0.2265625
1 0.903125 0.5 0.021875 0.0109375