1 0.2984375 0.309375 0.0640625 0.0859375
1 0.4515625 0.3421875 0.0484375 0.0390625
1 0.3828125 0.2578125 0.015625 0.0265625
1 0.396875 0.2421875 0.0296875 0.01875
1 0.3765625 0.43125 0.0484375 0.0625
1 0.4109375 0.4484375 0.0625 0.059375
1 0.3765625 0.121875 0.0109375 0.0078125
1 0.35078125 0.009375 0.0296875 0.01875
1 0.3015625 0.00546875 0.0125 0.0109375
1 0.3890625 0.021875 0.0125 0.0140625
1 0.2015625 0.51875 0.0109375 0.009375
1 0.3015625 0.4375 0.0125 0.0171875
1 0.4734375 0.521875 0.0125 0.009375
1 0.275 0.571875 0.00625 0.0109375
0 0.23125 0.425 0.1046875 0.10625
0 0.1875 0.4375 0.01875 0.1625
1 0.6765625 0.671875 0.0359375 0.0375
1 0.675 0.5859375 0.0640625 0.0328125
1 0.7859375 0.5515625 0.0328125 0.0328125
1 0.890625 0.5203125 0.0859375 0.0765625
1 0.94375 0.4421875 0.046875 0.05
1 0.9 0.446875 0.0375 0.0265625
1 0.828125 0.515625 0.0359375 0.0296875
1 0.8203125 0.5421875 0.0171875 0.0375
1 0.80625 0.4515625 0.0546875 0.0265625
1 0.9625 0.315625 0.0265625 0.0375
1 0.925 0.2921875 0.075 0.0390625
1 0.9109375 0.4015625 0.0359375 0.0609375
0 0.8671875 0.3859375 0.0765625 0.1734375
0 0.775 0.36875 0.0953125 0.0625
0 0.653125 0.3765625 0.09375 0.1515625
1 0.89375 0.428125 0.05 0.0515625
1 0.8328125 0.3015625 0.046875 0.0515625
1 0.615625 0.065625 0.01875 0.0265625
1 0.6625 0.1453125 0.0390625 0.0234375
1 0.7515625 0.1046875 0.0234375 0.021875
1 0.7546875 0.0359375 0.0328125 0.0265625
1 0.8078125 0.2828125 0.028125 0.025
1 0.928125 0.2234375 0.0171875 0.0375
1 0.9109375 0.109375 0.0359375 0.0328125
1 0.8765625 0.1515625 0.0296875 0.021875
1 0.628125 0.1109375 0.0234375 0.03125
1 0.990625 0.1765625 0.009375 0.028125
1 0.99296875 0.58125 0.0140625 0.015625
1 0.7171875 0.2890625 0.01875 0.0203125
1 0.8234375 0.1578125 0.01875 0.0234375
1 0.75625 0.4875 0.0234375 0.0203125
1 0.421875 0.9875 0.015625 0.009375
1 0.25546875 0.99609375 0.0203125 0.0078125
1 0.1765625 0.7703125 0.0515625 0.053125
1 0.165625 0.7140625 0.01875 0.015625
1 0.1234375 0.9078125 0.034375 0.046875
1 0.49765625 0.98515625 0.0234375 0.0296875
0 0.37734375 0.88828125 0.2640625 0.2234375
0 0.1828125 0.85234375 0.178125 0.2953125
0 0.1125 0.9640625 0.0375 0.0625
1 0.96875 0.7015625 0.034375 0.003125
1 0.8171875 0.9875 0.0125 0.015625
1 0.7765625 0.7671875 0.0125 0.0203125
1 0.7578125 0.903125 0.025 0.03125
1 0.7390625 0.721875 0.0140625 0.0078125
1 0.7390625 0.95 0.025 0.0328125
0 0.95859375 0.9328125 0.0828125 0.134375
0 0.86484375 0.9203125 0.1171875 0.159375