1 0.146875 0.0890625 0.0140625 0.0171875
1 0.05 0.13125 0.03125 0.0359375
1 0.08046875 0.2375 0.1609375 0.128125
1 0.03515625 0.35078125 0.0703125 0.0515625
1 0.01640625 0.4203125 0.0328125 0.015625
0 0.44921875 0.05078125 0.2203125 0.1015625
0 0.4296875 0.1921875 0.2140625 0.1390625
1 0.4734375 0.29375 0.0234375 0.01875
1 0.5234375 0.3265625 0.05 0.0609375
0 0.41953125 0.37109375 0.2796875 0.1578125
0 0.42890625 0.390625 0.1828125 0.11875
1 0.3359375 0.4109375 0.0296875 0.028125
1 0.565625 0.27109375 0.0125 0.0265625
0 0.6453125 0.096875 0.071875 0.03125
1 0.609375 0.1015625 0.0296875 0.0375
0 0.65625 0.1765625 0.1046875 0.128125
1 0.5953125 0.1375 0.028125 0.028125
0 0.65234375 0.4375 0.1734375 0.025
0 0.6734375 0.3671875 0.1296875 0.146875
1 0.5890625 0.3609375 0.028125 0.0234375
1 0.6046875 0.2953125 0.03125 0.0265625
1 0.25625 0.8046875 0.0359375 0.0390625
1 0.134375 0.7859375 0.0359375 0.0234375
1 0.0625 0.765625 0.015625 0.03125
1 0.1296875 0.7078125 0.0203125 0.025
1 0.175 0.690625 0.040625 0.0234375
1 0.2390625 0.671875 0.0125 0.0265625
1 0.19375 0.659375 0.0265625 0.0328125
1 0.00703125 0.646875 0.0140625 0.028125
1 0.1734375 0.6375 0.040625 0.0453125
1 0.140625 0.5625 0.015625 0.01875
1 0.1671875 0.5734375 0.0328125 0.034375
1 0.353125 0.5171875 0.009375 0.015625
1 0.4953125 0.4921875 0.03125 0.0515625
1 0.175 0.47109375 0.0625 0.0421875
1 0.190625 0.5265625 0.053125 0.05625
1 0.21875 0.5421875 0.0359375 0.0375
1 0.29375 0.6734375 0.078125 0.0578125
1 0.328125 0.6671875 0.0234375 0.0171875
0 0.3671875 0.6296875 0.1640625 0.128125
1 0.4609375 0.5796875 0.046875 0.0515625
1 0.4515625 0.615625 0.0234375 0.0578125
1 0.496875 0.6828125 0.04375 0.0234375
1 0.4625 0.8 0.028125 0.040625
0 0.3734375 0.753125 0.1703125 0.1375
1 0.284375 0.51875 0.0484375 0.0734375
1 0.3359375 0.4859375 0.025 0.0328125
0 0.31484375 0.4796875 0.1140625 0.059375
0 0.378125 0.478125 0.084375 0.05625
1 0.903125 0.9890625 0.0203125 0.0125
0 0.8046875 0.984375 0.1046875 0.0234375
1 0.63125 0.8921875 0.0234375 0.0265625
1 0.6515625 0.84375 0.03125 0.0625
1 0.6140625 0.8265625 0.0171875 0.028125
1 0.859375 0.8125 0.0109375 0.0203125
1 0.875 0.7671875 0.0125 0.0125
1 0.971875 0.778125 0.015625 0.0234375
1 0.6125 0.7625 0.021875 0.009375
1 0.959375 0.75625 0.05 0.034375
1 0.9921875 0.70546875 0.015625 0.0203125
1 0.71875 0.6953125 0.01875 0.0125
1 0.9359375 0.671875 0.021875 0.0171875
1 0.9953125 0.66875 0.009375 0.025
1 0.615625 0.659375 0.01875 0.0234375
1 0.8890625 0.6328125 0.01875 0.025
1 0.63125 0.603125 0.0125 0.021875
1 0.5828125 0.5875 0.01875 0.0140625
1 0.909375 0.5953125 0.0171875 0.03125
1 0.56171875 0.57265625 0.0046875 0.0140625
1 0.775 0.5671875 0.015625 0.0171875
1 0.6375 0.5484375 0.0109375 0.0203125
1 0.690625 0.534375 0.0234375 0.028125
1 0.8875 0.5265625 0.0171875 0.025
1 0.603125 0.5171875 0.028125 0.015625
1 0.9515625 0.49375 0.03125 0.025
1 0.609375 0.7203125 0.01875 0.0203125
1 0.65625 0.7109375 0.0171875 0.021875
1 0.6703125 0.6828125 0.0296875 0.0234375
1 0.665625 0.6765625 0.03125 0.021875
1 0.6515625 0.6640625 0.0171875 0.0234375
1 0.5921875 0.6859375 0.0140625 0.009375
1 0.675 0.5984375 0.0203125 0.0109375
1 0.5671875 0.51328125 0.015625 0.0140625
1 0.6140625 0.575 0.025 0.0140625
1 0.6390625 0.5125 0.01875 0.0171875
1 0.646875 0.4859375 0.0234375 0.01875
1 0.8734375 0.9296875 0.015625 0.01875
1 0.8609375 0.521875 0.040625 0.0578125
1 0.7453125 0.5828125 0.0109375 0.0296875
1 0.7296875 0.58125 0.009375 0.0171875
1 0.925 0.9546875 0.0140625 0.009375
1 0.9390625 0.9546875 0.015625 0.0171875
1 0.9953125 0.96328125 0.009375 0.0140625
1 0.9703125 0.975 0.0125 0.015625
1 0.93125 0.9703125 0.0421875 0.04375
1 0.9578125 0.9875 0.0125 0.015625
1 0.9890625 0.9140625 0.021875 0.0265625
1 0.990625 0.8859375 0.01875 0.0125
1 0.8875 0.5890625 0.0109375 0.0203125
1 0.934375 0.6078125 0.0203125 0.0375
1 0.9234375 0.6375 0.021875 0.034375
1 0.99609375 0.6265625 0.0078125 0.034375
1 0.9890625 0.5953125 0.021875 0.025
1 0.99296875 0.56484375 0.0140625 0.0171875
1 0.9640625 0.590625 0.0421875 0.01875
1 0.98125 0.5796875 0.0203125 0.01875
1 0.928125 0.5 0.0109375 0.0125
1 0.9734375 0.4890625 0.040625 0.0390625
0 0.7609375 0.5234375 0.0859375 0.09375
0 0.7328125 0.6671875 0.109375 0.1234375
0 0.75 0.7640625 0.153125 0.0640625
1 0.7296875 0.790625 0.01875 0.0125
1 0.7546875 0.7984375 0.0203125 0.0140625
0 0.7484375 0.834375 0.134375 0.071875