1 0.1828125 0.353125 0.0171875 0.0234375
1 0.2171875 0.346875 0.0203125 0.0359375
1 0.19375 0.340625 0.0140625 0.01875
1 0.2640625 0.3 0.046875 0.075
1 0.2015625 0.3109375 0.0484375 0.0390625
1 0.1890625 0.2875 0.015625 0.0265625
1 0.165625 0.1921875 0.01875 0.021875
1 0.1578125 0.209375 0.03125 0.015625
1 0.1828125 0.209375 0.025 0.0265625
1 0.028125 0.3453125 0.01875 0.0296875
1 0.00390625 0.315625 0.0078125 0.01875
1 0.01171875 0.2625 0.0234375 0.021875
1 0.065625 0.1765625 0.0375 0.04375
1 0.1125 0.125 0.034375 0.0265625
1 0.0546875 0.10625 0.025 0.034375
1 0.271875 0.1765625 0.021875 0.015625
1 0.1921875 0.0390625 0.009375 0.0125
1 0.50625 0.41328125 0.015625 0.0109375
1 0.5671875 0.41484375 0.021875 0.0078125
1 0.346875 0.178125 0.0125 0.0171875
0 0.4609375 0.246875 0.059375 0.0328125
1 0.4921875 0.2203125 0.0203125 0.028125
1 0.4421875 0.2921875 0.0125 0.009375
0 0.5296875 0.2578125 0.065625 0.06875
0 0.3859375 0.25625 0.0828125 0.134375
0 0.346875 0.2609375 0.0109375 0.05
1 0.3546875 0.3859375 0.0203125 0.0265625
0 0.625 0.2765625 0.16875 0.0984375
0 0.671875 0.2671875 0.0875 0.096875
1 0.646875 0.209375 0.034375 0.03125
1 0.696875 0.215625 0.015625 0.0171875
1 0.6390625 0.303125 0.0140625 0.009375
1 0.6703125 0.34375 0.015625 0.0078125
0 0.7765625 0.253125 0.11875 0.1171875
0 0.8390625 0.296875 0.05625 0.13125
1 0.3515625 0.1203125 0.01875 0.0203125
1 0.353125 0.0671875 0.0109375 0.0046875
1 0.5234375 0.115625 0.0421875 0.053125
1 0.5765625 0.1015625 0.0234375 0.03125
1 0.6109375 0.0265625 0.021875 0.025
1 0.71796875 0.00703125 0.0109375 0.0140625
1 0.5578125 0.0390625 0.03125 0.0203125
0 0.15859375 0.96015625 0.1734375 0.0796875
1 0.290625 0.83359375 0.01875 0.0296875
1 0.2578125 0.871875 0.0328125 0.03125
1 0.146875 0.7578125 0.040625 0.0640625
1 0.146875 0.8765625 0.040625 0.040625
1 0.0921875 0.83125 0.028125 0.0390625
1 0.1921875 0.8703125 0.046875 0.028125
1 0.2015625 0.91875 0.0234375 0.03125
1 0.2109375 0.6328125 0.0375 0.0390625
0 0.28515625 0.496875 0.0296875 0.10625
1 0.278125 0.42734375 0.03125 0.0171875
0 0.23828125 0.4875 0.0671875 0.1375
0 0.1484375 0.496875 0.125 0.1125
1 0.1359375 0.45625 0.0375 0.0375
1 0.50234375 0.9859375 0.1046875 0.028125
1 0.4578125 0.934375 0.015625 0.0296875
1 0.690625 0.89375 0.05 0.028125
1 0.8703125 0.821875 0.01875 0.0140625
1 0.690625 0.6671875 0.0546875 0.0765625
0 0.56875 0.64375 0.2359375 0.3875
0 0.803125 0.625 0.3453125 0.290625
0 0.9546875 0.6953125 0.04375 0.0484375
0 0.9265625 0.63125 0.103125 0.0375
1 0.78125 0.621875 0.025 0.0234375
1 0.7578125 0.6359375 0.028125 0.0234375
1 0.48359375 0.4265625 0.0328125 0.015625
0 0.8796875 0.5828125 0.1953125 0.290625