1 0.059375 0.0578125 0.025 0.025
1 0.109375 0.01875 0.025 0.015625
1 0.26875 0.0734375 0.0734375 0.0515625
1 0.3046875 0.0671875 0.0390625 0.0359375
1 0.2859375 0.1140625 0.025 0.0265625
1 0.259375 0.1234375 0.0234375 0.0203125
1 0.396875 0.275 0.0515625 0.040625
0 0.4546875 0.03828125 0.10625 0.0765625
0 0.4671875 0.1109375 0.1015625 0.1171875
0 0.4640625 0.1984375 0.0984375 0.1140625
0 0.4453125 0.284375 0.0546875 0.103125
0 0.421875 0.3640625 0.1125 0.065625
1 0.59609375 0.14609375 0.0453125 0.0890625
1 0.60078125 0.0171875 0.0359375 0.03125
1 0.5984375 0.3265625 0.028125 0.040625
1 0.5 0.2953125 0.0234375 0.0171875
1 0.5421875 0.0484375 0.0296875 0.0203125
1 0.66796875 0.01953125 0.0328125 0.0390625
1 0.7 0.040625 0.05 0.0484375
1 0.6296875 0.08203125 0.021875 0.0359375
1 0.6609375 0.1234375 0.059375 0.053125
1 0.63125 0.1265625 0.0171875 0.0390625
1 0.6328125 0.1703125 0.0265625 0.0171875
1 0.834375 0.128125 0.0265625 0.03125
0 0.8171875 0.178125 0.084375 0.084375
0 0.86875 0.2140625 0.025 0.0125
1 0.7859375 0.08125 0.0859375 0.059375
1 0.85546875 0.01171875 0.0515625 0.0234375
0 0.846875 0.0546875 0.20625 0.109375
1 0.96328125 0.01328125 0.0734375 0.0265625
1 0.990625 0.04296875 0.01875 0.0453125
1 0.95625 0.1546875 0.0171875 0.0234375
1 0.97734375 0.18125 0.0453125 0.025
1 0.978125 0.20390625 0.04375 0.0328125
1 0.2125 0.6609375 0.0671875 0.0625
1 0.221875 0.6015625 0.0359375 0.040625
1 0.60546875 0.67109375 0.0265625 0.0328125
1 0.584375 0.590625 0.0375 0.0171875
1 0.1578125 0.7171875 0.015625 0.0203125
1 0.0875 0.7125 0.015625 0.015625
1 0.0421875 0.6921875 0.0265625 0.0296875
1 0.115625 0.6453125 0.0125 0.015625
1 0.00859375 0.96796875 0.0171875 0.0265625
1 0.0359375 0.5984375 0.0140625 0.0140625
1 0.49765625 0.97109375 0.0796875 0.0578125
1 0.5234375 0.725 0.0875 0.0828125
0 0.409375 0.640625 0.3265625 0.11875
0 0.26875 0.7875 0.4875 0.271875
0 0.37578125 0.92578125 0.3265625 0.1484375
0 0.64140625 0.9015625 0.0453125 0.1125
1 0.725 0.8125 0.0296875 0.0453125
1 0.83125 0.8296875 0.03125 0.0296875
0 0.64296875 0.5578125 0.0484375 0.059375
1 0.69375 0.64375 0.0453125 0.028125
1 0.696875 0.621875 0.0171875 0.015625
1 0.825 0.6390625 0.046875 0.0265625
1 0.8328125 0.6640625 0.03125 0.0171875
1 0.725 0.6 0.025 0.0140625
1 0.9953125 0.95625 0.009375 0.03125
1 0.98125 0.959375 0.025 0.0328125
1 0.9921875 0.615625 0.015625 0.03125
1 0.9265625 0.7296875 0.0125 0.021875
1 0.9265625 0.9453125 0.0171875 0.015625
0 0.64765625 0.71640625 0.0578125 0.1015625
0 0.6421875 0.66171875 0.046875 0.0984375