0 0.19921875 0.28046875 0.3984375 0.0890625
1 0.359375 0.21875 0.04375 0.053125
1 0.5546875 0.1671875 0.0296875 0.0234375
1 0.3109375 0.1578125 0.009375 0.0078125
1 0.484375 0.153125 0.0296875 0.0234375
1 0.60703125 0.0640625 0.0046875 0.0125
1 0.35625 0.0484375 0.034375 0.03125
1 0.2453125 0.034375 0.0140625 0.015625
1 0.2921875 0.015625 0.053125 0.03125
1 0.134375 0.234375 0.034375 0.0328125
1 0.1109375 0.2265625 0.01875 0.0296875
1 0.0484375 0.1609375 0.0265625 0.040625
0 0.11640625 0.075 0.2328125 0.15
0 0.16328125 0.1171875 0.3265625 0.234375
1 0.59921875 0.259375 0.0203125 0.028125
1 0.5671875 0.2609375 0.028125 0.040625
1 0.5421875 0.2828125 0.028125 0.0328125
1 0.4875 0.2703125 0.0796875 0.0703125
1 0.884375 0.38125 0.0234375 0.0234375
1 0.9875 0.3203125 0.025 0.0375
1 0.6171875 0.3015625 0.00625 0.0125
1 0.7203125 0.2734375 0.0125 0.0203125
1 0.8984375 0.253125 0.0390625 0.025
1 0.740625 0.2453125 0.0375 0.028125
1 0.6171875 0.19765625 0.015625 0.0234375
1 0.7328125 0.1828125 0.0203125 0.034375
1 0.696875 0.18125 0.03125 0.0328125
1 0.9859375 0.18125 0.01875 0.0125
1 0.921875 0.165625 0.03125 0.03125
1 0.746875 0.128125 0.0265625 0.01875
0 0.8125 0.2015625 0.1765625 0.184375
1 0.64375 0.059375 0.015625 0.0296875
1 0.8140625 0.071875 0.0234375 0.0265625
1 0.921875 0.0640625 0.025 0.0203125
1 0.97421875 0.03515625 0.0515625 0.0703125
0 0.84375 0.0515625 0.125 0.103125
1 0.790625 0.3421875 0.0390625 0.0140625
1 0.815625 0.303125 0.0234375 0.021875
1 0.853125 0.31875 0.0234375 0.0078125
1 0.878125 0.3453125 0.0359375 0.0390625
1 0.909375 0.31875 0.0234375 0.0125
0 0.8390625 0.3328125 0.0453125 0.0328125
1 0.84375 0.3921875 0.0265625 0.0203125
1 0.821875 0.3890625 0.0171875 0.0203125
1 0.746875 0.16875 0.0171875 0.0140625
1 0.7515625 0.1140625 0.0359375 0.015625
1 0.0234375 0.753125 0.015625 0.0328125
1 0.1015625 0.66875 0.0359375 0.0484375
1 0.1546875 0.7921875 0.0140625 0.015625
1 0.2875 0.6890625 0.0375 0.0265625
1 0.2796875 0.5578125 0.06875 0.05625
1 0.2578125 0.5421875 0.0140625 0.015625
1 0.3734375 0.6890625 0.028125 0.028125
1 0.4046875 0.7109375 0.01875 0.0328125
0 0.5140625 0.7921875 0.071875 0.015625
0 0.5359375 0.7109375 0.146875 0.178125
1 0.56875 0.609375 0.0140625 0.0140625
1 0.56875 0.5984375 0.00625 0.009375
0 0.49453125 0.59921875 0.2296875 0.1390625
1 0.56640625 0.5359375 0.0109375 0.0125
1 0.621875 0.703125 0.025 0.0625
1 0.99375 0.634375 0.009375 0.009375
1 0.746875 0.6484375 0.0296875 0.0390625
1 0.78203125 0.55859375 0.0890625 0.0578125
0 0.8734375 0.715625 0.253125 0.121875
0 0.87890625 0.6453125 0.2046875 0.23125