1 0.03125 0.1828125 0.0140625 0.009375
1 0.00546875 0.21328125 0.0109375 0.0390625
1 0.0671875 0.3484375 0.0125 0.01875
1 0.3625 0.2171875 0.0125 0.0125
1 0.271875 0.36875 0.0125 0.0109375
0 0.4859375 0.0828125 0.128125 0.165625
0 0.48984375 0.1703125 0.1203125 0.196875
0 0.48046875 0.3734375 0.1390625 0.1375
0 0.4609375 0.36875 0.178125 0.15
1 0.9359375 0.4328125 0.0109375 0.0078125
1 0.8 0.409375 0.0125 0.01875
1 0.7546875 0.33125 0.0140625 0.0171875
1 0.778125 0.309375 0.0109375 0.0171875
1 0.9140625 0.2640625 0.0140625 0.0078125
1 0.7671875 0.1625 0.0234375 0.021875
1 0.934375 0.0640625 0.0125 0.01875
0 0.8703125 0.465625 0.1 0.1125
0 0.8140625 0.16875 0.2125 0.33125
1 0.9765625 0.359375 0.046875 0.053125
0 0.84375 0.0375 0.125 0.075
0 0.14375 0.85 0.1734375 0.275
1 0.534375 0.9546875 0.03125 0.046875
1 0.653125 0.6484375 0.015625 0.0125
1 0.625 0.8328125 0.0078125 0.0078125
1 0.5953125 0.928125 0.0140625 0.015625
1 0.55546875 0.91015625 0.0109375 0.0265625
1 0.6484375 0.9625 0.0734375 0.0421875
1 0.634375 0.940625 0.028125 0.0109375
1 0.609375 0.9140625 0.0296875 0.0125
1 0.7171875 0.9375 0.0171875 0.021875
0 0.67890625 0.9734375 0.2046875 0.053125
0 0.70625 0.9046875 0.2484375 0.1125
1 0.79375 0.815625 0.0078125 0.009375
1 0.7109375 0.7734375 0.0046875 0.0140625
0 0.6671875 0.69921875 0.15 0.1609375
1 0.9359375 0.690625 0.0125 0.015625
1 0.9484375 0.7234375 0.009375 0.0140625
1 0.884375 0.6640625 0.0109375 0.0125
1 0.8390625 0.7515625 0.0140625 0.01875
1 0.88125 0.7578125 0.0203125 0.0203125
1 0.825 0.978125 0.05625 0.0421875
1 0.875 0.9953125 0.00625 0.009375