1 0.1625 0.20625 0.0296875 0.0109375
1 0.003125 0.15546875 0.00625 0.0140625
1 0.046875 0.1328125 0.0078125 0.0125
1 0.015625 0.1359375 0.0234375 0.021875
1 0.43125 0.1046875 0.0125 0.0125
1 0.01015625 0.05703125 0.0203125 0.0203125
1 0.528125 0.04375 0.03125 0.01875
1 0.3875 0.034375 0.01875 0.015625
1 0.271875 0.01875 0.0234375 0.0296875
1 0.1 0.096875 0.0265625 0.0125
1 0.1546875 0.153125 0.0515625 0.04375
0 0.4109375 0.12578125 0.278125 0.1671875
1 0.615625 0.0171875 0.025 0.0265625
1 0.6265625 0.0125 0.009375 0.009375
1 0.6765625 0.04375 0.0265625 0.025
1 0.6328125 0.0578125 0.025 0.015625
0 0.72578125 0.05078125 0.2765625 0.1015625
1 0.675 0.125 0.04375 0.046875
0 0.71875 0.1703125 0.2765625 0.16875
1 0.6625 0.1921875 0.021875 0.01875
1 0.7328125 0.221875 0.059375 0.0265625
1 0.5828125 0.259375 0.0328125 0.0375
1 0.6015625 0.28125 0.028125 0.0328125
1 0.6515625 0.26875 0.0109375 0.0140625
1 0.6671875 0.2546875 0.0625 0.0390625
1 0.7125 0.271875 0.0296875 0.03125
0 0.7609375 0.2828125 0.421875 0.1125
1 0.6984375 0.3 0.0125 0.009375
1 0.8765625 0.1609375 0.0625 0.0484375
1 0.3046875 0.8625 0.0328125 0.0453125
1 0.071875 0.828125 0.0203125 0.021875
1 0.1140625 0.809375 0.0265625 0.01875
1 0.00546875 0.78671875 0.0109375 0.0296875
1 0.153125 0.7296875 0.0125 0.0234375
1 0.521875 0.709375 0.0203125 0.04375
1 0.2046875 0.696875 0.03125 0.01875
1 0.265625 0.684375 0.0296875 0.01875
1 0.5359375 0.63984375 0.028125 0.0203125
1 0.0734375 0.621875 0.03125 0.0328125
1 0.4484375 0.5921875 0.0359375 0.0390625
1 0.521875 0.5234375 0.0265625 0.015625
1 0.4265625 0.4921875 0.03125 0.028125
1 0.3046875 0.459375 0.03125 0.025
1 0.1984375 0.44375 0.040625 0.0375
1 0.15625 0.4375 0.05625 0.034375
1 0.1359375 0.421875 0.028125 0.0140625
0 0.54609375 0.39765625 0.0078125 0.0734375
1 0.5203125 0.3671875 0.021875 0.0125
0 0.4296875 0.3984375 0.15 0.075
0 0.3359375 0.3875 0.0328125 0.0515625
1 0.0078125 0.4796875 0.015625 0.021875
1 0.0171875 0.4609375 0.0296875 0.01875
1 0.140625 0.453125 0.0328125 0.0453125
1 0.15 0.3828125 0.03125 0.0203125
1 0.1671875 0.5109375 0.0421875 0.0390625
1 0.203125 0.503125 0.0421875 0.0375
1 0.2875 0.4375 0.03125 0.03125
1 0.1515625 0.8578125 0.0328125 0.040625
1 0.2078125 0.7296875 0.0234375 0.0234375
1 0.3046875 0.7828125 0.0375 0.028125
1 0.3015625 0.56875 0.046875 0.0375
1 0.296875 0.5921875 0.0359375 0.0234375
1 0.2859375 0.628125 0.021875 0.025
1 0.309375 0.6203125 0.0359375 0.0234375
1 0.315625 0.6078125 0.025 0.025
1 0.528125 0.46875 0.0390625 0.021875
1 0.5390625 0.50234375 0.021875 0.0203125
0 0.4421875 0.58828125 0.215625 0.2859375
0 0.43984375 0.784375 0.2203125 0.20625
1 0.4484375 0.6328125 0.0296875 0.0328125
1 0.5375 0.8703125 0.025 0.03125
1 0.55859375 0.40078125 0.0171875 0.0328125
1 0.55703125 0.41015625 0.0140625 0.0140625
1 0.6375 0.475 0.0234375 0.025
1 0.6765625 0.4703125 0.0125 0.0265625
1 0.6625 0.496875 0.03125 0.015625
0 0.6828125 0.45 0.1796875 0.1859375
1 0.765625 0.4015625 0.021875 0.034375
0 0.653125 0.49609375 0.20625 0.2328125
1 0.5796875 0.590625 0.0125 0.03125
1 0.6703125 0.5484375 0.021875 0.0203125
1 0.734375 0.553125 0.0484375 0.05
1 0.7109375 0.5765625 0.0140625 0.0140625
1 0.7359375 0.58125 0.01875 0.015625
1 0.721875 0.6203125 0.034375 0.0171875
1 0.7171875 0.6015625 0.05625 0.0375
1 0.7015625 0.6828125 0.034375 0.015625
1 0.6734375 0.65625 0.04375 0.0515625
0 0.6578125 0.659375 0.215625 0.234375
1 0.6328125 0.79375 0.0359375 0.04375
1 0.6515625 0.80625 0.0109375 0.0203125
1 0.728125 0.8 0.0328125 0.0453125
1 0.678125 0.74375 0.05 0.0265625
1 0.70625 0.75 0.0234375 0.0234375
0 0.65234375 0.82890625 0.2046875 0.1046875
1 0.640625 0.871875 0.053125 0.01875
1 0.7796875 0.7984375 0.01875 0.015625
1 0.7984375 0.828125 0.05625 0.0296875
1 0.796875 0.803125 0.0140625 0.015625
1 0.8203125 0.7015625 0.034375 0.0140625
1 0.975 0.8359375 0.0234375 0.025
1 0.996875 0.8125 0.00625 0.04375
1 0.9796875 0.7875 0.040625 0.0125
1 0.95625 0.81875 0.0296875 0.015625
1 0.9140625 0.8703125 0.0203125 0.021875
1 0.96875 0.73359375 0.0625 0.0890625
1 0.903125 0.7453125 0.01875 0.021875
1 0.90625 0.725 0.025 0.01875
1 0.8703125 0.7078125 0.0265625 0.028125
1 0.8875 0.709375 0.0078125 0.028125
1 0.909375 0.709375 0.028125 0.0171875
1 0.928125 0.71875 0.0265625 0.01875
1 0.928125 0.690625 0.03125 0.0296875
1 0.9296875 0.6734375 0.01875 0.01875
1 0.815625 0.6234375 0.028125 0.015625
1 0.8140625 0.5953125 0.0265625 0.028125
1 0.8375 0.5921875 0.0109375 0.01875
1 0.825 0.5609375 0.025 0.015625
1 0.828125 0.575 0.0125 0.009375
1 0.8859375 0.5359375 0.0171875 0.0171875
1 0.9453125 0.5765625 0.0375 0.0375
1 0.9703125 0.54375 0.0296875 0.0140625
1 0.971875 0.5078125 0.0359375 0.028125
1 0.93125 0.5125 0.0109375 0.015625
1 0.9203125 0.4828125 0.0328125 0.0234375
1 0.9515625 0.490625 0.0265625 0.0203125
1 0.9484375 0.465625 0.0375 0.0234375
1 0.896875 0.4203125 0.03125 0.01875
1 0.9828125 0.43046875 0.034375 0.0359375
1 0.99453125 0.40859375 0.0109375 0.0171875
1 0.9234375 0.3703125 0.0375 0.021875
1 0.965625 0.371875 0.0296875 0.03125
1 0.9859375 0.37109375 0.028125 0.0296875
1 0.9625 0.3875 0.0109375 0.0125
1 0.8359375 0.3671875 0.0375 0.021875