1 0.303125 0.23125 0.040625 0.0328125
1 0.275 0.15 0.0375 0.0171875
1 0.384375 0.2078125 0.0265625 0.028125
1 0.57109375 0.31015625 0.0171875 0.0484375
1 0.378125 0.3359375 0.0140625 0.0125
1 0.18828125 0.515625 0.0796875 0.028125
1 0.2140625 0.284375 0.0875 0.0828125
0 0.13125 0.2 0.2625 0.11875
0 0.1015625 0.346875 0.203125 0.271875
0 0.11484375 0.4703125 0.2296875 0.11875
1 0.8484375 0.5125 0.0125 0.0125
1 0.825 0.5 0.0078125 0.0078125
1 0.8875 0.4765625 0.015625 0.028125
1 0.9796875 0.4078125 0.009375 0.0109375
0 0.9453125 0.371875 0.0375 0.0375
1 0.89375 0.3203125 0.015625 0.0140625
1 0.8265625 0.3 0.009375 0.0109375
1 0.784375 0.3015625 0.0140625 0.0203125
1 0.8578125 0.3046875 0.0265625 0.0265625
1 0.99375 0.27578125 0.0125 0.0234375
1 0.9109375 0.259375 0.0125 0.025
1 0.85 0.159375 0.021875 0.03125
1 0.6765625 0.2171875 0.0234375 0.0265625
1 0.828125 0.171875 0.0171875 0.0078125
1 0.825 0.2484375 0.0125 0.0109375
1 0.609375 0.4203125 0.0171875 0.0203125
1 0.675 0.38671875 0.071875 0.2859375
1 0.59375 0.47890625 0.028125 0.0765625
1 0.8375 0.4078125 0.0203125 0.0125
1 0.8203125 0.4234375 0.021875 0.0125
1 0.771875 0.4234375 0.0234375 0.0078125
1 0.7421875 0.4453125 0.015625 0.015625
0 0.95 0.3234375 0.05 0.040625
1 0.8765625 0.2375 0.0140625 0.01875
1 0.990625 0.2984375 0.015625 0.0203125
0 0.94921875 0.18203125 0.1015625 0.0796875
1 0.0953125 0.56875 0.0390625 0.0328125
0 0.1671875 0.603125 0.1125 0.134375
1 0.2890625 0.615625 0.040625 0.0453125
0 0.1421875 0.753125 0.1828125 0.2015625
0 0.15390625 0.93046875 0.1453125 0.1390625
1 0.3375 0.740625 0.0859375 0.059375
1 0.3734375 0.71875 0.0359375 0.0484375
1 0.2546875 0.7171875 0.0296875 0.0328125
1 0.36875 0.58125 0.04375 0.071875
1 0.459375 0.6578125 0.028125 0.0234375
1 0.48125 0.734375 0.0359375 0.028125
1 0.48125 0.7703125 0.04375 0.028125
1 0.45625 0.9359375 0.0484375 0.0578125
1 0.38046875 0.99375 0.0546875 0.0125
1 0.09453125 0.98203125 0.0265625 0.0359375
1 0.3453125 0.66875 0.0265625 0.0234375
0 0.6734375 0.834375 0.128125 0.1328125
0 0.6796875 0.7296875 0.1484375 0.125
0 0.6875 0.91875 0.0546875 0.10625
1 0.9484375 0.70625 0.053125 0.0671875
1 0.98984375 0.725 0.0203125 0.071875
1 0.98046875 0.7796875 0.0390625 0.0375
1 0.9296875 0.8640625 0.065625 0.0578125
1 0.88125 0.634375 0.071875 0.0609375
1 0.9453125 0.9078125 0.06875 0.0625
1 0.59921875 0.71953125 0.0390625 0.0609375
1 0.6078125 0.88125 0.0265625 0.0265625
1 0.59609375 0.9859375 0.0328125 0.025
1 0.65 0.940625 0.04375 0.0390625
1 0.87890625 0.99609375 0.0328125 0.0078125
1 0.82578125 0.99609375 0.0453125 0.0078125
1 0.7984375 0.934375 0.040625 0.03125
1 0.9453125 0.9703125 0.0546875 0.0234375
1 0.875 0.759375 0.046875 0.04375
1 0.8015625 0.7515625 0.0265625 0.021875
1 0.753125 0.759375 0.028125 0.0296875
1 0.81875 0.7015625 0.0234375 0.0296875
1 0.859375 0.6875 0.0265625 0.0453125
1 0.8328125 0.7 0.0140625 0.0328125
1 0.7671875 0.6 0.034375 0.040625
1 0.878125 0.8328125 0.025 0.025
1 0.790625 0.83125 0.021875 0.0234375
1 0.8171875 0.8109375 0.0171875 0.021875
1 0.8734375 0.9 0.021875 0.028125
1 0.9140625 0.8140625 0.034375 0.021875
1 0.9421875 0.6015625 0.0296875 0.0421875
1 0.9421875 0.653125 0.03125 0.0234375
1 0.99453125 0.6296875 0.0109375 0.021875
1 0.8765625 0.871875 0.0171875 0.025
1 0.70625 0.646875 0.0203125 0.0484375
1 0.728125 0.6078125 0.015625 0.0296875
0 0.684375 0.6359375 0.0796875 0.1140625