1 0.3078125 0.046875 0.01875 0.0375
1 0.4015625 0.4015625 0.0203125 0.028125
1 0.434375 0.33125 0.0328125 0.0234375
0 0.3796875 0.5953125 0.2171875 0.196875
0 0.434375 0.4546875 0.109375 0.040625
0 0.14375 0.5328125 0.103125 0.340625
0 0.053125 0.6265625 0.10625 0.346875
0 0.6390625 0.59453125 0.078125 0.1609375
1 0.715625 0.1671875 0.0140625 0.0109375
0 0.790625 0.6203125 0.378125 0.234375
0 0.23515625 0.8296875 0.2640625 0.059375
1 0.434375 0.8515625 0.0171875 0.0234375
1 0.159375 0.93125 0.0375 0.0328125
1 0.1546875 0.903125 0.01875 0.0140625
1 0.1859375 0.9265625 0.0078125 0.0078125
1 0.175 0.9515625 0.0109375 0.009375
1 0.2 0.815625 0.0046875 0.009375
1 0.7578125 0.99140625 0.009375 0.0171875
0 0.70078125 0.97421875 0.2015625 0.0515625
1 0.81796875 0.996875 0.0140625 0.00625
1 0.875 0.96875 0.0140625 0.0171875
1 0.909375 0.9765625 0.01875 0.0234375
0 0.84453125 0.92109375 0.1546875 0.1578125
1 0.8734375 0.93125 0.01875 0.0328125