1 0.0859375 0.375 0.034375 0.0375
1 0.1484375 0.4015625 0.0328125 0.0375
1 0.1171875 0.2546875 0.1703125 0.03125
0 0.08125 0.09453125 0.1625 0.1859375
1 0.05 0.025 0.0234375 0.021875
1 0.66875 0.45625 0.0109375 0.0078125
1 0.7359375 0.49609375 0.00625 0.0078125
1 0.7703125 0.20625 0.021875 0.015625
1 0.7828125 0.48984375 0.025 0.0203125
1 0.8453125 0.271875 0.009375 0.0125
1 0.9734375 0.246875 0.015625 0.015625
0 0.7140625 0.303125 0.225 0.1984375
0 0.85859375 0.3015625 0.2828125 0.303125
0 0.9296875 0.30859375 0.140625 0.1890625
1 0.334375 0.50859375 0.046875 0.0171875
0 0.37890625 0.8296875 0.0609375 0.328125
0 0.25859375 0.8109375 0.3015625 0.25625
1 0.2859375 0.775 0.034375 0.03125
1 0.2625 0.7359375 0.01875 0.01875
1 0.2296875 0.690625 0.021875 0.0328125
0 0.08671875 0.825 0.1734375 0.153125
1 0.240625 0.9 0.0234375 0.0265625
1 0.259375 0.5828125 0.028125 0.03125
1 0.0875 0.9546875 0.0234375 0.034375
0 0.640625 0.6890625 0.01875 0.0125
1 0.665625 0.565625 0.0078125 0.0109375
1 0.703125 0.54375 0.0078125 0.009375
1 0.7359375 0.6078125 0.0125 0.0109375
1 0.7578125 0.5796875 0.0109375 0.009375
1 0.7828125 0.5859375 0.015625 0.0171875
1 0.865625 0.603125 0.0078125 0.0125
1 0.8953125 0.578125 0.0328125 0.0296875
1 0.978125 0.5515625 0.015625 0.0125
0 0.7234375 0.8234375 0.1859375 0.2375
1 0.6453125 0.8578125 0.01875 0.015625
1 0.8484375 0.7265625 0.0078125 0.0078125
1 0.840625 0.7375 0.0078125 0.0078125
0 0.97890625 0.79765625 0.0421875 0.1828125
0 0.8921875 0.83671875 0.215625 0.2171875
1 0.8359375 0.9890625 0.01875 0.0140625
1 0.88125 0.9015625 0.0046875 0.009375