1 0.490625 0.2140625 0.015625 0.0078125
1 0.4546875 0.040625 0.0203125 0.025
1 0.24375 0.328125 0.0171875 0.0109375
0 0.253125 0.221875 0.2125 0.2046875
1 0.2875 0.121875 0.021875 0.0390625
0 0.1703125 0.084375 0.246875 0.16875
1 0.2203125 0.1421875 0.03125 0.0203125
1 0.2375 0.0828125 0.0140625 0.015625
1 0.23203125 0.00234375 0.0140625 0.0046875
1 0.215625 0.01015625 0.0875 0.0203125
1 0.203125 0.003125 0.05625 0.00625
1 0.0046875 0.2109375 0.009375 0.009375
1 0.0140625 0.0921875 0.0234375 0.0234375
1 0.121875 0.15 0.028125 0.015625
1 0.184375 0.1265625 0.046875 0.028125
1 0.7203125 0.1203125 0.015625 0.025
1 0.7640625 0.1140625 0.0390625 0.0390625
1 0.7765625 0.184375 0.0171875 0.01875
0 0.75 0.265625 0.0359375 0.0125
1 0.9953125 0.1515625 0.009375 0.025
1 0.99140625 0.23671875 0.0171875 0.0421875
1 0.98359375 0.26875 0.0328125 0.00625
1 0.85078125 0.0140625 0.0515625 0.028125
1 0.9015625 0.0265625 0.0296875 0.0234375
1 0.8875 0.028125 0.009375 0.021875
1 0.8453125 0.03125 0.03125 0.0234375
0 0.8828125 0.0765625 0.1609375 0.0921875
1 0.8 0.0796875 0.021875 0.028125
1 0.93125 0.0921875 0.0296875 0.03125
1 0.88125 0.13125 0.0375 0.0296875
1 0.875 0.171875 0.0578125 0.034375
0 0.8625 0.1765625 0.1421875 0.1890625
1 0.64140625 0.021875 0.0046875 0.01875
1 0.6640625 0.0640625 0.0234375 0.01875
1 0.64296875 0.07109375 0.0078125 0.0203125
1 0.7046875 0.2359375 0.0328125 0.021875
1 0.6546875 0.2203125 0.021875 0.03125
1 0.64453125 0.18515625 0.0109375 0.0390625
1 0.64765625 0.1390625 0.0171875 0.04375
1 0.765625 0.0046875 0.009375 0.009375
1 0.7328125 0.053125 0.0109375 0.0328125
1 0.721875 0.0796875 0.028125 0.0234375
1 0.7046875 0.084375 0.0359375 0.0296875
1 0.7421875 0.14375 0.0328125 0.0328125
1 0.7484375 0.1859375 0.0375 0.0296875
1 0.7234375 0.1765625 0.0078125 0.03125
1 0.56875 0.73125 0.0109375 0.0046875
1 0.1859375 0.871875 0.01875 0.0203125
0 0.359375 0.675 0.1890625 0.3125
0 0.3859375 0.56875 0.11875 0.221875
1 0.428125 0.5328125 0.0265625 0.0234375
1 0.303125 0.521875 0.021875 0.0265625
0 0.3859375 0.45 0.203125 0.0625
1 0.0484375 0.4546875 0.0296875 0.0375
1 0.0328125 0.459375 0.021875 0.0359375
1 0.0796875 0.525 0.0203125 0.021875
1 0.0328125 0.5015625 0.021875 0.025
0 0.7890625 0.934375 0.1515625 0.075
0 0.74375 0.8765625 0.121875 0.09375
0 0.7859375 0.8015625 0.1765625 0.121875
1 0.8171875 0.6734375 0.0265625 0.0296875
0 0.7765625 0.634375 0.0875 0.1203125
0 0.7734375 0.5609375 0.08125 0.059375
0 0.7546875 0.5046875 0.0984375 0.11875
1 0.65 0.7125 0.021875 0.03125