1 0.29765625 0.38359375 0.0421875 0.0265625
1 0.265625 0.1171875 0.015625 0.0140625
1 0.1828125 0.2796875 0.0375 0.0359375
1 0.146875 0.06875 0.01875 0.028125
1 0.1484375 0.3140625 0.0265625 0.03125
1 0.0703125 0.33125 0.009375 0.0078125
1 0.025 0.290625 0.0234375 0.03125
0 0.04375 0.03984375 0.078125 0.0796875
0 0.0421875 0.5359375 0.075 0.065625
1 0.053125 0.509375 0.06875 0.090625
1 0.125 0.50234375 0.109375 0.1328125
0 0.13359375 0.53828125 0.1421875 0.0609375
0 0.240625 0.534375 0.0625 0.06875
1 0.22109375 0.02109375 0.1171875 0.0421875
0 0.17890625 0.0515625 0.1171875 0.103125
0 0.28046875 0.03984375 0.0765625 0.0796875
1 0.10859375 0.021875 0.0484375 0.04375
1 0.30546875 0.07265625 0.0265625 0.0296875
0 0.8203125 0.53125 0.0828125 0.071875
1 0.8515625 0.45625 0.0203125 0.046875
0 0.7171875 0.5078125 0.15 0.121875
0 0.6203125 0.52109375 0.0875 0.0953125
0 0.5546875 0.534375 0.06875 0.06875
0 0.47890625 0.515625 0.0734375 0.10625
1 0.534375 0.453125 0.0671875 0.0515625
0 0.41171875 0.509375 0.0953125 0.11875
1 0.3734375 0.51171875 0.078125 0.1140625
1 0.5796875 0.4203125 0.0140625 0.0359375
1 0.671875 0.4109375 0.0546875 0.0828125
1 0.378125 0.3765625 0.0265625 0.0390625
1 0.4390625 0.3703125 0.028125 0.015625
1 0.4171875 0.2734375 0.028125 0.0359375
1 0.3765625 0.128125 0.03125 0.0265625
1 0.525 0.1640625 0.0265625 0.0203125
1 0.5640625 0.0921875 0.0453125 0.040625
1 0.609375 0.053125 0.0203125 0.03125
1 0.640625 0.065625 0.0484375 0.0359375
1 0.678125 0.0375 0.03125 0.0234375
1 0.6703125 0.05625 0.021875 0.021875
0 0.6328125 0.01875 0.084375 0.0375
0 0.4671875 0.03359375 0.084375 0.0671875
0 0.3859375 0.01015625 0.103125 0.0203125
1 0.340625 0.253125 0.0125 0.0234375
1 0.3609375 0.240625 0.028125 0.03125
1 0.403125 0.2890625 0.0171875 0.015625
1 0.5546875 0.2140625 0.0140625 0.0140625
1 0.7859375 0.278125 0.0484375 0.0671875
1 0.821875 0.109375 0.028125 0.0265625
0 0.8328125 0.03671875 0.05625 0.0734375
0 0.7609375 0.02734375 0.128125 0.0546875
1 0.17109375 0.9671875 0.0265625 0.065625
1 0.21875 0.9828125 0.025 0.034375
1 0.265625 0.9359375 0.015625 0.0125
1 0.1546875 0.865625 0.0171875 0.0203125
1 0.2296875 0.84375 0.028125 0.025
1 0.12890625 0.57421875 0.0171875 0.0109375
1 0.13125 0.721875 0.0171875 0.021875
0 0.121875 0.64609375 0.06875 0.1546875
0 0.178125 0.625 0.0625 0.1125
0 0.2375 0.6375 0.1625 0.11875
1 0.771875 0.9875 0.065625 0.025
1 0.70625 0.9546875 0.0328125 0.0265625
1 0.51640625 0.984375 0.0421875 0.03125
0 0.68671875 0.88125 0.2734375 0.2375
0 0.54765625 0.875 0.2734375 0.25
0 0.3640625 0.81953125 0.090625 0.2796875
1 0.44375 0.9734375 0.03125 0.015625
1 0.4484375 0.8171875 0.0453125 0.028125
1 0.553125 0.6375 0.0734375 0.06875
1 0.640625 0.640625 0.0296875 0.040625
1 0.465625 0.9046875 0.0390625 0.01875