1 0.3625 0.0953125 0.0125 0.0375
1 0.303125 0.3046875 0.0203125 0.01875
1 0.29375 0.1703125 0.0265625 0.021875
0 0.15625 0.46171875 0.065625 0.1359375
0 0.1859375 0.47890625 0.125 0.1015625
1 0.2453125 0.49375 0.01875 0.015625
0 0.290625 0.48828125 0.065625 0.0828125
1 0.3515625 0.5078125 0.025 0.01875
1 0.1578125 0.325 0.0671875 0.09375
1 0.2890625 0.2578125 0.0203125 0.03125
1 0.1296875 0.2296875 0.0125 0.025
1 0.1515625 0.2203125 0.0328125 0.0265625
1 0.165625 0.1890625 0.01875 0.0234375
1 0.2046875 0.01328125 0.028125 0.0265625
1 0.2140625 0.0296875 0.0203125 0.015625
1 0.2453125 0.084375 0.0265625 0.0234375
1 0.2703125 0.1046875 0.021875 0.0265625
1 0.934375 0.0703125 0.0203125 0.0171875
1 0.928125 0.1875 0.021875 0.034375
1 0.7578125 0.45625 0.0046875 0.0125
1 0.653125 0.303125 0.0140625 0.015625
1 0.61875 0.1609375 0.015625 0.0125
1 0.61875 0.121875 0.046875 0.046875
1 0.965625 0.0921875 0.028125 0.0234375
1 0.9109375 0.21875 0.015625 0.015625
0 0.971875 0.403125 0.0546875 0.11875
1 0.9421875 0.390625 0.06875 0.0640625
0 0.89375 0.40625 0.0765625 0.153125
0 0.7984375 0.4359375 0.1921875 0.1671875
1 0.8125 0.365625 0.040625 0.046875
1 0.54375 0.446875 0.01875 0.046875
1 0.60625 0.3625 0.134375 0.121875
1 0.5921875 0.4078125 0.015625 0.0109375
1 0.1125 0.7296875 0.0234375 0.0203125
1 0.0078125 0.5765625 0.015625 0.01875
1 0.0765625 0.9609375 0.009375 0.0078125
1 0.0828125 0.9703125 0.015625 0.015625
1 0.071875 0.890625 0.090625 0.0734375
0 0.121875 0.7765625 0.1484375 0.15625
1 0.1234375 0.8390625 0.075 0.0515625
1 0.0359375 0.7796875 0.015625 0.025
0 0.025 0.79921875 0.05 0.1265625
1 0.65234375 0.97109375 0.1703125 0.0578125
1 0.82265625 0.98125 0.0890625 0.0375
1 0.8921875 0.98125 0.0359375 0.0359375
1 0.490625 0.9515625 0.0875 0.075
1 0.6 0.9140625 0.071875 0.0609375
1 0.74375 0.915625 0.1015625 0.1203125
1 0.4828125 0.9 0.0421875 0.0578125
1 0.45 0.7890625 0.0453125 0.071875
0 0.4296875 0.684375 0.0421875 0.0546875
1 0.521875 0.7109375 0.109375 0.071875
0 0.621875 0.6859375 0.140625 0.115625
0 0.7 0.73125 0.0953125 0.13125
1 0.71875 0.80625 0.0484375 0.0359375
0 0.775 0.7078125 0.1625 0.1046875
1 0.9046875 0.85625 0.0328125 0.0484375
1 0.89375 0.7234375 0.075 0.109375
1 0.9078125 0.54921875 0.046875 0.0390625