1 0.4421875 0.4703125 0.0328125 0.025
1 0.3046875 0.384375 0.0046875 0.0109375
1 0.16328125 0.00546875 0.0203125 0.0109375
0 0.35703125 0.17421875 0.3046875 0.1890625
0 0.4328125 0.2015625 0.153125 0.11875
1 0.5 0.24296875 0.01875 0.0265625
1 0.5046875 0.11875 0.009375 0.021875
1 0.85 0.01875 0.0125 0.0109375
1 0.809375 0.146875 0.0109375 0.00625
1 0.690625 0.3515625 0.0078125 0.0046875
1 0.6234375 0.309375 0.0078125 0.0109375
1 0.59375 0.053125 0.0203125 0.0265625
1 0.5171875 0.05 0.015625 0.021875
1 0.5515625 0.2140625 0.0375 0.03125
1 0.5296875 0.1875 0.03125 0.0515625
1 0.528125 0.2234375 0.0125 0.015625
1 0.7359375 0.4515625 0.0125 0.0109375
1 0.7625 0.48828125 0.034375 0.0421875
1 0.7890625 0.4921875 0.0359375 0.0171875
0 0.80078125 0.43828125 0.2140625 0.1421875
1 0.7375 0.4171875 0.0390625 0.0765625
1 0.8265625 0.1609375 0.0234375 0.0390625
1 0.7796875 0.1296875 0.0125 0.015625
1 0.69375 0.0609375 0.0234375 0.0234375
1 0.1859375 0.95625 0.015625 0.0125
1 0.04375 0.65 0.0125 0.0171875
1 0.0640625 0.71875 0.0203125 0.021875
0 0.234375 0.88125 0.1046875 0.134375
0 0.140625 0.890625 0.05 0.1375
1 0.1828125 0.84375 0.025 0.05
1 0.1328125 0.8359375 0.071875 0.078125
0 0.059375 0.8640625 0.096875 0.1171875
0 0.0109375 0.86796875 0.021875 0.0984375
1 0.03125 0.6359375 0.021875 0.0265625
1 0.00625 0.6359375 0.0125 0.021875
1 0.00390625 0.546875 0.0078125 0.021875
1 0.0765625 0.5296875 0.0234375 0.0171875
1 0.1625 0.5734375 0.015625 0.0234375
1 0.1890625 0.565625 0.021875 0.021875
1 0.1265625 0.5921875 0.0125 0.0109375
1 0.103125 0.5484375 0.015625 0.0265625
1 0.1828125 0.5921875 0.0125 0.015625
1 0.2078125 0.559375 0.0125 0.0171875
1 0.1359375 0.53125 0.0171875 0.0203125
1 0.12734375 0.5203125 0.0265625 0.021875
1 0.0375 0.5671875 0.0203125 0.0265625
1 0.0234375 0.55 0.0140625 0.021875
1 0.61796875 0.51171875 0.0109375 0.0046875
0 0.77265625 0.56015625 0.1640625 0.1015625