0 0.365625 0.24375 0.15 0.078125
0 0.34453125 0.28359375 0.0546875 0.0328125
0 0.3921875 0.121875 0.1828125 0.1890625
0 0.384375 0.040625 0.109375 0.08125
1 0.2703125 0.175 0.0328125 0.0265625
1 0.146875 0.25625 0.0515625 0.0515625
1 0.17265625 0.28671875 0.0296875 0.0265625
1 0.08125 0.2703125 0.05625 0.059375
1 0.0359375 0.28671875 0.04375 0.0265625
1 0.0078125 0.009375 0.015625 0.01875
1 0.2265625 0.0453125 0.06875 0.0453125
1 0.1921875 0.046875 0.04375 0.0234375
1 0.19765625 0.00703125 0.0390625 0.0140625
1 0.025 0.165625 0.0265625 0.028125
1 0.9765625 0.2890625 0.046875 0.021875
1 0.9015625 0.26328125 0.078125 0.0734375
0 0.97734375 0.22890625 0.0453125 0.0515625
0 0.96328125 0.15625 0.0734375 0.15
0 0.96796875 0.065625 0.0640625 0.13125
1 0.834375 0.05 0.0328125 0.0265625
1 0.790625 0.0125 0.053125 0.025
1 0.725 0.0421875 0.084375 0.084375
1 0.6359375 0.0890625 0.071875 0.059375
1 0.734375 0.1390625 0.0359375 0.0515625
1 0.7234375 0.2078125 0.0671875 0.0703125
1 0.8625 0.29453125 0.0375 0.0109375
1 0.77734375 0.28828125 0.0390625 0.0234375
1 0.7515625 0.27109375 0.040625 0.0578125
1 0.6484375 0.2078125 0.0375 0.0296875
1 0.5765625 0.2453125 0.06875 0.03125
1 0.54140625 0.009375 0.0546875 0.01875
1 0.853125 0.115625 0.03125 0.021875
0 0.4296875 0.6421875 0.1515625 0.14375
0 0.425 0.5328125 0.13125 0.0671875
0 0.41640625 0.47890625 0.1859375 0.0671875
0 0.44140625 0.78515625 0.1359375 0.1390625
1 0.4234375 0.8984375 0.0578125 0.0703125
1 0.48203125 0.55390625 0.0546875 0.0703125
1 0.459375 0.7265625 0.0234375 0.0375
1 0.196875 0.5625 0.090625 0.0609375
1 0.3125 0.5453125 0.05 0.0203125
1 0.134375 0.6296875 0.034375 0.0265625
1 0.10625 0.540625 0.0375 0.0265625
1 0.3140625 0.875 0.05625 0.03125
1 0.3484375 0.8125 0.046875 0.0546875
1 0.3546875 0.8734375 0.046875 0.028125
1 0.3578125 0.9296875 0.025 0.0390625
1 0.140625 0.85 0.046875 0.0375
1 0.1453125 0.94375 0.05 0.05
1 0.0578125 0.8984375 0.0640625 0.0375
1 0.02578125 0.9328125 0.0515625 0.034375
1 0.18125 0.8765625 0.028125 0.025
1 0.23125 0.840625 0.03125 0.0328125
1 0.3109375 0.5 0.0328125 0.0328125
1 0.3640625 0.49375 0.034375 0.028125
1 0.2609375 0.7 0.028125 0.021875
1 0.2640625 0.815625 0.015625 0.009375
1 0.0453125 0.5625 0.0171875 0.01875
1 0.721875 0.553125 0.0234375 0.0234375
1 0.678125 0.5828125 0.0109375 0.0109375
1 0.525 0.609375 0.0234375 0.028125
1 0.725 0.6015625 0.0234375 0.0265625
1 0.5921875 0.621875 0.015625 0.0234375
1 0.6765625 0.640625 0.0375 0.0296875
1 0.821875 0.690625 0.0390625 0.046875
1 0.9515625 0.7328125 0.021875 0.0140625
1 0.5171875 0.8046875 0.0109375 0.0109375
1 0.684375 0.8015625 0.025 0.021875
1 0.73125 0.8171875 0.021875 0.0296875
1 0.8640625 0.8078125 0.0203125 0.03125
1 0.71875 0.8828125 0.0140625 0.0234375
1 0.6203125 0.928125 0.0109375 0.03125
1 0.6953125 0.9125 0.034375 0.034375
1 0.959375 0.946875 0.015625 0.0171875
1 0.8171875 0.99140625 0.046875 0.0171875
1 0.8953125 0.69375 0.015625 0.0265625
1 0.9203125 0.684375 0.01875 0.0390625
1 0.9640625 0.6359375 0.025 0.009375
0 0.90625 0.61875 0.16875 0.1875
1 0.8484375 0.709375 0.015625 0.0234375
1 0.8375 0.7421875 0.015625 0.01875
0 0.9296875 0.803125 0.140625 0.165625
0 0.8859375 0.9140625 0.0625 0.053125
1 0.99609375 0.87734375 0.0078125 0.0234375
0 0.91171875 0.96171875 0.0921875 0.0765625
0 0.896875 0.98984375 0.11875 0.0203125
1 0.8703125 0.9921875 0.021875 0.015625
1 0.5640625 0.5796875 0.0265625 0.015625
1 0.625 0.7125 0.028125 0.028125
1 0.6609375 0.7015625 0.0296875 0.0390625
1 0.6109375 0.9265625 0.01875 0.0125