1 0.6265625 0.396875 0.0140625 0.0203125
0 0.5703125 0.3734375 0.1484375 0.1109375
1 0.3265625 0.29375 0.03125 0.0265625
1 0.3015625 0.1734375 0.028125 0.03125
1 0.50625 0.14375 0.0375 0.028125
1 0.0828125 0.121875 0.028125 0.03125
1 0.4734375 0.06875 0.0359375 0.03125
1 0.4421875 0.05625 0.015625 0.01875
0 0.54921875 0.02578125 0.1046875 0.0515625
1 0.04140625 0.33125 0.0828125 0.059375
0 0.0546875 0.39375 0.1 0.1171875
0 0.0828125 0.2578125 0.0453125 0.0546875
1 0.0796875 0.28125 0.021875 0.0234375
1 0.0984375 0.296875 0.0515625 0.015625
1 0.171875 0.2203125 0.03125 0.0234375
0 0.05234375 0.17421875 0.1046875 0.1109375
0 0.03671875 0.0953125 0.0734375 0.109375
0 0.065625 0.0375 0.13125 0.075
1 0.3125 0.028125 0.021875 0.021875
1 0.4578125 0.0484375 0.01875 0.015625
1 0.359375 0.08125 0.01875 0.009375
1 0.3796875 0.0703125 0.0328125 0.0234375
1 0.2140625 0.0375 0.028125 0.0375
1 0.2 0.0578125 0.0109375 0.0140625
1 0.334375 0.2078125 0.0234375 0.0234375
1 0.4421875 0.2125 0.028125 0.0265625
1 0.4375 0.178125 0.01875 0.0125
1 0.4484375 0.31875 0.0203125 0.028125
1 0.428125 0.3546875 0.01875 0.015625
1 0.3609375 0.1421875 0.0171875 0.01875
1 0.2796875 0.140625 0.0171875 0.015625
1 0.265625 0.13125 0.01875 0.0140625
1 0.5046875 0.3546875 0.0265625 0.0296875
1 0.640625 0.0640625 0.01875 0.015625
1 0.6171875 0.01328125 0.046875 0.0265625
1 0.515625 0.1390625 0.015625 0.0328125
0 0.5359375 0.0828125 0.10625 0.078125
1 0.6125 0.171875 0.025 0.0203125
1 0.6359375 0.18125 0.0296875 0.0109375
1 0.64375 0.1984375 0.0109375 0.0078125
1 0.490625 0.334375 0.015625 0.025
1 0.49375 0.321875 0.0125 0.015625
0 0.5515625 0.275 0.1359375 0.0984375
0 0.55625 0.221875 0.14375 0.0671875
1 0.575 0.1890625 0.025 0.015625
0 0.5234375 0.159375 0.1265625 0.1015625
0 0.946875 0.33671875 0.10625 0.1515625
1 0.9609375 0.0328125 0.034375 0.03125
1 0.98125 0.2390625 0.025 0.0171875
1 0.971875 0.2234375 0.0203125 0.0140625
1 0.7671875 0.0640625 0.0234375 0.0265625
1 0.6875 0.309375 0.0171875 0.0203125
1 0.928125 0.0375 0.0234375 0.03125
1 0.9625 0.00546875 0.028125 0.0109375
1 0.059375 0.5921875 0.015625 0.01875
1 0.215625 0.7875 0.0078125 0.0140625
1 0.303125 0.803125 0.01875 0.015625
1 0.4296875 0.7703125 0.01875 0.025
1 0.4265625 0.8609375 0.009375 0.0125
1 0.35 0.85625 0.0203125 0.01875
1 0.403125 0.978125 0.0296875 0.01875
0 0.35234375 0.97734375 0.0703125 0.0453125
1 0.3390625 0.9625 0.0046875 0.0078125
0 0.3453125 0.825 0.1171875 0.1578125
1 0.271875 0.70625 0.0359375 0.0328125
1 0.5390625 0.8046875 0.03125 0.01875
1 0.53125 0.88125 0.01875 0.0234375
1 0.521875 0.9234375 0.0171875 0.015625
1 0.6046875 0.98125 0.0078125 0.009375
1 0.60625 0.99765625 0.01875 0.0046875
1 0.20625 0.98125 0.0078125 0.0171875
1 0.0890625 0.9796875 0.00625 0.015625
1 0.1015625 0.928125 0.0109375 0.0125
1 0.075 0.8390625 0.025 0.015625
1 0.034375 0.690625 0.01875 0.0140625
1 0.140625 0.6015625 0.015625 0.0203125
1 0.153125 0.6734375 0.0109375 0.009375
1 0.3515625 0.659375 0.015625 0.0109375
1 0.403125 0.690625 0.0125 0.009375
0 0.4 0.675 0.228125 0.0796875
1 0.74375 0.946875 0.0078125 0.0234375
1 0.678125 0.9375 0.0234375 0.0171875
1 0.709375 0.9046875 0.021875 0.0171875
1 0.9953125 0.89453125 0.009375 0.0328125
1 0.821875 0.8109375 0.046875 0.0625
1 0.8 0.7875 0.009375 0.0140625
1 0.66640625 0.78515625 0.0140625 0.0109375
1 0.94375 0.903125 0.040625 0.04375
1 0.9625 0.8828125 0.021875 0.025
1 0.6921875 0.86875 0.0203125 0.015625
1 0.771875 0.9671875 0.0265625 0.01875
1 0.7921875 0.9609375 0.0171875 0.0171875
1 0.81875 0.9734375 0.0265625 0.015625
1 0.8109375 0.9171875 0.0375 0.034375
1 0.7921875 0.840625 0.025 0.0125
1 0.80625 0.853125 0.009375 0.0296875