1 0.00546875 0.04140625 0.0109375 0.0171875
1 0.00625 0.12734375 0.0125 0.0171875
1 0.0078125 0.17734375 0.015625 0.0234375
1 0.1296875 0.0859375 0.0375 0.0234375
1 0.0953125 0.096875 0.0234375 0.015625
1 0.1125 0.090625 0.01875 0.0140625
1 0.1046875 0.109375 0.0171875 0.01875
1 0.140625 0.1203125 0.0640625 0.0515625
1 0.140625 0.1453125 0.015625 0.0234375
1 0.1546875 0.125 0.0203125 0.0234375
1 0.175 0.121875 0.0234375 0.0265625
1 0.1109375 0.121875 0.025 0.0296875
1 0.1171875 0.1796875 0.0234375 0.025
1 0.103125 0.2265625 0.0296875 0.0296875
1 0.13125 0.2296875 0.0234375 0.015625
1 0.06875 0.2171875 0.01875 0.0234375
1 0.053125 0.196875 0.0375 0.021875
1 0.03125 0.221875 0.0359375 0.028125
1 0.05 0.209375 0.009375 0.025
1 0.01171875 0.3 0.0234375 0.034375
1 0.275 0.2796875 0.0453125 0.0484375
1 0.234375 0.2234375 0.025 0.021875
1 0.2265625 0.2046875 0.0328125 0.0296875
1 0.25625 0.16875 0.015625 0.009375
1 0.3375 0.1828125 0.03125 0.021875
1 0.35 0.025 0.0203125 0.0125
1 0.4234375 0.0140625 0.025 0.025
1 0.3578125 0.128125 0.03125 0.0296875
1 0.3671875 0.1453125 0.028125 0.025
1 0.375 0.1609375 0.0328125 0.021875
1 0.3765625 0.1703125 0.0296875 0.034375
1 0.325 0.2328125 0.021875 0.028125
1 0.36875 0.3046875 0.0421875 0.028125
1 0.415625 0.2421875 0.0265625 0.025
1 0.415625 0.1265625 0.021875 0.01875
1 0.478125 0.04375 0.0140625 0.015625
1 0.45625 0.0234375 0.0265625 0.028125
1 0.48125 0.00390625 0.01875 0.0078125
1 0.45625 0.1578125 0.034375 0.03125
1 0.4984375 0.1390625 0.0203125 0.021875
1 0.4578125 0.0703125 0.01875 0.0171875
1 0.5984375 0.00859375 0.025 0.0171875
1 0.61875 0.021875 0.0359375 0.0375
1 0.609375 0.0046875 0.015625 0.009375
1 0.60625 0.04375 0.0234375 0.0234375
1 0.5828125 0.0515625 0.0140625 0.009375
1 0.571875 0.078125 0.0203125 0.0203125
1 0.6328125 0.11875 0.021875 0.01875
1 0.6234375 0.103125 0.0140625 0.0140625
1 0.6140625 0.0984375 0.0296875 0.025
1 0.615625 0.146875 0.0234375 0.0140625
1 0.621875 0.15625 0.03125 0.0140625
1 0.640625 0.1609375 0.0390625 0.0171875
1 0.5703125 0.2375 0.0078125 0.0078125
1 0.5984375 0.2515625 0.015625 0.015625
1 0.6046875 0.225 0.028125 0.01875
1 0.634375 0.2375 0.025 0.0234375
1 0.6578125 0.2546875 0.0171875 0.0140625
1 0.628125 0.2515625 0.0234375 0.01875
1 0.6046875 0.284375 0.034375 0.025
1 0.640625 0.3015625 0.034375 0.0296875
1 0.4953125 0.18125 0.025 0.0234375
0 0.3890625 0.2078125 0.146875 0.2234375
1 0.471875 0.30625 0.03125 0.025
0 0.35625 0.1359375 0.2234375 0.2578125
1 0.3984375 0.0203125 0.021875 0.0203125
1 0.4203125 0.0265625 0.009375 0.0109375
1 0.215625 0.2578125 0.0125 0.0140625
1 0.815625 0.075 0.015625 0.0390625
0 0.92421875 0.10078125 0.1515625 0.2015625
0 0.97734375 0.4 0.0453125 0.196875
1 0.0609375 0.7734375 0.021875 0.03125
1 0.3671875 0.6234375 0.03125 0.03125
1 0.4015625 0.7265625 0.009375 0.009375
1 0.48125 0.76875 0.025 0.0234375
1 0.49765625 0.54375 0.1140625 0.0875
0 0.25546875 0.53828125 0.2546875 0.0765625
0 0.2484375 0.6546875 0.153125 0.221875
0 0.1921875 0.728125 0.13125 0.1546875
0 0.265625 0.778125 0.065625 0.0546875
1 0.6921875 0.76328125 0.015625 0.0078125
1 0.684375 0.5984375 0.003125 0.0078125
1 0.571875 0.6203125 0.015625 0.0171875
0 0.78671875 0.86953125 0.1734375 0.2078125
1 0.7375 0.746875 0.0109375 0.0109375
1 0.70390625 0.73046875 0.0078125 0.0140625
1 0.8296875 0.6765625 0.0171875 0.01875
0 0.740625 0.58125 0.08125 0.08125