1 0.24765625 0.01015625 0.0359375 0.0203125
1 0.2140625 0.0296875 0.0296875 0.0140625
1 0.1109375 0.0703125 0.0484375 0.0296875
1 0.00546875 0.0953125 0.0109375 0.025
1 0.3625 0.090625 0.0171875 0.0078125
1 0.253125 0.0625 0.0203125 0.0171875
1 0.065625 0.0640625 0.0234375 0.0234375
1 0.0515625 0.01484375 0.0375 0.0296875
1 0.0796875 0.11875 0.0203125 0.021875
1 0.475 0.159375 0.021875 0.0328125
0 0.46875 0.2078125 0.0359375 0.065625
1 0.4453125 0.1984375 0.0234375 0.0296875
1 0.4265625 0.2140625 0.0203125 0.03125
0 0.403125 0.2078125 0.06875 0.1484375
1 0.45625 0.35625 0.015625 0.0140625
1 0.35625 0.3453125 0.0375 0.046875
1 0.3734375 0.3796875 0.021875 0.0234375
1 0.440625 0.328125 0.01875 0.0125
1 0.3515625 0.396875 0.0203125 0.025
1 0.3296875 0.2890625 0.0296875 0.025
1 0.1859375 0.365625 0.0390625 0.0625
1 0.3265625 0.1796875 0.059375 0.06875
0 0.31875 0.2375 0.1109375 0.0875
1 0.3609375 0.1578125 0.015625 0.0171875
0 0.2234375 0.184375 0.1109375 0.128125
1 0.1625 0.196875 0.0640625 0.040625
1 0.1203125 0.1609375 0.021875 0.015625
1 0.1296875 0.2 0.0203125 0.015625
1 0.1546875 0.221875 0.0484375 0.0390625
0 0.0875 0.20625 0.1453125 0.1125
1 0.0796875 0.2578125 0.015625 0.028125
1 0.0328125 0.2703125 0.034375 0.0328125
1 0.0390625 0.2921875 0.0171875 0.015625
0 0.03828125 0.2109375 0.0765625 0.115625
1 0.478125 0.41875 0.015625 0.015625
1 0.4625 0.50625 0.015625 0.00625
1 0.346875 0.49375 0.0140625 0.0125
1 0.334375 0.440625 0.0140625 0.015625
1 0.2578125 0.4609375 0.0140625 0.03125
1 0.1765625 0.4703125 0.0140625 0.0265625
1 0.0734375 0.3703125 0.0203125 0.0234375
1 0.0203125 0.35 0.0203125 0.015625
1 0.00625 0.38046875 0.0125 0.0234375
1 0.009375 0.41484375 0.01875 0.0140625
1 0.0109375 0.44609375 0.021875 0.0546875
1 0.2171875 0.4140625 0.0125 0.009375
1 0.228125 0.5 0.075 0.01875
1 0.1609375 0.5 0.034375 0.01875
0 0.7296875 0.09375 0.1 0.06875
0 0.78125 0.1125 0.1359375 0.1109375
0 0.9046875 0.109375 0.040625 0.0578125
1 0.865625 0.1015625 0.0328125 0.0421875
1 0.6859375 0.3890625 0.0125 0.03125
1 0.715625 0.375 0.0421875 0.0421875
1 0.7671875 0.390625 0.0421875 0.05
0 0.478125 0.5859375 0.065625 0.0875
0 0.425 0.5578125 0.0953125 0.090625
0 0.3453125 0.5765625 0.1 0.134375
1 0.371875 0.6328125 0.0203125 0.025
1 0.25625 0.565625 0.0296875 0.0328125
1 0.18125 0.51953125 0.0375 0.0203125
1 0.2171875 0.575 0.0203125 0.0171875
1 0.196875 0.5734375 0.0234375 0.0171875
0 0.10546875 0.58359375 0.1453125 0.1484375
0 0.04140625 0.565625 0.0828125 0.109375
1 0.109375 0.64375 0.0296875 0.0296875
1 0.090625 0.653125 0.0234375 0.0171875
1 0.0859375 0.63125 0.01875 0.0203125
1 0.11875 0.6875 0.0171875 0.0234375
1 0.2171875 0.5140625 0.025 0.009375
1 0.453125 0.7203125 0.0359375 0.01875
1 0.465625 0.7046875 0.0265625 0.0234375
1 0.2453125 0.7203125 0.0234375 0.04375
1 0.059375 0.771875 0.0234375 0.0140625
1 0.4640625 0.84375 0.025 0.0234375
1 0.425 0.7921875 0.021875 0.0203125
1 0.2953125 0.825 0.015625 0.0234375
1 0.23125 0.809375 0.021875 0.021875
1 0.046875 0.8828125 0.0234375 0.0203125
1 0.046875 0.9328125 0.021875 0.028125
1 0.221875 0.9546875 0.0328125 0.0328125
1 0.2625 0.9578125 0.034375 0.0140625
1 0.39375 0.95 0.028125 0.0296875
1 0.453125 0.953125 0.0234375 0.0171875
1 0.3828125 0.7796875 0.0265625 0.01875
0 0.79765625 0.73515625 0.2015625 0.4515625
1 0.7484375 0.8515625 0.028125 0.0078125