1 0.146875 0.15625 0.0234375 0.0203125
1 0.0296875 0.44375 0.0203125 0.025
1 0.3203125 0.309375 0.0328125 0.025
1 0.3421875 0.0625 0.01875 0.00625
1 0.18125 0.365625 0.0359375 0.034375
1 0.1421875 0.425 0.0234375 0.0328125
1 0.0140625 0.3703125 0.028125 0.075
0 0.08828125 0.3 0.1765625 0.3
1 0.1234375 0.3640625 0.0234375 0.028125
1 0.1296875 0.3421875 0.0234375 0.0203125
0 0.11796875 0.13984375 0.2359375 0.2796875
0 0.1328125 0.03984375 0.175 0.0796875
0 0.9515625 0.24921875 0.096875 0.1015625
0 0.96484375 0.365625 0.0703125 0.090625
0 0.9625 0.13125 0.0671875 0.0484375
0 0.484375 0.0265625 0.06875 0.053125
0 0.48125 0.109375 0.0625 0.09375
0 0.48515625 0.203125 0.0703125 0.134375
0 0.4828125 0.425 0.025 0.0546875
0 0.50546875 0.47578125 0.1109375 0.0921875
1 0.9640625 0.490625 0.0359375 0.0203125
1 0.6765625 0.2171875 0.0265625 0.034375
1 0.6921875 0.2296875 0.0203125 0.01875
1 0.6765625 0.175 0.03125 0.0140625
1 0.6734375 0.15 0.0203125 0.0234375
1 0.675 0.115625 0.03125 0.0296875
1 0.690625 0.0984375 0.0265625 0.0265625
1 0.690625 0.0625 0.0171875 0.0234375
1 0.771875 0.0875 0.034375 0.03125
1 0.753125 0.1203125 0.0234375 0.0203125
1 0.65625 0.2703125 0.0234375 0.0125
1 0.69375 0.2859375 0.03125 0.0203125
1 0.640625 0.2171875 0.01875 0.0234375
1 0.61875 0.1015625 0.0234375 0.034375
1 0.61875 0.165625 0.015625 0.0265625
1 0.575 0.16875 0.0203125 0.0140625
1 0.7234375 0.19375 0.021875 0.01875
1 0.765625 0.2421875 0.0234375 0.0140625
1 0.825 0.2234375 0.0171875 0.01875
1 0.81875 0.1234375 0.0296875 0.025
1 0.865625 0.0984375 0.0203125 0.015625
1 0.8546875 0.128125 0.0296875 0.0296875
1 0.8453125 0.1609375 0.0203125 0.0203125
1 0.7328125 0.084375 0.015625 0.025
1 0.525 0.0578125 0.0234375 0.0171875
1 0.58125 0.1921875 0.0125 0.0140625
1 0.5203125 0.2421875 0.0546875 0.0328125
1 0.5484375 0.275 0.0328125 0.025
1 0.521875 0.28125 0.0171875 0.015625
1 0.478125 0.278125 0.021875 0.015625
1 0.54375 0.3140625 0.0359375 0.0390625
1 0.5265625 0.3546875 0.034375 0.0359375
1 0.56875 0.3515625 0.025 0.0265625
1 0.5515625 0.3953125 0.025 0.025
1 0.4859375 0.3484375 0.028125 0.028125
1 0.475 0.3171875 0.0234375 0.021875
1 0.4796875 0.3671875 0.01875 0.009375
1 0.5125 0.415625 0.03125 0.034375
1 0.4546875 0.3828125 0.009375 0.04375
1 0.55625 0.44375 0.034375 0.0265625
1 0.6265625 0.453125 0.0328125 0.025
1 0.63125 0.375 0.0265625 0.01875
1 0.65 0.3375 0.0296875 0.0328125
1 0.65625 0.290625 0.0234375 0.01875
1 0.6078125 0.2296875 0.021875 0.01875
1 0.759375 0.265625 0.0265625 0.0234375
1 0.765625 0.303125 0.0234375 0.021875
1 0.7296875 0.35 0.0296875 0.025
1 0.6640625 0.4453125 0.03125 0.021875
1 0.715625 0.45 0.025 0.015625
1 0.7 0.5109375 0.034375 0.021875
1 0.6625 0.5 0.0296875 0.015625
1 0.7453125 0.509375 0.0375 0.0234375
1 0.853125 0.290625 0.028125 0.03125
1 0.903125 0.3171875 0.0234375 0.0265625
1 0.91875 0.4078125 0.0234375 0.0171875
1 0.865625 0.475 0.025 0.0171875
1 0.94375 0.4640625 0.0359375 0.0265625
1 0.9046875 0.503125 0.0359375 0.0234375
1 0.9390625 0.1609375 0.0328125 0.028125
1 0.965625 0.0546875 0.0265625 0.01875
1 0.75625 0.35625 0.0171875 0.021875
1 0.528125 0.515625 0.034375 0.0140625
1 0.921875 0.0875 0.0109375 0.0390625
1 0.496875 0.3140625 0.0125 0.0296875
1 0.3546875 0.8453125 0.0171875 0.0234375
1 0.3421875 0.940625 0.0234375 0.0265625
0 0.29375 0.821875 0.13125 0.0828125
0 0.2796875 0.8921875 0.184375 0.0578125
0 0.284375 0.96875 0.165625 0.0625
1 0.2328125 0.959375 0.0734375 0.0546875
0 0.26875 0.94375 0.125 0.0640625
1 0.9359375 0.7625 0.0109375 0.025
1 0.9109375 0.753125 0.0125 0.009375
1 0.8765625 0.7234375 0.015625 0.0140625
1 0.7109375 0.6875 0.015625 0.009375
1 0.7390625 0.7296875 0.034375 0.021875
1 0.753125 0.7484375 0.021875 0.0109375
0 0.7875 0.7734375 0.0609375 0.0609375
0 0.7703125 0.8140625 0.059375 0.078125
0 0.7546875 0.9578125 0.165625 0.053125
1 0.6609375 0.809375 0.015625 0.015625
1 0.628125 0.8515625 0.01875 0.0171875
1 0.6140625 0.821875 0.01875 0.0203125
1 0.6046875 0.8015625 0.03125 0.03125
1 0.6609375 0.7296875 0.025 0.015625
1 0.5171875 0.796875 0.0078125 0.009375
1 0.5 0.7890625 0.009375 0.0078125
1 0.5015625 0.9375 0.015625 0.0234375
1 0.4859375 0.934375 0.0203125 0.015625