0 0.27578125 0.05546875 0.2609375 0.1109375
1 0.3515625 0.253125 0.0390625 0.0375
1 0.3453125 0.09375 0.028125 0.04375
1 0.378125 0.1078125 0.0453125 0.0453125
1 0.3078125 0.10625 0.0375 0.0484375
1 0.2 0.1328125 0.0359375 0.0453125
1 0.134375 0.1375 0.0375 0.0375
1 0.1453125 0.21875 0.040625 0.034375
1 0.1609375 0.04375 0.03125 0.034375
1 0.05 0.0765625 0.0328125 0.025
1 0.0625 0.1125 0.0296875 0.0203125
1 0.0109375 0.01796875 0.021875 0.0359375
0 0.6421875 0.26953125 0.125 0.0984375
0 0.825 0.2609375 0.35 0.115625
0 0.95390625 0.2421875 0.0921875 0.153125
1 0.8515625 0.09375 0.025 0.046875
1 0.8875 0.04375 0.0390625 0.0546875
1 0.9421875 0.146875 0.0265625 0.021875
1 0.9859375 0.0046875 0.028125 0.009375
1 0.61484375 0.00703125 0.0453125 0.0140625
1 0.58515625 0.18125 0.0109375 0.028125
1 0.7453125 0.1640625 0.0265625 0.0328125
1 0.55 0.396875 0.0109375 0.009375
1 0.5390625 0.9453125 0.08125 0.109375
1 0.471875 0.8359375 0.0265625 0.025
1 0.4578125 0.58125 0.009375 0.009375
0 0.51640625 0.70625 0.1265625 0.15
1 0.4421875 0.90625 0.0078125 0.009375
1 0.434375 0.475 0.0296875 0.034375
1 0.3484375 0.390625 0.0234375 0.0125
1 0.3421875 0.79375 0.046875 0.0640625
1 0.20625 0.70625 0.0125 0.0140625
1 0.1375 0.7 0.0140625 0.0109375
1 0.121875 0.621875 0.0109375 0.0125
1 0.12578125 0.97265625 0.0203125 0.0546875
1 0.2609375 0.8640625 0.0078125 0.00625
1 0.2484375 0.83125 0.0078125 0.003125
1 0.1890625 0.990625 0.0109375 0.0125
1 0.2015625 0.9921875 0.009375 0.0078125
1 0.2109375 0.703125 0.00625 0.0078125
1 0.57421875 0.6125 0.0109375 0.028125
1 0.56796875 0.55390625 0.0234375 0.0265625
1 0.478125 0.6 0.015625 0.0078125
1 0.1390625 0.6359375 0.0078125 0.0109375
1 0.15 0.6046875 0.00625 0.0046875
1 0.1953125 0.4171875 0.0234375 0.034375
1 0.2046875 0.3625 0.0171875 0.021875
0 0.1765625 0.6609375 0.1203125 0.08125
0 0.26875 0.684375 0.240625 0.153125
0 0.61796875 0.4953125 0.0765625 0.175
0 0.7234375 0.5234375 0.2046875 0.1171875
1 0.671875 0.51875 0.0453125 0.0625
0 0.928125 0.509375 0.14375 0.30625