1 0.725 0.034375 0.03125 0.025
0 0.5734375 0.30390625 0.196875 0.1921875
0 0.35 0.2703125 0.221875 0.259375
0 0.31484375 0.30390625 0.1515625 0.1921875
1 0.2953125 0.0484375 0.025 0.0234375
1 0.2703125 0.1125 0.021875 0.015625
1 0.778125 0.265625 0.0109375 0.0078125
1 0.7796875 0.3 0.0078125 0.0125
1 0.890625 0.0265625 0.015625 0.01875
1 0.803125 0.0109375 0.00625 0.0078125
0 0.821875 0.084375 0.14375 0.16875
1 0.796875 0.1484375 0.0234375 0.0125
1 0.10625 0.4109375 0.0078125 0.015625
1 0.103125 0.4328125 0.0078125 0.00625
1 0.17109375 0.40546875 0.0171875 0.0109375
1 0.3375 0.4234375 0.0125 0.0078125
1 0.49375 0.496875 0.0078125 0.0140625
1 0.2953125 0.4953125 0.0046875 0.00625
1 0.24375 0.4890625 0.0125 0.0109375
1 0.0328125 0.58125 0.0078125 0.0109375
1 0.034375 0.5953125 0.0109375 0.009375
1 0.2046875 0.5859375 0.084375 0.053125
1 0.3171875 0.5625 0.06875 0.046875
1 0.4546875 0.578125 0.0125 0.0140625
1 0.53125 0.5453125 0.00625 0.0078125
1 0.540625 0.6234375 0.03125 0.0375
0 0.4921875 0.634375 0.084375 0.1015625
0 0.5234375 0.7296875 0.065625 0.0421875
1 0.503125 0.6359375 0.065625 0.05625
0 0.29375 0.6484375 0.2 0.128125
1 0.334375 0.59375 0.021875 0.0125
0 0.1515625 0.70625 0.15625 0.225
1 0.0375 0.9984375 0.015625 0.003125
1 0.0796875 0.86875 0.025 0.021875
1 0.1265625 0.8671875 0.0375 0.0265625
1 0.11875 0.871875 0.0203125 0.03125
1 0.1515625 0.8875 0.00625 0.00625
1 0.21953125 0.98984375 0.0234375 0.0203125
1 0.290625 0.971875 0.0171875 0.0125
1 0.28203125 0.99296875 0.0171875 0.0140625
1 0.321875 0.9828125 0.0171875 0.015625
1 0.396875 0.8796875 0.021875 0.015625
1 0.35859375 0.99453125 0.0203125 0.0109375
1 0.425 0.9671875 0.0046875 0.015625
1 0.496875 0.8734375 0.00625 0.0078125
1 0.5453125 0.8671875 0.00625 0.009375
1 0.528125 0.9625 0.0078125 0.0140625
1 0.48125 0.9609375 0.009375 0.0109375
1 0.48828125 0.990625 0.0296875 0.01875
0 0.5140625 0.665625 0.065625 0.059375
1 0.3859375 0.7140625 0.0125 0.009375
1 0.784375 0.846875 0.0171875 0.01875
0 0.78125 0.86953125 0.0625 0.2609375