1 0.4140625 0.1875 0.0484375 0.0453125
1 0.3203125 0.184375 0.0375 0.078125
1 0.4265625 0.415625 0.0375 0.0578125
0 0.31171875 0.47578125 0.1515625 0.0859375
1 0.47265625 0.49765625 0.0203125 0.0421875
0 0.82734375 0.03203125 0.1078125 0.0640625
0 0.88515625 0.01875 0.0953125 0.0375
0 0.9296875 0.03046875 0.071875 0.0609375
1 0.91953125 0.02265625 0.0703125 0.0453125
0 0.62578125 0.040625 0.1140625 0.08125
0 0.696875 0.040625 0.10625 0.08125
1 0.8484375 0.1609375 0.0203125 0.0171875
1 0.784375 0.1671875 0.0546875 0.0421875
1 0.728125 0.1671875 0.021875 0.015625
1 0.5453125 0.153125 0.0203125 0.0265625
1 0.5328125 0.165625 0.0171875 0.0171875
1 0.590625 0.196875 0.0234375 0.01875
1 0.5875 0.39375 0.025 0.0328125
1 0.6984375 0.4171875 0.0359375 0.0578125
1 0.9421875 0.4578125 0.021875 0.021875
0 0.87734375 0.49296875 0.0984375 0.0515625
0 0.82109375 0.48671875 0.0546875 0.0640625
0 0.76953125 0.47734375 0.0796875 0.0828125
0 0.609375 0.49296875 0.125 0.0515625
0 0.128125 0.8875 0.00625 0.046875
1 0.1453125 0.7828125 0.0328125 0.05
1 0.1875 0.6453125 0.0296875 0.0375
1 0.215625 0.56875 0.0140625 0.009375
1 0.240625 0.7765625 0.0109375 0.0125
1 0.334375 0.68125 0.0234375 0.0296875
1 0.3640625 0.790625 0.0078125 0.0171875
1 0.3609375 0.6703125 0.015625 0.0140625
0 0.23125 0.91015625 0.20625 0.1796875
0 0.40625 0.9265625 0.1890625 0.1453125
0 0.67734375 0.54140625 0.0609375 0.0453125
0 0.77890625 0.55234375 0.0828125 0.0671875
1 0.8984375 0.5375 0.0078125 0.0125
0 0.84765625 0.5328125 0.1359375 0.028125
0 0.93671875 0.534375 0.0859375 0.03125
1 0.95 0.571875 0.0234375 0.0140625
1 0.890625 0.59375 0.0203125 0.0171875
1 0.865625 0.590625 0.0109375 0.0078125
1 0.8515625 0.5828125 0.0109375 0.0109375
1 0.8203125 0.634375 0.046875 0.040625
1 0.896875 0.7 0.025 0.0203125
1 0.946875 0.6859375 0.0078125 0.0078125
1 0.9953125 0.7421875 0.0046875 0.009375
1 0.99609375 0.78046875 0.0078125 0.0046875
1 0.9421875 0.7703125 0.00625 0.0140625
1 0.8453125 0.75625 0.015625 0.0171875
1 0.778125 0.7265625 0.015625 0.0125
1 0.75625 0.753125 0.0515625 0.0296875
1 0.6875 0.859375 0.0171875 0.0203125
1 0.784375 0.8765625 0.015625 0.0125
1 0.8515625 0.8390625 0.009375 0.0109375
1 0.8265625 0.8921875 0.0109375 0.0140625
1 0.86875 0.8921875 0.0171875 0.009375
1 0.8984375 0.871875 0.009375 0.0109375
1 0.95625 0.809375 0.0375 0.040625
1 0.9453125 0.88125 0.0078125 0.0078125
1 0.99140625 0.91640625 0.0171875 0.0203125
1 0.9703125 0.9046875 0.025 0.0203125
1 0.6890625 0.9421875 0.009375 0.0125
1 0.7234375 0.9859375 0.0328125 0.0140625
1 0.9484375 0.975 0.01875 0.0234375
1 0.99453125 0.95 0.0109375 0.01875