1 0.4125 0.3859375 0.034375 0.03125
0 0.2234375 0.3703125 0.0875 0.065625
0 0.2515625 0.3171875 0.090625 0.0953125
0 0.2328125 0.2375 0.134375 0.1
1 0.1765625 0.2640625 0.025 0.0203125
1 0.24375 0.1484375 0.0328125 0.0296875
1 0.2984375 0.0734375 0.0375 0.0375
1 0.234375 0.109375 0.0171875 0.0203125
1 0.2359375 0.0890625 0.0171875 0.0234375
0 0.24140625 0.03515625 0.1828125 0.0703125
1 0.16484375 0.0078125 0.0296875 0.015625
1 0.121875 0.0109375 0.0234375 0.0171875
1 0.3015625 0.109375 0.0234375 0.025
1 0.0890625 0.3453125 0.01875 0.0359375
1 0.1046875 0.3578125 0.0234375 0.0265625
1 0.0890625 0.1375 0.04375 0.0234375
1 0.0171875 0.3171875 0.0203125 0.021875
1 0.00546875 0.1234375 0.0109375 0.021875
1 0.0296875 0.275 0.01875 0.0265625
1 0.9 0.1421875 0.015625 0.0125
1 0.8140625 0.2109375 0.0203125 0.0359375
1 0.846875 0.2375 0.015625 0.0125
1 0.8625 0.2859375 0.0140625 0.0140625
1 0.99375 0.2671875 0.0125 0.0203125
1 0.99375 0.33203125 0.0125 0.0109375
1 0.4515625 0.0390625 0.0328125 0.0375
1 0.5125 0.1171875 0.01875 0.0203125
0 0.68203125 0.0703125 0.2609375 0.140625
0 0.7515625 0.21875 0.3484375 0.2515625
0 0.596875 0.2953125 0.0796875 0.1
1 0.559375 0.325 0.0234375 0.0375
1 0.475 0.3234375 0.0515625 0.0421875
1 0.68125 0.1046875 0.0171875 0.0203125
0 0.1125 0.7765625 0.1859375 0.1828125
0 0.1078125 0.86875 0.134375 0.1015625
1 0.0921875 0.946875 0.0421875 0.0515625
1 0.1046875 0.978125 0.021875 0.021875
0 0.08359375 0.98046875 0.0890625 0.0390625
1 0.165625 0.728125 0.0265625 0.0265625
1 0.99609375 0.90234375 0.0078125 0.0140625
1 0.9328125 0.759375 0.015625 0.021875
1 0.8734375 0.7421875 0.0203125 0.01875
1 0.8890625 0.6703125 0.03125 0.015625
0 0.8625 0.6390625 0.1 0.03125
0 0.8171875 0.715625 0.1 0.1046875
1 0.771875 0.7328125 0.0140625 0.0171875
1 0.803125 0.7734375 0.0546875 0.0390625
0 0.840625 0.853125 0.2015625 0.125
0 0.8234375 0.94140625 0.13125 0.1171875
1 0.6625 0.821875 0.0421875 0.05
1 0.6109375 0.903125 0.0171875 0.0171875
1 0.5125 0.8015625 0.0234375 0.0234375