1 0.265625 0.35 0.0640625 0.0859375
1 0.1125 0.3171875 0.0484375 0.0390625
1 0.18125 0.4015625 0.015625 0.0265625
1 0.1671875 0.4171875 0.0296875 0.01875
1 0.1875 0.228125 0.0484375 0.0625
1 0.153125 0.2109375 0.0625 0.059375
1 0.04375 0.409375 0.034375 0.03125
1 0.003125 0.49453125 0.00625 0.0390625
1 0.00390625 0.48984375 0.0078125 0.0234375
1 0.1875 0.5375 0.0109375 0.0078125
1 0.3625 0.140625 0.0109375 0.009375
1 0.2625 0.221875 0.0125 0.0171875
1 0.02109375 0.140625 0.0421875 0.08125
1 0.00859375 0.16484375 0.0171875 0.0359375
0 0.028125 0.2359375 0.05625 0.14375
1 0.090625 0.1375 0.0125 0.009375
1 0.2890625 0.0875 0.00625 0.0109375
0 0.3328125 0.234375 0.1046875 0.10625
0 0.3765625 0.221875 0.01875 0.1625
0 0.93515625 0.04609375 0.1296875 0.0921875
0 0.7875 0.04296875 0.153125 0.0859375
0 0.6890625 0.03359375 0.0375 0.0671875
1 0.97734375 0.19609375 0.0453125 0.0859375
1 0.990625 0.23203125 0.01875 0.0359375
1 0.9953125 0.11328125 0.009375 0.0296875
1 0.98828125 0.33984375 0.0234375 0.0359375
1 0.9546875 0.340625 0.028125 0.04375
1 0.7890625 0.315625 0.0578125 0.0484375
1 0.7109375 0.240625 0.053125 0.0546875
0 0.8265625 0.53046875 0.125 0.0984375
1 0.73359375 0.528125 0.1078125 0.103125
0 0.6859375 0.5265625 0.028125 0.0796875
1 0.8828125 0.54375 0.04375 0.0359375
1 0.034375 0.846875 0.009375 0.015625
1 0.3546875 0.9671875 0.046875 0.046875
1 0.40625 0.953125 0.0296875 0.01875
1 0.50390625 0.9921875 0.0546875 0.015625
1 0.5375 0.83125 0.0171875 0.0109375
1 0.4734375 0.9390625 0.0171875 0.0234375
1 0.4484375 0.9296875 0.025 0.0234375
1 0.3796875 0.9359375 0.028125 0.025
1 0.2828125 0.8859375 0.0421875 0.0515625
1 0.2875 0.859375 0.0125 0.0140625
1 0.2734375 0.8625 0.015625 0.015625
1 0.3265625 0.9546875 0.0234375 0.015625
1 0.2265625 0.7953125 0.0171875 0.01875
1 0.27734375 0.990625 0.0265625 0.01875
1 0.3640625 0.85625 0.0203125 0.0125
1 0.159375 0.815625 0.1140625 0.1546875
0 0.090625 0.7828125 0.1234375 0.125
1 0.08125 0.85 0.05625 0.0921875
1 0.2671875 0.80625 0.1 0.090625
0 0.45 0.7875 0.0625 0.125
1 0.4203125 0.78125 0.04375 0.0359375
0 0.3484375 0.8 0.1203125 0.125
1 0.425 0.821875 0.0296875 0.025
1 0.5125 0.803125 0.084375 0.0828125
1 0.60625 0.6546875 0.034375 0.04375
0 0.63125 0.6 0.084375 0.040625
0 0.821875 0.59140625 0.06875 0.0234375
0 0.7546875 0.58984375 0.153125 0.0203125
1 0.75625 0.628125 0.034375 0.0203125
1 0.765625 0.6921875 0.0328125 0.0515625
1 0.7546875 0.721875 0.0203125 0.0265625
1 0.6984375 0.7171875 0.0171875 0.0140625
1 0.6140625 0.7921875 0.03125 0.0234375
1 0.6265625 0.8546875 0.028125 0.0234375
1 0.6125 0.93515625 0.046875 0.1296875
1 0.8515625 0.7984375 0.009375 0.0359375
1 0.85 0.88125 0.0125 0.034375
1 0.81875 0.8328125 0.034375 0.0546875
1 0.821875 0.8671875 0.05 0.0625
0 0.78828125 0.9890625 0.0890625 0.021875
1 0.7703125 0.790625 0.0359375 0.040625
1 0.6875 0.8640625 0.0546875 0.0484375
1 0.70625 0.9296875 0.1234375 0.1296875
1 0.7765625 0.8703125 0.0265625 0.0234375
1 0.7765625 0.8328125 0.0203125 0.01875
1 0.753125 0.8375 0.0265625 0.0328125
1 0.7609375 0.85 0.015625 0.0375
1 0.7578125 0.921875 0.065625 0.0375
1 0.6140625 0.96875 0.05 0.0625
0 0.72890625 0.9890625 0.1203125 0.021875
0 0.62578125 0.98359375 0.0734375 0.0328125
1 0.740625 0.7140625 0.0125 0.0265625