1 0.2125 0.01015625 0.025 0.0203125
1 0.01640625 0.06953125 0.0328125 0.0703125
1 0.0078125 0.12421875 0.015625 0.0265625
1 0.1484375 0.1609375 0.0421875 0.0578125
1 0.0828125 0.0875 0.0546875 0.0484375
1 0.0671875 0.0359375 0.028125 0.0359375
1 0.0984375 0.0359375 0.040625 0.0359375
1 0.12890625 0.0203125 0.0546875 0.040625
1 0.159375 0.0265625 0.0265625 0.021875
1 0.1328125 0.090625 0.0390625 0.0234375
1 0.1203125 0.059375 0.040625 0.03125
1 0.1765625 0.075 0.0765625 0.1
1 0.2328125 0.084375 0.0546875 0.0875
1 0.2390625 0.1671875 0.0546875 0.1140625
1 0.1390625 0.315625 0.0578125 0.06875
0 0.2328125 0.265625 0.071875 0.1390625
1 0.1828125 0.2515625 0.021875 0.040625
0 0.11875 0.2453125 0.1265625 0.10625
1 0.1046875 0.1890625 0.0421875 0.0421875
1 0.1015625 0.3953125 0.0390625 0.03125
0 0.021875 0.4796875 0.04375 0.11875
1 0.0625 0.5015625 0.03125 0.0296875
1 0.1078125 0.53046875 0.053125 0.0171875
1 0.1296875 0.4828125 0.046875 0.028125
1 0.24296875 0.52734375 0.0484375 0.0234375
0 0.2109375 0.453125 0.1109375 0.1453125
1 0.2546875 0.353125 0.0265625 0.0453125
1 0.203125 0.1703125 0.0171875 0.028125
1 0.1734375 0.4421875 0.021875 0.015625
0 0.03671875 0.23828125 0.0734375 0.1515625
0 0.02265625 0.34140625 0.0453125 0.1109375
1 0.40234375 0.0078125 0.0328125 0.015625
1 0.409375 0.0546875 0.04375 0.03125
1 0.4671875 0.00859375 0.021875 0.0171875
1 0.8 0.0203125 0.0171875 0.0328125
1 0.7921875 0.046875 0.065625 0.0453125
1 0.78125 0.08125 0.0375 0.0546875
1 0.7734375 0.109375 0.0453125 0.0234375
1 0.7453125 0.159375 0.0390625 0.034375
1 0.7765625 0.1921875 0.0203125 0.021875
1 0.7875 0.2046875 0.0078125 0.0109375
1 0.740625 0.2203125 0.009375 0.009375
1 0.7125 0.0953125 0.05625 0.053125
1 0.609375 0.1171875 0.046875 0.0328125
1 0.5734375 0.1109375 0.040625 0.021875
1 0.5625 0.0609375 0.0546875 0.0375
1 0.5546875 0.0390625 0.00625 0.0140625
1 0.5296875 0.0421875 0.0078125 0.003125
1 0.4828125 0.1171875 0.0578125 0.040625
1 0.5015625 0.1984375 0.028125 0.0234375
1 0.4984375 0.2078125 0.0140625 0.0109375
1 0.5109375 0.2265625 0.015625 0.0125
1 0.40625 0.16875 0.0171875 0.0328125
1 0.3875 0.1484375 0.0203125 0.01875
1 0.365625 0.071875 0.0171875 0.015625
1 0.384375 0.059375 0.0140625 0.0109375
1 0.6109375 0.215625 0.0359375 0.03125
1 0.603125 0.2625 0.009375 0.009375
1 0.8125 0.1453125 0.0390625 0.040625
1 0.8296875 0.1953125 0.0265625 0.0328125
1 0.80625 0.2109375 0.075 0.0859375
1 0.83125 0.2234375 0.025 0.0390625
1 0.825 0.225 0.0375 0.03125
1 0.5734375 0.2453125 0.0125 0.0140625
1 0.4546875 0.2546875 0.01875 0.01875
1 0.4875 0.2390625 0.0109375 0.0109375
1 0.384375 0.528125 0.01875 0.015625
1 0.578125 0.5203125 0.015625 0.0234375
1 0.78828125 0.53203125 0.0234375 0.0140625
1 0.8125 0.4609375 0.059375 0.0390625
1 0.8171875 0.4921875 0.0203125 0.0234375
1 0.7984375 0.4953125 0.028125 0.028125
1 0.75625 0.4296875 0.0109375 0.0125
1 0.7703125 0.453125 0.025 0.0171875
1 0.7671875 0.4734375 0.0203125 0.01875
1 0.765625 0.4921875 0.05 0.0453125
1 0.6875 0.484375 0.0109375 0.0125
1 0.7109375 0.4984375 0.0234375 0.028125
1 0.7125 0.4578125 0.015625 0.0140625
1 0.678125 0.4875 0.0203125 0.0203125
1 0.7015625 0.5015625 0.0265625 0.015625
1 0.646875 0.51015625 0.053125 0.0578125
1 0.6265625 0.4328125 0.0203125 0.0203125
1 0.5875 0.446875 0.01875 0.015625
1 0.5734375 0.4375 0.0171875 0.025
1 0.4359375 0.4625 0.0109375 0.009375
1 0.4375 0.4265625 0.0078125 0.0109375
1 0.5 0.5 0.0203125 0.021875
1 0.4828125 0.46875 0.0171875 0.015625
1 0.83125 0.35625 0.0140625 0.0171875
1 0.8109375 0.3796875 0.0125 0.015625
1 0.8015625 0.3796875 0.034375 0.0375
1 0.784375 0.3625 0.059375 0.065625
0 0.7875 0.3265625 0.096875 0.05
1 0.7625 0.3484375 0.071875 0.0421875
1 0.7359375 0.30625 0.0390625 0.028125
1 0.696875 0.3328125 0.0484375 0.046875
0 0.73125 0.3453125 0.0828125 0.071875
1 0.646875 0.334375 0.0640625 0.0796875
1 0.6375 0.26875 0.0078125 0.0078125
1 0.4078125 0.3890625 0.0328125 0.0171875
1 0.509375 0.3390625 0.025 0.0203125
1 0.5140625 0.325 0.0484375 0.028125
1 0.5015625 0.328125 0.0109375 0.0140625
1 0.6125 0.278125 0.009375 0.0109375
0 0.6015625 0.375 0.0796875 0.121875
0 0.5625 0.3453125 0.13125 0.140625
1 0.4984375 0.3859375 0.009375 0.0109375
0 0.3796875 0.3515625 0.1078125 0.1015625
1 0.328125 0.3140625 0.021875 0.01875
0 0.3296875 0.3640625 0.025 0.04375
0 0.1390625 0.9265625 0.103125 0.146875
1 0.221875 0.8734375 0.0171875 0.0265625
0 0.225 0.9 0.15 0.2
1 0.7609375 0.6234375 0.05625 0.0515625
1 0.759375 0.5828125 0.034375 0.0359375
1 0.8109375 0.690625 0.0375 0.04375
1 0.8125 0.74375 0.0890625 0.1046875
1 0.703125 0.6890625 0.0625 0.0515625
1 0.66640625 0.5609375 0.0421875 0.04375
1 0.6703125 0.63125 0.040625 0.034375
1 0.36875 0.771875 0.0734375 0.1
0 0.3546875 0.8671875 0.0484375 0.10625
0 0.4609375 0.8671875 0.1578125 0.1203125
1 0.4734375 0.940625 0.025 0.040625
0 0.534375 0.85625 0.128125 0.1609375
0 0.6 0.8640625 0.1171875 0.0734375
1 0.640625 0.90625 0.06875 0.075
1 0.7453125 0.95 0.0375 0.0625
0 0.7953125 0.8765625 0.125 0.0953125
1 0.690625 0.8796875 0.021875 0.021875
1 0.6734375 0.8 0.0171875 0.0203125