0 0.1921875 0.4984375 0.15625 0.0734375
1 0.1578125 0.453125 0.015625 0.028125
1 0.1265625 0.4484375 0.028125 0.0578125
0 0.1828125 0.378125 0.1421875 0.128125
1 0.246875 0.346875 0.046875 0.040625
1 0.3015625 0.2953125 0.05 0.03125
1 0.3734375 0.203125 0.0625 0.021875
1 0.2984375 0.2125 0.08125 0.0390625
0 0.184375 0.221875 0.125 0.059375
0 0.20625 0.26875 0.1578125 0.1203125
1 0.0671875 0.29375 0.046875 0.059375
1 0.0625 0.428125 0.059375 0.053125
1 0.1046875 0.4015625 0.0265625 0.0203125
1 0.03125 0.5390625 0.0375 0.0359375
1 0.0625 0.496875 0.03125 0.034375
1 0.0265625 0.48125 0.0234375 0.034375
0 0.86484375 0.4609375 0.2703125 0.196875
1 0.4984375 0.4796875 0.028125 0.03125
1 0.41640625 0.54453125 0.0140625 0.0171875
1 0.6296875 0.3078125 0.0828125 0.0546875
0 0.81015625 0.328125 0.3796875 0.234375
0 0.8890625 0.2953125 0.221875 0.209375
0 0.1375 0.803125 0.109375 0.05625
0 0.0984375 0.8875 0.1765625 0.09375
0 0.10703125 0.95703125 0.1734375 0.0859375
1 0.34921875 0.9890625 0.0265625 0.021875
1 0.35 0.953125 0.03125 0.0140625
1 0.346875 0.928125 0.0203125 0.0234375
1 0.3484375 0.89375 0.03125 0.0296875
1 0.3640625 0.8765625 0.0265625 0.0265625
1 0.3640625 0.840625 0.0171875 0.0234375
1 0.3140625 0.99140625 0.01875 0.0171875
1 0.2921875 0.8796875 0.0234375 0.034375
1 0.2921875 0.94375 0.015625 0.0265625
1 0.2484375 0.946875 0.0203125 0.0140625
1 0.396875 0.971875 0.021875 0.01875
1 0.40390625 0.8625 0.0109375 0.025
1 0.1984375 0.8359375 0.0234375 0.0171875
1 0.2546875 0.9703125 0.0125 0.0140625
0 0.4953125 0.759375 0.084375 0.134375
1 0.465625 0.9875 0.0234375 0.021875
1 0.525 0.9640625 0.0125 0.0171875
1 0.646875 0.6875 0.0171875 0.0125
1 0.678125 0.75 0.0265625 0.0234375
1 0.7515625 0.803125 0.040625 0.0265625
1 0.6875 0.871875 0.0265625 0.0296875
1 0.7578125 0.9484375 0.0265625 0.0171875
1 0.73125 0.9234375 0.021875 0.0140625
1 0.721875 0.784375 0.01875 0.0203125
1 0.7984375 0.7171875 0.0390625 0.0578125
1 0.9234375 0.6296875 0.028125 0.028125
1 0.9359375 0.7421875 0.01875 0.0234375
1 0.940625 0.7765625 0.028125 0.03125
1 0.9640625 0.7890625 0.0171875 0.0171875
1 0.9 0.81875 0.0171875 0.015625
1 0.86875 0.778125 0.028125 0.01875
1 0.834375 0.7953125 0.0296875 0.0140625
1 0.8484375 0.75 0.021875 0.028125
1 0.925 0.8671875 0.015625 0.025
1 0.96875 0.821875 0.03125 0.025
1 0.940625 0.9078125 0.0171875 0.0171875
1 0.9328125 0.9578125 0.0359375 0.025
1 0.975 0.9859375 0.03125 0.01875
1 0.98984375 0.99609375 0.0203125 0.0078125
1 0.875 0.959375 0.0171875 0.0171875
1 0.665625 0.7953125 0.01875 0.025
1 0.9328125 0.5984375 0.015625 0.009375
1 0.4765625 0.8375 0.025 0.040625
1 0.4375 0.6828125 0.0234375 0.0234375
1 0.41875 0.6375 0.01875 0.015625
1 0.540625 0.7421875 0.021875 0.01875
1 0.465625 0.609375 0.0203125 0.0234375
1 0.83125 0.865625 0.0265625 0.03125