1 0.0046875 0.3515625 0.009375 0.015625
1 0.015625 0.0328125 0.0109375 0.025
1 0.0578125 0.04375 0.0484375 0.0546875
1 0.05 0.1765625 0.05 0.053125
1 0.1 0.171875 0.009375 0.015625
1 0.1046875 0.315625 0.03125 0.05625
1 0.1 0.0515625 0.040625 0.0625
1 0.1203125 0.178125 0.03125 0.046875
1 0.115625 0.2296875 0.0484375 0.0375
1 0.15 0.2234375 0.009375 0.0078125
1 0.165625 0.0125 0.0203125 0.0125
1 0.15625 0.15 0.0359375 0.0203125
1 0.190625 0.10625 0.0125 0.0109375
1 0.196875 0.171875 0.0765625 0.05
1 0.26171875 0.3578125 0.0234375 0.003125
1 0.2703125 0.18125 0.046875 0.021875
1 0.28125 0.2453125 0.0125 0.028125
1 0.28828125 0.02578125 0.0453125 0.0515625
1 0.05625 0.1078125 0.0890625 0.071875
1 0.025 0.0734375 0.034375 0.046875
1 0.246875 0.0546875 0.0328125 0.0359375
1 0.221875 0.0328125 0.0546875 0.065625
0 0.29375 0.0984375 0.1484375 0.1421875
1 0.3359375 0.2171875 0.0640625 0.0984375
1 0.303125 0.259375 0.03125 0.071875
1 0.259375 0.30625 0.06875 0.0859375
1 0.31875 0.290625 0.0453125 0.0390625
1 0.3171875 0.33125 0.0546875 0.0421875
1 0.01875 0.31953125 0.0375 0.0390625
1 0.2 0.278125 0.040625 0.0421875
1 0.1890625 0.2984375 0.0359375 0.0390625
1 0.1625 0.321875 0.021875 0.01875
1 0.09375 0.35390625 0.034375 0.0109375
1 0.15390625 0.3390625 0.1265625 0.040625
1 0.984375 0.00625 0.0203125 0.0109375
0 0.59765625 0.0953125 0.0359375 0.165625
1 0.728125 0.1359375 0.015625 0.021875
1 0.6875 0.1953125 0.0234375 0.0234375
1 0.703125 0.128125 0.015625 0.0125
1 0.7234375 0.11875 0.0125 0.01875
1 0.684375 0.128125 0.0109375 0.015625
1 0.796875 0.125 0.021875 0.028125
1 0.8140625 0.184375 0.03125 0.03125
0 0.7265625 0.115625 0.1609375 0.0921875
1 0.871875 0.0734375 0.009375 0.0046875
1 0.8421875 0.0625 0.015625 0.0359375
1 0.7796875 0.0765625 0.0078125 0.009375
1 0.8453125 0.1234375 0.0078125 0.015625
1 0.9609375 0.1 0.0171875 0.01875
0 0.925 0.0859375 0.1328125 0.1359375
0 0.825 0.13125 0.0765625 0.125
1 0.8015625 0.221875 0.015625 0.0078125
0 0.96328125 0.1140625 0.0734375 0.10625
1 0.5984375 0.29765625 0.0375 0.0546875
1 0.721875 0.28125 0.00625 0.0078125
1 0.8140625 0.3203125 0.0078125 0.009375
1 0.9234375 0.2546875 0.04375 0.0390625
1 0.9703125 0.3375 0.034375 0.04375
1 0.4859375 0.75625 0.04375 0.046875
0 0.446875 0.86171875 0.24375 0.2765625
0 0.290625 0.859375 0.2703125 0.234375
1 0.228125 0.8484375 0.0203125 0.0296875
1 0.2421875 0.8921875 0.0265625 0.0140625
0 0.1203125 0.8078125 0.1578125 0.2421875
1 0.1546875 0.9453125 0.053125 0.090625
1 0.871875 0.409375 0.0515625 0.01875
1 0.8984375 0.415625 0.03125 0.021875
1 0.80625 0.440625 0.0140625 0.03125
1 0.771875 0.496875 0.0328125 0.0359375
1 0.75 0.4546875 0.0203125 0.0171875
1 0.7578125 0.4296875 0.0140625 0.021875
1 0.775 0.5484375 0.01875 0.0125
1 0.99453125 0.5515625 0.0109375 0.028125
1 0.971875 0.58125 0.04375 0.0375
1 0.99453125 0.62890625 0.0109375 0.0390625
1 0.9859375 0.6328125 0.0140625 0.01875
1 0.921875 0.6421875 0.0453125 0.0328125
1 0.9015625 0.6 0.0125 0.021875
1 0.890625 0.6328125 0.053125 0.0296875
1 0.8515625 0.6515625 0.03125 0.0578125
1 0.8609375 0.653125 0.0109375 0.00625
1 0.7890625 0.6328125 0.034375 0.021875
1 0.7546875 0.6078125 0.015625 0.0234375
1 0.7375 0.65 0.028125 0.028125
1 0.7890625 0.615625 0.0140625 0.021875
1 0.75 0.63125 0.009375 0.028125
1 0.8109375 0.6984375 0.0265625 0.03125
1 0.8078125 0.671875 0.0171875 0.034375
1 0.71875 0.71875 0.034375 0.0203125
1 0.8984375 0.70625 0.0328125 0.00625
1 0.8578125 0.725 0.06875 0.028125
1 0.834375 0.7265625 0.0421875 0.028125
1 0.90625 0.678125 0.0421875 0.065625
0 0.975 0.79140625 0.05 0.1171875
1 0.965625 0.8875 0.0515625 0.0625
1 0.878125 0.884375 0.06875 0.0390625
1 0.925 0.8953125 0.0140625 0.0140625
0 0.89375 0.8046875 0.1140625 0.1078125
0 0.8265625 0.7859375 0.0734375 0.1
0 0.775 0.8140625 0.15 0.140625
1 0.75 0.9109375 0.0265625 0.0203125
1 0.74375 0.9375 0.0171875 0.0171875
1 0.71875 0.9203125 0.0359375 0.0265625
1 0.73125 0.996875 0.046875 0.00625
1 0.9453125 0.9703125 0.00625 0.0125
1 0.86875 0.4484375 0.0328125 0.04375
1 0.8859375 0.4625 0.0234375 0.015625