1 0.1703125 0.2046875 0.090625 0.065625
1 0.06875 0.2640625 0.0375 0.0296875
1 0.34375 0.26953125 0.03125 0.0296875
1 0.1703125 0.2875 0.015625 0.0171875
1 0.34453125 0.4296875 0.0296875 0.021875
1 0.146875 0.4671875 0.00625 0.0109375
1 0.13125 0.5078125 0.015625 0.01875
1 0.1890625 0.50625 0.0140625 0.0296875
1 0.253125 0.50625 0.0421875 0.0359375
1 0.35625 0.56953125 0.00625 0.0203125
1 0.1546875 0.665625 0.0125 0.009375
1 0.0953125 0.6703125 0.0140625 0.0109375
1 0.06875 0.2125 0.0421875 0.071875
1 0.01640625 0.32421875 0.0328125 0.0265625
1 0.00703125 0.45 0.0140625 0.028125
1 0.003125 0.39765625 0.00625 0.0234375
1 0.04375 0.4671875 0.03125 0.0484375
1 0.0578125 0.6046875 0.09375 0.0921875
0 0.0265625 0.50390625 0.053125 0.1921875
1 0.259375 0.1765625 0.025 0.0203125
1 0.203125 0.4421875 0.03125 0.0140625
1 0.2515625 0.66875 0.015625 0.0140625
1 0.1703125 0.5828125 0.0515625 0.025
1 0.125 0.3953125 0.0203125 0.0203125
1 0.98984375 0.4890625 0.0203125 0.03125
1 0.95625 0.5046875 0.0265625 0.028125
0 0.93125 0.4625 0.065625 0.0828125
1 0.996875 0.43125 0.00625 0.015625
1 0.8640625 0.4671875 0.0171875 0.015625
1 0.7953125 0.4296875 0.0328125 0.03125
0 0.9375 0.35859375 0.125 0.1515625
1 0.8875 0.425 0.009375 0.009375
0 0.93984375 0.31640625 0.1203125 0.0953125
0 0.97109375 0.06015625 0.0578125 0.0421875
0 0.9171875 0.0703125 0.0359375 0.0546875
0 0.9171875 0.10859375 0.165625 0.1109375
1 0.7890625 0.096875 0.0265625 0.021875
1 0.94140625 0.1921875 0.1171875 0.103125
1 0.8875 0.1796875 0.0390625 0.021875
1 0.8703125 0.18125 0.0140625 0.0171875
0 0.9390625 0.2546875 0.090625 0.075
1 0.753125 0.159375 0.0359375 0.0265625
1 0.7390625 0.19375 0.03125 0.034375
1 0.5578125 0.284375 0.0390625 0.0296875
1 0.6484375 0.478125 0.0171875 0.01875
1 0.5375 0.1015625 0.0109375 0.0203125
1 0.55625 0.1125 0.028125 0.0140625
1 0.453125 0.1765625 0.015625 0.025
1 0.5140625 0.4984375 0.021875 0.01875
0 0.4265625 0.0484375 0.125 0.021875
1 0.453125 0.06875 0.03125 0.0203125
1 0.4125 0.0515625 0.0171875 0.0078125
0 0.41484375 0.246875 0.1109375 0.109375
0 0.4078125 0.3359375 0.096875 0.115625
0 0.3984375 0.41015625 0.078125 0.1796875
0 0.4265625 0.4953125 0.134375 0.13125
0 0.4453125 0.5328125 0.1359375 0.0609375
1 0.71875 0.44375 0.01875 0.0125
1 0.2703125 0.72265625 0.03125 0.0265625
1 0.0125 0.76640625 0.025 0.0515625
1 0.078125 0.825 0.05625 0.0390625
1 0.178125 0.7890625 0.0453125 0.04375
1 0.1390625 0.7640625 0.021875 0.028125
0 0.4203125 0.84140625 0.121875 0.0296875
1 0.740625 0.85625 0.0234375 0.0234375
1 0.696875 0.8859375 0.0109375 0.0109375
1 0.54375 0.9125 0.0234375 0.028125
1 0.74375 0.9046875 0.0234375 0.0265625
1 0.6109375 0.925 0.015625 0.0234375
1 0.6953125 0.94375 0.0375 0.0296875
1 0.390625 0.953125 0.0203125 0.025
1 0.83984375 0.98515625 0.0390625 0.0296875
1 0.5015625 0.98828125 0.03125 0.0234375
1 0.9140625 0.99140625 0.015625 0.0171875
1 0.9390625 0.98359375 0.01875 0.0328125
1 0.9828125 0.9390625 0.025 0.009375
0 0.9203125 0.9140625 0.159375 0.171875
1 0.5828125 0.8828125 0.0265625 0.015625
1 0.67890625 0.9921875 0.0296875 0.015625
1 0.4171875 0.921875 0.028125 0.0453125
0 0.41875 0.8984375 0.1015625 0.078125
1 0.365625 0.95 0.0125 0.01875
0 0.3984375 0.975 0.078125 0.05