1 0.04375 0.325 0.0421875 0.025
1 0.1265625 0.2734375 0.04375 0.0390625
1 0.140625 0.246875 0.015625 0.021875
1 0.1359375 0.2140625 0.0421875 0.028125
1 0.0734375 0.2109375 0.025 0.034375
1 0.7046875 0.1625 0.00625 0.0078125
1 0.0125 0.1421875 0.01875 0.0203125
1 0.06953125 0.00625 0.0484375 0.0125
0 0.5140625 0.0796875 0.203125 0.159375
0 0.509375 0.13046875 0.353125 0.2609375
1 0.4125 0.140625 0.0484375 0.046875
1 0.7859375 0.11875 0.04375 0.0421875
1 0.7703125 0.45 0.0453125 0.05625
1 0.85 0.5484375 0.0375 0.0375
1 0.8875 0.321875 0.025 0.040625
1 0.903125 0.259375 0.0484375 0.0296875
1 0.7765625 0.2546875 0.0203125 0.0171875
1 0.9 0.15625 0.1265625 0.1171875
1 0.971875 0.49375 0.0234375 0.0453125
1 0.99296875 0.440625 0.0140625 0.028125
1 0.415625 0.965625 0.015625 0.0046875
1 0.4828125 0.965625 0.0265625 0.05
1 0.5421875 0.9421875 0.015625 0.0203125
1 0.675 0.9328125 0.009375 0.0125
0 0.20625 0.9453125 0.1 0.109375
1 0.071875 0.9578125 0.021875 0.021875
1 0.14375 0.815625 0.025 0.0234375
0 0.2203125 0.84375 0.1546875 0.078125
0 0.2265625 0.7875 0.0890625 0.0578125
1 0.240625 0.8078125 0.0390625 0.0171875
1 0.303125 0.99296875 0.059375 0.0140625
1 0.4609375 0.784375 0.028125 0.0171875
1 0.45625 0.8328125 0.04375 0.046875
1 0.390625 0.925 0.0171875 0.015625
1 0.45625 0.925 0.021875 0.021875
1 0.4015625 0.8625 0.021875 0.0125
1 0.503125 0.9234375 0.0140625 0.021875
1 0.375 0.98125 0.01875 0.028125
1 0.4265625 0.98828125 0.03125 0.0234375
1 0.603125 0.8109375 0.0578125 0.071875
1 0.6171875 0.859375 0.0234375 0.025
1 0.6296875 0.8953125 0.015625 0.01875
1 0.6953125 0.8609375 0.046875 0.040625
1 0.65 0.9859375 0.0203125 0.0234375
1 0.7609375 0.8140625 0.071875 0.06875
1 0.946875 0.684375 0.040625 0.0625
1 0.978125 0.903125 0.0265625 0.05
1 0.9609375 0.8265625 0.0625 0.05625