0 0.13125 0.39375 0.15 0.0984375
1 0.246875 0.0734375 0.109375 0.125
1 0.0921875 0.053125 0.053125 0.0578125
1 0.3953125 0.0515625 0.04375 0.0453125
1 0.4203125 0.1453125 0.06875 0.06875
1 0.47109375 0.07890625 0.0359375 0.0671875
1 0.425 0.084375 0.025 0.028125
1 0.3453125 0.08125 0.0546875 0.0390625
1 0.3859375 0.0890625 0.0234375 0.028125
1 0.275 0.1578125 0.025 0.03125
1 0.25 0.1421875 0.021875 0.040625
1 0.1765625 0.0640625 0.0515625 0.0453125
1 0.221875 0.00703125 0.034375 0.0140625
1 0.01171875 0.165625 0.0234375 0.08125
1 0.09375 0.1484375 0.034375 0.0328125
1 0.115625 0.2125 0.0734375 0.046875
1 0.0546875 0.234375 0.0671875 0.0484375
1 0.03984375 0.30703125 0.0796875 0.0703125
1 0.10625 0.2875 0.046875 0.0296875
1 0.15625 0.3203125 0.053125 0.0265625
1 0.171875 0.2859375 0.034375 0.0296875
1 0.2125 0.2140625 0.0453125 0.034375
1 0.284375 0.234375 0.03125 0.0453125
1 0.3078125 0.2734375 0.03125 0.0265625
1 0.265625 0.3109375 0.0234375 0.0265625
1 0.296875 0.303125 0.0359375 0.028125
1 0.2796875 0.346875 0.0515625 0.0453125
1 0.071875 0.5078125 0.05 0.021875
1 0.0375 0.4625 0.0296875 0.034375
1 0.0515625 0.4140625 0.0453125 0.0359375
1 0.234375 0.4875 0.0484375 0.034375
1 0.35 0.2796875 0.03125 0.0203125
1 0.3328125 0.328125 0.021875 0.0234375
1 0.3671875 0.2171875 0.025 0.015625
1 0.4640625 0.3375 0.021875 0.034375
1 0.46640625 0.3796875 0.0453125 0.046875
1 0.484375 0.434375 0.009375 0.03125
1 0.48359375 0.4921875 0.0109375 0.015625
1 0.38359375 0.4984375 0.0328125 0.040625
1 0.3546875 0.5078125 0.059375 0.021875
1 0.3078125 0.509375 0.0625 0.01875
1 0.271875 0.51171875 0.021875 0.0140625
1 0.275 0.4765625 0.0421875 0.040625
1 0.3296875 0.471875 0.0625 0.05
1 0.3265625 0.434375 0.0796875 0.0421875
1 0.353125 0.3921875 0.05625 0.046875
1 0.390625 0.3578125 0.0515625 0.0375
1 0.4015625 0.403125 0.0703125 0.0640625
1 0.2546875 0.4046875 0.065625 0.053125
1 0.47890625 0.29453125 0.0203125 0.0171875
1 0.2265625 0.3421875 0.021875 0.0265625
0 0.515625 0.48046875 0.053125 0.0765625
1 0.5078125 0.409375 0.0375 0.06875
1 0.534375 0.4140625 0.0234375 0.0140625
1 0.5015625 0.453125 0.0109375 0.0140625
1 0.55625 0.46875 0.0140625 0.015625
1 0.5953125 0.4546875 0.0328125 0.0390625
1 0.5984375 0.475 0.0171875 0.0140625
1 0.5578125 0.325 0.015625 0.0171875
0 0.8296875 0.47421875 0.059375 0.0890625
1 0.79375 0.30625 0.0390625 0.0328125
1 0.5859375 0.1046875 0.028125 0.059375
1 0.5734375 0.0484375 0.0265625 0.046875
1 0.6296875 0.090625 0.0359375 0.034375
1 0.621875 0.121875 0.0328125 0.040625
1 0.6734375 0.20625 0.0203125 0.01875
1 0.50234375 0.1265625 0.0265625 0.034375
0 0.52265625 0.025 0.0671875 0.05
0 0.76875 0.0390625 0.05 0.078125
1 0.80625 0.0515625 0.0265625 0.021875
1 0.80703125 0.00390625 0.0421875 0.0078125
1 0.84765625 0.015625 0.0203125 0.03125
1 0.69375 0.134375 0.0390625 0.0203125
1 0.70625 0.0375 0.01875 0.0140625
1 0.7296875 0.2359375 0.040625 0.0125
1 0.8390625 0.221875 0.0203125 0.009375
0 0.66953125 0.48046875 0.1015625 0.0765625
0 0.72421875 0.48125 0.0984375 0.075
1 0.7453125 0.3671875 0.1140625 0.10625
0 0.2734375 0.775 0.0375 0.0359375
0 0.41875 0.803125 0.025 0.03125
0 0.2609375 0.5609375 0.0671875 0.0765625
1 0.465625 0.6828125 0.0140625 0.025
1 0.4234375 0.68125 0.03125 0.046875
1 0.3765625 0.675 0.015625 0.0234375
1 0.4765625 0.7390625 0.025 0.034375
0 0.3453125 0.878125 0.1140625 0.1421875
0 0.4171875 0.890625 0.1390625 0.1359375
0 0.4765625 0.878125 0.025 0.09375
0 0.23125 0.8984375 0.134375 0.128125
1 0.1375 0.8796875 0.009375 0.1015625
1 0.1890625 0.8015625 0.03125 0.0390625
1 0.70625 0.52734375 0.021875 0.0171875
1 0.596875 0.875 0.0375 0.034375
1 0.7 0.9078125 0.025 0.0171875
1 0.60625 0.99453125 0.03125 0.0109375
1 0.546875 0.9609375 0.0375 0.040625
1 0.51015625 0.98046875 0.0421875 0.0390625
1 0.5359375 0.846875 0.028125 0.04375
1 0.825 0.828125 0.01875 0.0390625
1 0.746875 0.9265625 0.015625 0.015625
1 0.8109375 0.94375 0.03125 0.028125
1 0.8453125 0.95 0.0296875 0.021875
1 0.584375 0.9703125 0.0140625 0.0203125
1 0.7796875 0.8984375 0.01875 0.015625
0 0.72265625 0.66015625 0.2703125 0.2828125
0 0.60078125 0.66640625 0.2234375 0.2953125