0 0.38125 0.02578125 0.1125 0.0515625
1 0.0640625 0.0140625 0.0265625 0.015625
1 0.0890625 0.040625 0.03125 0.0328125
1 0.228125 0.10625 0.05625 0.0375
1 0.509375 0.1078125 0.0453125 0.028125
1 0.0296875 0.21796875 0.059375 0.0671875
1 0.225 0.275 0.0234375 0.0328125
1 0.0265625 0.2921875 0.040625 0.05
0 0.40625 0.2703125 0.1453125 0.078125
1 0.56875 0.29140625 0.021875 0.0390625
1 0.2125 0.3375 0.059375 0.0890625
1 0.0421875 0.3609375 0.040625 0.04375
1 0.2515625 0.3765625 0.0109375 0.015625
1 0.2875 0.378125 0.021875 0.0109375
0 0.3921875 0.3578125 0.1796875 0.053125
1 0.365625 0.31875 0.04375 0.0125
1 0.2796875 0.265625 0.0515625 0.065625
0 0.403125 0.18125 0.1578125 0.071875
0 0.3859375 0.10625 0.1125 0.1078125
1 0.315625 0.115625 0.04375 0.065625
1 0.1546875 0.1546875 0.08125 0.09375
1 0.1125 0.1421875 0.03125 0.078125
1 0.1078125 0.1875 0.0703125 0.0703125
1 0.0703125 0.1734375 0.0328125 0.0265625
1 0.053125 0.284375 0.0515625 0.0515625
1 0.0078125 0.240625 0.015625 0.08125
1 0.01015625 0.11640625 0.0203125 0.0578125
1 0.9859375 0.3609375 0.0265625 0.01875
1 0.94375 0.3546875 0.028125 0.025
0 0.8609375 0.41875 0.0453125 0.0453125
0 0.7484375 0.4171875 0.025 0.05625
0 0.8046875 0.296875 0.390625 0.296875
0 0.8640625 0.1296875 0.271875 0.228125
1 0.8078125 0.19375 0.0359375 0.0234375
1 0.7984375 0.153125 0.025 0.028125
1 0.646875 0.25625 0.028125 0.0296875
1 0.6640625 0.1578125 0.03125 0.040625
1 0.6453125 0.1234375 0.028125 0.028125
1 0.665625 0.1046875 0.03125 0.0265625
1 0.7265625 0.08125 0.0390625 0.0375
1 0.6796875 0.0328125 0.028125 0.021875
1 0.6734375 0.0640625 0.0328125 0.0234375
1 0.71796875 0.00625 0.0359375 0.0125
0 0.8640625 0.0328125 0.271875 0.065625
0 0.8 0.4296875 0.053125 0.0234375
1 0.6703125 0.4359375 0.0375 0.01875
1 0.0078125 0.5546875 0.015625 0.0140625
0 0.3234375 0.7265625 0.0578125 0.078125
0 0.3453125 0.68125 0.1328125 0.1421875
0 0.3625 0.578125 0.134375 0.1171875
1 0.2828125 0.5984375 0.040625 0.0359375
1 0.2046875 0.634375 0.025 0.0234375
1 0.16875 0.75625 0.028125 0.0171875
0 0.38203125 0.51328125 0.1578125 0.0671875
1 0.128125 0.7546875 0.0171875 0.021875
1 0.059375 0.634375 0.028125 0.0265625
1 0.0359375 0.65 0.01875 0.0234375
1 0.0453125 0.6171875 0.0296875 0.028125
1 0.1171875 0.55 0.0140625 0.0203125
1 0.096875 0.5296875 0.015625 0.0234375
1 0.04375 0.5171875 0.025 0.03125
1 0.1359375 0.5203125 0.0421875 0.0375
1 0.159375 0.5859375 0.053125 0.0765625
1 0.090625 0.5015625 0.0171875 0.015625
1 0.003125 0.48359375 0.00625 0.0078125
1 0.1296875 0.4859375 0.015625 0.0109375
1 0.7421875 0.6359375 0.0234375 0.00625
1 0.6609375 0.9859375 0.0078125 0.0046875
1 0.615625 0.7859375 0.0328125 0.0328125
1 0.6203125 0.64375 0.025 0.0140625
0 0.91875 0.83515625 0.1625 0.3078125
0 0.928125 0.70390625 0.14375 0.2015625
1 0.9125 0.9609375 0.0515625 0.0265625