1 0.03515625 0.34765625 0.0609375 0.0421875
1 0.10078125 0.3625 0.0265625 0.0125
1 0.109375 0.328125 0.01875 0.0296875
1 0.2765625 0.2125 0.01875 0.040625
0 0.2421875 0.1484375 0.0953125 0.025
0 0.2484375 0.0859375 0.078125 0.0796875
1 0.70078125 0.3390625 0.0859375 0.059375
1 0.7546875 0.2703125 0.046875 0.05
1 0.7109375 0.275 0.0375 0.0265625
1 0.6390625 0.34375 0.0359375 0.0296875
1 0.63046875 0.36015625 0.0171875 0.0171875
1 0.6171875 0.2796875 0.0546875 0.0265625
1 0.92421875 0.35546875 0.0265625 0.0265625
1 0.8609375 0.1890625 0.05 0.0640625
1 0.7734375 0.14375 0.0265625 0.0375
1 0.7359375 0.1203125 0.075 0.0390625
1 0.721875 0.2296875 0.0359375 0.0609375
0 0.678125 0.2140625 0.0765625 0.1734375
0 0.5859375 0.196875 0.0953125 0.0625
0 0.4640625 0.2046875 0.09375 0.1515625
1 0.7046875 0.25625 0.05 0.0515625
1 0.64375 0.1296875 0.046875 0.0515625
1 0.61875 0.1109375 0.028125 0.025
1 0.7390625 0.0515625 0.0171875 0.0375
1 0.8453125 0.04375 0.0234375 0.015625
1 0.8015625 0.009375 0.009375 0.01875
1 0.528125 0.1171875 0.01875 0.0203125
1 0.5671875 0.315625 0.0234375 0.0203125
1 0.3578125 0.9625 0.0296875 0.0578125
0 0.3421875 0.8625 0.075 0.09375
0 0.265625 0.8703125 0.0578125 0.075
0 0.209375 0.8859375 0.075 0.146875
0 0.121875 0.8671875 0.1578125 0.096875
0 0.0640625 0.88828125 0.128125 0.1015625
1 0.0859375 0.7765625 0.0578125 0.03125
1 0.0671875 0.796875 0.0546875 0.0453125
1 0.2140625 0.7765625 0.0828125 0.06875
1 0.1515625 0.7265625 0.0625 0.0375
1 0.0640625 0.6875 0.115625 0.1171875
1 0.2046875 0.625 0.0390625 0.0546875
1 0.20625 0.58125 0.0484375 0.0734375
1 0.246875 0.5046875 0.03125 0.028125
1 0.190625 0.4890625 0.0234375 0.0171875
1 0.2375 0.4484375 0.01875 0.0125
1 0.2015625 0.4140625 0.021875 0.0296875
0 0.3203125 0.4015625 0.065625 0.065625
1 0.3640625 0.4078125 0.03125 0.03125
0 0.3703125 0.37890625 0.01875 0.0203125
1 0.234375 0.3828125 0.0296875 0.01875
0 0.16171875 0.38828125 0.1421875 0.0390625
0 0.06484375 0.3890625 0.0796875 0.040625
1 0.1109375 0.4796875 0.025 0.0203125
1 0.1125 0.44375 0.01875 0.0234375
1 0.9640625 0.73125 0.053125 0.025
1 0.86875 0.98125 0.0265625 0.0140625
1 0.7625 0.5828125 0.0140625 0.009375
1 0.6609375 0.646875 0.0265625 0.0265625
0 0.659375 0.440625 0.096875 0.14375
0 0.8375 0.5375 0.21875 0.3
0 0.8828125 0.51015625 0.234375 0.2828125
1 0.7703125 0.9625 0.021875 0.028125