0 0.3765625 0.1265625 0.10625 0.15
1 0.4078125 0.3 0.0390625 0.028125
1 0.2625 0.175 0.028125 0.0453125
1 0.534375 0.009375 0.01875 0.01875
1 0.571875 0.040625 0.040625 0.0375
1 0.434375 0.0765625 0.009375 0.05
1 0.471875 0.1796875 0.021875 0.015625
1 0.4578125 0.1796875 0.025 0.0265625
1 0.43828125 0.3671875 0.0171875 0.028125
1 0.43515625 0.496875 0.0109375 0.025
1 0.43671875 0.5515625 0.0140625 0.040625
1 0.846875 0.0703125 0.04375 0.0671875
1 0.853125 0.103125 0.025 0.021875
1 0.859375 0.134375 0.028125 0.0234375
1 0.7765625 0.146875 0.025 0.0296875
1 0.7140625 0.040625 0.028125 0.0390625
1 0.6734375 0.0390625 0.06875 0.059375
1 0.675 0.078125 0.025 0.0296875
1 0.6375 0.1140625 0.0375 0.0203125
1 0.5828125 0.1125 0.0265625 0.025
1 0.6125 0.1296875 0.028125 0.0265625
1 0.625 0.1546875 0.040625 0.04375
1 0.6671875 0.1359375 0.040625 0.028125
1 0.6609375 0.196875 0.05625 0.0453125
1 0.6734375 0.2265625 0.0671875 0.05625
1 0.61875 0.234375 0.065625 0.0609375
1 0.61875 0.184375 0.021875 0.0265625
1 0.6328125 0.203125 0.034375 0.0359375
1 0.5125 0.1046875 0.0265625 0.0203125
1 0.5078125 0.1453125 0.0203125 0.046875
1 0.496875 0.3 0.04375 0.034375
1 0.475 0.334375 0.075 0.0828125
0 0.46171875 0.43515625 0.0640625 0.1140625
1 0.515625 0.384375 0.03125 0.0296875
0 0.5046875 0.434375 0.1109375 0.1390625
0 0.59375 0.43125 0.1046875 0.1265625
1 0.6375 0.3234375 0.0640625 0.0734375
1 0.640625 0.38125 0.028125 0.0171875
1 0.696875 0.3484375 0.0546875 0.05
1 0.7109375 0.3953125 0.0390625 0.053125
1 0.65625 0.434375 0.046875 0.0234375
1 0.646875 0.4765625 0.0578125 0.0671875
1 0.725 0.48125 0.0375 0.0359375
1 0.7640625 0.4796875 0.0453125 0.0328125
1 0.8234375 0.3671875 0.034375 0.0296875
1 0.846875 0.3328125 0.0625 0.065625
1 0.8203125 0.3 0.053125 0.0421875
1 0.7390625 0.3078125 0.0453125 0.0359375
1 0.765625 0.271875 0.0859375 0.0625
1 0.7921875 0.184375 0.046875 0.0265625
1 0.8265625 0.2421875 0.0484375 0.0765625
1 0.8625 0.228125 0.0265625 0.021875
1 0.85 0.4921875 0.053125 0.08125
1 0.7984375 0.5 0.046875 0.0546875
1 0.6625 0.53125 0.021875 0.03125
1 0.6921875 0.4890625 0.0203125 0.0265625
1 0.6953125 0.5578125 0.05625 0.0328125
1 0.6796875 0.5703125 0.05625 0.01875
1 0.728125 0.57578125 0.021875 0.0078125
1 0.80859375 0.56953125 0.1140625 0.0203125
1 0.815625 0.5421875 0.0203125 0.025
1 0.7828125 0.56875 0.0375 0.021875
1 0.54375 0.475 0.05 0.0390625
1 0.5140625 0.503125 0.0390625 0.03125
1 0.5328125 0.5171875 0.04375 0.03125
1 0.53125 0.5625 0.0375 0.0296875
1 0.5546875 0.5625 0.0125 0.009375
1 0.58984375 0.56484375 0.0921875 0.0296875
1 0.6171875 0.5671875 0.0140625 0.0203125
1 0.5953125 0.5359375 0.059375 0.040625
1 0.453125 0.5578125 0.028125 0.0390625
1 0.81015625 0.57578125 0.0140625 0.0078125
1 0.73125 0.11875 0.021875 0.0265625
1 0.7109375 0.0765625 0.0203125 0.021875
1 0.8 0.053125 0.0265625 0.0265625
1 0.77421875 0.00859375 0.0140625 0.0171875
1 0.85 0.00625 0.034375 0.0125
0 0.825 0.4421875 0.0984375 0.121875
0 0.7453125 0.425 0.103125 0.0859375
1 0.15234375 0.984375 0.0296875 0.03125
1 0.18125 0.9109375 0.0140625 0.009375
0 0.40078125 0.7015625 0.0578125 0.159375
0 0.2875 0.728125 0.1765625 0.1421875
0 0.1734375 0.7203125 0.1609375 0.1390625
0 0.121875 0.7390625 0.0578125 0.0703125
1 0.5640625 0.634375 0.03125 0.0265625
1 0.6140625 0.64375 0.03125 0.0234375
1 0.5078125 0.640625 0.053125 0.0359375
1 0.9046875 0.615625 0.0265625 0.034375
1 0.875 0.621875 0.021875 0.0203125
1 0.721875 0.65 0.0234375 0.0203125
1 0.6609375 0.6421875 0.0109375 0.0109375
1 0.9140625 0.7046875 0.059375 0.034375
1 0.796875 0.646875 0.021875 0.025
1 0.8140625 0.659375 0.0234375 0.0421875
1 0.8125 0.66875 0.0515625 0.0265625
0 0.9578125 0.721875 0.0078125 0.0390625
0 0.9546875 0.7640625 0.015625 0.0359375
1 0.9515625 0.8125 0.0171875 0.0203125
1 0.88125 0.925 0.078125 0.0859375
1 0.8796875 0.7765625 0.0390625 0.03125
1 0.846875 0.7546875 0.015625 0.0203125
0 0.8078125 0.784375 0.0921875 0.2140625
1 0.7625 0.7125 0.021875 0.0171875
1 0.8140625 0.684375 0.028125 0.0203125
0 0.734375 0.7796875 0.103125 0.0859375
0 0.64375 0.7828125 0.0921875 0.0921875
1 0.6328125 0.896875 0.034375 0.0421875
1 0.6921875 0.7828125 0.021875 0.0140625
1 0.6125 0.6890625 0.0203125 0.01875
1 0.5265625 0.8046875 0.04375 0.0390625
1 0.54375 0.896875 0.0328125 0.021875
1 0.5421875 0.953125 0.01875 0.01875
0 0.578125 0.753125 0.1046875 0.0609375
1 0.5921875 0.78125 0.0171875 0.0171875
1 0.609375 0.8046875 0.025 0.00625
1 0.484375 0.7140625 0.01875 0.0140625
0 0.45625 0.76875 0.040625 0.1375
1 0.496875 0.7953125 0.0109375 0.0171875
1 0.49375 0.915625 0.034375 0.034375
1 0.4921875 0.95625 0.04375 0.0578125
1 0.559375 0.98984375 0.034375 0.0203125
1 0.725 0.9875 0.0234375 0.021875
1 0.790625 0.8953125 0.0265625 0.0203125
1 0.81875 0.9203125 0.0203125 0.025
1 0.8703125 0.978125 0.025 0.0328125
1 0.9 0.9828125 0.01875 0.0171875
1 0.9140625 0.84375 0.015625 0.01875
1 0.8734375 0.859375 0.0078125 0.0234375
1 0.9546875 0.884375 0.015625 0.01875
1 0.6359375 0.9640625 0.0140625 0.0109375