0 0.1328125 0.2484375 0.1953125 0.15
0 0.1421875 0.3765625 0.159375 0.075
1 0.0875 0.109375 0.01875 0.06875
1 0.0828125 0.028125 0.04375 0.05
1 0.0265625 0.18125 0.015625 0.046875
1 0.49375 0.04375 0.0125 0.034375
1 0.4515625 0.165625 0.0171875 0.0125
1 0.378125 0.184375 0.034375 0.0375
1 0.4921875 0.2921875 0.015625 0.025
1 0.38125 0.284375 0.05 0.0453125
1 0.3546875 0.346875 0.0296875 0.021875
1 0.4921875 0.3546875 0.015625 0.03125
1 0.06875 0.090625 0.015625 0.0171875
1 0.7203125 0.3296875 0.015625 0.0140625
1 0.98125 0.228125 0.0125 0.0046875
1 0.5234375 0.25 0.025 0.0234375
1 0.559375 0.128125 0.028125 0.0171875
1 0.5671875 0.540625 0.01875 0.0171875
1 0.5453125 0.5671875 0.021875 0.021875
1 0.728125 0.5 0.0203125 0.0203125
1 0.7109375 0.484375 0.021875 0.021875
1 0.68125 0.4828125 0.015625 0.015625
1 0.6890625 0.50625 0.0125 0.0203125
1 0.71875 0.546875 0.0296875 0.0265625
1 0.684375 0.5515625 0.0171875 0.0203125
1 0.6390625 0.43125 0.015625 0.015625
1 0.6 0.1296875 0.0171875 0.021875
1 0.66875 0.25 0.028125 0.0265625
1 0.6921875 0.234375 0.01875 0.0234375
1 0.6828125 0.2671875 0.0296875 0.028125
1 0.6109375 0.334375 0.0140625 0.0203125
1 0.63125 0.3546875 0.015625 0.0234375
1 0.684375 0.3671875 0.025 0.03125
1 0.5921875 0.3640625 0.0421875 0.0375
1 0.56875 0.2984375 0.053125 0.0765625
1 0.6375 0.3828125 0.0171875 0.015625
1 0.728125 0.4046875 0.0125 0.015625
1 0.6984375 0.434375 0.0171875 0.0171875
1 0.5984375 0.3984375 0.015625 0.0109375
1 0.771875 0.41875 0.01875 0.0125
1 0.7765625 0.390625 0.0234375 0.0203125
1 0.7890625 0.284375 0.015625 0.01875
1 0.803125 0.1953125 0.0109375 0.015625
1 0.80625 0.334375 0.0078125 0.015625
1 0.8359375 0.4875 0.01875 0.01875
1 0.825 0.5 0.0125 0.0234375
1 0.99765625 0.43515625 0.0046875 0.0171875
1 0.9765625 0.2140625 0.0203125 0.021875
1 0.909375 0.5203125 0.0296875 0.0234375
0 0.8859375 0.55078125 0.1625 0.0578125
0 0.9109375 0.4875 0.140625 0.128125
1 0.8984375 0.434375 0.0171875 0.0203125
0 0.8953125 0.3765625 0.1265625 0.096875
1 0.9578125 0.2015625 0.028125 0.028125
1 0.959375 0.2671875 0.0265625 0.0328125
1 0.9 0.2703125 0.0203125 0.025
0 0.9203125 0.2375 0.0984375 0.096875
0 0.8921875 0.1640625 0.1359375 0.090625
0 0.9015625 0.3109375 0.11875 0.0875
0 0.0890625 0.8171875 0.1765625 0.1359375
1 0.0625 0.828125 0.021875 0.0265625
1 0.0625 0.875 0.03125 0.03125
1 0.0828125 0.90625 0.028125 0.028125
0 0.11953125 0.959375 0.2390625 0.08125
1 0.259375 0.784375 0.0421875 0.0359375
1 0.33125 0.771875 0.0359375 0.0390625
1 0.3890625 0.8375 0.0328125 0.03125
1 0.4328125 0.846875 0.0375 0.025
1 0.4578125 0.809375 0.0265625 0.01875
1 0.4859375 0.778125 0.0234375 0.04375
1 0.4859375 0.8515625 0.0234375 0.0390625
1 0.4703125 0.8625 0.021875 0.01875
1 0.4921875 0.9890625 0.0125 0.015625
1 0.1203125 0.9625 0.025 0.021875
1 0.1578125 0.98828125 0.0375 0.0234375
1 0.1984375 0.9921875 0.0234375 0.015625
1 0.2640625 0.95625 0.0203125 0.015625
1 0.48125 0.99296875 0.025 0.0140625
1 0.95625 0.9140625 0.0078125 0.0046875
1 0.903125 0.775 0.0078125 0.0109375
0 0.8984375 0.7546875 0.203125 0.325
0 0.86796875 0.61953125 0.2484375 0.0796875
1 0.50859375 0.85546875 0.0171875 0.0078125
1 0.784375 0.6796875 0.0109375 0.0125