1 0.69375 0.396875 0.0234375 0.0375
1 0.5390625 0.390625 0.034375 0.0453125
1 0.515625 0.45 0.053125 0.03125
1 0.603125 0.00546875 0.0375 0.0109375
1 0.61875 0.0859375 0.025 0.0234375
1 0.434375 0.0671875 0.0453125 0.01875
1 0.3609375 0.05 0.0578125 0.0734375
1 0.325 0.1 0.0140625 0.0171875
1 0.3328125 0.125 0.0296875 0.0375
1 0.2984375 0.1765625 0.0328125 0.040625
1 0.315625 0.1453125 0.028125 0.0171875
1 0.440625 0.2046875 0.0203125 0.0234375
1 0.4375 0.2234375 0.0203125 0.0171875
1 0.4078125 0.325 0.0234375 0.0171875
1 0.4015625 0.3359375 0.0203125 0.0296875
1 0.3390625 0.1734375 0.03125 0.015625
1 0.2828125 0.2171875 0.05625 0.046875
1 0.271875 0.240625 0.040625 0.03125
1 0.240625 0.190625 0.03125 0.0671875
0 0.121875 0.184375 0.2234375 0.2890625
0 0.134375 0.07421875 0.26875 0.1484375
1 0.290625 0.0734375 0.015625 0.03125
1 0.275 0.1203125 0.0390625 0.015625
1 0.2265625 0.128125 0.0296875 0.0171875
1 0.234375 0.0921875 0.025 0.0484375
1 0.2109375 0.0921875 0.0296875 0.0265625
1 0.096875 0.0359375 0.0140625 0.015625
1 0.00703125 0.1078125 0.0140625 0.053125
1 0.0078125 0.1796875 0.015625 0.021875
1 0.2765625 0.35 0.0296875 0.0140625
1 0.2703125 0.3609375 0.0296875 0.009375
0 0.15625 0.3625 0.2953125 0.2
1 0.2890625 0.4421875 0.0234375 0.0265625
1 0.1609375 0.41875 0.015625 0.0328125
1 0.1328125 0.4453125 0.0359375 0.0359375
1 0.0734375 0.41875 0.0171875 0.0140625
1 0.0234375 0.4390625 0.0375 0.040625
1 0.05625 0.371875 0.0625 0.0578125
1 0.046875 0.33125 0.04375 0.065625
1 0.0359375 0.3015625 0.0390625 0.0328125
1 0.134375 0.265625 0.0203125 0.021875
1 0.990625 0.3375 0.015625 0.0171875
0 0.9140625 0.3078125 0.1484375 0.128125
1 0.9265625 0.2609375 0.0421875 0.034375
1 0.821875 0.296875 0.01875 0.0171875
1 0.89375 0.359375 0.028125 0.0234375
1 0.7421875 0.0875 0.00625 0.015625
1 0.7703125 0.0859375 0.028125 0.01875
1 0.8140625 0.0609375 0.0234375 0.0078125
1 0.8453125 0.05 0.0140625 0.0078125
1 0.99453125 0.3671875 0.0109375 0.009375
0 0.86953125 0.134375 0.2609375 0.26875
0 0.88828125 0.04765625 0.2234375 0.0953125
1 0.70546875 0.80390625 0.0671875 0.2359375
1 0.6265625 0.8 0.0515625 0.046875
1 0.571875 0.76875 0.0125 0.0125
1 0.6765625 0.6546875 0.0078125 0.015625
1 0.58203125 0.5875 0.0265625 0.015625
1 0.50625 0.915625 0.0265625 0.046875
1 0.4859375 0.940625 0.0203125 0.025
1 0.5171875 0.940625 0.0078125 0.0078125
1 0.50625 0.9734375 0.0265625 0.040625
1 0.390625 0.6828125 0.0234375 0.0109375
1 0.26875 0.815625 0.03125 0.0265625
1 0.2234375 0.846875 0.015625 0.0125
1 0.115625 0.7828125 0.0265625 0.0328125
1 0.0921875 0.803125 0.025 0.015625
1 0.1265625 0.771875 0.025 0.021875
1 0.4375 0.828125 0.009375 0.0140625
0 0.30390625 0.90546875 0.2765625 0.1890625
1 0.4046875 0.84375 0.01875 0.0140625
0 0.265625 0.7890625 0.2625 0.41875
0 0.2609375 0.8453125 0.0609375 0.0734375
0 0.2875 0.8484375 0.025 0.0453125
1 0.284375 0.653125 0.034375 0.025
0 0.33125 0.69375 0.33125 0.228125
0 0.22109375 0.60625 0.1046875 0.053125
0 0.15625 0.63125 0.0421875 0.0546875
1 0.034375 0.60625 0.0390625 0.0359375
1 0.01640625 0.95859375 0.0328125 0.0515625
1 0.0234375 0.8296875 0.0125 0.021875
1 0.8796875 0.6703125 0.009375 0.0265625
1 0.9359375 0.6953125 0.0515625 0.0109375
1 0.896875 0.7484375 0.0265625 0.01875
1 0.809375 0.7640625 0.0125 0.0125
0 0.82734375 0.60625 0.1765625 0.053125