0 0.0703125 0.56328125 0.140625 0.1109375
1 0.0796875 0.565625 0.021875 0.0265625
1 0.0796875 0.51875 0.03125 0.03125
1 0.059375 0.4875 0.028125 0.028125
0 0.09375 0.409375 0.1875 0.13125
1 0.021875 0.43125 0.025 0.021875
1 0.1328125 0.34375 0.034375 0.0328125
1 0.1546875 0.31875 0.0234375 0.0203125
1 0.1546875 0.284375 0.0359375 0.0265625
1 0.078125 0.3140625 0.034375 0.03125
1 0.0890625 0.3515625 0.0359375 0.0265625
1 0.003125 0.27421875 0.00625 0.0234375
1 0.425 0.4453125 0.0515625 0.0359375
1 0.46875 0.353125 0.0390625 0.0328125
1 0.528125 0.2453125 0.01875 0.0203125
1 0.4921875 0.2125 0.025 0.0203125
1 0.53203125 0.1609375 0.0140625 0.01875
1 0.45390625 0.609375 0.0234375 0.01875
1 0.3671875 0.61484375 0.015625 0.0078125
1 0.321875 0.615625 0.009375 0.00625
1 0.2546875 0.6078125 0.025 0.015625
1 0.3546875 0.5140625 0.0109375 0.0328125
1 0.3390625 0.5578125 0.0203125 0.0265625
1 0.228125 0.4296875 0.028125 0.0296875
1 0.3640625 0.3390625 0.025 0.0171875
0 0.11796875 0.20859375 0.2359375 0.1546875
0 0.06171875 0.18125 0.1234375 0.11875
1 0.778125 0.1859375 0.021875 0.025
1 0.7609375 0.21875 0.0390625 0.0359375
1 0.8171875 0.25625 0.0171875 0.0140625
1 0.6109375 0.2953125 0.0296875 0.0296875
1 0.8046875 0.3390625 0.0109375 0.0140625
1 0.9265625 0.3421875 0.015625 0.0109375
1 0.9734375 0.3578125 0.0171875 0.0203125
1 0.54375 0.38203125 0.009375 0.0203125
1 0.8109375 0.409375 0.015625 0.025
1 0.9828125 0.44375 0.0296875 0.0265625
1 0.759375 0.4546875 0.0265625 0.028125
1 0.9234375 0.478125 0.00625 0.01875
1 0.578125 0.4828125 0.0265625 0.0359375
1 0.7046875 0.50625 0.01875 0.015625
1 0.63125 0.5109375 0.01875 0.0296875
1 0.5765625 0.546875 0.0234375 0.0125
1 0.9625 0.5578125 0.0171875 0.0203125
1 0.9234375 0.56875 0.0109375 0.01875
1 0.88046875 0.61328125 0.0140625 0.0109375
1 0.996875 0.61171875 0.00625 0.0140625
1 0.8953125 0.396875 0.034375 0.0234375
1 0.8953125 0.36875 0.040625 0.03125
1 0.875 0.275 0.0234375 0.0140625
1 0.8859375 0.2625 0.03125 0.021875
1 0.9890625 0.1875 0.021875 0.04375
1 0.91875 0.146875 0.0359375 0.0265625
1 0.9484375 0.140625 0.09375 0.053125
1 0.615625 0.1390625 0.009375 0.0078125
1 0.609375 0.1578125 0.0265625 0.0296875
0 0.5796875 0.16796875 0.08125 0.1078125
1 0.6140625 0.496875 0.015625 0.0140625
0 0.5546875 0.6140625 0.021875 0.009375
1 0.434375 0.8578125 0.0234375 0.028125
1 0.496875 0.865625 0.034375 0.0375
1 0.0390625 0.878125 0.028125 0.0234375
0 0.1484375 0.8609375 0.1 0.11875
1 0.0171875 0.9109375 0.03125 0.0234375
1 0.353125 0.959375 0.028125 0.04375
1 0.065625 0.9890625 0.021875 0.021875
1 0.290625 0.934375 0.0453125 0.04375
1 0.1890625 0.934375 0.03125 0.025
1 0.221875 0.99375 0.028125 0.0125
1 0.90546875 0.95625 0.1109375 0.0875
1 0.93515625 0.9859375 0.0859375 0.028125
1 0.7546875 0.9875 0.128125 0.025
0 0.8328125 0.8421875 0.2359375 0.1625
0 0.8125 0.884375 0.178125 0.1390625
1 0.6921875 0.828125 0.0671875 0.1015625