1 0.475 0.14609375 0.009375 0.0296875
1 0.4453125 0.14375 0.0265625 0.0203125
1 0.4359375 0.2625 0.04375 0.0203125
1 0.4234375 0.0546875 0.025 0.021875
1 0.415625 0.103125 0.015625 0.0140625
1 0.4109375 0.51875 0.01875 0.0296875
1 0.3828125 0.040625 0.034375 0.028125
1 0.3671875 0.2453125 0.0203125 0.0328125
1 0.3328125 0.0421875 0.0453125 0.03125
1 0.31875 0.3359375 0.0390625 0.0359375
1 0.25 0.2625 0.015625 0.0265625
1 0.21875 0.3578125 0.028125 0.03125
1 0.1859375 0.4796875 0.025 0.03125
1 0.1765625 0.0109375 0.0234375 0.0171875
1 0.1328125 0.00546875 0.025 0.0109375
0 0.125 0.228125 0.0734375 0.0265625
1 0.09375 0.2640625 0.0125 0.021875
0 0.125 0.3546875 0.075 0.15
0 0.1140625 0.4484375 0.0515625 0.0328125
1 0.2296875 0.5640625 0.0375 0.009375
1 0.1640625 0.496875 0.03125 0.03125
1 0.45546875 0.56640625 0.0234375 0.0046875
1 0.2953125 0.4828125 0.0375 0.046875
1 0.31875 0.4875 0.0234375 0.0359375
1 0.3546875 0.4984375 0.025 0.021875
1 0.346875 0.475 0.0234375 0.0359375
1 0.334375 0.46875 0.025 0.025
1 0.1953125 0.25625 0.021875 0.0390625
1 0.2296875 0.2421875 0.0203125 0.028125
1 0.115625 0.159375 0.0328125 0.034375
1 0.1125 0.125 0.0484375 0.04375
1 0.1703125 0.1203125 0.01875 0.0265625
0 0.315625 0.3078125 0.2859375 0.2828125
0 0.44375 0.34375 0.071875 0.221875
1 0.359375 0.3359375 0.0328125 0.0296875
1 0.340625 0.1375 0.0453125 0.0296875
1 0.3140625 0.15 0.0390625 0.034375
1 0.265625 0.10625 0.0375 0.0265625
1 0.259375 0.15 0.03125 0.021875
1 0.2515625 0.134375 0.0265625 0.01875
1 0.2328125 0.0171875 0.028125 0.0265625
1 0.2484375 0.0234375 0.0265625 0.0171875
1 0.47421875 0.01015625 0.0109375 0.0203125
1 0.34296875 0.0046875 0.0515625 0.009375
1 0.9625 0.5078125 0.021875 0.028125
1 0.6984375 0.5171875 0.0265625 0.0265625
1 0.7734375 0.5078125 0.0125 0.0265625
1 0.8578125 0.521875 0.0234375 0.021875
1 0.9328125 0.3828125 0.0359375 0.0390625
1 0.878125 0.3984375 0.021875 0.0234375
1 0.646875 0.471875 0.0375 0.04375
1 0.690625 0.4890625 0.0296875 0.03125
1 0.69375 0.4734375 0.0203125 0.01875
1 0.6453125 0.3734375 0.0296875 0.0421875
1 0.6609375 0.3109375 0.0203125 0.025
1 0.66875 0.3421875 0.01875 0.0234375
1 0.69375 0.346875 0.015625 0.01875
0 0.728125 0.2765625 0.2265625 0.2765625
0 0.92578125 0.25078125 0.1484375 0.2984375
1 0.61953125 0.00703125 0.0140625 0.0140625
0 0.05546875 0.9078125 0.1109375 0.121875
0 0.1265625 0.909375 0.121875 0.18125
0 0.2 0.8859375 0.1015625 0.1109375
0 0.353125 0.890625 0.0875 0.10625
1 0.2203125 0.603125 0.0375 0.0296875
1 0.2921875 0.725 0.025 0.0296875
1 0.215625 0.58125 0.034375 0.025
1 0.1484375 0.57578125 0.01875 0.0140625
1 0.88125 0.9625 0.0484375 0.040625
1 0.88671875 0.99296875 0.0390625 0.0140625
1 0.94296875 0.98515625 0.0390625 0.0296875
1 0.984375 0.9859375 0.03125 0.028125
1 0.975 0.90234375 0.05 0.0703125
1 0.971875 0.8015625 0.034375 0.071875
1 0.98515625 0.75546875 0.0296875 0.0265625
0 0.96171875 0.65859375 0.0765625 0.1046875
1 0.6953125 0.7421875 0.0484375 0.0375
1 0.7125 0.7828125 0.0375 0.0359375
1 0.6609375 0.75625 0.046875 0.0546875
1 0.60625 0.775 0.09375 0.053125
1 0.571875 0.7328125 0.065625 0.0671875
0 0.55 0.665625 0.0484375 0.0953125
0 0.59375 0.6375 0.13125 0.1140625
1 0.6625 0.5796875 0.071875 0.021875
1 0.90625 0.7546875 0.0421875 0.0328125
1 0.8390625 0.8015625 0.0328125 0.046875
1 0.8375 0.85 0.046875 0.0390625
1 0.8015625 0.884375 0.0625 0.0484375
1 0.78125 0.934375 0.09375 0.06875
1 0.66796875 0.98046875 0.0640625 0.0390625
1 0.628125 0.9515625 0.0328125 0.0453125
1 0.6078125 0.9 0.0703125 0.109375
1 0.7421875 0.846875 0.0484375 0.028125
1 0.7125 0.88125 0.059375 0.0515625
1 0.6703125 0.8359375 0.028125 0.0140625
1 0.6609375 0.8734375 0.0328125 0.05
1 0.5421875 0.99296875 0.03125 0.0140625
1 0.93125 0.8140625 0.028125 0.0234375
1 0.9 0.9046875 0.040625 0.0375
0 0.8546875 0.6359375 0.153125 0.1109375
0 0.684375 0.6609375 0.103125 0.0703125
1 0.7625 0.7234375 0.1125 0.15625