1 0.4625 0.415625 0.0078125 0.0046875
1 0.3328125 0.409375 0.0171875 0.0171875
1 0.3796875 0.4078125 0.0328125 0.0203125
1 0.05625 0.3890625 0.015625 0.025
1 0.4390625 0.38125 0.028125 0.01875
1 0.3859375 0.33125 0.0359375 0.059375
1 0.3609375 0.284375 0.009375 0.0078125
1 0.2625 0.271875 0.0140625 0.021875
1 0.346875 0.2640625 0.025 0.025
1 0.50625 0.2375 0.028125 0.0171875
1 0.4640625 0.23125 0.0171875 0.0296875
1 0.315625 0.2265625 0.0296875 0.0296875
1 0.5734375 0.209375 0.021875 0.0171875
1 0.63359375 0.2140625 0.0109375 0.0375
1 0.509375 0.1953125 0.01875 0.01875
1 0.440625 0.196875 0.0453125 0.0296875
1 0.475 0.1765625 0.015625 0.0390625
1 0.321875 0.1609375 0.01875 0.015625
1 0.3359375 0.15625 0.021875 0.028125
1 0.0671875 0.140625 0.040625 0.040625
1 0.3171875 0.1328125 0.021875 0.0359375
1 0.4125 0.1078125 0.0375 0.053125
1 0.140625 0.11875 0.0578125 0.028125
1 0.596875 0.1046875 0.01875 0.0265625
1 0.303125 0.1078125 0.0234375 0.01875
1 0.0234375 0.08984375 0.046875 0.0484375
1 0.5765625 0.04375 0.028125 0.0265625
1 0.41875 0.053125 0.025 0.0296875
1 0.44140625 0.0125 0.0171875 0.025
1 0.33359375 0.0234375 0.0484375 0.046875
1 0.465625 0.02578125 0.04375 0.0515625
1 0.01953125 0.2859375 0.0390625 0.053125
1 0.11171875 0.00625 0.0609375 0.0125
1 0.1453125 0.0140625 0.0515625 0.0234375
1 0.12421875 0.0359375 0.0703125 0.071875
1 0.196875 0.0734375 0.078125 0.071875
1 0.1734375 0.0546875 0.0296875 0.0171875
1 0.196875 0.0328125 0.0296875 0.0296875
0 0.22890625 0.059375 0.0984375 0.11875
1 0.1484375 0.303125 0.0421875 0.06875
1 0.10625 0.2453125 0.0734375 0.0765625
1 0.0609375 0.259375 0.0359375 0.05
0 0.246875 0.371875 0.1390625 0.090625
0 0.2171875 0.3265625 0.11875 0.178125
1 0.2203125 0.25 0.0328125 0.0234375
1 0.1703125 0.2109375 0.0421875 0.03125
0 0.2203125 0.1765625 0.1953125 0.0796875
1 0.2328125 0.215625 0.009375 0.0203125
1 0.140625 0.14375 0.0140625 0.0234375
1 0.3296875 0.075 0.059375 0.0484375
1 0.5734375 0.271875 0.028125 0.015625
1 0.59375 0.28125 0.025 0.0625
1 0.5984375 0.265625 0.0234375 0.01875
1 0.6265625 0.2234375 0.025 0.009375
1 0.4671875 0.30625 0.0640625 0.0765625
1 0.45 0.346875 0.0328125 0.0375
1 0.4171875 0.23125 0.0390625 0.0609375
1 0.3953125 0.234375 0.028125 0.03125
1 0.428125 0.2484375 0.0171875 0.0203125
1 0.5203125 0.1515625 0.03125 0.03125
1 0.475 0.14375 0.109375 0.08125
1 0.44375 0.0625 0.025 0.021875
1 0.53046875 0.01328125 0.0765625 0.0265625
1 0.4875 0.0375 0.05625 0.04375
1 0.4578125 0.05703125 0.134375 0.1140625
1 0.553125 0.1015625 0.05 0.028125
1 0.54375 0.11875 0.0546875 0.0328125
1 0.5796875 0.0203125 0.0234375 0.0203125
1 0.5859375 0.00703125 0.025 0.0140625
1 0.5859375 0.0703125 0.0453125 0.04375
1 0.61875 0.121875 0.025 0.0328125
1 0.6125 0.09375 0.034375 0.0390625
1 0.61484375 0.0328125 0.0484375 0.04375
1 0.740625 0.48125 0.0078125 0.009375
1 0.8140625 0.4546875 0.015625 0.0140625
1 0.690625 0.434375 0.0375 0.021875
1 0.75625 0.4375 0.0515625 0.05
1 0.64140625 0.41796875 0.0046875 0.0171875
1 0.90625 0.278125 0.015625 0.009375
1 0.9046875 0.246875 0.046875 0.05
1 0.646875 0.228125 0.015625 0.03125
1 0.99765625 0.21640625 0.0046875 0.0328125
1 0.5328125 0.98515625 0.0375 0.0296875
1 0.4875 0.9875 0.01875 0.025
1 0.1 0.8984375 0.028125 0.0140625
1 0.1796875 0.875 0.025 0.021875
1 0.0875 0.875 0.0296875 0.0578125
1 0.8484375 0.7234375 0.0328125 0.01875