1 0.36875 0.521875 0.0625 0.0625
0 0.1890625 0.515625 0.18125 0.075
1 0.1109375 0.3953125 0.0265625 0.05
1 0.38671875 0.31953125 0.0265625 0.0421875
1 0.2171875 0.2359375 0.0390625 0.028125
1 0.1765625 0.053125 0.03125 0.0125
1 0.39453125 0.053125 0.0109375 0.01875
1 0.0625 0.04375 0.0359375 0.0328125
0 0.196875 0.4078125 0.13125 0.146875
1 0.303125 0.45625 0.0875 0.1203125
1 0.3703125 0.44765625 0.059375 0.0546875
0 0.196875 0.3171875 0.1421875 0.121875
1 0.140625 0.3453125 0.04375 0.034375
0 0.1875 0.1859375 0.196875 0.08125
1 0.2015625 0.1484375 0.015625 0.028125
1 0.296875 0.2703125 0.0921875 0.090625
0 0.2234375 0.06875 0.0984375 0.0828125
1 0.38828125 0.28671875 0.0234375 0.0578125
1 0.39296875 0.23828125 0.0140625 0.0328125
1 0.30625 0.1078125 0.1453125 0.14375
1 0.37578125 0.14765625 0.0484375 0.1796875
1 0.3296875 0.1921875 0.140625 0.090625
1 0.3 0.2109375 0.0359375 0.01875
1 0.4140625 0.19140625 0.028125 0.0453125
1 0.44375 0.4421875 0.03125 0.025
1 0.503125 0.046875 0.025 0.025
1 0.56484375 0.02421875 0.0265625 0.0484375
1 0.55 0.4796875 0.0234375 0.015625
1 0.8703125 0.271875 0.0140625 0.0234375
1 0.903125 0.303125 0.01875 0.021875
0 0.7609375 0.415625 0.475 0.171875
0 0.7453125 0.096875 0.234375 0.19375
0 0.75703125 0.20546875 0.2484375 0.4109375
1 0.03203125 0.99140625 0.0234375 0.0171875
1 0.1078125 0.9828125 0.0078125 0.0125
1 0.36484375 0.9875 0.0421875 0.025
1 0.0203125 0.9546875 0.0125 0.0171875
1 0.278125 0.959375 0.0234375 0.03125
1 0.1578125 0.953125 0.028125 0.0359375
1 0.13125 0.9 0.0234375 0.0140625
1 0.2578125 0.840625 0.0171875 0.0328125
1 0.08125 0.8 0.0234375 0.01875
1 0.25 0.7765625 0.034375 0.0265625
1 0.2890625 0.6859375 0.015625 0.015625
1 0.365625 0.678125 0.0171875 0.01875
0 0.115625 0.69375 0.1015625 0.11875
1 0.33125 0.721875 0.034375 0.0296875
1 0.2015625 0.8453125 0.015625 0.015625
0 0.1546875 0.859375 0.0375 0.0546875
1 0.4765625 0.9484375 0.03125 0.03125
1 0.5 0.971875 0.0375 0.0203125
1 0.4875 0.99375 0.015625 0.0046875
1 0.421875 0.9796875 0.0078125 0.003125
1 0.46875 0.875 0.0109375 0.0140625
1 0.534375 0.8203125 0.0125 0.0171875
1 0.5390625 0.7203125 0.021875 0.021875
1 0.5734375 0.7734375 0.0140625 0.0171875
1 0.5796875 0.7640625 0.009375 0.0078125
1 0.646875 0.7609375 0.021875 0.015625
1 0.6890625 0.7421875 0.021875 0.0234375
1 0.709375 0.7921875 0.021875 0.01875
1 0.665625 0.8421875 0.0328125 0.015625
1 0.640625 0.96875 0.025 0.0203125
1 0.653125 0.946875 0.0234375 0.0234375
1 0.6875 0.953125 0.025 0.015625
1 0.6984375 0.96875 0.0140625 0.0171875
1 0.678125 0.9328125 0.0140625 0.015625
1 0.6421875 0.99453125 0.021875 0.0109375
1 0.6890625 0.9890625 0.0234375 0.015625
1 0.709375 0.9953125 0.021875 0.009375
1 0.7828125 0.9859375 0.0125 0.0109375
1 0.7671875 0.94375 0.0140625 0.021875
1 0.740625 0.875 0.01875 0.0234375
1 0.803125 0.8078125 0.015625 0.01875
1 0.7859375 0.7953125 0.0125 0.0171875
1 0.778125 0.7703125 0.0234375 0.0296875
1 0.809375 0.7796875 0.0109375 0.0171875
1 0.975 0.975 0.0171875 0.0234375
1 0.98671875 0.89921875 0.0265625 0.0421875
1 0.9765625 0.8875 0.0078125 0.003125
1 0.940625 0.85625 0.03125 0.0203125
1 0.9484375 0.821875 0.021875 0.015625
1 0.99375 0.71796875 0.0125 0.0234375
1 0.946875 0.9390625 0.015625 0.0234375
1 0.91875 0.946875 0.059375 0.025
0 0.903125 0.7140625 0.0390625 0.015625
1 0.93125 0.734375 0.021875 0.021875
0 0.8734375 0.740625 0.0984375 0.06875
0 0.8734375 0.8203125 0.16875 0.1015625
1 0.88125 0.8609375 0.0625 0.0203125
0 0.878125 0.9015625 0.1015625 0.05
1 0.8625 0.8671875 0.00625 0.0109375
0 0.88125 0.95703125 0.115625 0.0859375