0 0.34765625 0.4125 0.3421875 0.234375
0 0.2375 0.42890625 0.14375 0.2015625
0 0.175 0.4296875 0.18125 0.2
1 0.31875 0.421875 0.0203125 0.05
1 0.484375 0.471875 0.025 0.03125
1 0.71640625 0.0046875 0.0328125 0.009375
1 0.665625 0.0546875 0.053125 0.0796875
0 0.6703125 0.11875 0.0640625 0.0734375
0 0.784375 0.1125 0.078125 0.1015625
1 0.7671875 0.134375 0.0390625 0.0203125
0 0.8671875 0.1421875 0.1234375 0.140625
0 0.95 0.1140625 0.1 0.19375
1 0.78125 0.315625 0.03125 0.0296875
1 0.8734375 0.2859375 0.0671875 0.0703125
1 0.946875 0.3546875 0.028125 0.0453125
1 0.9421875 0.39375 0.0359375 0.0265625
1 0.9328125 0.4390625 0.028125 0.0453125
1 0.68125 0.51875 0.05625 0.021875
0 0.3234375 0.640625 0.1734375 0.1890625
0 0.0921875 0.609375 0.1359375 0.109375
0 0.01875 0.64140625 0.0375 0.0890625
1 0.00859375 0.9234375 0.0171875 0.046875
1 0.02890625 0.99296875 0.0421875 0.0140625
1 0.04375 0.8515625 0.046875 0.0390625
1 0.184375 0.821875 0.0328125 0.0296875
1 0.225 0.784375 0.0328125 0.03125
1 0.3359375 0.8984375 0.040625 0.0640625
1 0.3359375 0.7796875 0.040625 0.040625
1 0.390625 0.825 0.028125 0.0390625
1 0.290625 0.7859375 0.046875 0.028125
1 0.28125 0.7375 0.0234375 0.03125
1 0.175 0.6484375 0.028125 0.046875
1 0.1765625 0.596875 0.03125 0.034375
1 0.0578125 0.6765625 0.0234375 0.0234375
1 0.0953125 0.95625 0.025 0.0171875
1 0.9890625 0.6171875 0.021875 0.034375
1 0.990625 0.609375 0.0140625 0.028125
1 0.975 0.6546875 0.021875 0.021875
1 0.89375 0.6578125 0.0234375 0.021875
1 0.8953125 0.6796875 0.015625 0.0390625
1 0.909375 0.6703125 0.021875 0.0171875
1 0.928125 0.625 0.015625 0.0109375
0 0.93515625 0.55859375 0.1296875 0.0578125
0 0.8140625 0.55078125 0.11875 0.0421875
1 0.8109375 0.5921875 0.115625 0.1015625
1 0.8109375 0.5953125 0.0234375 0.0046875
1 0.7921875 0.6453125 0.0171875 0.0203125
1 0.6265625 0.584375 0.0203125 0.0234375
1 0.678125 0.5953125 0.0203125 0.0171875
1 0.578125 0.590625 0.0328125 0.0328125
1 0.971875 0.715625 0.0171875 0.0171875
1 0.99296875 0.7359375 0.0140625 0.034375
1 0.99296875 0.76484375 0.0140625 0.0171875
1 0.9390625 0.759375 0.0078125 0.0109375
1 0.9375 0.75 0.0265625 0.0234375
1 0.8390625 0.7015625 0.021875 0.0234375
1 0.853125 0.75625 0.021875 0.0328125
1 0.88125 0.734375 0.0390625 0.046875
1 0.878125 0.771875 0.0125 0.0140625
1 0.78125 0.684375 0.01875 0.0046875
1 0.7640625 0.7015625 0.034375 0.025
1 0.7640625 0.7515625 0.025 0.0265625
1 0.7625 0.7828125 0.015625 0.025
1 0.7359375 0.790625 0.0125 0.0203125
1 0.7 0.790625 0.00625 0.0171875
1 0.690625 0.803125 0.01875 0.028125
1 0.7203125 0.828125 0.01875 0.0125
1 0.665625 0.746875 0.0125 0.0140625
1 0.659375 0.7703125 0.0234375 0.021875
1 0.61875 0.74375 0.0171875 0.015625
1 0.6265625 0.75625 0.021875 0.0203125
1 0.6578125 0.8140625 0.0328125 0.0484375
1 0.603125 0.7953125 0.0453125 0.0453125
1 0.584375 0.7921875 0.0140625 0.0171875
1 0.621875 0.8125 0.0203125 0.028125
1 0.634375 0.8015625 0.0234375 0.0234375
1 0.7796875 0.809375 0.053125 0.0671875
1 0.809375 0.8109375 0.0140625 0.0140625
1 0.803125 0.8625 0.01875 0.0171875
1 0.8453125 0.8375 0.0125 0.0234375
1 0.8453125 0.859375 0.034375 0.0359375
1 0.83125 0.8578125 0.0078125 0.015625
1 0.978125 0.8359375 0.025 0.0171875
1 0.9390625 0.81875 0.04375 0.0515625
1 0.9625 0.8375 0.0203125 0.0234375
1 0.9359375 0.8109375 0.009375 0.009375
1 0.928125 0.825 0.015625 0.0078125
1 0.753125 0.8546875 0.015625 0.021875
1 0.7484375 0.8859375 0.0140625 0.0140625
1 0.7359375 0.8796875 0.0140625 0.0234375
1 0.69375 0.865625 0.040625 0.028125
1 0.703125 0.878125 0.015625 0.009375
1 0.6859375 0.8828125 0.0375 0.025
1 0.6390625 0.8734375 0.0265625 0.028125
1 0.60625 0.859375 0.025 0.025
1 0.5984375 0.8703125 0.034375 0.028125
1 0.590625 0.9203125 0.0234375 0.0171875
1 0.6109375 0.9234375 0.0265625 0.0390625
1 0.6109375 0.93125 0.0125 0.0125
1 0.6703125 0.9421875 0.0375 0.021875
1 0.65625 0.940625 0.015625 0.028125
1 0.8359375 0.9125 0.0515625 0.03125
1 0.8796875 0.965625 0.0109375 0.0125
1 0.8171875 0.9703125 0.021875 0.0296875
1 0.815625 0.9609375 0.0265625 0.015625
1 0.8 0.9703125 0.0140625 0.0296875
1 0.7625 0.9734375 0.040625 0.0375
1 0.7625 0.953125 0.0296875 0.0359375
1 0.7390625 0.9734375 0.021875 0.021875
1 0.9703125 0.878125 0.0234375 0.0296875
1 0.9625 0.8984375 0.025 0.021875
1 0.94375 0.9078125 0.028125 0.0234375
1 0.946875 0.896875 0.015625 0.0109375
1 0.928125 0.884375 0.015625 0.015625
1 0.9796875 0.953125 0.015625 0.0234375
1 0.95625 0.99453125 0.028125 0.0109375
1 0.9921875 0.89375 0.0109375 0.0078125
1 0.690625 0.996875 0.01875 0.00625
1 0.54375 0.6765625 0.01875 0.021875