1 0.21640625 0.41484375 0.0515625 0.0296875
1 0.2484375 0.246875 0.0421875 0.0234375
1 0.3015625 0.24375 0.0625 0.0328125
1 0.3 0.2140625 0.021875 0.0234375
1 0.2515625 0.175 0.028125 0.034375
1 0.2890625 0.1734375 0.021875 0.0234375
1 0.3765625 0.171875 0.0515625 0.025
1 0.3546875 0.05625 0.0984375 0.0796875
1 0.49765625 0.01796875 0.0578125 0.0359375
0 0.19375 0.0328125 0.0625 0.065625
1 0.2984375 0.021875 0.034375 0.0390625
1 0.2484375 0.00390625 0.021875 0.0078125
1 0.5359375 0.0203125 0.021875 0.021875
1 0.865625 0.1578125 0.040625 0.0390625
1 0.78828125 0.42265625 0.0859375 0.0140625
1 0.9453125 0.42109375 0.103125 0.0171875
0 0.915625 0.0828125 0.165625 0.165625
1 0.65703125 0.0109375 0.0140625 0.021875
0 0.2203125 0.796875 0.271875 0.0609375
0 0.4515625 0.8203125 0.0921875 0.15625
1 0.5375 0.6609375 0.0328125 0.0234375
1 0.896875 0.565625 0.078125 0.0625
0 0.721875 0.8671875 0.075 0.146875
1 0.9515625 0.7671875 0.0703125 0.0578125
0 0.9546875 0.88125 0.090625 0.0875
0 0.8765625 0.8546875 0.1390625 0.153125
1 0.740625 0.45625 0.0203125 0.0234375
1 0.75 0.5390625 0.021875 0.0140625
1 0.7796875 0.68125 0.0203125 0.01875