0 0.1546875 0.4578125 0.140625 0.121875
1 0.06875 0.5 0.0421875 0.0328125
1 0.015625 0.4796875 0.03125 0.053125
1 0.0359375 0.4296875 0.071875 0.053125
1 0.06875 0.4484375 0.028125 0.0296875
1 0.0453125 0.3375 0.075 0.071875
1 0.1046875 0.3671875 0.0703125 0.0734375
1 0.0796875 0.40625 0.0609375 0.0390625
1 0.184375 0.296875 0.0796875 0.071875
1 0.134375 0.2453125 0.0359375 0.040625
1 0.003125 0.3453125 0.00625 0.03125
1 0.08359375 0.01328125 0.0546875 0.0265625
1 0.20625 0.0671875 0.0390625 0.04375
1 0.165625 0.01171875 0.03125 0.0234375
1 0.95 0.003125 0.0171875 0.00625
1 0.8765625 0.4140625 0.0390625 0.0375
1 0.8203125 0.221875 0.0171875 0.0171875
1 0.8125 0.1171875 0.0078125 0.0078125
1 0.8078125 0.246875 0.05 0.021875
1 0.765625 0.203125 0.0125 0.0125
1 0.740625 0.02265625 0.053125 0.0453125
1 0.7140625 0.2046875 0.009375 0.0109375
1 0.6390625 0.48125 0.053125 0.05625
1 0.571875 0.4609375 0.04375 0.1109375
1 0.6921875 0.4609375 0.0421875 0.028125
1 0.7546875 0.3515625 0.0625 0.05
1 0.8046875 0.4796875 0.046875 0.0421875
1 0.7625 0.421875 0.03125 0.0328125
1 0.8078125 0.40625 0.0203125 0.01875
1 0.89375 0.3640625 0.0265625 0.025
1 0.8609375 0.3609375 0.0265625 0.0203125
1 0.9796875 0.4 0.009375 0.0390625
1 0.85 0.303125 0.040625 0.0265625
0 0.6609375 0.225 0.11875 0.1421875
0 0.5953125 0.2109375 0.090625 0.1453125
1 0.665625 0.3234375 0.0125 0.0390625
1 0.80078125 0.00703125 0.0234375 0.0140625
1 0.9265625 0.1625 0.0234375 0.025
1 0.99375 0.19375 0.0125 0.04375
0 0.9390625 0.209375 0.11875 0.0671875
1 0.97734375 0.24921875 0.0453125 0.0484375
1 0.8046875 0.209375 0.06875 0.0359375
1 0.7828125 0.071875 0.015625 0.0328125
1 0.7078125 0.1046875 0.0390625 0.0421875
1 0.6015625 0.0609375 0.0234375 0.0171875
1 0.5640625 0.025 0.028125 0.021875
1 0.215625 0.5265625 0.021875 0.009375
1 0.3234375 0.5671875 0.0296875 0.0515625
0 0.1421875 0.75 0.0328125 0.0375
0 0.259375 0.8234375 0.1734375 0.209375
1 0.315625 0.725 0.0359375 0.015625
1 0.3140625 0.903125 0.0484375 0.05
0 0.36640625 0.76484375 0.0453125 0.1609375
1 0.30625 0.875 0.01875 0.03125
1 0.2609375 0.878125 0.034375 0.0265625
1 0.2921875 0.8234375 0.1328125 0.084375
1 0.3625 0.7875 0.0265625 0.009375
1 0.5484375 0.9265625 0.075 0.0453125
1 0.546875 0.9796875 0.05625 0.040625
1 0.4875 0.9875 0.01875 0.025
1 0.5125 0.99375 0.025 0.0125
1 0.6015625 0.99453125 0.021875 0.0109375
1 0.7484375 0.9265625 0.03125 0.01875
1 0.7359375 0.9796875 0.021875 0.028125
1 0.7171875 0.8484375 0.03125 0.03125
0 0.615625 0.8578125 0.1796875 0.125
1 0.7125 0.6921875 0.0734375 0.0625
1 0.7578125 0.728125 0.015625 0.046875
1 0.6 0.728125 0.021875 0.01875
1 0.7171875 0.5859375 0.04375 0.0359375
1 0.6125 0.5734375 0.0390625 0.0671875
1 0.6265625 0.6328125 0.021875 0.0125
1 0.63125 0.6609375 0.0171875 0.03125
1 0.4796875 0.578125 0.0359375 0.046875
1 0.40625 0.60625 0.0234375 0.0453125
1 0.4 0.5515625 0.021875 0.065625
0 0.43203125 0.8234375 0.0859375 0.11875
1 0.7 0.8203125 0.0359375 0.0203125
1 0.4703125 0.7640625 0.0484375 0.146875