1 0.56875 0.734375 0.021875 0.0125
1 0.1359375 0.70625 0.0625 0.0390625
1 0.1375 0.63125 0.0265625 0.0109375
1 0.1609375 0.609375 0.0203125 0.01875
1 0.4296875 0.6015625 0.0421875 0.0265625
1 0.56875 0.59375 0.015625 0.01875
1 0.1375 0.5953125 0.0359375 0.040625
1 0.0078125 0.57890625 0.015625 0.0265625
0 0.265625 0.615625 0.11875 0.134375
1 0.2875 0.553125 0.015625 0.0109375
1 0.471875 0.5609375 0.021875 0.0265625
1 0.446875 0.5515625 0.015625 0.00625
1 0.5140625 0.5796875 0.075 0.0703125
1 0.5609375 0.53984375 0.0375 0.0171875
1 0.1015625 0.5515625 0.015625 0.0265625
1 0.5046875 0.525 0.0265625 0.03125
1 0.1359375 0.540625 0.028125 0.0359375
1 0.4578125 0.5140625 0.046875 0.025
1 0.1140625 0.478125 0.0171875 0.0078125
1 0.15 0.4796875 0.0234375 0.028125
1 0.0703125 0.4765625 0.0296875 0.0515625
1 0.121875 0.425 0.0234375 0.009375
1 0.4140625 0.434375 0.0265625 0.03125
1 0.0265625 0.42890625 0.053125 0.0234375
1 0.0921875 0.4125 0.009375 0.009375
1 0.20625 0.4140625 0.0359375 0.021875
1 0.5546875 0.41953125 0.05 0.0765625
1 0.409375 0.3921875 0.03125 0.0171875
1 0.3484375 0.3640625 0.015625 0.015625
1 0.5171875 0.3953125 0.096875 0.0921875
1 0.4390625 0.3578125 0.01875 0.04375
1 0.57578125 0.3375 0.0078125 0.0125
1 0.0671875 0.340625 0.0359375 0.0265625
1 0.4109375 0.3390625 0.0296875 0.025
1 0.3421875 0.3328125 0.01875 0.0203125
1 0.1703125 0.3234375 0.00625 0.0078125
1 0.434375 0.321875 0.025 0.015625
1 0.1015625 0.3203125 0.0359375 0.03125
1 0.059375 0.3109375 0.0390625 0.028125
1 0.5671875 0.3015625 0.015625 0.015625
1 0.315625 0.2828125 0.0171875 0.009375
1 0.409375 0.2796875 0.009375 0.015625
1 0.059375 0.2859375 0.01875 0.046875
1 0.403125 0.2484375 0.01875 0.01875
1 0.4640625 0.2703125 0.0484375 0.0609375
0 0.2546875 0.2203125 0.0390625 0.0125
1 0.096875 0.2296875 0.0546875 0.0296875
1 0.015625 0.22109375 0.03125 0.0140625
0 0.26875 0.359375 0.090625 0.140625
0 0.2625 0.265625 0.1375 0.0796875
1 0.0265625 0.6265625 0.0296875 0.0125
1 0.06875 0.60625 0.0453125 0.0484375
1 0.528125 0.321875 0.0203125 0.0203125
1 0.5140625 0.3265625 0.0140625 0.0125
1 0.4328125 0.7265625 0.0421875 0.0296875
1 0.2703125 0.7046875 0.0359375 0.0234375
1 0.3234375 0.7171875 0.0296875 0.0234375
1 0.3609375 0.725 0.053125 0.03125
1 0.7453125 0.6859375 0.0234375 0.00625
1 0.6828125 0.6890625 0.0234375 0.0328125
1 0.6 0.68359375 0.040625 0.0421875
1 0.9796875 0.671875 0.0296875 0.0296875
1 0.78125 0.6671875 0.034375 0.0171875
1 0.875 0.6578125 0.015625 0.009375
1 0.95 0.65625 0.009375 0.0140625
1 0.61875 0.646875 0.0078125 0.015625
1 0.58359375 0.63671875 0.0078125 0.0140625
1 0.99609375 0.615625 0.0078125 0.015625
1 0.7484375 0.6078125 0.0234375 0.015625
1 0.909375 0.60625 0.021875 0.0390625
1 0.6796875 0.596875 0.015625 0.0234375
1 0.784375 0.5734375 0.0140625 0.0078125
1 0.58203125 0.5109375 0.0046875 0.0125
1 0.89375 0.4984375 0.00625 0.0125
1 0.740625 0.4953125 0.009375 0.0171875
1 0.8359375 0.484375 0.0140625 0.0296875
1 0.94375 0.4625 0.025 0.01875
1 0.934375 0.446875 0.0078125 0.0078125
1 0.690625 0.4484375 0.0171875 0.01875
1 0.6609375 0.4390625 0.0390625 0.028125
1 0.9828125 0.4265625 0.021875 0.01875
1 0.8875 0.4296875 0.0390625 0.0359375
1 0.8171875 0.4140625 0.009375 0.0140625
1 0.7265625 0.390625 0.0078125 0.0078125
1 0.8734375 0.3828125 0.0234375 0.028125
1 0.9375 0.3921875 0.0140625 0.021875
1 0.7734375 0.3671875 0.0234375 0.0109375
1 0.9046875 0.346875 0.015625 0.0078125
1 0.6078125 0.3453125 0.01875 0.0140625
1 0.6921875 0.29375 0.009375 0.0140625
1 0.928125 0.2890625 0.0375 0.034375
1 0.6703125 0.2703125 0.0046875 0.009375
1 0.6953125 0.2609375 0.0140625 0.0125
1 0.846875 0.259375 0.028125 0.015625
1 0.8328125 0.2546875 0.0078125 0.0078125
1 0.953125 0.2515625 0.015625 0.0203125
1 0.8984375 0.2375 0.009375 0.0140625
1 0.9421875 0.2390625 0.015625 0.025
1 0.58125 0.22265625 0.003125 0.0078125
1 0.7734375 0.190625 0.0125 0.015625
1 0.6015625 0.290625 0.00625 0.0125
1 0.7203125 0.309375 0.0296875 0.01875
1 0.8078125 0.55 0.034375 0.0296875
1 0.8734375 0.571875 0.025 0.01875
1 0.8765625 0.590625 0.0203125 0.0109375
1 0.828125 0.6375 0.034375 0.0296875
1 0.8453125 0.665625 0.0171875 0.01875
1 0.85 0.64375 0.015625 0.0125
1 0.8546875 0.63125 0.015625 0.015625
1 0.8390625 0.3484375 0.028125 0.0140625
1 0.8421875 0.221875 0.034375 0.0359375
1 0.7265625 0.1890625 0.0234375 0.0203125
1 0.725 0.20625 0.015625 0.0109375
1 0.99609375 0.2453125 0.0078125 0.0125
1 0.909375 0.50625 0.028125 0.05
1 0.9296875 0.5203125 0.021875 0.028125
1 0.940625 0.5390625 0.015625 0.015625
1 0.9375 0.503125 0.0265625 0.0203125
1 0.94375 0.4859375 0.0140625 0.0078125
1 0.984375 0.4984375 0.015625 0.0078125
1 0.9421875 0.6359375 0.028125 0.0203125
1 0.965625 0.6296875 0.0203125 0.0171875
1 0.99453125 0.58359375 0.0109375 0.0203125
1 0.371875 0.98515625 0.059375 0.0296875
1 0.4703125 0.99375 0.009375 0.0125
1 0.45625 0.815625 0.0421875 0.0328125
1 0.434375 0.7765625 0.0125 0.0171875
1 0.5171875 0.778125 0.025 0.0296875
1 0.5328125 0.8140625 0.046875 0.0578125
1 0.578125 0.95078125 0.003125 0.0171875
1 0.484375 0.9515625 0.0140625 0.0171875
1 0.5078125 0.9328125 0.025 0.0375
0 0.4234375 0.925 0.1609375 0.0921875
1 0.4375 0.8875 0.04375 0.0640625
1 0.39375 0.76875 0.0140625 0.015625
0 0.4296875 0.76171875 0.04375 0.0046875
1 0.1859375 0.790625 0.0484375 0.0296875
1 0.215625 0.8171875 0.0515625 0.040625
1 0.25 0.8109375 0.025 0.0296875
1 0.284375 0.875 0.0171875 0.034375
1 0.2765625 0.7890625 0.0234375 0.009375
1 0.21875 0.778125 0.0484375 0.034375
1 0.2453125 0.871875 0.0109375 0.01875
1 0.2109375 0.85 0.00625 0.0078125
1 0.0796875 0.8578125 0.034375 0.040625
1 0.134375 0.771875 0.034375 0.025
1 0.1203125 0.8375 0.0203125 0.025
1 0.140625 0.8453125 0.015625 0.0109375
1 0.1484375 0.8609375 0.0125 0.01875
1 0.125 0.95 0.021875 0.0234375
1 0.16875 0.940625 0.0140625 0.015625
1 0.2703125 0.9578125 0.0171875 0.0171875
1 0.20625 0.9953125 0.053125 0.009375
1 0.003125 0.9953125 0.00625 0.009375
1 0.0171875 0.934375 0.0265625 0.0234375
1 0.0015625 0.9625 0.003125 0.0125
1 0.00390625 0.93046875 0.0078125 0.0234375
1 0.0015625 0.8984375 0.003125 0.0125
1 0.015625 0.76953125 0.01875 0.0203125
1 0.5015625 0.828125 0.0125 0.015625
1 0.1546875 0.93125 0.025 0.0265625
1 0.128125 0.925 0.03125 0.01875
1 0.2703125 0.825 0.0484375 0.0359375
1 0.6796875 0.8125 0.0625 0.0578125
0 0.83984375 0.76484375 0.1171875 0.0109375
1 0.8328125 0.821875 0.040625 0.05625
0 0.86328125 0.8953125 0.2734375 0.209375