0 0.1828125 0.5 0.159375 0.0375
1 0.4625 0.40625 0.025 0.0234375
0 0.221875 0.44375 0.1296875 0.0953125
1 0.3984375 0.39375 0.0171875 0.015625
1 0.378125 0.3546875 0.0296875 0.0359375
1 0.034375 0.340625 0.015625 0.015625
1 0.5140625 0.321875 0.03125 0.0265625
0 0.2046875 0.3515625 0.1796875 0.1484375
1 0.3796875 0.2859375 0.0265625 0.04375
1 0.484375 0.1703125 0.0359375 0.0375
1 0.45 0.1359375 0.03125 0.0265625
1 0.4328125 0.0578125 0.0078125 0.009375
1 0.4734375 0.0125 0.03125 0.0234375
0 0.18671875 0.03359375 0.1453125 0.0671875
1 0.2546875 0.040625 0.090625 0.06875
1 0.2546875 0.1125 0.146875 0.109375
1 0.1515625 0.0765625 0.065625 0.0625
0 0.203125 0.121875 0.10625 0.1421875
0 0.196875 0.228125 0.134375 0.0625
1 0.1171875 0.2125 0.096875 0.0609375
1 0.6890625 0.5578125 0.0234375 0.0359375
1 0.96875 0.5296875 0.015625 0.025
1 0.6703125 0.484375 0.0109375 0.0078125
1 0.6265625 0.4859375 0.0296875 0.015625
1 0.6984375 0.48125 0.028125 0.01875
1 0.9546875 0.4234375 0.01875 0.015625
1 0.6953125 0.4171875 0.009375 0.0125
1 0.684375 0.359375 0.0421875 0.0421875
1 0.7171875 0.340625 0.0359375 0.0390625
1 0.784375 0.2984375 0.028125 0.0125
1 0.7171875 0.3 0.021875 0.015625
1 0.9359375 0.296875 0.0265625 0.0140625
1 0.7046875 0.2609375 0.0328125 0.0484375
1 0.60859375 0.2421875 0.0390625 0.021875
1 0.75625 0.1328125 0.0515625 0.0203125
1 0.6171875 0.1140625 0.0453125 0.0359375
1 0.5921875 0.453125 0.00625 0.015625
1 0.74375 0.46875 0.034375 0.0140625
1 0.7625 0.4515625 0.03125 0.0125
1 0.5984375 0.35546875 0.01875 0.0171875
1 0.6078125 0.38125 0.0265625 0.0140625
1 0.6453125 0.36875 0.0390625 0.03125
0 0.8484375 0.5515625 0.1125 0.121875
0 0.8390625 0.4796875 0.0640625 0.0890625
1 0.853125 0.425 0.015625 0.03125
1 0.8046875 0.43125 0.075 0.021875
1 0.78125 0.3703125 0.0390625 0.025
0 0.84375 0.3953125 0.115625 0.075
1 0.940625 0.4625 0.0203125 0.0234375
1 0.7921875 0.2484375 0.015625 0.015625
1 0.8203125 0.3296875 0.1640625 0.0515625
1 0.8359375 0.3328125 0.028125 0.0140625
1 0.88125 0.34375 0.015625 0.0171875
0 0.81875 0.2546875 0.0984375 0.1625
1 0.7078125 0.1546875 0.0140625 0.0171875
1 0.753125 0.1625 0.05 0.03125
1 0.7796875 0.1484375 0.009375 0.0125
1 0.7859375 0.146875 0.0125 0.01875
1 0.778125 0.0953125 0.0203125 0.0109375
0 0.846875 0.1984375 0.140625 0.08125
0 0.865625 0.1296875 0.0984375 0.08125
1 0.9515625 0.3859375 0.0140625 0.015625
1 0.9875 0.4125 0.01875 0.015625
1 0.9859375 0.4359375 0.0125 0.015625
1 0.97578125 0.3671875 0.0484375 0.025
1 0.0203125 0.9265625 0.0234375 0.0171875
1 0.02109375 0.959375 0.0421875 0.0625
1 0.05625 0.97734375 0.046875 0.0453125
1 0.08828125 0.99609375 0.0140625 0.0078125
1 0.096875 0.9515625 0.0296875 0.025
1 0.05625 0.8453125 0.03125 0.028125
1 0.009375 0.8515625 0.01875 0.0140625
1 0.0109375 0.8296875 0.0171875 0.0140625
1 0.01015625 0.78359375 0.0203125 0.0203125
1 0.0578125 0.7859375 0.025 0.021875
1 0.115625 0.8234375 0.028125 0.0234375
1 0.1359375 0.8140625 0.021875 0.0296875
1 0.1265625 0.7890625 0.03125 0.03125
1 0.1859375 0.8671875 0.0171875 0.0265625
1 0.215625 0.89375 0.0375 0.0546875
1 0.2171875 0.8453125 0.0171875 0.0171875
1 0.1375 0.89375 0.0578125 0.0734375
1 0.1609375 0.9046875 0.015625 0.0171875
1 0.1359375 0.91875 0.0140625 0.0171875
1 0.1578125 0.971875 0.059375 0.03125
1 0.2546875 0.8421875 0.0203125 0.0234375
1 0.3078125 0.875 0.03125 0.0203125
1 0.2421875 0.8515625 0.015625 0.015625
1 0.25 0.8703125 0.0125 0.028125
1 0.2296875 0.9359375 0.034375 0.0546875
1 0.2640625 0.9390625 0.0296875 0.0265625
1 0.15703125 0.99296875 0.0421875 0.0140625
1 0.3421875 0.9078125 0.021875 0.01875
1 0.528125 0.9203125 0.0140625 0.028125
1 0.56875 0.9359375 0.0125 0.0265625
1 0.57734375 0.9015625 0.0234375 0.028125
1 0.5 0.909375 0.03125 0.0484375
1 0.475 0.9359375 0.025 0.01875
0 0.4265625 0.96328125 0.15625 0.0734375
1 0.3640625 0.7875 0.0375 0.0265625
1 0.3734375 0.8109375 0.0265625 0.065625
1 0.41875 0.8671875 0.0375 0.0359375
1 0.45625 0.8953125 0.034375 0.0609375
1 0.415625 0.9015625 0.0453125 0.0546875
1 0.56953125 0.82265625 0.0390625 0.0703125
0 0.4328125 0.825 0.125 0.103125
0 0.4546875 0.7859375 0.059375 0.0234375
1 0.503125 0.8328125 0.109375 0.11875
1 0.5078125 0.7921875 0.034375 0.0359375
1 0.5359375 0.7828125 0.03125 0.0171875
1 0.2609375 0.79375 0.015625 0.015625
1 0.978125 0.9609375 0.0109375 0.0078125
1 0.9078125 0.8125 0.0078125 0.009375
1 0.8703125 0.771875 0.021875 0.01875
1 0.7359375 0.7359375 0.0078125 0.0140625
0 0.7984375 0.7078125 0.140625 0.1
0 0.78359375 0.8859375 0.2265625 0.228125
1 0.7140625 0.8203125 0.01875 0.021875
0 0.7625 0.8578125 0.265625 0.253125