0 0.271875 0.340625 0.0328125 0.059375
1 0.2453125 0.309375 0.028125 0.0203125
1 0.3171875 0.359375 0.009375 0.0125
0 0.2828125 0.271875 0.06875 0.065625
0 0.290625 0.1765625 0.078125 0.16875
0 0.28671875 0.1296875 0.0859375 0.0875
1 0.234375 0.1546875 0.03125 0.034375
1 0.240625 0.1046875 0.0171875 0.015625
1 0.3265625 0.16171875 0.00625 0.0140625
0 0.27421875 0.0421875 0.1109375 0.084375
1 0.140625 0.278125 0.053125 0.0421875
1 0.1265625 0.225 0.03125 0.0234375
1 0.0515625 0.190625 0.025 0.021875
1 0.01015625 0.1078125 0.0203125 0.028125
1 0.03125 0.0828125 0.015625 0.0109375
1 0.003125 0.28671875 0.00625 0.0140625
1 0.0140625 0.30625 0.0265625 0.0171875
1 0.01015625 0.3375 0.0203125 0.01875
1 0.0640625 0.24375 0.0203125 0.03125
1 0.4046875 0.1078125 0.0109375 0.0125
1 0.45625 0.325 0.0109375 0.0078125
1 0.9859375 0.35 0.009375 0.009375
1 0.765625 0.1171875 0.040625 0.0296875
0 0.70625 0.1359375 0.184375 0.0703125
0 0.64921875 0.2421875 0.2265625 0.275
1 0.6765625 0.2375 0.0109375 0.0234375
0 0.671875 0.340625 0.265625 0.078125
1 0.2453125 0.9125 0.0203125 0.0125
1 0.2890625 0.86640625 0.08125 0.1296875
1 0.2890625 0.7421875 0.08125 0.1375
1 0.2078125 0.796875 0.040625 0.0609375
1 0.25 0.6453125 0.0640625 0.0484375
1 0.303125 0.5703125 0.040625 0.0390625
1 0.2296875 0.5296875 0.0234375 0.034375
0 0.09296875 0.96796875 0.1109375 0.0640625
1 0.1609375 0.9546875 0.015625 0.0125
1 0.1421875 0.9234375 0.059375 0.0484375
0 0.1015625 0.89375 0.1234375 0.1078125
0 0.153125 0.7953125 0.1234375 0.09375
1 0.1625 0.8046875 0.009375 0.0125
0 0.128125 0.71875 0.165625 0.1015625
1 0.1609375 0.6875 0.0140625 0.0203125
1 0.1453125 0.6703125 0.0078125 0.0296875
0 0.1625 0.6328125 0.1109375 0.0703125
0 0.1421875 0.5703125 0.1359375 0.090625
0 0.171875 0.5546875 0.1140625 0.0859375
1 0.06875 0.653125 0.00625 0.0109375
1 0.2140625 0.890625 0.0078125 0.0078125
1 0.66875 0.38515625 0.015625 0.0109375
1 0.53125 0.3921875 0.028125 0.01875
1 0.9953125 0.40078125 0.009375 0.0234375
1 0.50625 0.425 0.015625 0.009375
1 0.5203125 0.625 0.01875 0.015625
1 0.3390625 0.659375 0.015625 0.0078125
1 0.51875 0.7640625 0.0078125 0.0046875
1 0.65625 0.8578125 0.0125 0.0078125
1 0.92265625 0.4109375 0.0640625 0.0625
1 0.878125 0.5265625 0.06875 0.0609375
0 0.928125 0.4609375 0.14375 0.096875
0 0.94296875 0.61640625 0.1140625 0.0921875
1 0.990625 0.60078125 0.01875 0.0171875
0 0.9359375 0.70625 0.1265625 0.1578125
0 0.9359375 0.8546875 0.0421875 0.0140625
0 0.903125 0.7921875 0.1484375 0.0953125
1 0.9515625 0.840625 0.06875 0.04375
1 0.659375 0.84375 0.015625 0.0125
0 0.403125 0.434375 0.121875 0.109375
0 0.4171875 0.553125 0.1453125 0.134375
1 0.36875 0.6890625 0.0234375 0.0234375
0 0.4171875 0.8265625 0.1171875 0.06875
0 0.384375 0.7359375 0.10625 0.1515625
0 0.3984375 0.65625 0.0984375 0.0875