1 0.128125 0.0640625 0.0390625 0.0328125
1 0.41171875 0.09921875 0.0140625 0.0171875
1 0.39765625 0.171875 0.0421875 0.034375
1 0.0984375 0.1828125 0.01875 0.0171875
1 0.046875 0.1890625 0.0234375 0.034375
1 0.2859375 0.2109375 0.0453125 0.025
1 0.1140625 0.2109375 0.0109375 0.015625
1 0.06875 0.23125 0.0390625 0.025
1 0.1046875 0.23125 0.0328125 0.0203125
1 0.1828125 0.2390625 0.0359375 0.0515625
1 0.20625 0.278125 0.040625 0.025
1 0.2171875 0.30625 0.0296875 0.0328125
1 0.1359375 0.3390625 0.0234375 0.0328125
1 0.0625 0.346875 0.015625 0.0203125
1 0.1265625 0.3875 0.0703125 0.0640625
1 0.065625 0.434375 0.015625 0.03125
1 0.41015625 0.4875 0.0171875 0.015625
1 0.403125 0.04765625 0.03125 0.0546875
0 0.3515625 0.0109375 0.134375 0.021875
0 0.346875 0.078125 0.0921875 0.1375
1 0.328125 0.1171875 0.04375 0.046875
1 0.3109375 0.025 0.0421875 0.0484375
1 0.23828125 0.0640625 0.1390625 0.128125
1 0.1703125 0.0390625 0.046875 0.0578125
1 0.2078125 0.146875 0.0359375 0.0421875
0 0.3359375 0.2640625 0.1265625 0.11875
0 0.3453125 0.325 0.11875 0.1140625
0 0.32421875 0.40390625 0.1890625 0.0796875
0 0.3375 0.45546875 0.1625 0.0765625
1 0.1984375 0.1828125 0.0375 0.0265625
1 0.2234375 0.1859375 0.01875 0.021875
1 0.2375 0.1796875 0.0234375 0.015625
1 0.2015625 0.1109375 0.0234375 0.0265625
1 0.1 0.059375 0.0125 0.025
1 0.0640625 0.0703125 0.021875 0.0234375
1 0.0765625 0.034375 0.01875 0.021875
1 0.0671875 0.0265625 0.0078125 0.015625
1 0.1140625 0.4875 0.01875 0.015625
1 0.0765625 0.490625 0.0171875 0.0078125
1 0.0703125 0.103125 0.0203125 0.015625
1 0.7453125 0.13125 0.0203125 0.0234375
1 0.5921875 0.2359375 0.01875 0.0171875
1 0.55 0.2734375 0.0140625 0.0140625
1 0.490625 0.3 0.0140625 0.0203125
1 0.6046875 0.35 0.0296875 0.0171875
1 0.640625 0.4 0.01875 0.0078125
1 0.5953125 0.4015625 0.028125 0.0375
1 0.559375 0.459375 0.0140625 0.0140625
1 0.44375 0.490625 0.0171875 0.0125
1 0.734375 0.5046875 0.025 0.0265625
1 0.9765625 0.1671875 0.0078125 0.009375
1 0.9859375 0.1609375 0.015625 0.015625
1 0.90625 0.171875 0.0734375 0.090625
0 0.7921875 0.121875 0.15625 0.1484375
1 0.8546875 0.1203125 0.0515625 0.075
1 0.740625 0.278125 0.0234375 0.0265625
1 0.7953125 0.2078125 0.025 0.015625
0 0.815625 0.2375 0.1265625 0.0875
1 0.85625 0.265625 0.0984375 0.053125
1 0.871875 0.325 0.0453125 0.090625
1 0.83125 0.3203125 0.021875 0.028125
1 0.8703125 0.3828125 0.05 0.0515625
0 0.7796875 0.2875 0.04375 0.01875
0 0.8328125 0.3953125 0.175 0.1828125
1 0.8984375 0.54375 0.0796875 0.04375
0 0.8125 0.5171875 0.1890625 0.0953125
1 0.41484375 0.80703125 0.0078125 0.0421875
1 0.3890625 0.8453125 0.025 0.0265625
1 0.303125 0.7484375 0.0171875 0.021875
1 0.1484375 0.8640625 0.0859375 0.040625
0 0.0453125 0.871875 0.0890625 0.03125
0 0.0609375 0.8234375 0.090625 0.08125
0 0.0734375 0.78203125 0.146875 0.1046875
1 0.8921875 0.8078125 0.053125 0.05
1 0.940625 0.80625 0.040625 0.05
1 0.9484375 0.9046875 0.0640625 0.040625
1 0.9359375 0.99609375 0.028125 0.0078125
1 0.9640625 0.9703125 0.0390625 0.0328125
1 0.6890625 0.9328125 0.028125 0.0328125
0 0.74375 0.825 0.115625 0.09375
0 0.740625 0.9265625 0.096875 0.146875
1 0.478125 0.8875 0.046875 0.028125
1 0.503125 0.9640625 0.015625 0.015625
1 0.490625 0.9609375 0.01875 0.01875
1 0.446875 0.921875 0.015625 0.028125
1 0.5421875 0.9390625 0.021875 0.0265625