0 0.15546875 0.0828125 0.2640625 0.165625
0 0.13515625 0.3390625 0.2703125 0.059375
1 0.609375 0.3859375 0.03125 0.028125
1 0.5875 0.3421875 0.028125 0.0328125
0 0.83125 0.0546875 0.190625 0.08125
0 0.8109375 0.1328125 0.125 0.090625
0 0.8421875 0.209375 0.084375 0.1546875
1 0.7703125 0.1671875 0.025 0.0234375
1 0.74375 0.3 0.03125 0.0234375
1 0.7703125 0.2671875 0.025 0.028125
1 0.7984375 0.265625 0.015625 0.021875
0 0.8265625 0.3421875 0.15 0.0921875
1 0.7671875 0.3953125 0.03125 0.009375
1 0.9 0.1265625 0.0359375 0.0234375
1 0.746875 0.3515625 0.0234375 0.028125
1 0.4171875 0.8234375 0.0140625 0.009375
1 0.1890625 0.7078125 0.021875 0.028125
1 0.090625 0.646875 0.0296875 0.0296875
1 0.159375 0.559375 0.0125 0.0203125
1 0.2078125 0.5359375 0.040625 0.0484375
1 0.3984375 0.5015625 0.015625 0.009375
1 0.428125 0.4765625 0.009375 0.0171875
1 0.1234375 0.459375 0.0265625 0.0359375
1 0.003125 0.4359375 0.00625 0.015625
1 0.0703125 0.43125 0.01875 0.0296875
1 0.4453125 0.4140625 0.009375 0.009375
1 0.0859375 0.803125 0.009375 0.0078125
1 0.0921875 0.784375 0.0265625 0.0296875
0 0.2265625 0.7734375 0.2921875 0.1078125
1 0.2046875 0.6375 0.021875 0.0203125
1 0.259375 0.6140625 0.0046875 0.0078125
1 0.0875 0.4453125 0.015625 0.0140625
1 0.16875 0.4203125 0.0078125 0.015625
0 0.278125 0.48828125 0.196875 0.1765625
1 0.4125 0.4078125 0.0109375 0.0125
1 0.4265625 0.41875 0.015625 0.015625
1 0.440625 0.51015625 0.0375 0.0390625
1 0.4515625 0.5484375 0.015625 0.028125
1 0.421875 0.6875 0.0265625 0.0328125
1 0.421875 0.7078125 0.0296875 0.03125
1 0.4328125 0.7796875 0.0078125 0.0234375
1 0.453125 0.78984375 0.0125 0.0234375
1 0.4484375 0.8171875 0.01875 0.0203125
1 0.45390625 0.80390625 0.0109375 0.0078125
1 0.6421875 0.821875 0.0203125 0.0203125
1 0.703125 0.8171875 0.04375 0.0234375
1 0.9515625 0.8109375 0.034375 0.046875
1 0.47734375 0.8015625 0.0359375 0.0625
1 0.63125 0.76875 0.040625 0.0484375
1 0.98671875 0.7453125 0.0265625 0.01875
1 0.6671875 0.7265625 0.0171875 0.0375
1 0.6390625 0.6953125 0.021875 0.0234375
0 0.8421875 0.7078125 0.1421875 0.1734375
1 0.7484375 0.6203125 0.06875 0.0515625
1 0.8703125 0.5953125 0.0296875 0.025
1 0.690625 0.5890625 0.0625 0.0328125
1 0.4828125 0.6 0.0359375 0.0421875
1 0.740625 0.559375 0.0125 0.0125
1 0.8796875 0.521875 0.0484375 0.0375
1 0.8703125 0.4671875 0.0390625 0.0515625
1 0.7515625 0.43125 0.0421875 0.0515625
1 0.65 0.478125 0.084375 0.096875
1 0.48359375 0.72734375 0.0484375 0.0546875
1 0.5171875 0.6859375 0.075 0.065625
1 0.521875 0.6953125 0.0140625 0.0203125
1 0.5015625 0.728125 0.0265625 0.0203125
1 0.571875 0.5453125 0.0765625 0.065625
1 0.60625 0.584375 0.0109375 0.021875
1 0.6421875 0.615625 0.021875 0.015625
1 0.50625 0.5671875 0.078125 0.0578125
1 0.525 0.5484375 0.025 0.01875
1 0.5046875 0.51875 0.05625 0.0328125
1 0.7421875 0.6609375 0.0296875 0.0546875
1 0.6953125 0.5109375 0.0484375 0.0171875
1 0.8546875 0.515625 0.03125 0.025
1 0.9328125 0.68125 0.0421875 0.0640625
1 0.925 0.7125 0.025 0.028125
1 0.9546875 0.6046875 0.0390625 0.05
1 0.9875 0.5828125 0.0203125 0.040625
1 0.98125 0.48125 0.015625 0.0234375
1 0.9640625 0.465625 0.0390625 0.065625
1 0.9875 0.43203125 0.025 0.0640625
1 0.521875 0.45859375 0.125 0.1171875
1 0.478125 0.471875 0.0375 0.090625