1 0.3953125 0.33125 0.00625 0.0078125
1 0.3 0.25 0.009375 0.00625
1 0.2171875 0.3296875 0.0140625 0.009375
1 0.0203125 0.2984375 0.015625 0.0109375
1 0.0609375 0.2109375 0.0234375 0.015625
1 0.028125 0.2640625 0.0375 0.0234375
1 0.1671875 0.25 0.015625 0.0109375
1 0.1765625 0.20625 0.0140625 0.0140625
1 0.3390625 0.21875 0.009375 0.0140625
1 0.096875 0.1390625 0.0125 0.01875
1 0.034375 0.1 0.05 0.0875
1 0.1265625 0.0328125 0.01875 0.01875
1 0.1375 0.0390625 0.015625 0.009375
1 0.14375 0.1015625 0.028125 0.03125
1 0.175 0.0375 0.0125 0.015625
0 0.04375 0.13671875 0.0875 0.2734375
0 0.15078125 0.18203125 0.3015625 0.2703125
0 0.3125 0.08671875 0.240625 0.1734375
0 0.4171875 0.259375 0.0328125 0.103125
1 0.325 0.1015625 0.025 0.0125
1 0.3921875 0.98046875 0.053125 0.0390625
1 0.2484375 0.975 0.01875 0.025
1 0.2671875 0.840625 0.025 0.0265625
1 0.315625 0.7984375 0.0296875 0.028125
1 0.240625 0.728125 0.015625 0.0234375
1 0.1859375 0.7125 0.028125 0.0296875
1 0.109375 0.70625 0.034375 0.034375
0 0.2828125 0.590625 0.25 0.2015625
1 0.325 0.6578125 0.01875 0.01875
1 0.39375 0.5921875 0.0109375 0.0203125
1 0.36875 0.5078125 0.034375 0.021875
1 0.3859375 0.37421875 0.034375 0.0296875
1 0.340625 0.3734375 0.03125 0.025
1 0.303125 0.378125 0.0171875 0.0234375
1 0.009375 0.36484375 0.01875 0.0109375
1 0.05703125 0.378125 0.0484375 0.0375
1 0.09296875 0.375 0.0234375 0.03125
1 0.175 0.4953125 0.0171875 0.0265625
1 0.225 0.490625 0.0171875 0.0265625
1 0.0859375 0.6578125 0.015625 0.0203125
1 0.00546875 0.69609375 0.0109375 0.0359375
0 0.02265625 0.575 0.0453125 0.284375
1 0.0515625 0.846875 0.03125 0.0296875
1 0.0234375 0.7421875 0.015625 0.01875
1 0.25 0.7140625 0.015625 0.0203125
0 0.1328125 0.5578125 0.1796875 0.1453125
1 0.05 0.6171875 0.1 0.078125
0 0.3796875 0.6171875 0.11875 0.0875
1 0.359375 0.6078125 0.015625 0.015625
1 0.871875 0.4328125 0.0109375 0.00625
1 0.753125 0.6375 0.0078125 0.0046875
1 0.6859375 0.5953125 0.0078125 0.0109375
1 0.6765625 0.9125 0.0078125 0.015625
0 0.5796875 0.7953125 0.1 0.30625
1 0.75390625 0.9890625 0.0296875 0.021875
1 0.6140625 0.5 0.0375 0.03125
1 0.5921875 0.4734375 0.03125 0.0515625
1 0.590625 0.509375 0.0125 0.015625
1 0.7984375 0.7375 0.0125 0.0109375
1 0.825 0.78125 0.034375 0.0546875
1 0.8515625 0.778125 0.0359375 0.0171875
0 0.8640625 0.7421875 0.2140625 0.178125
1 0.8 0.703125 0.0390625 0.0765625
1 0.8890625 0.446875 0.0234375 0.0390625
1 0.8421875 0.415625 0.0125 0.015625