1 0.39453125 0.103125 0.0109375 0.01875
1 0.39296875 0.028125 0.0140625 0.01875
1 0.3828125 0.353125 0.0140625 0.0140625
1 0.38125 0.4046875 0.0125 0.009375
1 0.1703125 0.0359375 0.025 0.0296875
1 0.3375 0.1078125 0.0359375 0.0484375
1 0.3078125 0.121875 0.0296875 0.01875
1 0.2609375 0.1359375 0.078125 0.090625
1 0.2265625 0.184375 0.0375 0.0578125
1 0.2171875 0.1609375 0.021875 0.025
1 0.190625 0.1984375 0.0203125 0.01875
1 0.3171875 0.05625 0.075 0.071875
1 0.25625 0.0765625 0.0453125 0.0484375
1 0.2984375 0.0421875 0.0203125 0.03125
1 0.25625 0.040625 0.01875 0.04375
1 0.309375 0.0265625 0.015625 0.015625
1 0.278125 0.0328125 0.034375 0.028125
1 0.228125 0.11875 0.0234375 0.0171875
1 0.1140625 0.06875 0.021875 0.03125
1 0.0890625 0.1015625 0.0625 0.0546875
1 0.065625 0.0515625 0.0109375 0.009375
1 0.1015625 0.23125 0.0296875 0.021875
1 0.0921875 0.2625 0.0296875 0.0375
1 0.0609375 0.278125 0.0140625 0.0171875
1 0.05625 0.3078125 0.021875 0.0359375
1 0.1578125 0.2109375 0.0125 0.015625
1 0.3234375 0.2296875 0.0265625 0.0359375
1 0.33125 0.2296875 0.0203125 0.0203125
1 0.328125 0.1984375 0.0359375 0.0265625
1 0.2515625 0.190625 0.021875 0.0234375
1 0.365625 0.2078125 0.0625 0.0640625
1 0.38125 0.303125 0.028125 0.025
1 0.2640625 0.3015625 0.021875 0.040625
1 0.196875 0.33125 0.034375 0.046875
1 0.1734375 0.3515625 0.0171875 0.0328125
1 0.14375 0.340625 0.0171875 0.053125
1 0.2828125 0.365625 0.0328125 0.01875
1 0.3203125 0.3859375 0.015625 0.015625
1 0.18125 0.3359375 0.015625 0.0203125
0 0.0140625 0.06796875 0.028125 0.0953125
0 0.015625 0.18984375 0.03125 0.0984375
1 0.0484375 0.359375 0.0484375 0.05625
1 0.0203125 0.38125 0.040625 0.053125
1 0.01484375 0.4 0.0296875 0.01875
1 0.97578125 0.140625 0.0484375 0.059375
1 0.9578125 0.1015625 0.021875 0.0203125
1 0.9078125 0.0796875 0.015625 0.0140625
1 0.9765625 0.0484375 0.046875 0.096875
1 0.9140625 0.1421875 0.0203125 0.040625
1 0.884375 0.1625 0.0390625 0.03125
1 0.859375 0.1546875 0.0203125 0.0171875
1 0.9390625 0.1859375 0.0171875 0.015625
1 0.9359375 0.1671875 0.015625 0.0171875
1 0.90625 0.1796875 0.0203125 0.01875
1 0.8890625 0.2015625 0.0125 0.0140625
1 0.8921875 0.225 0.0390625 0.0265625
1 0.871875 0.25625 0.021875 0.021875
1 0.9140625 0.2734375 0.025 0.0375
1 0.959375 0.2671875 0.0203125 0.01875
1 0.9046875 0.2546875 0.01875 0.015625
1 0.8296875 0.275 0.040625 0.034375
1 0.734375 0.2890625 0.059375 0.0046875
1 0.725 0.28125 0.021875 0.0203125
1 0.6875 0.26875 0.0171875 0.0453125
1 0.73125 0.2078125 0.0328125 0.0515625
1 0.7671875 0.115625 0.0109375 0.01875
1 0.80625 0.0109375 0.05625 0.021875
1 0.6953125 0.0140625 0.01875 0.0203125
1 0.6703125 0.065625 0.0234375 0.021875
1 0.6296875 0.0234375 0.025 0.0265625
1 0.7125 0.05625 0.015625 0.015625
1 0.7015625 0.05625 0.0140625 0.015625
1 0.7546875 0.059375 0.015625 0.0125
1 0.809375 0.0625 0.0109375 0.015625
1 0.7859375 0.1328125 0.0125 0.01875
1 0.8296875 0.1078125 0.0125 0.009375
1 0.8171875 0.1046875 0.0140625 0.015625
1 0.78125 0.103125 0.0140625 0.0125
1 0.775 0.0890625 0.0171875 0.0125
1 0.8109375 0.0953125 0.0140625 0.0109375
1 0.8 0.103125 0.0140625 0.015625
1 0.5625 0.00234375 0.025 0.0046875
1 0.50625 0.021875 0.0375 0.0390625
1 0.58515625 0.009375 0.0203125 0.01875
1 0.5953125 0.15 0.025 0.028125
1 0.575 0.1640625 0.01875 0.015625
1 0.5859375 0.1734375 0.0125 0.0140625
1 0.5703125 0.18125 0.021875 0.0234375
1 0.6109375 0.1484375 0.0265625 0.0265625
1 0.6703125 0.1109375 0.1046875 0.0953125
1 0.40625 0.003125 0.0125 0.00625
1 0.4296875 0.03203125 0.059375 0.0484375
1 0.4578125 0.0171875 0.06875 0.0203125
1 0.46953125 0.00234375 0.0234375 0.0046875
1 0.428125 0.0109375 0.0125 0.0140625
1 0.4109375 0.0703125 0.0203125 0.0140625
1 0.4125 0.134375 0.0140625 0.0140625
1 0.409375 0.1078125 0.015625 0.0171875
1 0.4234375 0.125 0.0234375 0.0421875
1 0.4171875 0.16875 0.0171875 0.0203125
1 0.4375 0.2796875 0.03125 0.025
1 0.4640625 0.2828125 0.0125 0.0171875
1 0.50625 0.2671875 0.0296875 0.0328125
1 0.4953125 0.2421875 0.0421875 0.0421875
1 0.4703125 0.2453125 0.028125 0.0203125
1 0.40859375 0.26328125 0.0171875 0.0296875
1 0.44375 0.2484375 0.0609375 0.034375
1 0.42890625 0.2125 0.0578125 0.0375
1 0.4921875 0.1765625 0.01875 0.0234375
1 0.4765625 0.18125 0.0171875 0.0265625
1 0.475 0.153125 0.028125 0.0296875
1 0.5015625 0.090625 0.034375 0.015625
1 0.4796875 0.1140625 0.025 0.0140625
1 0.4703125 0.0953125 0.04375 0.0390625
1 0.4609375 0.209375 0.0375 0.0671875
0 0.5796875 0.265625 0.0671875 0.0515625
1 0.5890625 0.2328125 0.03125 0.028125
1 0.5625 0.2390625 0.0203125 0.0125
1 0.5671875 0.246875 0.021875 0.0203125
1 0.6125 0.2765625 0.0140625 0.0171875
1 0.6109375 0.2421875 0.0578125 0.0453125
1 0.6390625 0.2609375 0.021875 0.0203125
0 0.596875 0.1953125 0.1 0.0625
1 0.534375 0.140625 0.0671875 0.125
1 0.51875 0.14375 0.0671875 0.04375
1 0.7296875 0.1359375 0.015625 0.0125
1 0.6984375 0.1609375 0.0125 0.009375
1 0.678125 0.140625 0.015625 0.0140625
1 0.671875 0.159375 0.015625 0.0125
1 0.7875 0.24375 0.015625 0.015625
1 0.3046875 0.565625 0.025 0.0125
1 0.0765625 0.571875 0.0109375 0.0078125
1 0.0875 0.6546875 0.0296875 0.03125
1 0.3125 0.7140625 0.015625 0.015625
1 0.321875 0.7984375 0.0140625 0.015625
1 0.140625 0.975 0.0125 0.0234375
1 0.93671875 0.9953125 0.0265625 0.009375
1 0.990625 0.97265625 0.01875 0.0421875
1 0.9859375 0.84765625 0.028125 0.0390625
1 0.9875 0.546875 0.025 0.015625
1 0.834375 0.5703125 0.040625 0.0265625
1 0.8234375 0.715625 0.01875 0.021875
1 0.80625 0.696875 0.01875 0.0171875
1 0.8265625 0.934375 0.040625 0.0390625
1 0.79609375 0.99375 0.0296875 0.0125
1 0.784375 0.99296875 0.025 0.0140625
1 0.6875 0.9296875 0.025 0.0265625
1 0.6765625 0.934375 0.009375 0.009375
1 0.6265625 0.903125 0.0265625 0.025
1 0.6703125 0.8890625 0.025 0.015625
0 0.57578125 0.921875 0.2765625 0.15625
1 0.628125 0.821875 0.04375 0.046875
0 0.584375 0.7765625 0.2765625 0.16875
1 0.640625 0.7546875 0.021875 0.01875
1 0.5703125 0.725 0.059375 0.0265625
1 0.7203125 0.6875 0.0328125 0.0375
1 0.7015625 0.665625 0.028125 0.0328125
1 0.6515625 0.678125 0.0109375 0.0140625
1 0.6359375 0.6921875 0.0625 0.0390625
1 0.590625 0.675 0.0296875 0.03125
0 0.603125 0.62890625 0.40625 0.1796875
1 0.6046875 0.646875 0.0125 0.009375
1 0.42890625 0.78515625 0.0578125 0.0484375