1 0.41640625 0.3828125 0.0265625 0.0125
1 0.1734375 0.365625 0.028125 0.0171875
1 0.2 0.3640625 0.0140625 0.015625
1 0.1265625 0.36875 0.028125 0.040625
1 0.3375 0.3296875 0.009375 0.0125
1 0.2796875 0.334375 0.0484375 0.03125
1 0.196875 0.3203125 0.0453125 0.0703125
1 0.3375 0.296875 0.0265625 0.028125
1 0.1859375 0.2375 0.0109375 0.0171875
1 0.3390625 0.196875 0.0203125 0.009375
1 0.2203125 0.171875 0.009375 0.0140625
1 0.259375 0.16875 0.021875 0.0125
1 0.2671875 0.1578125 0.028125 0.01875
1 0.1734375 0.1515625 0.0234375 0.0125
1 0.3390625 0.1390625 0.0453125 0.034375
1 0.2359375 0.1453125 0.053125 0.0359375
1 0.4125 0.13125 0.0203125 0.0265625
1 0.34375 0.059375 0.0328125 0.0078125
0 0.034375 0.071875 0.0453125 0.0328125
0 0.1171875 0.0875 0.0703125 0.0640625
1 0.1734375 0.38671875 0.0125 0.0046875
1 0.3515625 0.3546875 0.0140625 0.0140625
1 0.346875 0.3703125 0.034375 0.021875
1 0.3953125 0.284375 0.0234375 0.025
0 0.1046875 0.1546875 0.10625 0.1453125
1 0.0671875 0.0859375 0.0109375 0.0125
0 0.0453125 0.1859375 0.078125 0.059375
0 0.0640625 0.2421875 0.0828125 0.05625
0 0.0734375 0.353125 0.078125 0.0625
0 0.0796875 0.27734375 0.159375 0.0921875
1 0.1140625 0.325 0.021875 0.025
1 0.3765625 0.090625 0.053125 0.0390625
1 0.425 0.0625 0.034375 0.015625
1 0.4140625 0.084375 0.05 0.0375
1 0.3859375 0.1609375 0.015625 0.025
1 0.3765625 0.153125 0.015625 0.0234375
1 0.378125 0.134375 0.0140625 0.0125
1 0.40625 0.153125 0.01875 0.009375
1 0.390625 0.1390625 0.0109375 0.0109375
1 0.40625 0.221875 0.0515625 0.059375
1 0.44609375 0.14921875 0.0078125 0.0046875
0 0.4265625 0.203125 0.046875 0.11875
0 0.4296875 0.3234375 0.040625 0.096875
1 0.81640625 0.00625 0.0328125 0.0125
1 0.79375 0.065625 0.05 0.0578125
0 0.790625 0.234375 0.0375 0.0234375
1 0.784375 0.103125 0.021875 0.021875
1 0.278125 0.9109375 0.0203125 0.028125
1 0.378125 0.8203125 0.03125 0.0234375
1 0.44609375 0.79765625 0.0078125 0.0234375
1 0.2546875 0.75625 0.015625 0.0125
1 0.1390625 0.7359375 0.021875 0.0171875
1 0.2203125 0.6953125 0.021875 0.0140625
1 0.14375 0.684375 0.0203125 0.028125
1 0.371875 0.6 0.01875 0.0171875
1 0.1125 0.565625 0.0140625 0.0078125
1 0.28125 0.496875 0.015625 0.0203125
1 0.009375 0.98046875 0.01875 0.0359375
0 0.06796875 0.93125 0.1359375 0.1
1 0.01328125 0.8796875 0.0265625 0.040625
1 0.0578125 0.8890625 0.0328125 0.015625
0 0.0703125 0.85078125 0.140625 0.0609375
0 0.06171875 0.809375 0.1234375 0.159375
0 0.06796875 0.690625 0.1359375 0.0875
0 0.0734375 0.61328125 0.146875 0.1046875
1 0.1390625 0.5421875 0.0234375 0.015625
1 0.1453125 0.528125 0.021875 0.0171875
0 0.0796875 0.534375 0.159375 0.090625
0 0.0546875 0.50078125 0.109375 0.0546875
1 0.1859375 0.85 0.0390625 0.0296875
1 0.190625 0.8765625 0.05625 0.0390625
1 0.2296875 0.83125 0.0171875 0.0203125
1 0.43125 0.803125 0.01875 0.0203125
1 0.271875 0.6875 0.0296875 0.01875
1 0.2890625 0.6921875 0.0125 0.015625
1 0.3515625 0.8921875 0.03125 0.0265625
1 0.3953125 0.484375 0.0078125 0.0125
1 0.8375 0.8 0.040625 0.0328125
1 0.821875 0.76875 0.0265625 0.025
1 0.8375 0.734375 0.0171875 0.0140625
1 0.909375 0.728125 0.025 0.0234375
1 0.9171875 0.6859375 0.0171875 0.021875
1 0.94375 0.6828125 0.01875 0.0125
1 0.8609375 0.6796875 0.01875 0.021875
1 0.95625 0.8265625 0.0421875 0.0359375
1 0.990625 0.8359375 0.01875 0.021875
1 0.9828125 0.878125 0.0203125 0.021875
1 0.953125 0.9578125 0.01875 0.0375
1 0.8875 0.93125 0.0359375 0.028125
1 0.86484375 0.97734375 0.0640625 0.0453125
1 0.81875 0.884375 0.025 0.0171875
1 0.8875 0.8640625 0.034375 0.0203125
1 0.9171875 0.778125 0.0140625 0.01875
1 0.9671875 0.7734375 0.021875 0.0171875
1 0.99453125 0.778125 0.0109375 0.025
1 0.9859375 0.7 0.021875 0.0375
1 0.9828125 0.6734375 0.01875 0.009375
1 0.9703125 0.5796875 0.03125 0.0203125
1 0.8984375 0.5765625 0.0421875 0.0484375
1 0.771875 0.621875 0.025 0.0203125
1 0.98984375 0.5484375 0.0203125 0.009375
1 0.80625 0.584375 0.0125 0.015625
1 0.4765625 0.5515625 0.021875 0.0140625
1 0.534375 0.7484375 0.0453125 0.034375
1 0.45859375 0.84921875 0.0171875 0.0140625
1 0.46875 0.8046875 0.015625 0.0140625
1 0.5171875 0.9140625 0.0171875 0.0203125
1 0.5640625 0.7046875 0.0921875 0.0890625
0 0.6734375 0.6203125 0.1578125 0.11875
0 0.6328125 0.7234375 0.125 0.109375
0 0.634375 0.803125 0.1640625 0.0765625
0 0.640625 0.8796875 0.1359375 0.096875
1 0.590625 0.96171875 0.046875 0.0765625
0 0.64765625 0.94609375 0.0765625 0.1078125