1 0.3484375 0.2625 0.015625 0.0078125
0 0.44921875 0.2859375 0.0953125 0.128125
1 0.4828125 0.2140625 0.01875 0.025
1 0.290625 0.19375 0.015625 0.015625
1 0.515625 0.0890625 0.0328125 0.015625
0 0.46875 0.14921875 0.340625 0.1796875
1 0.075 0.0390625 0.059375 0.0421875
1 0.2 0.028125 0.0203125 0.0171875
1 0.4640625 0.01015625 0.08125 0.0203125
1 0.2296875 0.275 0.040625 0.040625
1 0.2125 0.3328125 0.015625 0.021875
1 0.215625 0.3078125 0.0265625 0.021875
1 0.153125 0.2609375 0.0171875 0.015625
1 0.11875 0.2125 0.0203125 0.015625
0 0.51953125 0.2953125 0.1171875 0.109375
1 0.63125 0.090625 0.0078125 0.015625
1 0.4859375 0.0328125 0.11875 0.0203125
1 0.996875 0.31015625 0.00625 0.0234375
1 0.98515625 0.02265625 0.0296875 0.0421875
1 0.7265625 0.0578125 0.015625 0.0109375
1 0.640625 0.08046875 0.003125 0.0109375
1 0.675 0.0640625 0.025 0.0265625
1 0.9359375 0.05 0.0234375 0.00625
1 0.9515625 0.05625 0.0234375 0.0234375
0 0.8921875 0.02265625 0.065625 0.0453125
0 0.8625 0.29609375 0.153125 0.1078125
0 0.878125 0.2421875 0.04375 0.1
0 0.859375 0.1125 0.1828125 0.1125
0 0.8484375 0.196875 0.078125 0.1
1 0.5265625 0.734375 0.0265625 0.0296875
1 0.421875 0.740625 0.0328125 0.0234375
1 0.54375 0.6859375 0.0234375 0.0234375
0 0.284375 0.715625 0.078125 0.06875
1 0.45625 0.6734375 0.034375 0.034375
0 0.1984375 0.7234375 0.11875 0.11875
1 0.55 0.65 0.0125 0.0140625
1 0.5796875 0.6390625 0.0171875 0.0171875
1 0.2109375 0.5515625 0.025 0.0234375
1 0.6234375 0.54375 0.021875 0.015625
1 0.3 0.53125 0.0546875 0.03125
1 0.63515625 0.47734375 0.0078125 0.0234375
1 0.453125 0.403125 0.0265625 0.028125
1 0.475 0.3671875 0.0140625 0.0234375
0 0.22890625 0.41171875 0.1453125 0.1234375
1 0.2484375 0.475 0.0765625 0.0921875
1 0.240625 0.584375 0.0328125 0.028125
1 0.246875 0.5453125 0.01875 0.015625
1 0.5046875 0.446875 0.0203125 0.0296875
1 0.5671875 0.4390625 0.034375 0.0328125
1 0.59765625 0.35859375 0.0234375 0.0171875
0 0.9328125 0.57890625 0.134375 0.1859375
0 0.92734375 0.671875 0.1453125 0.2125
0 0.92265625 0.9296875 0.1546875 0.140625