0 0.5484375 0.1578125 0.040625 0.265625
0 0.434375 0.109375 0.2609375 0.178125
0 0.2609375 0.1640625 0.159375 0.065625
0 0.178125 0.153125 0.046875 0.0171875
1 0.2640625 0.128125 0.0328125 0.04375
1 0.3 0.2234375 0.03125 0.034375
1 0.50625 0.203125 0.0171875 0.025
1 0.490625 0.2125 0.0140625 0.0203125
1 0.23125 0.3765625 0.025 0.0390625
1 0.33125 0.4171875 0.0265625 0.0234375
1 0.3046875 0.25625 0.03125 0.0234375
1 0.271875 0.221875 0.0125 0.028125
1 0.2859375 0.084375 0.0375 0.01875
1 0.1953125 0.228125 0.0328125 0.025
1 0.95 0.4953125 0.0125 0.025
1 0.94375 0.2671875 0.0078125 0.0109375
1 0.8609375 0.278125 0.03125 0.0296875
1 0.8015625 0.503125 0.015625 0.015625
1 0.7171875 0.5125 0.015625 0.0140625
1 0.5953125 0.1640625 0.0125 0.0078125
0 0.765625 0.07578125 0.39375 0.1515625
1 0.7890625 0.1046875 0.0265625 0.034375
0 0.87890625 0.09375 0.2140625 0.1875
0 0.915625 0.04453125 0.1375 0.0890625
1 0.50703125 0.990625 0.0515625 0.01875
1 0.5546875 0.96015625 0.028125 0.0515625
1 0.51875 0.8453125 0.0484375 0.040625
1 0.525 0.8859375 0.0390625 0.034375
1 0.56484375 0.87734375 0.0078125 0.0484375
1 0.3328125 0.625 0.0484375 0.0375
1 0.35 0.665625 0.0375 0.0359375
1 0.2984375 0.6390625 0.046875 0.0546875
1 0.24375 0.6578125 0.09375 0.053125
1 0.209375 0.615625 0.065625 0.0671875
0 0.18671875 0.5625 0.0484375 0.065625
0 0.23125 0.553125 0.13125 0.046875
1 0.54375 0.6375 0.0421875 0.0328125
1 0.4765625 0.684375 0.0328125 0.046875
1 0.475 0.7328125 0.046875 0.0390625
1 0.4390625 0.7671875 0.0625 0.0484375
1 0.41875 0.8171875 0.09375 0.06875
1 0.3953125 0.9328125 0.0984375 0.0609375
1 0.3953125 0.9890625 0.04375 0.021875
1 0.30625 0.8671875 0.0640625 0.046875
1 0.265625 0.834375 0.0328125 0.0453125
1 0.2453125 0.7828125 0.0703125 0.109375
1 0.3796875 0.7296875 0.0484375 0.028125
1 0.35 0.7640625 0.059375 0.0515625
1 0.3078125 0.71875 0.028125 0.0140625
1 0.2984375 0.75625 0.0328125 0.05
1 0.1796875 0.8953125 0.03125 0.053125
1 0.56171875 0.69609375 0.0140625 0.0234375
1 0.5375 0.7875 0.040625 0.0375
0 0.334375 0.96484375 0.0875 0.0703125
0 0.4921875 0.5515625 0.153125 0.04375
0 0.321875 0.55390625 0.103125 0.0484375
1 0.4 0.60703125 0.1125 0.1546875
0 0.9828125 0.5734375 0.034375 0.05
1 0.8 0.659375 0.015625 0.015625
1 0.771875 0.75 0.0234375 0.0296875
1 0.7046875 0.609375 0.021875 0.0234375
0 0.64921875 0.578125 0.0984375 0.096875
1 0.5921875 0.6015625 0.01875 0.0203125
0 0.8375 0.984375 0.1125 0.03125
1 0.95546875 0.99375 0.0390625 0.0125
1 0.809375 0.75625 0.03125 0.025
1 0.7953125 0.7234375 0.028125 0.0234375
1 0.8515625 0.7953125 0.021875 0.03125
1 0.8609375 0.709375 0.0171875 0.028125
1 0.928125 0.7625 0.0234375 0.0171875
1 0.95 0.75625 0.015625 0.01875
1 0.6890625 0.7671875 0.0234375 0.0265625
1 0.6640625 0.7734375 0.015625 0.0140625
1 0.60625 0.7515625 0.009375 0.0234375
1 0.6828125 0.79375 0.0125 0.015625
1 0.709375 0.7625 0.0171875 0.01875
1 0.7578125 0.715625 0.0171875 0.01875
1 0.759375 0.871875 0.015625 0.01875
1 0.7546875 0.8515625 0.0171875 0.0171875
1 0.6390625 0.7296875 0.0234375 0.021875
1 0.6296875 0.7140625 0.021875 0.03125
1 0.6625 0.675 0.021875 0.01875
0 0.76171875 0.5671875 0.0640625 0.075
0 0.83984375 0.5890625 0.1421875 0.11875