1 0.22109375 0.403125 0.0234375 0.0125
1 0.2 0.371875 0.025 0.0078125
1 0.3484375 0.35 0.0109375 0.0109375
1 0.4234375 0.359375 0.0359375 0.03125
1 0.39375 0.321875 0.04375 0.0390625
1 0.440625 0.3234375 0.0234375 0.0203125
1 0.334375 0.2171875 0.0265625 0.0265625
1 0.559375 0.19921875 0.01875 0.0171875
1 0.0828125 0.290625 0.034375 0.0328125
0 0.03125 0.315625 0.0625 0.10625
0 0.01953125 0.215625 0.0390625 0.109375
0 0.51953125 0.2515625 0.0984375 0.103125
0 0.5 0.1765625 0.053125 0.0375
0 0.5046875 0.34609375 0.128125 0.1265625
0 0.5078125 0.39453125 0.121875 0.0296875
1 0.9828125 0.378125 0.0078125 0.015625
1 0.596875 0.20625 0.0265625 0.028125
1 0.63359375 0.4015625 0.0203125 0.015625
0 0.82265625 0.30703125 0.3546875 0.2046875
0 0.8203125 0.2671875 0.2921875 0.284375
0 0.684375 0.14375 0.2203125 0.0375
1 0.0671875 0.425 0.0125 0.0078125
1 0.1453125 0.4296875 0.0125 0.0171875
1 0.5625 0.43984375 0.0125 0.0109375
1 0.5421875 0.4421875 0.025 0.0109375
1 0.4359375 0.4890625 0.0234375 0.0203125
1 0.125 0.528125 0.0234375 0.0078125
1 0.5078125 0.5984375 0.0140625 0.021875
1 0.346875 0.615625 0.0171875 0.01875
1 0.465625 0.6296875 0.0375 0.025
1 0.55546875 0.66015625 0.0265625 0.0140625
1 0.190625 0.6796875 0.0359375 0.0296875
1 0.146875 0.6921875 0.021875 0.0234375
1 0.490625 0.6953125 0.0328125 0.025
1 0.2015625 0.7203125 0.0265625 0.034375
1 0.24375 0.73125 0.0296875 0.03125
1 0.4671875 0.7328125 0.040625 0.0609375
1 0.290625 0.75 0.0484375 0.03125
1 0.5171875 0.753125 0.0078125 0.0234375
1 0.4625 0.7640625 0.015625 0.0125
1 0.00703125 0.76171875 0.0140625 0.0359375
1 0.5609375 0.78125 0.015625 0.025
1 0.5390625 0.8 0.01875 0.00625
1 0.221875 0.790625 0.0546875 0.0578125
1 0.19375 0.821875 0.0171875 0.0171875
1 0.4890625 0.821875 0.0078125 0.01875
1 0.425 0.8046875 0.025 0.0546875
1 0.246875 0.8625 0.065625 0.0390625
1 0.19375 0.8765625 0.071875 0.0578125
1 0.5140625 0.91875 0.021875 0.0140625
1 0.359375 0.9203125 0.03125 0.0390625
1 0.1890625 0.9390625 0.0390625 0.0171875
1 0.4109375 0.9234375 0.0328125 0.046875
1 0.534375 0.940625 0.06875 0.015625
1 0.50625 0.65 0.0546875 0.04375
1 0.509375 0.5546875 0.0390625 0.0578125
1 0.54375 0.60703125 0.05 0.0734375
1 0.53125 0.63125 0.0296875 0.0328125
1 0.5296875 0.503125 0.05 0.05625
1 0.459375 0.5234375 0.0453125 0.0515625
1 0.4984375 0.503125 0.03125 0.0296875
1 0.49375 0.5296875 0.0171875 0.01875
1 0.3109375 0.80625 0.06875 0.075
1 0.325 0.8421875 0.03125 0.028125
1 0.25625 0.4359375 0.046875 0.0296875
1 0.265625 0.471875 0.053125 0.0625
1 0.2546875 0.5109375 0.01875 0.009375
1 0.178125 0.734375 0.0171875 0.034375
1 0.1484375 0.759375 0.0390625 0.04375
1 0.1296875 0.7203125 0.0390625 0.040625
1 0.10625 0.7546875 0.0515625 0.0546875
1 0.0625 0.75625 0.0375 0.0546875
1 0.1046875 0.78125 0.0234375 0.0265625
1 0.1015625 0.9328125 0.0703125 0.0296875
1 0.090625 0.90625 0.0140625 0.05
1 0.1140625 0.9015625 0.03125 0.0265625
1 0.0515625 0.809375 0.028125 0.0375
1 0.0765625 0.815625 0.0578125 0.0625
1 0.09375 0.8421875 0.0546875 0.046875
1 0.084375 0.871875 0.1109375 0.03125
1 0.30625 0.440625 0.0359375 0.034375
0 0.3546875 0.4953125 0.08125 0.146875
1 0.3140625 0.496875 0.028125 0.05
0 0.3515625 0.5828125 0.1703125 0.084375
1 0.440625 0.5953125 0.0390625 0.0328125
1 0.39375 0.5515625 0.01875 0.0203125
1 0.2203125 0.45625 0.0171875 0.0375
1 0.2 0.48125 0.025 0.0296875
1 0.21875 0.5015625 0.015625 0.0234375
1 0.234375 0.5390625 0.0546875 0.05625
1 0.1828125 0.5078125 0.0453125 0.0390625
1 0.1546875 0.534375 0.0265625 0.0140625
1 0.2765625 0.5453125 0.0390625 0.0640625
1 0.2953125 0.6078125 0.0359375 0.0328125
1 0.278125 0.584375 0.025 0.0234375
1 0.3296875 0.646875 0.0515625 0.0390625
1 0.415625 0.6390625 0.0265625 0.0171875
1 0.3859375 0.64375 0.0234375 0.0265625
1 0.446875 0.65625 0.025 0.03125
1 0.421875 0.740625 0.05625 0.075
0 0.365625 0.68125 0.1640625 0.071875
1 0.303125 0.65625 0.0203125 0.04375
0 0.3703125 0.74375 0.053125 0.08125
1 0.3859375 0.7796875 0.0171875 0.0234375
1 0.3625 0.796875 0.0296875 0.0140625
1 0.0890625 0.5171875 0.0546875 0.0765625
1 0.03046875 0.52421875 0.0609375 0.0328125
1 0.01015625 0.53359375 0.0203125 0.0109375
1 0.025 0.5546875 0.04375 0.0265625
1 0.065625 0.540625 0.0234375 0.0078125
1 0.0765625 0.5671875 0.03125 0.0421875
1 0.0828125 0.596875 0.0140625 0.0140625
1 0.0453125 0.5984375 0.0203125 0.021875
1 0.071875 0.703125 0.071875 0.0390625
1 0.090625 0.659375 0.0203125 0.03125
1 0.0796875 0.6734375 0.03125 0.0421875
1 0.15625 0.5734375 0.01875 0.0375
1 0.234375 0.640625 0.0921875 0.125
1 0.2171875 0.571875 0.0625 0.05625
1 0.20625 0.5515625 0.009375 0.015625
1 0.1578125 0.6234375 0.10625 0.109375
1 0.10625 0.5984375 0.03125 0.0296875
1 0.121875 0.5703125 0.0375 0.0328125
1 0.0921875 0.6265625 0.0171875 0.0265625
1 0.05 0.659375 0.0734375 0.08125
1 0.028125 0.6234375 0.05625 0.065625
1 0.990625 0.7828125 0.01875 0.028125
1 0.965625 0.759375 0.021875 0.0265625
1 0.946875 0.7875 0.034375 0.0421875
1 0.94375 0.646875 0.0484375 0.0328125
1 0.975 0.5765625 0.04375 0.0546875
1 0.99140625 0.715625 0.0171875 0.01875
1 0.98125 0.69375 0.0328125 0.028125
1 0.909375 0.690625 0.0265625 0.0484375
1 0.865625 0.7109375 0.0234375 0.0265625
1 0.8625 0.7484375 0.021875 0.021875
1 0.878125 0.6734375 0.025 0.028125
1 0.946875 0.621875 0.05625 0.03125
1 0.925 0.6 0.05 0.0390625
1 0.99375 0.48203125 0.0125 0.0421875
1 0.9328125 0.4578125 0.0390625 0.040625
1 0.83125 0.79375 0.06875 0.0484375
1 0.74375 0.7359375 0.034375 0.0703125
1 0.809375 0.7421875 0.0203125 0.009375
1 0.696875 0.7234375 0.05 0.046875
1 0.80625 0.70625 0.034375 0.01875
1 0.7890625 0.6984375 0.01875 0.0265625
1 0.7703125 0.6546875 0.0453125 0.0453125
1 0.8359375 0.5921875 0.03125 0.0703125
1 0.7828125 0.609375 0.059375 0.0828125
1 0.8515625 0.6546875 0.0484375 0.034375
1 0.8375 0.625 0.0890625 0.1125
1 0.8109375 0.6625 0.0296875 0.0140625
1 0.83125 0.5 0.0328125 0.0546875
1 0.8 0.471875 0.05 0.0484375
1 0.88125 0.4296875 0.04375 0.0359375
1 0.75 0.525 0.015625 0.021875
1 0.71328125 0.43515625 0.0859375 0.0515625
1 0.64375 0.5078125 0.0515625 0.0390625
0 0.6625 0.4671875 0.1875 0.115625
1 0.728125 0.8109375 0.0265625 0.015625
1 0.7046875 0.8109375 0.0125 0.0125
1 0.6625 0.753125 0.0625 0.034375
1 0.634375 0.8125 0.053125 0.0125
1 0.5953125 0.8015625 0.0265625 0.034375
1 0.58046875 0.7921875 0.0234375 0.053125
1 0.63125 0.79375 0.0234375 0.0453125
1 0.63125 0.771875 0.025 0.0140625
1 0.6671875 0.71875 0.0484375 0.03125
1 0.5828125 0.6734375 0.0078125 0.0171875
0 0.6484375 0.6671875 0.096875 0.0453125
1 0.609375 0.7421875 0.025 0.0328125
0 0.625 0.5734375 0.0875 0.1046875
0 0.6671875 0.6078125 0.090625 0.1359375