1 0.1765625 0.1609375 0.084375 0.059375
1 0.0609375 0.30625 0.0375 0.0390625
1 0.2921875 0.0734375 0.053125 0.0625
1 0.33125 0.115625 0.0234375 0.040625
1 0.38671875 0.16171875 0.0453125 0.0703125
1 0.3953125 0.1046875 0.028125 0.059375
0 0.3609375 0.29296875 0.096875 0.1390625
1 0.71015625 0.00703125 0.0171875 0.0140625
1 0.85859375 0.009375 0.0296875 0.01875
1 0.6015625 0.021875 0.021875 0.0171875
1 0.53671875 0.01796875 0.0171875 0.0359375
1 0.665625 0.0359375 0.01875 0.01875
1 0.734375 0.034375 0.0453125 0.0296875
1 0.7 0.0546875 0.015625 0.0390625
1 0.853125 0.0703125 0.01875 0.015625
1 0.8390625 0.075 0.021875 0.028125
1 0.5265625 0.08125 0.025 0.009375
1 0.8578125 0.0984375 0.021875 0.0359375
1 0.7625 0.1234375 0.0375 0.053125
1 0.49375 0.1171875 0.0125 0.0265625
1 0.578125 0.1265625 0.01875 0.0265625
1 0.871875 0.1234375 0.0234375 0.01875
1 0.5984375 0.1875 0.028125 0.0265625
1 0.75625 0.178125 0.025 0.0296875
1 0.7328125 0.21875 0.0171875 0.0265625
1 0.48125 0.228125 0.03125 0.0171875
1 0.840625 0.2125 0.0484375 0.0578125
1 0.4421875 0.2359375 0.0109375 0.0125
1 0.709375 0.2125 0.04375 0.0671875
1 0.71875 0.271875 0.065625 0.05
1 0.9546875 0.3 0.025 0.0125
1 0.4625 0.315625 0.021875 0.028125
1 0.7890625 0.309375 0.0265625 0.01875
1 0.6578125 0.3328125 0.05625 0.015625
1 0.725 0.334375 0.01875 0.0125
1 0.96953125 0.1578125 0.0609375 0.071875
1 0.99296875 0.17578125 0.0140625 0.0171875
1 0.978125 0.1984375 0.0296875 0.0296875
0 0.9609375 0.325 0.071875 0.0296875
1 0.915625 0.2890625 0.0578125 0.0234375
1 0.875 0.28125 0.1265625 0.11875
0 0.9453125 0.21875 0.0984375 0.2125
1 0.99140625 0.0203125 0.0171875 0.03125
0 0.928125 0.05390625 0.14375 0.0796875
1 0.9421875 0.015625 0.009375 0.0203125
1 0.8453125 0.15625 0.059375 0.0484375
1 0.5375 0.0078125 0.046875 0.009375
1 0.5203125 0.0203125 0.0234375 0.0234375
1 0.75703125 0.01484375 0.0390625 0.0296875
1 0.7796875 0.00625 0.028125 0.0125
1 0.6546875 0.0796875 0.03125 0.03125
1 0.7 0.0875 0.109375 0.08125
1 0.7984375 0.2828125 0.03125 0.0328125
1 0.78125 0.2609375 0.0421875 0.0375
1 0.8109375 0.296875 0.021875 0.028125
1 0.4875 0.0046875 0.0171875 0.009375
1 0.5171875 0.090625 0.00625 0.00625
1 0.49375 0.1125 0.034375 0.0171875
1 0.484375 0.0796875 0.0234375 0.0453125
1 0.4703125 0.109375 0.0171875 0.0234375
1 0.5140625 0.2625 0.0203125 0.0234375
1 0.5609375 0.3296875 0.0203125 0.0203125
1 0.5390625 0.3078125 0.04375 0.0640625
1 0.4421875 0.13125 0.0515625 0.040625
1 0.415625 0.125 0.0125 0.0265625
0 0.43203125 0.2953125 0.0453125 0.090625
1 0.4609375 0.3328125 0.009375 0.0140625
1 0.75 0.3375 0.015625 0.00625
1 0.73125 0.16875 0.025 0.021875
1 0.64375 0.2265625 0.0765625 0.04375
1 0.6875 0.19375 0.05625 0.04375
1 0.7171875 0.178125 0.134375 0.121875
1 0.621875 0.1296875 0.05 0.028125
1 0.63125 0.1125 0.0546875 0.0328125
1 0.5953125 0.2109375 0.0234375 0.0203125
1 0.5890625 0.228125 0.025 0.021875
1 0.5890625 0.1609375 0.0453125 0.04375
1 0.55625 0.109375 0.025 0.0328125
1 0.5625 0.1375 0.034375 0.0390625
1 0.5015625 0.16875 0.0234375 0.025
1 0.5078125 0.1484375 0.03125 0.034375
1 0.5546875 0.1984375 0.059375 0.04375
1 0.5015625 0.2015625 0.0625 0.0328125
0 0.45234375 0.20078125 0.0859375 0.1421875
0 0.43359375 0.09375 0.0484375 0.13125
1 0.0203125 0.975 0.040625 0.05
1 0.13984375 0.99296875 0.0390625 0.0140625
1 0.02578125 0.93984375 0.0515625 0.0484375
1 0.02890625 0.878125 0.0578125 0.084375
1 0.071875 0.753125 0.0921875 0.103125
1 0.021875 0.7765625 0.04375 0.15
0 0.24296875 0.94296875 0.3328125 0.1140625
0 0.2796875 0.81875 0.259375 0.225
1 0.61875 0.6984375 0.0265625 0.0171875
1 0.99296875 0.7015625 0.0140625 0.021875
1 0.5671875 0.7234375 0.0125 0.0125
1 0.61875 0.7546875 0.0171875 0.0109375
1 0.69375 0.7890625 0.0140625 0.0203125
1 0.9296875 0.815625 0.0078125 0.0125
1 0.859375 0.815625 0.040625 0.015625
1 0.7125 0.8140625 0.021875 0.025
1 0.771875 0.8359375 0.015625 0.021875
1 0.525 0.8796875 0.0609375 0.0296875
1 0.565625 0.971875 0.03125 0.0234375
1 0.984375 0.978125 0.0234375 0.015625
1 0.6 0.9765625 0.0328125 0.0234375
0 0.903125 0.9078125 0.178125 0.109375
0 0.8765625 0.97578125 0.15 0.0484375
1 0.9375 0.9265625 0.065625 0.0359375
0 0.8921875 0.74375 0.08125 0.0578125
0 0.88125 0.7203125 0.0515625 0.059375