0 0.42734375 0.07421875 0.1453125 0.1171875
0 0.2796875 0.046875 0.109375 0.09375
0 0.2390625 0.015625 0.040625 0.03125
1 0.2671875 0.0234375 0.01875 0.021875
1 0.4796875 0.2609375 0.03125 0.03125
1 0.346875 0.34375 0.0359375 0.01875
1 0.2828125 0.3421875 0.0296875 0.028125
1 0.4578125 0.1328125 0.01875 0.028125
1 0.2640625 0.25625 0.021875 0.028125
1 0.51015625 0.04140625 0.0203125 0.0359375
1 0.5703125 0.140625 0.01875 0.0171875
1 0.6390625 0.1375 0.0640625 0.0421875
1 0.653125 0.0265625 0.0390625 0.0171875
1 0.6921875 0.1828125 0.0109375 0.0203125
1 0.7234375 0.153125 0.021875 0.0328125
1 0.790625 0.0859375 0.040625 0.0359375
1 0.79375 0.325 0.034375 0.025
1 0.6109375 0.0234375 0.0234375 0.025
1 0.5046875 0.26484375 0.009375 0.0265625
1 0.5046875 0.28203125 0.009375 0.0265625
1 0.503125 0.34296875 0.00625 0.0296875
1 0.565625 0.2796875 0.1109375 0.134375
0 0.6578125 0.259375 0.1265625 0.1375
0 0.7265625 0.2671875 0.1390625 0.0921875
1 0.7859375 0.2390625 0.0484375 0.1109375
1 0.4703125 0.403125 0.01875 0.015625
1 0.4546875 0.4359375 0.0359375 0.021875
1 0.4046875 0.4125 0.0234375 0.0265625
1 0.4265625 0.3921875 0.028125 0.0109375
1 0.4 0.440625 0.0125 0.028125
1 0.334375 0.375 0.0375 0.03125
1 0.3625 0.4234375 0.034375 0.0328125
1 0.325 0.4234375 0.0265625 0.021875
1 0.3359375 0.440625 0.0296875 0.015625
1 0.2375 0.603125 0.03125 0.04375
1 0.296875 0.5921875 0.0390625 0.046875
1 0.346875 0.5921875 0.0203125 0.0234375
1 0.3609375 0.6296875 0.0203125 0.025
1 0.3796875 0.5953125 0.025 0.028125
1 0.3921875 0.609375 0.0109375 0.015625
1 0.465625 0.5875 0.015625 0.021875
1 0.49296875 0.6984375 0.0140625 0.01875
1 0.475 0.746875 0.0453125 0.0328125
1 0.48984375 0.834375 0.0203125 0.0125
1 0.4984375 0.990625 0.003125 0.01875
1 0.465625 0.9765625 0.0171875 0.034375
1 0.4828125 0.971875 0.034375 0.05625
1 0.403125 0.95625 0.015625 0.034375
1 0.4296875 0.928125 0.0515625 0.04375
0 0.4046875 0.89140625 0.190625 0.2171875
1 0.359375 0.7171875 0.021875 0.021875
1 0.3671875 0.7390625 0.03125 0.01875
1 0.3828125 0.75 0.015625 0.01875
1 0.4 0.76875 0.015625 0.0203125
1 0.390625 0.7171875 0.046875 0.053125
1 0.4234375 0.7296875 0.0078125 0.0125
1 0.2921875 0.8875 0.04375 0.0359375
1 0.2796875 0.90625 0.0203125 0.0109375
1 0.2859375 0.9828125 0.0453125 0.0328125
1 0.3421875 0.9328125 0.0265625 0.05
1 0.3359375 0.9609375 0.0234375 0.0234375
0 0.25546875 0.8890625 0.1046875 0.221875
1 0.2140625 0.8953125 0.01875 0.053125
1 0.2609375 0.778125 0.015625 0.015625
1 0.4171875 0.5359375 0.0109375 0.0234375
1 0.384375 0.5625 0.0078125 0.015625
1 0.415625 0.4890625 0.0109375 0.0109375
1 0.5328125 0.915625 0.0078125 0.0125
1 0.5453125 0.7265625 0.0109375 0.0078125
1 0.6125 0.76875 0.00625 0.0109375
1 0.65078125 0.9953125 0.0265625 0.009375
1 0.646875 0.4765625 0.021875 0.015625
1 0.659375 0.765625 0.025 0.0296875
1 0.721875 0.5421875 0.009375 0.0125
1 0.7421875 0.909375 0.015625 0.009375
1 0.85 0.5171875 0.015625 0.015625
1 0.934375 0.8953125 0.0078125 0.0078125
1 0.9296875 0.5578125 0.0203125 0.0171875
1 0.94453125 0.99375 0.0234375 0.0125
1 0.99765625 0.81015625 0.0046875 0.0203125
0 0.6015625 0.57265625 0.203125 0.1984375
0 0.7703125 0.571875 0.3515625 0.303125
0 0.86796875 0.57890625 0.2640625 0.1890625
1 0.965625 0.65625 0.021875 0.0140625
1 0.978125 0.58125 0.00625 0.00625
1 0.78828125 0.94296875 0.1171875 0.1140625