1 0.3828125 0.2796875 0.00625 0.015625
0 0.29453125 0.04296875 0.0953125 0.0859375
1 0.2484375 0.07578125 0.321875 0.1515625
0 0.265625 0.3046875 0.2 0.31875
0 0.2625 0.45 0.178125 0.0953125
1 0.5328125 0.41875 0.0578125 0.0515625
1 0.9640625 0.6 0.03125 0.03125
1 0.953125 0.4 0.025 0.025
1 0.9 0.4171875 0.025 0.01875
0 0.621875 0.2484375 0.35625 0.1609375
0 0.64140625 0.4625 0.3203125 0.3125
0 0.6765625 0.56640625 0.33125 0.1046875
1 0.15 0.7484375 0.034375 0.0265625
0 0.38671875 0.74296875 0.0453125 0.0796875
1 0.3421875 0.6359375 0.015625 0.0171875
1 0.0703125 0.7390625 0.0203125 0.0359375
0 0.3828125 0.95078125 0.053125 0.0734375
0 0.38203125 0.8171875 0.0546875 0.078125
0 0.39140625 0.88828125 0.0359375 0.0640625
1 0.3578125 0.8453125 0.0296875 0.021875
1 0.3625 0.721875 0.034375 0.034375
1 0.3375 0.759375 0.0328125 0.03125
1 0.2328125 0.921875 0.0265625 0.021875
1 0.246875 0.86875 0.0234375 0.028125
1 0.2 0.6484375 0.0296875 0.0234375
1 0.153125 0.703125 0.0203125 0.025
1 0.2046875 0.6953125 0.0265625 0.01875
1 0.225 0.69375 0.01875 0.0265625
1 0.234375 0.6546875 0.0234375 0.021875
1 0.809375 0.81875 0.0171875 0.028125
1 0.8578125 0.8109375 0.0640625 0.0359375
0 0.7390625 0.69765625 0.3875 0.1578125
0 0.66640625 0.7828125 0.2015625 0.328125