1 0.5171875 0.1234375 0.0234375 0.03125
1 0.5046875 0.028125 0.021875 0.0296875
1 0.5015625 0.2265625 0.0171875 0.015625
1 0.459375 0.3234375 0.0125 0.0140625
1 0.4296875 0.05625 0.0171875 0.0265625
1 0.43125 0.5484375 0.0453125 0.0359375
1 0.38125 0.3078125 0.0203125 0.0265625
1 0.2875 0.5359375 0.0640625 0.0828125
1 0.11875 0.634375 0.00625 0.009375
1 0.09375 0.4625 0.015625 0.015625
1 0.215625 0.5125 0.00625 0.0125
1 0.4109375 0.5171875 0.025 0.034375
1 0.4671875 0.128125 0.0515625 0.065625
1 0.453125 0.0890625 0.034375 0.0265625
0 0.4203125 0.1875 0.096875 0.140625
0 0.33125 0.1796875 0.1 0.096875
0 0.184375 0.2 0.1328125 0.10625
1 0.20625 0.2390625 0.0140625 0.009375
0 0.1015625 0.1875 0.0625 0.1140625
1 0.0859375 0.125 0.028125 0.03125
1 0.815625 0.63203125 0.0125 0.0140625
1 0.93125 0.5984375 0.0609375 0.040625
1 0.7984375 0.378125 0.0171875 0.0234375
1 0.878125 0.36875 0.009375 0.0125
1 0.98984375 0.3203125 0.0203125 0.015625
0 0.740625 0.484375 0.1015625 0.1109375
1 0.7015625 0.4328125 0.0234375 0.0234375
1 0.7203125 0.5421875 0.0125 0.0140625
1 0.7734375 0.5515625 0.0125 0.015625
1 0.8046875 0.5328125 0.0484375 0.059375
0 0.834375 0.4921875 0.1078125 0.1234375
0 0.9328125 0.54375 0.09375 0.1234375
1 0.9234375 0.553125 0.0125 0.009375
0 0.97890625 0.51875 0.0421875 0.165625
1 0.91875 0.2421875 0.046875 0.0375
1 0.98984375 0.26015625 0.0203125 0.0328125
1 0.9625 0.25 0.0171875 0.0171875
1 0.971875 0.0578125 0.0265625 0.03125
1 0.7171875 0.2375 0.00625 0.0140625
1 0.7046875 0.1578125 0.0296875 0.05625
1 0.78125 0.3171875 0.0171875 0.0171875
1 0.8375 0.6046875 0.0078125 0.0078125
1 0.1921875 0.9203125 0.0625 0.0421875
1 0.2328125 0.9234375 0.0140625 0.0375
1 0.278125 0.8828125 0.05 0.06875
1 0.3578125 0.9734375 0.0609375 0.0421875
1 0.35625 0.8734375 0.053125 0.1
1 0.428125 0.8578125 0.0359375 0.04375
1 0.4453125 0.76875 0.0390625 0.046875
1 0.3734375 0.69375 0.05625 0.04375
1 0.1828125 0.7015625 0.05 0.0375
1 0.3921875 0.6484375 0.0625 0.01875
1 0.3875 0.746875 0.028125 0.0375
1 0.559375 0.9390625 0.0328125 0.0625
1 0.6828125 0.865625 0.05625 0.0578125
1 0.7609375 0.8390625 0.040625 0.0578125
1 0.5828125 0.990625 0.021875 0.01875
0 0.68203125 0.68515625 0.2234375 0.0921875
0 0.73828125 0.67890625 0.2109375 0.0796875