1 0.2453125 0.39375 0.0515625 0.0375
1 0.296875 0.353125 0.01875 0.01875
1 0.3140625 0.3796875 0.0171875 0.01875
1 0.31875 0.375 0.01875 0.0578125
1 0.09375 0.0296875 0.0078125 0.0046875
1 0.09765625 0.01640625 0.0484375 0.0328125
1 0.321875 0.0515625 0.0296875 0.0484375
1 0.4265625 0.20625 0.021875 0.0546875
1 0.33125 0.20625 0.0765625 0.0921875
1 0.29375 0.2796875 0.0296875 0.0125
0 0.04765625 0.3359375 0.0953125 0.165625
0 0.11875 0.33359375 0.20625 0.1703125
1 0.1140625 0.2828125 0.009375 0.009375
0 0.37109375 0.3609375 0.2578125 0.115625
0 0.4140625 0.3671875 0.171875 0.103125
1 0.425 0.365625 0.015625 0.01875
1 0.3328125 0.334375 0.0140625 0.0109375
1 0.475 0.140625 0.01875 0.0078125
1 0.36875 0.1015625 0.0046875 0.0078125
1 0.1703125 0.0953125 0.0140625 0.0234375
1 0.0078125 0.0734375 0.0078125 0.0125
1 0.80546875 0.40234375 0.0515625 0.0328125
1 0.93515625 0.028125 0.0640625 0.05625
1 0.9953125 0.075 0.009375 0.034375
1 0.74140625 0.4078125 0.0234375 0.021875
0 0.72265625 0.23203125 0.2640625 0.3734375
1 0.60625 0.2046875 0.0328125 0.03125
1 0.6421875 0.0328125 0.0296875 0.04375
0 0.45625 0.565625 0.0671875 0.2109375
1 0.2796875 0.975 0.0421875 0.0484375
1 0.246875 0.8765625 0.0078125 0.0078125
1 0.21640625 0.990625 0.0109375 0.01875
1 0.20625 0.8640625 0.0109375 0.009375
1 0.19375 0.8671875 0.009375 0.009375
1 0.10078125 0.99375 0.0078125 0.0125
0 0.15234375 0.51484375 0.2890625 0.1921875
0 0.02265625 0.48359375 0.0453125 0.1296875
0 0.4140625 0.51171875 0.15 0.1859375
0 0.44453125 0.434375 0.0890625 0.03125
1 0.0296875 0.9609375 0.059375 0.078125
1 0.425 0.728125 0.05 0.0421875
1 0.3625 0.73125 0.0125 0.0234375
0 0.8421875 0.60625 0.0625 0.1484375
1 0.6484375 0.6390625 0.059375 0.0421875
1 0.6046875 0.9265625 0.03125 0.0515625
1 0.740625 0.884375 0.021875 0.0390625
1 0.7 0.965625 0.0171875 0.025
1 0.80625 0.9703125 0.0203125 0.0234375
1 0.6 0.484375 0.0328125 0.0515625
0 0.7828125 0.51875 0.18125 0.2
0 0.66171875 0.53984375 0.1640625 0.1984375