1 0.0921875 0.1109375 0.0203125 0.0203125
1 0.0859375 0.1671875 0.0234375 0.0234375
1 0.0578125 0.1625 0.0296875 0.0296875
1 0.0640625 0.0421875 0.0078125 0.0109375
1 0.028125 0.01875 0.03125 0.0234375
1 0.375 0.1109375 0.0390625 0.034375
1 0.3234375 0.1046875 0.0140625 0.0171875
1 0.3078125 0.109375 0.0234375 0.0234375
1 0.2921875 0.2 0.0640625 0.0625
1 0.2203125 0.1921875 0.0296875 0.03125
1 0.190625 0.153125 0.01875 0.0125
1 0.0984375 0.2140625 0.01875 0.0125
1 0.08125 0.30625 0.034375 0.0375
1 0.39375 0.3390625 0.0234375 0.0125
1 0.365625 0.334375 0.0234375 0.028125
1 0.29609375 0.384375 0.0203125 0.009375
1 0.265625 0.3796875 0.03125 0.01875
1 0.190625 0.325 0.0171875 0.01875
1 0.2015625 0.34375 0.034375 0.0265625
1 0.1421875 0.378125 0.021875 0.021875
0 0.22109375 0.3765625 0.0796875 0.025
0 0.45859375 0.05625 0.0578125 0.1125
1 0.659375 0.01015625 0.046875 0.0203125
1 0.5125 0.053125 0.0265625 0.025
1 0.54609375 0.00703125 0.0171875 0.0140625
1 0.5109375 0.103125 0.028125 0.0234375
1 0.5484375 0.09375 0.034375 0.05625
1 0.440625 0.1203125 0.021875 0.0625
1 0.459375 0.384375 0.046875 0.009375
1 0.4953125 0.36484375 0.0625 0.0484375
1 0.515625 0.315625 0.09375 0.06875
1 0.5390625 0.2 0.0984375 0.0609375
1 0.5390625 0.1421875 0.04375 0.025
1 0.628125 0.265625 0.0640625 0.046875
1 0.66875 0.2984375 0.0328125 0.0453125
1 0.68828125 0.3421875 0.0703125 0.09375
1 0.584375 0.365625 0.059375 0.046875
1 0.63515625 0.3703125 0.0328125 0.0375
1 0.7546875 0.2375 0.03125 0.053125
0 0.6 0.1078125 0.0875 0.1890625
0 0.690625 0.07734375 0.159375 0.1546875
1 0.3640625 0.5015625 0.01875 0.0359375
1 0.3109375 0.590625 0.0609375 0.0578125
1 0.2453125 0.5765625 0.0265625 0.028125
1 0.2375 0.61875 0.01875 0.0296875
1 0.1578125 0.471875 0.0328125 0.03125
1 0.0703125 0.734375 0.01875 0.040625
0 0.1046875 0.7984375 0.0953125 0.025
0 0.0984375 0.8609375 0.078125 0.0796875
0 0.38203125 0.77734375 0.0953125 0.3265625
1 0.4828125 0.6359375 0.0390625 0.0359375
1 0.5015625 0.5140625 0.0234375 0.0359375
1 0.521875 0.4421875 0.03125 0.015625
1 0.5796875 0.509375 0.025 0.0203125
1 0.596875 0.5546875 0.0234375 0.040625
1 0.615625 0.61875 0.0265625 0.0125
1 0.628125 0.5734375 0.0328125 0.0265625
1 0.65 0.553125 0.0453125 0.040625
1 0.725 0.5203125 0.01875 0.015625
1 0.7140625 0.546875 0.034375 0.0328125
1 0.7703125 0.7328125 0.015625 0.009375
1 0.7953125 0.875 0.0515625 0.03125
1 0.81875 0.5546875 0.046875 0.0625
1 0.8671875 0.98046875 0.06875 0.0390625
1 0.94375 0.915625 0.034375 0.0328125
1 0.96875 0.89375 0.0375 0.0421875
1 0.9703125 0.453125 0.0359375 0.0390625
1 0.9 0.509375 0.034375 0.025
1 0.9609375 0.5171875 0.0484375 0.040625
1 0.925 0.5703125 0.0625 0.0421875
1 0.7609375 0.5703125 0.05625 0.053125
1 0.7453125 0.5984375 0.0375 0.0359375
1 0.6140625 0.6734375 0.0578125 0.078125
1 0.6203125 0.7078125 0.0171875 0.0234375
0 0.6578125 0.746875 0.128125 0.1640625
1 0.7078125 0.840625 0.0515625 0.046875
1 0.671875 0.83125 0.0578125 0.0234375
1 0.6046875 0.8765625 0.0234375 0.04375
1 0.4875 0.8421875 0.040625 0.028125
0 0.534375 0.753125 0.1375 0.1703125
1 0.4703125 0.959375 0.009375 0.04375
1 0.55078125 0.9796875 0.0328125 0.040625
1 0.521875 0.984375 0.0234375 0.0234375
1 0.76875 0.6640625 0.0734375 0.0484375
1 0.8015625 0.715625 0.0328125 0.025
0 0.8328125 0.6953125 0.1109375 0.1140625
0 0.85 0.7578125 0.1375 0.084375
0 0.928125 0.7640625 0.121875 0.1828125
1 0.72578125 0.9921875 0.0640625 0.015625
1 0.60546875 0.99375 0.0328125 0.0125