1 0.3171875 0.053125 0.0375 0.028125
1 0.33984375 0.09609375 0.0203125 0.0296875
1 0.171875 0.078125 0.0234375 0.009375
0 0.1125 0.121875 0.05625 0.0625
0 0.2765625 0.20078125 0.146875 0.2484375
0 0.1 0.1953125 0.0296875 0.06875
0 0.1046875 0.2484375 0.0421875 0.1203125
0 0.184375 0.2 0.1984375 0.2859375
1 0.2859375 0.4359375 0.021875 0.03125
1 0.1921875 0.6140625 0.0328125 0.0171875
1 0.165625 0.6234375 0.025 0.01875
1 0.71796875 0.00703125 0.0453125 0.0140625
1 0.778125 0.0234375 0.03125 0.046875
1 0.3953125 0.1015625 0.01875 0.0453125
1 0.38203125 0.17421875 0.0640625 0.0578125
1 0.428125 0.2109375 0.0171875 0.0140625
1 0.453125 0.203125 0.0375 0.0296875
1 0.5046875 0.2375 0.040625 0.0328125
1 0.4734375 0.2203125 0.0171875 0.028125
1 0.5328125 0.0953125 0.0234375 0.0203125
1 0.5515625 0.0984375 0.0171875 0.0203125
1 0.653125 0.128125 0.0171875 0.0234375
1 0.6640625 0.134375 0.0296875 0.0203125
1 0.5015625 0.196875 0.015625 0.03125
1 0.5453125 0.253125 0.046875 0.05625
1 0.56875 0.2640625 0.03125 0.040625
1 0.51875 0.2953125 0.0671875 0.03125
0 0.5125 0.4140625 0.2890625 0.2234375
0 0.41328125 0.4015625 0.1265625 0.26875
1 0.4015625 0.2453125 0.03125 0.015625
1 0.4484375 0.2609375 0.015625 0.0390625
1 0.45625 0.309375 0.0171875 0.0296875
1 0.4203125 0.3015625 0.0484375 0.025
1 0.4203125 0.325 0.0265625 0.0296875
1 0.3640625 0.4390625 0.015625 0.0140625
1 0.4359375 0.5390625 0.053125 0.034375
1 0.421875 0.5890625 0.0625 0.059375
1 0.5078125 0.5390625 0.021875 0.0390625
1 0.4828125 0.565625 0.028125 0.0296875
1 0.503125 0.565625 0.025 0.0296875
1 0.46875 0.5515625 0.0265625 0.0078125
1 0.4890625 0.634375 0.0296875 0.0484375
1 0.478125 0.5953125 0.0171875 0.0171875
1 0.528125 0.596875 0.034375 0.05
1 0.575 0.6328125 0.0375 0.0421875
1 0.5 0.5984375 0.0171875 0.0234375
1 0.725 0.6234375 0.053125 0.0671875
1 0.7625 0.5984375 0.0234375 0.0203125
1 0.7671875 0.63125 0.0203125 0.028125
1 0.728125 0.5890625 0.03125 0.0234375
1 0.678125 0.259375 0.0140625 0.0296875
1 0.6890625 0.265625 0.009375 0.0296875
0 0.690625 0.3796875 0.2 0.2953125
1 0.7703125 0.246875 0.0265625 0.0234375
1 0.746875 0.375 0.0328125 0.015625
1 0.7734375 0.403125 0.0359375 0.0359375
1 0.746875 0.4625 0.0140625 0.0171875
1 0.7671875 0.5125 0.040625 0.0375
1 0.7 0.4796875 0.0578125 0.0625
1 0.659375 0.4890625 0.065625 0.04375
1 0.6296875 0.5 0.0328125 0.0390625
1 0.59375 0.4015625 0.021875 0.0203125
1 0.0953125 0.7359375 0.0453125 0.0125
0 0.07265625 0.77421875 0.1453125 0.1078125
1 0.5109375 0.928125 0.0078125 0.0046875
1 0.3953125 0.709375 0.0328125 0.03125
1 0.38125 0.7640625 0.01875 0.015625
1 0.5328125 0.7921875 0.0234375 0.0234375
1 0.6140625 0.78125 0.0234375 0.03125
1 0.5984375 0.7890625 0.0140625 0.0265625
1 0.7640625 0.75 0.021875 0.015625
1 0.765625 0.78125 0.028125 0.021875
1 0.7359375 0.821875 0.0265625 0.025
1 0.615625 0.6828125 0.025 0.025
1 0.678125 0.93125 0.03125 0.025
1 0.540625 0.9328125 0.040625 0.0546875
1 0.5765625 0.915625 0.04375 0.0453125
1 0.4171875 0.909375 0.075 0.0453125
1 0.378125 0.9140625 0.03125 0.0203125