1 0.6921875 0.1859375 0.04375 0.0390625
1 0.678125 0.2 0.025 0.0296875
1 0.4296875 0.1109375 0.0359375 0.028125
1 0.459375 0.14375 0.0078125 0.009375
1 0.428125 0.1453125 0.04375 0.0265625
1 0.45 0.2453125 0.0515625 0.0375
1 0.3984375 0.2859375 0.01875 0.01875
1 0.3640625 0.059375 0.059375 0.0625
1 0.38125 0.259375 0.0171875 0.01875
1 0.3765625 0.2640625 0.01875 0.0578125
1 0.36328125 0.39765625 0.0765625 0.0234375
1 0.4015625 0.359375 0.0296875 0.0125
0 0.6609375 0.275 0.121875 0.2203125
0 0.5765625 0.246875 0.20625 0.2859375
1 0.58125 0.35625 0.009375 0.009375
1 0.55625 0.1 0.00625 0.009375
0 0.3234375 0.1875 0.2578125 0.296875
0 0.28125 0.225 0.171875 0.1953125
1 0.2703125 0.2734375 0.015625 0.01875
1 0.3625 0.3046875 0.0140625 0.0109375
1 0.825 0.121875 0.0265625 0.0265625
1 0.7953125 0.35 0.034375 0.04375
1 0.75234375 0.3578125 0.0265625 0.034375
1 0.3890625 0.9734375 0.0390625 0.0203125
1 0.4296875 0.8203125 0.0078125 0.003125
1 0.434375 0.665625 0.0265625 0.021875
1 0.5765625 0.91875 0.025 0.015625
1 0.5703125 0.875 0.0390625 0.0390625
1 0.640625 0.8625 0.01875 0.0171875
0 0.721875 0.8890625 0.0125 0.0359375
1 0.6640625 0.41875 0.01875 0.01875
1 0.71875 0.4984375 0.0171875 0.025
1 0.584375 0.4296875 0.059375 0.040625
1 0.5265625 0.453125 0.025 0.0234375
1 0.24453125 0.41796875 0.0234375 0.0171875
1 0.415625 0.4515625 0.040625 0.0640625
1 0.4671875 0.45625 0.0171875 0.021875
1 0.3625 0.5234375 0.021875 0.0234375
1 0.34453125 0.421875 0.0359375 0.025
1 0.353125 0.4453125 0.03125 0.03125
1 0.3296875 0.43125 0.0296875 0.0390625
1 0.5109375 0.5359375 0.034375 0.0296875
1 0.6078125 0.6375 0.025 0.021875
1 0.5484375 0.621875 0.04375 0.0328125
1 0.69375 0.6375 0.0421875 0.0375
1 0.725 0.6515625 0.00625 0.040625
1 0.3578125 0.5890625 0.0359375 0.0390625
1 0.4078125 0.6265625 0.0390625 0.0421875
1 0.3859375 0.6328125 0.0234375 0.0265625
1 0.3796875 0.646875 0.0328125 0.025
1 0.3734375 0.684375 0.0453125 0.0296875
1 0.321875 0.6484375 0.046875 0.0328125
1 0.259375 0.63125 0.021875 0.0296875
0 0.265625 0.8359375 0.125 0.3046875
1 0.2671875 0.7515625 0.021875 0.025
0 0.2921875 0.8046875 0.1796875 0.3171875
1 0.3421875 0.771875 0.0359375 0.0328125
1 0.2890625 0.9375 0.0328125 0.0265625
1 0.4046875 0.7765625 0.021875 0.0265625
1 0.3875 0.771875 0.00625 0.0125
1 0.4046875 0.8171875 0.0375 0.0265625
1 0.4421875 0.7984375 0.0296875 0.0296875
1 0.4265625 0.8015625 0.0140625 0.0140625
1 0.3703125 0.7671875 0.0171875 0.0140625
1 0.4609375 0.7875 0.046875 0.0515625
1 0.4828125 0.7375 0.0234375 0.0296875
1 0.484375 0.7515625 0.021875 0.009375
1 0.4875 0.79375 0.0234375 0.03125
0 0.41875 0.765625 0.0421875 0.034375
0 0.5328125 0.75625 0.0921875 0.1609375
1 0.5359375 0.8390625 0.028125 0.021875
1 0.5484375 0.7078125 0.03125 0.0296875
1 0.5875 0.7578125 0.0296875 0.0375
1 0.628125 0.7640625 0.034375 0.0578125
0 0.6328125 0.7765625 0.1890625 0.1421875
1 0.3421875 0.8796875 0.0234375 0.028125
1 0.3265625 0.8921875 0.05 0.0484375
1 0.3734375 0.8859375 0.0359375 0.034375
1 0.3859375 0.9125 0.040625 0.04375
1 0.39375 0.9265625 0.0171875 0.015625
1 0.34375 0.959375 0.0171875 0.01875
1 0.3328125 0.9625 0.021875 0.0171875
1 0.478125 0.99765625 0.01875 0.0046875
1 0.5203125 0.975 0.01875 0.0234375
1 0.52734375 0.99609375 0.0203125 0.0078125
1 0.6921875 0.934375 0.021875 0.0328125
1 0.6765625 0.984375 0.03125 0.021875
1 0.64140625 0.99453125 0.0390625 0.0109375
1 0.5953125 0.99140625 0.04375 0.0171875
1 0.459375 0.8734375 0.0140625 0.009375
1 0.509375 0.90625 0.0328125 0.0109375
1 0.5359375 0.9171875 0.0234375 0.028125
1 0.540625 0.934375 0.0296875 0.0359375
1 0.6 0.896875 0.0328125 0.0328125
1 0.6421875 0.890625 0.0296875 0.0375
1 0.6328125 0.915625 0.03125 0.0078125
1 0.809375 0.50625 0.046875 0.040625
1 0.790625 0.65 0.025 0.034375
1 0.9015625 0.6453125 0.025 0.021875
1 0.91875 0.6203125 0.0203125 0.0296875
1 0.9078125 0.478125 0.0203125 0.028125
0 0.878125 0.79296875 0.24375 0.4140625
0 0.825 0.784375 0.134375 0.3921875
1 0.896875 0.934375 0.03125 0.0296875
1 0.79921875 0.98984375 0.0421875 0.0203125
1 0.76640625 0.9953125 0.0234375 0.009375
1 0.98125 0.9 0.028125 0.0296875
1 0.9828125 0.9796875 0.0328125 0.0296875