1 0.00859375 0.0421875 0.0171875 0.025
1 0.0484375 0.08125 0.0328125 0.053125
1 0.00546875 0.1890625 0.0109375 0.021875
1 0.028125 0.1375 0.0234375 0.0328125
1 0.0328125 0.1109375 0.040625 0.0296875
1 0.059375 0.1625 0.0609375 0.0421875
1 0.19375 0.021875 0.028125 0.0359375
1 0.215625 0.0796875 0.0234375 0.0171875
1 0.1390625 0.05625 0.0578125 0.028125
1 0.1578125 0.09375 0.0625 0.0703125
1 0.2421875 0.146875 0.0546875 0.0375
1 0.1953125 0.2015625 0.0203125 0.0140625
1 0.1953125 0.2328125 0.0234375 0.03125
1 0.2 0.2140625 0.03125 0.021875
1 0.2234375 0.25625 0.0203125 0.0234375
1 0.153125 0.1703125 0.028125 0.021875
1 0.1640625 0.2046875 0.0375 0.0546875
1 0.16484375 0.303125 0.0234375 0.0125
1 0.11640625 0.2984375 0.0140625 0.021875
1 0.075 0.234375 0.0171875 0.028125
1 0.1375 0.240625 0.05 0.0421875
1 0.078125 0.2609375 0.0140625 0.025
1 0.1171875 0.228125 0.028125 0.046875
1 0.13125 0.2578125 0.0546875 0.0640625
1 0.2234375 0.1921875 0.04375 0.0578125
1 0.246875 0.0328125 0.0234375 0.0296875
1 0.2671875 0.0609375 0.021875 0.021875
0 0.3390625 0.05078125 0.140625 0.1015625
1 0.365625 0.0984375 0.0234375 0.0265625
1 0.40390625 0.0796875 0.0109375 0.025
1 0.396875 0.0984375 0.0140625 0.0296875
1 0.3984375 0.12578125 0.021875 0.0203125
0 0.33359375 0.175 0.1515625 0.153125
0 0.32578125 0.2609375 0.1109375 0.096875
1 0.2578125 0.30390625 0.040625 0.0109375
1 0.36328125 0.28984375 0.0390625 0.0390625
1 0.38125 0.303125 0.05 0.0125
1 0.33359375 0.30546875 0.0265625 0.0078125
1 0.0984375 0.2453125 0.0296875 0.05
1 0.0921875 0.2671875 0.0140625 0.0265625
1 0.15625 0.284375 0.015625 0.0171875
1 0.0859375 0.3015625 0.028125 0.015625
0 0.95859375 0.10078125 0.0828125 0.1890625
1 0.9125 0.128125 0.0515625 0.053125
1 0.825 0.13125 0.0265625 0.04375
1 0.8640625 0.09375 0.03125 0.021875
1 0.896875 0.0328125 0.040625 0.0171875
1 0.79609375 0.0109375 0.0546875 0.021875
1 0.653125 0.0140625 0.034375 0.028125
1 0.5453125 0.096875 0.046875 0.05
1 0.415625 0.04609375 0.0125 0.0265625
1 0.5484375 0.1515625 0.03125 0.034375
1 0.7703125 0.1671875 0.0453125 0.053125
1 0.903125 0.1828125 0.0359375 0.028125
1 0.42265625 0.146875 0.0265625 0.034375
1 0.703125 0.1234375 0.0296875 0.025
1 0.659375 0.1484375 0.028125 0.03125
0 0.09375 0.359375 0.134375 0.1
1 0.0328125 0.36171875 0.065625 0.0671875
1 0.009375 0.403125 0.015625 0.01875
1 0.1625 0.3203125 0.025 0.021875
1 0.19375 0.3921875 0.0359375 0.0359375
0 0.078125 0.49375 0.128125 0.196875
1 0.2046875 0.484375 0.0421875 0.0328125
0 0.0953125 0.71875 0.190625 0.09375
1 0.3015625 0.325 0.084375 0.03125
1 0.43125 0.50625 0.0109375 0.0140625
0 0.521875 0.453125 0.115625 0.115625
1 0.4546875 0.5078125 0.0046875 0.0078125
1 0.465625 0.5109375 0.0078125 0.0078125
1 0.5953125 0.4359375 0.0203125 0.015625
1 0.5109375 0.55 0.025 0.0296875
1 0.5078125 0.6109375 0.0234375 0.021875
1 0.5234375 0.6109375 0.0109375 0.0109375
1 0.45625 0.6125 0.0296875 0.0296875
1 0.44375 0.60625 0.0328125 0.021875
1 0.421875 0.603125 0.015625 0.0171875
0 0.5125 0.55625 0.0875 0.0875
1 0.484375 0.56875 0.0265625 0.021875
0 0.5265625 0.7390625 0.128125 0.1296875
1 0.5734375 0.7671875 0.0234375 0.0265625
1 0.559375 0.7421875 0.015625 0.015625
1 0.5828125 0.7578125 0.0109375 0.0234375
1 0.6546875 0.840625 0.0109375 0.0125
1 0.6625 0.8125 0.0109375 0.009375
1 0.64375 0.7890625 0.009375 0.00625
1 0.5640625 0.83125 0.021875 0.0203125
1 0.43671875 0.81328125 0.0546875 0.0359375
0 0.5125 0.8421875 0.1203125 0.1390625
1 0.628125 0.4140625 0.0078125 0.0125
1 0.9359375 0.4140625 0.009375 0.0234375
1 0.9234375 0.6265625 0.0125 0.0078125
1 0.91875 0.6390625 0.0171875 0.015625
1 0.990625 0.628125 0.01875 0.01875
1 0.9015625 0.6953125 0.015625 0.0234375
1 0.9203125 0.6703125 0.0375 0.0265625
1 0.6890625 0.871875 0.0109375 0.009375
1 0.6984375 0.8171875 0.015625 0.0171875
1 0.646875 0.7140625 0.0109375 0.0078125
1 0.646875 0.7296875 0.0265625 0.021875
1 0.68125 0.6953125 0.00625 0.0109375
1 0.7390625 0.6328125 0.009375 0.00625
1 0.8546875 0.6453125 0.009375 0.0125
1 0.575 0.59375 0.0234375 0.0203125
1 0.590625 0.6765625 0.028125 0.0265625