1 0.1109375 0.34375 0.0125 0.0140625
1 0.325 0.3359375 0.0390625 0.03125
1 0.3078125 0.084375 0.009375 0.0109375
1 0.1078125 0.3 0.084375 0.08125
0 0.040625 0.2890625 0.08125 0.25
1 0.1515625 0.040625 0.08125 0.08125
1 0.19375 0.3390625 0.05625 0.0640625
0 0.775 0.3703125 0.04375 0.0546875
1 0.83125 0.2875 0.0078125 0.0140625
0 0.865625 0.240625 0.1609375 0.109375
0 0.88671875 0.13125 0.2265625 0.2625
0 0.8421875 0.35625 0.03125 0.0625
0 0.46171875 0.6328125 0.0234375 0.028125
1 0.5203125 0.653125 0.015625 0.0140625
1 0.634375 0.69375 0.015625 0.0171875
1 0.471875 0.7734375 0.0421875 0.015625
1 0.7125 0.6546875 0.00625 0.0078125
1 0.8140625 0.7921875 0.0078125 0.0078125
1 0.8984375 0.721875 0.0234375 0.0203125
0 0.946875 0.7203125 0.10625 0.203125
1 0.9875 0.728125 0.025 0.05625
1 0.9140625 0.6390625 0.0078125 0.009375