1 0.1484375 0.3125 0.034375 0.028125
1 0.0875 0.0890625 0.0578125 0.0296875
0 0.0171875 0.0953125 0.034375 0.09375
0 0.01640625 0.18046875 0.0328125 0.0578125
0 0.0421875 0.2375 0.084375 0.075
0 0.0203125 0.32421875 0.040625 0.1578125
0 0.03203125 0.37421875 0.0640625 0.1109375
1 0.9875 0.3671875 0.025 0.015625
1 0.99609375 0.3296875 0.0078125 0.028125
1 0.9734375 0.3109375 0.046875 0.0453125
1 0.965625 0.3453125 0.0140625 0.0234375
1 0.7984375 0.3265625 0.028125 0.028125
1 0.8734375 0.1828125 0.0109375 0.028125
1 0.75 0.325 0.0234375 0.0265625
1 0.709375 0.28125 0.015625 0.0125
1 0.76015625 0.4078125 0.0578125 0.04375
1 0.721875 0.1234375 0.0203125 0.028125
1 0.74375 0.165625 0.0078125 0.009375
0 0.6046875 0.040625 0.040625 0.046875
0 0.66484375 0.015625 0.0765625 0.03125
1 0.353125 0.1578125 0.0203125 0.028125
1 0.4484375 0.2609375 0.0109375 0.021875
1 0.5640625 0.409375 0.0453125 0.0203125
1 0.24453125 0.41875 0.0578125 0.021875
1 0.228125 0.234375 0.0109375 0.0078125
1 0.615625 0.30625 0.0234375 0.0125
1 0.590625 0.309375 0.009375 0.00625
0 0.6140625 0.2828125 0.24375 0.146875
0 0.64375 0.3421875 0.134375 0.175
1 0.15 0.5796875 0.0078125 0.0078125
1 0.146875 0.5984375 0.0203125 0.0171875
1 0.16875 0.63125 0.00625 0.009375
1 0.165625 0.684375 0.009375 0.0078125
1 0.0234375 0.7421875 0.0125 0.0078125
1 0.0671875 0.8265625 0.059375 0.0625
1 0.0640625 0.859375 0.0390625 0.0234375
1 0.128125 0.915625 0.0140625 0.0171875
1 0.16875 0.915625 0.0265625 0.028125
1 0.2625 0.5578125 0.0203125 0.0125
1 0.99296875 0.565625 0.0140625 0.0125
1 0.5484375 0.5625 0.040625 0.0234375
1 0.225 0.559375 0.0234375 0.0171875
1 0.3375 0.5625 0.0234375 0.0234375
1 0.7265625 0.5828125 0.0171875 0.01875
1 0.5875 0.596875 0.0125 0.0125
1 0.5171875 0.5921875 0.0265625 0.0328125
1 0.6109375 0.61875 0.0171875 0.015625
1 0.8296875 0.6046875 0.0359375 0.034375
1 0.3265625 0.6140625 0.015625 0.01875
1 0.7421875 0.615625 0.0375 0.0203125
1 0.9546875 0.625 0.0140625 0.015625
0 0.9171875 0.6015625 0.09375 0.1015625
1 0.9421875 0.64375 0.015625 0.0265625
1 0.7875 0.6484375 0.0328125 0.0234375
1 0.6140625 0.6546875 0.03125 0.0265625
1 0.884375 0.6703125 0.028125 0.0203125
1 0.3453125 0.68125 0.015625 0.0203125
1 0.9921875 0.68125 0.0140625 0.0234375
1 0.553125 0.696875 0.0234375 0.0203125
1 0.6828125 0.6875 0.0421875 0.0328125
1 0.60625 0.6890625 0.03125 0.0359375
1 0.2046875 0.715625 0.0171875 0.0140625
1 0.6828125 0.7375 0.03125 0.0265625
1 0.5765625 0.75625 0.015625 0.009375
1 0.8484375 0.7625 0.0171875 0.01875
1 0.7796875 0.7703125 0.0078125 0.015625
1 0.6765625 0.7796875 0.025 0.028125
1 0.75 0.7734375 0.0453125 0.0640625
1 0.4375 0.803125 0.01875 0.015625
1 0.23125 0.8078125 0.009375 0.01875
1 0.7984375 0.8171875 0.0296875 0.0234375
0 0.9328125 0.7546875 0.1171875 0.1296875
1 0.659375 0.840625 0.01875 0.025
1 0.89375 0.8625 0.0203125 0.015625
1 0.2734375 0.875 0.0125 0.0203125
1 0.3078125 0.871875 0.0109375 0.0046875
1 0.734375 0.865625 0.025 0.0203125
1 0.5875 0.86875 0.0171875 0.0171875
1 0.8171875 0.8796875 0.0171875 0.03125
1 0.228125 0.896875 0.0140625 0.028125
1 0.2171875 0.921875 0.0125 0.025
1 0.765625 0.9234375 0.0234375 0.0359375
1 0.646875 0.940625 0.015625 0.0296875
1 0.2859375 0.94375 0.0171875 0.0203125
0 0.4078125 0.9 0.0546875 0.1265625
1 0.9734375 0.9578125 0.01875 0.025
1 0.23125 0.98984375 0.01875 0.0203125
1 0.2921875 0.98984375 0.021875 0.0203125
0 0.9140625 0.953125 0.065625 0.09375
1 0.8515625 0.93125 0.01875 0.015625
1 0.8609375 0.878125 0.0234375 0.0171875
1 0.8328125 0.865625 0.0140625 0.01875
1 0.834375 0.81875 0.021875 0.0234375
1 0.875 0.815625 0.0234375 0.0234375
1 0.9515625 0.5828125 0.03125 0.021875
1 0.6875 0.565625 0.053125 0.028125
1 0.8125 0.6890625 0.0515625 0.0671875
1 0.7765625 0.70625 0.0296875 0.0390625
1 0.8703125 0.7453125 0.021875 0.015625
1 0.71875 0.8203125 0.015625 0.0125
1 0.69375 0.8359375 0.0171875 0.01875
1 0.7109375 0.84375 0.0171875 0.0234375
1 0.775 0.85625 0.0171875 0.0140625
1 0.690625 0.9 0.015625 0.021875
1 0.6671875 0.8859375 0.01875 0.0484375
1 0.6390625 0.8703125 0.015625 0.0125
1 0.68125 0.9546875 0.0171875 0.028125
1 0.6828125 0.9921875 0.0375 0.015625
1 0.70234375 0.99453125 0.0171875 0.0109375
1 0.53984375 0.99765625 0.0265625 0.0046875
1 0.54375 0.9765625 0.0234375 0.015625
1 0.5640625 0.865625 0.015625 0.0125
1 0.5578125 0.853125 0.0234375 0.01875
1 0.571875 0.8453125 0.0171875 0.0203125
1 0.5796875 0.83125 0.0171875 0.0234375
1 0.6015625 0.8 0.0453125 0.0421875
1 0.6125 0.7453125 0.0171875 0.025
1 0.603125 0.740625 0.015625 0.0203125
1 0.6171875 0.7328125 0.0171875 0.021875
1 0.5734375 0.7390625 0.0140625 0.021875
1 0.5421875 0.765625 0.034375 0.028125
1 0.6515625 0.6296875 0.0453125 0.0421875
0 0.4109375 0.98359375 0.084375 0.0328125
1 0.340625 0.728125 0.028125 0.015625
1 0.3359375 0.7171875 0.028125 0.0078125
1 0.31875 0.690625 0.0109375 0.021875
1 0.409375 0.6953125 0.05625 0.04375
0 0.39375 0.640625 0.1046875 0.059375
0 0.390625 0.596875 0.0578125 0.0921875
1 0.2671875 0.5921875 0.034375 0.021875
1 0.36875 0.5953125 0.0296875 0.0125
1 0.246875 0.5984375 0.0171875 0.01875
1 0.240625 0.6171875 0.0171875 0.0125
1 0.19609375 0.63359375 0.0140625 0.0203125
1 0.19609375 0.6 0.0140625 0.021875
1 0.2078125 0.7578125 0.015625 0.0234375
1 0.228125 0.7796875 0.046875 0.0390625
1 0.1921875 0.81875 0.00625 0.015625