1 0.3390625 0.378125 0.0390625 0.0359375
1 0.3203125 0.5 0.0234375 0.0359375
1 0.2421875 0.5046875 0.025 0.0203125
1 0.225 0.459375 0.0234375 0.040625
1 0.20625 0.3953125 0.0265625 0.0125
1 0.19375 0.440625 0.0328125 0.0265625
1 0.171875 0.4609375 0.0453125 0.040625
1 0.096875 0.49375 0.01875 0.015625
1 0.1078125 0.4671875 0.034375 0.0328125
1 0.0515625 0.28125 0.015625 0.009375
1 0.0265625 0.1390625 0.0515625 0.03125
1 0.01328125 0.459375 0.0265625 0.0625
1 0.0609375 0.44375 0.05625 0.053125
1 0.0765625 0.415625 0.0375 0.0359375
1 0.2078125 0.340625 0.0578125 0.078125
1 0.2015625 0.30625 0.0171875 0.0234375
0 0.1640625 0.2671875 0.128125 0.1640625
1 0.1140625 0.1734375 0.0515625 0.046875
1 0.15 0.1828125 0.0578125 0.0234375
1 0.2171875 0.1375 0.0234375 0.04375
1 0.334375 0.171875 0.040625 0.028125
0 0.2875 0.2609375 0.1375 0.1703125
1 0.3515625 0.0546875 0.009375 0.04375
1 0.26953125 0.02734375 0.0328125 0.0546875
1 0.3 0.0296875 0.0234375 0.0234375
1 0.053125 0.35 0.0734375 0.0484375
1 0.0203125 0.2984375 0.0328125 0.025
0 0.021875 0.31796875 0.04375 0.1140625
0 0.0203125 0.25625 0.040625 0.084375
1 0.09453125 0.0140625 0.0640625 0.028125
1 0.215625 0.0140625 0.0328125 0.0234375
1 0.5015625 0.5234375 0.0234375 0.03125
1 0.559375 0.5296875 0.021875 0.0296875
1 0.5953125 0.54296875 0.0125 0.0140625
1 0.6375 0.534375 0.015625 0.015625
1 0.67265625 0.54453125 0.0234375 0.0109375
1 0.7328125 0.53984375 0.028125 0.0203125
1 0.75625 0.5234375 0.01875 0.01875
1 0.9046875 0.515625 0.01875 0.0125
1 0.878125 0.49375 0.0296875 0.03125
1 0.809375 0.490625 0.0234375 0.028125
1 0.5140625 0.459375 0.0296875 0.025
1 0.49375 0.4109375 0.0171875 0.0171875
1 0.5796875 0.4109375 0.03125 0.025
1 0.6109375 0.471875 0.028125 0.025
1 0.6375 0.4609375 0.03125 0.028125
1 0.65 0.45 0.025 0.0203125
1 0.65 0.428125 0.015625 0.0171875
1 0.678125 0.478125 0.0328125 0.028125
1 0.690625 0.48125 0.021875 0.0125
1 0.7015625 0.465625 0.0296875 0.025
1 0.703125 0.425 0.0328125 0.01875
1 0.73125 0.44375 0.0171875 0.0140625
1 0.7203125 0.434375 0.0140625 0.0109375
1 0.8390625 0.4390625 0.028125 0.0171875
1 0.8546875 0.4203125 0.0171875 0.015625
1 0.88125 0.4484375 0.021875 0.028125
1 0.85 0.4609375 0.04375 0.0359375
1 0.8578125 0.459375 0.0125 0.034375
1 0.9 0.478125 0.00625 0.009375
1 0.8796875 0.35 0.015625 0.009375
1 0.8703125 0.3625 0.0125 0.025
1 0.8609375 0.3078125 0.0609375 0.0296875
1 0.78125 0.3640625 0.0390625 0.04375
1 0.7921875 0.3671875 0.0390625 0.01875
1 0.7859375 0.3203125 0.0515625 0.0546875
1 0.815625 0.3484375 0.025 0.021875
1 0.84375 0.3640625 0.0515625 0.05
1 0.65625 0.3390625 0.021875 0.0265625
1 0.6609375 0.3125 0.015625 0.01875
1 0.684375 0.39375 0.0203125 0.0140625
1 0.6765625 0.3765625 0.01875 0.0140625
1 0.6890625 0.3828125 0.046875 0.046875
1 0.6140625 0.3765625 0.0171875 0.0203125
1 0.559375 0.3671875 0.0140625 0.015625
1 0.5515625 0.3328125 0.0171875 0.01875
1 0.5859375 0.35625 0.015625 0.0125
1 0.534375 0.3796875 0.01875 0.0125
1 0.5234375 0.371875 0.0140625 0.00625
1 0.5359375 0.25625 0.0109375 0.0203125
1 0.6140625 0.3265625 0.0390625 0.034375
1 0.6125 0.2515625 0.015625 0.0171875
1 0.6328125 0.2296875 0.01875 0.0140625
1 0.6984375 0.296875 0.0265625 0.0265625
1 0.6921875 0.2625 0.03125 0.0234375
1 0.7203125 0.2578125 0.021875 0.0296875
1 0.7140625 0.278125 0.03125 0.03125
1 0.71875 0.26875 0.028125 0.015625
1 0.8 0.253125 0.015625 0.0234375
1 0.7640625 0.234375 0.0203125 0.028125
1 0.9078125 0.2796875 0.015625 0.025
1 0.909375 0.2484375 0.015625 0.0171875
1 0.5828125 0.19375 0.0328125 0.0359375
1 0.575 0.1375 0.0453125 0.0328125
1 0.48359375 0.1984375 0.0078125 0.0125
1 0.490625 0.19375 0.0109375 0.0171875
0 0.52109375 0.18671875 0.0828125 0.1296875
1 0.784375 0.0890625 0.03125 0.0390625
1 0.8578125 0.0546875 0.03125 0.03125
1 0.878125 0.071875 0.015625 0.028125
1 0.8265625 0.128125 0.0625 0.0375
0 0.8203125 0.16875 0.1078125 0.128125
1 0.8375 0.15 0.0203125 0.015625
0 0.73125 0.1828125 0.121875 0.121875
1 0.7015625 0.16875 0.04375 0.0203125
1 0.696875 0.178125 0.015625 0.0125
1 0.71875 0.128125 0.0203125 0.0265625
1 0.6734375 0.1375 0.0171875 0.015625
1 0.49921875 0.1125 0.0390625 0.071875
1 0.5359375 0.06875 0.034375 0.0265625
1 0.5703125 0.0359375 0.015625 0.01875
1 0.58125 0.0421875 0.0125 0.015625
1 0.5984375 0.1109375 0.015625 0.0375
1 0.48671875 0.04140625 0.0140625 0.0203125
1 0.5015625 0.0078125 0.0140625 0.015625
1 0.5078125 0.01484375 0.009375 0.0296875
1 0.5 0.015625 0.009375 0.0140625
1 0.61015625 0.00625 0.0171875 0.0125
1 0.6640625 0.04375 0.0234375 0.028125
1 0.6984375 0.0328125 0.053125 0.040625
1 0.7703125 0.0421875 0.0140625 0.015625
1 0.9046875 0.1109375 0.0234375 0.0265625
1 0.9125 0.1640625 0.0078125 0.0125
1 0.9046875 0.0265625 0.0234375 0.0421875
1 0.83984375 0.015625 0.0390625 0.03125
1 0.85078125 0.00234375 0.0203125 0.0046875
1 0.7796875 0.021875 0.04375 0.04375
1 0.759375 0.0125 0.0171875 0.01875
1 0.7265625 0.01015625 0.071875 0.0203125
1 0.6375 0.02265625 0.0625 0.0453125
1 0.33046875 0.98828125 0.0390625 0.0234375
1 0.38203125 0.9953125 0.0140625 0.009375
1 0.39765625 0.99140625 0.0234375 0.0171875
1 0.4140625 0.9046875 0.0640625 0.0625
1 0.475 0.9125 0.009375 0.03125
1 0.3125 0.765625 0.0234375 0.0125
1 0.340625 0.7703125 0.0234375 0.028125
1 0.409375 0.7171875 0.0203125 0.015625
1 0.440625 0.7203125 0.03125 0.0265625
1 0.2796875 0.6515625 0.0140625 0.0296875
0 0.3328125 0.6453125 0.140625 0.1265625
1 0.36875 0.6421875 0.0265625 0.015625
1 0.3890625 0.6515625 0.0234375 0.0078125
0 0.2859375 0.6921875 0.09375 0.0921875
0 0.4203125 0.675 0.1046875 0.0640625
0 0.46171875 0.68359375 0.0359375 0.1109375
0 0.965625 0.946875 0.06875 0.10625
1 0.859375 0.96875 0.0421875 0.0390625
1 0.765625 0.9484375 0.0390625 0.0578125
1 0.6953125 0.9390625 0.0296875 0.034375
1 0.721875 0.8859375 0.034375 0.0359375
1 0.684375 0.9125 0.03125 0.025
1 0.578125 0.940625 0.084375 0.115625
1 0.55 0.8953125 0.046875 0.0421875
1 0.521875 0.925 0.0171875 0.0296875
0 0.5 0.92734375 0.040625 0.0703125
1 0.8046875 0.8703125 0.05625 0.05
1 0.8171875 0.965625 0.059375 0.053125
0 0.853125 0.915625 0.1578125 0.0625
1 0.7390625 0.9890625 0.0203125 0.021875
1 0.5640625 0.790625 0.0203125 0.0171875
1 0.5328125 0.7140625 0.01875 0.028125
1 0.5578125 0.696875 0.021875 0.0265625
1 0.6 0.7453125 0.040625 0.0453125
1 0.5875 0.8046875 0.0234375 0.0203125
1 0.6296875 0.696875 0.0234375 0.0375
1 0.653125 0.728125 0.0359375 0.03125
1 0.6890625 0.7609375 0.0171875 0.0203125
1 0.6515625 0.7703125 0.01875 0.01875
1 0.7078125 0.846875 0.021875 0.028125
1 0.746875 0.775 0.0328125 0.0234375
1 0.7234375 0.7078125 0.0265625 0.0421875
1 0.7546875 0.7453125 0.03125 0.021875
1 0.6828125 0.6171875 0.03125 0.0296875
1 0.63203125 0.56015625 0.0234375 0.0203125
1 0.58125 0.628125 0.040625 0.0234375
1 0.5296875 0.6015625 0.046875 0.0375
1 0.78125 0.596875 0.0234375 0.0203125
1 0.865625 0.65 0.0484375 0.04375
1 0.8375 0.7765625 0.01875 0.034375
1 0.8171875 0.7921875 0.0203125 0.0140625
1 0.9265625 0.75625 0.03125 0.0265625
1 0.909375 0.7140625 0.028125 0.025
1 0.9484375 0.6984375 0.046875 0.04375
1 0.9125 0.6609375 0.021875 0.03125
1 0.49609375 0.5578125 0.0265625 0.015625
1 0.8890625 0.5890625 0.0296875 0.0171875
1 0.490625 0.79609375 0.021875 0.0265625
1 0.54453125 0.55234375 0.0203125 0.0046875
1 0.8328125 0.721875 0.01875 0.0140625
1 0.6625 0.5734375 0.0203125 0.025