1 0.278125 0.440625 0.053125 0.0375
1 0.259375 0.3015625 0.0203125 0.00625
1 0.2921875 0.0359375 0.025 0.028125
1 0.203125 0.021875 0.01875 0.0140625
1 0.028125 0.38125 0.0140625 0.028125
1 0.0078125 0.3015625 0.015625 0.025
1 0.01640625 0.39296875 0.0328125 0.0296875
1 0.2109375 0.096875 0.0203125 0.0390625
1 0.6625 0.1390625 0.053125 0.0390625
1 0.6171875 0.15625 0.01875 0.0203125
1 0.6 0.4484375 0.078125 0.021875
1 0.5671875 0.1828125 0.04375 0.0578125
0 0.453125 0.378125 0.028125 0.115625
0 0.57890625 0.38046875 0.1140625 0.1578125
0 0.49375 0.390625 0.10625 0.1375
1 0.678125 0.2609375 0.0390625 0.05625
1 0.759375 0.3046875 0.0265625 0.0390625
0 0.66953125 0.39453125 0.1109375 0.1296875
1 0.340625 0.9546875 0.01875 0.0234375
1 0.3 0.7375 0.0359375 0.0234375
1 0.278125 0.9 0.0203125 0.0125
1 0.271875 0.4625 0.025 0.00625
1 0.2640625 0.990625 0.0078125 0.0140625
1 0.225 0.9109375 0.0328125 0.025
1 0.2265625 0.75625 0.0078125 0.0109375
1 0.228125 0.8 0.015625 0.0296875
1 0.2234375 0.728125 0.01875 0.028125
1 0.190625 0.9140625 0.0171875 0.0203125
1 0.165625 0.471875 0.015625 0.01875
1 0.159375 0.73125 0.0125 0.009375
1 0.1609375 0.96875 0.040625 0.0421875
1 0.121875 0.93125 0.01875 0.021875
1 0.1015625 0.7421875 0.0421875 0.0421875
1 0.0828125 0.709375 0.0390625 0.0359375
1 0.040625 0.6421875 0.0125 0.028125
1 0.0421875 0.709375 0.015625 0.021875
1 0.0390625 0.490625 0.0140625 0.0265625
1 0.01328125 0.72109375 0.0265625 0.0328125
1 0.25 0.95625 0.01875 0.0203125
1 0.2671875 0.9390625 0.0375 0.028125
1 0.2578125 0.8671875 0.0125 0.0125
1 0.1953125 0.840625 0.015625 0.0203125
1 0.2109375 0.6828125 0.0140625 0.034375
1 0.19375 0.6640625 0.0125 0.03125
1 0.0984375 0.8328125 0.0171875 0.028125
1 0.1234375 0.81875 0.0140625 0.0265625
1 0.1109375 0.78125 0.03125 0.0390625
0 0.29375 0.578125 0.121875 0.1125
0 0.221875 0.5875 0.0890625 0.0640625
1 0.1671875 0.5734375 0.03125 0.015625
1 0.1734375 0.621875 0.021875 0.075
1 0.1125 0.6453125 0.025 0.0390625
0 0.1375 0.5828125 0.075 0.115625
1 0.2046875 0.4859375 0.0234375 0.0203125
1 0.071875 0.60625 0.0515625 0.1640625
1 0.075 0.590625 0.0140625 0.028125
1 0.0859375 0.5453125 0.0171875 0.015625
0 0.0390625 0.60703125 0.078125 0.0984375
1 0.128125 0.475 0.015625 0.0140625
1 0.109375 0.46640625 0.025 0.0140625
1 0.521875 0.996875 0.015625 0.00625
0 0.4765625 0.8328125 0.059375 0.0328125
1 0.5078125 0.80625 0.0203125 0.028125
1 0.4578125 0.878125 0.0125 0.009375
0 0.5453125 0.84375 0.065625 0.06875
0 0.640625 0.8625 0.16875 0.0984375
0 0.6875 0.853125 0.0875 0.096875
1 0.6625 0.7953125 0.034375 0.03125
1 0.7125 0.8015625 0.015625 0.0171875
1 0.6546875 0.8890625 0.0140625 0.009375
1 0.6859375 0.9296875 0.015625 0.0078125
0 0.7921875 0.8390625 0.11875 0.1171875
0 0.8546875 0.8828125 0.05625 0.13125
1 0.5390625 0.7015625 0.0421875 0.053125
1 0.5921875 0.6875 0.0234375 0.03125
1 0.6265625 0.6125 0.021875 0.025
1 0.709375 0.559375 0.028125 0.04375
1 0.7171875 0.5 0.0234375 0.0234375
1 0.6359375 0.4796875 0.0265625 0.040625
1 0.8078125 0.53125 0.040625 0.015625
1 0.734375 0.5921875 0.0109375 0.015625
1 0.553125 0.534375 0.034375 0.028125
1 0.584375 0.5375 0.0234375 0.021875
1 0.584375 0.515625 0.00625 0.01875
1 0.5296875 0.553125 0.0140625 0.0296875
1 0.5109375 0.575 0.0171875 0.0265625
1 0.4796875 0.5703125 0.01875 0.021875
1 0.5078125 0.51875 0.015625 0.0390625
1 0.4515625 0.51328125 0.025 0.0234375
1 0.5734375 0.625 0.03125 0.0203125