1 0.053125 0.33125 0.0375 0.025
0 0.02890625 0.29921875 0.0578125 0.2796875
0 0.09453125 0.27734375 0.1890625 0.3234375
1 0.0234375 0.09921875 0.046875 0.0421875
1 0.4734375 0.378125 0.015625 0.0203125
1 0.44375 0.3046875 0.0265625 0.0234375
1 0.58046875 0.434375 0.0453125 0.009375
1 0.6796875 0.3578125 0.01875 0.01875
0 0.35234375 0.23984375 0.0453125 0.1140625
0 0.4828125 0.225 0.2296875 0.1375
0 0.6328125 0.215625 0.2609375 0.1890625
0 0.7265625 0.1765625 0.0765625 0.1734375
1 0.684375 0.003125 0.025 0.00625
1 0.571875 0.075 0.0328125 0.028125
1 0.075 0.70625 0.0078125 0.009375
1 0.0734375 0.946875 0.0078125 0.009375
0 0.06796875 0.72421875 0.1359375 0.1765625
1 0.0984375 0.5046875 0.0296875 0.025
1 0.0640625 0.4734375 0.0390625 0.053125
1 0.01015625 0.490625 0.0203125 0.034375
1 0.3734375 0.96875 0.0375 0.025
1 0.45234375 0.98359375 0.0328125 0.0328125
1 0.509375 0.821875 0.0296875 0.0265625
1 0.5109375 0.7765625 0.034375 0.0421875
1 0.64140625 0.9921875 0.0296875 0.015625
1 0.76875 0.8609375 0.04375 0.06875
1 0.3328125 0.6484375 0.00625 0.028125
1 0.3546875 0.5859375 0.0375 0.0375
0 0.353125 0.53203125 0.046875 0.1859375
0 0.5203125 0.528125 0.321875 0.178125
0 0.340625 0.4453125 0.021875 0.0125
0 0.5234375 0.6765625 0.040625 0.0953125
1 0.6296875 0.6921875 0.11875 0.0921875
0 0.7140625 0.671875 0.053125 0.03125
0 0.621875 0.54375 0.396875 0.209375
1 0.73125 0.553125 0.0953125 0.096875
0 0.7640625 0.5984375 0.1140625 0.196875