0 0.0296875 0.0375 0.059375 0.075
0 0.1734375 0.0234375 0.14375 0.046875
0 0.240625 0.0328125 0.06875 0.065625
1 0.5671875 0.1578125 0.0140625 0.0296875
1 0.64375 0.0828125 0.0234375 0.021875
1 0.621875 0.0359375 0.03125 0.0390625
1 0.6578125 0.0125 0.025 0.025
1 0.5796875 0.05625 0.0296875 0.03125
1 0.59375 0.0328125 0.028125 0.034375
1 0.609375 0.015625 0.0171875 0.025
1 0.60625 0.00703125 0.0375 0.0140625
1 0.7953125 0.046875 0.03125 0.0296875
1 0.78125 0.0265625 0.0296875 0.021875
1 0.98671875 0.003125 0.0234375 0.00625
1 0.0859375 0.6828125 0.03125 0.03125
1 0.215625 0.853125 0.0328125 0.01875
1 0.184375 0.821875 0.01875 0.021875
0 0.321875 0.6328125 0.0703125 0.2125
0 0.3578125 0.62890625 0.04375 0.1140625
1 0.0265625 0.2625 0.021875 0.0234375
1 0.03125 0.3140625 0.0171875 0.0234375
1 0.0890625 0.471875 0.015625 0.01875
0 0.16875 0.6265625 0.1765625 0.171875
1 0.209375 0.6109375 0.0140625 0.015625
1 0.2125 0.7390625 0.015625 0.0203125
1 0.0578125 0.8171875 0.01875 0.0171875
1 0.990625 0.63046875 0.01875 0.0421875
1 0.953125 0.2640625 0.0078125 0.0109375
1 0.946875 0.9390625 0.0109375 0.00625
1 0.94375 0.334375 0.0125 0.0078125
1 0.9328125 0.25390625 0.03125 0.0078125
1 0.903125 0.8515625 0.0078125 0.015625
1 0.846875 0.653125 0.0390625 0.0203125
1 0.8328125 0.303125 0.0125 0.0109375
1 0.828125 0.403125 0.0234375 0.015625
1 0.7390625 0.915625 0.0140625 0.015625
1 0.69375 0.415625 0.021875 0.0203125
1 0.6828125 0.4375 0.0125 0.0109375
1 0.678125 0.3296875 0.0109375 0.0125
1 0.5640625 0.278125 0.0078125 0.025
1 0.5515625 0.4921875 0.0203125 0.0296875
1 0.5296875 0.9046875 0.0359375 0.021875
1 0.5125 0.5703125 0.0078125 0.0125
0 0.96484375 0.78984375 0.0703125 0.2140625
1 0.9640625 0.7890625 0.046875 0.040625
0 0.88984375 0.78203125 0.2203125 0.1921875
0 0.609375 0.76875 0.2015625 0.228125
0 0.7765625 0.753125 0.253125 0.165625
1 0.65625 0.5296875 0.0296875 0.028125