1 0.309375 0.021875 0.0265625 0.0234375
1 0.059375 0.3296875 0.025 0.025
0 0.17890625 0.05703125 0.0953125 0.1140625
1 0.190625 0.134375 0.0234375 0.034375
0 0.171875 0.25625 0.2 0.240625
1 0.3828125 0.084375 0.0296875 0.0140625
1 0.934375 0.0875 0.0234375 0.0484375
1 0.6015625 0.115625 0.0078125 0.0109375
1 0.403125 0.15 0.01875 0.0203125
1 0.375 0.215625 0.0078125 0.0109375
1 0.90625 0.2515625 0.009375 0.0078125
1 0.7359375 0.26875 0.0078125 0.0140625
1 0.4484375 0.2703125 0.0359375 0.0125
0 0.640625 0.2140625 0.2328125 0.125
0 0.69921875 0.09765625 0.3078125 0.1953125
1 0.796875 0.1359375 0.0484375 0.05
1 0.7484375 0.2 0.03125 0.025
0 0.1984375 0.8140625 0.078125 0.096875
0 0.2171875 0.6625 0.046875 0.05625
0 0.21875 0.5890625 0.0828125 0.0609375
1 0.2625 0.5515625 0.0296875 0.04375
1 0.234375 0.7578125 0.028125 0.03125
1 0.3546875 0.8078125 0.009375 0.0375
1 0.3171875 0.9421875 0.021875 0.0203125
1 0.0671875 0.765625 0.0140625 0.0203125
1 0.0265625 0.7515625 0.0328125 0.0375
1 0.028125 0.83046875 0.05625 0.1078125
1 0.0234375 0.565625 0.028125 0.0234375
1 0.0234375 0.6109375 0.0265625 0.0359375
1 0.01015625 0.646875 0.0203125 0.03125
1 0.0015625 0.72265625 0.003125 0.0234375
1 0.01640625 0.78046875 0.0328125 0.0265625
1 0.00234375 0.9078125 0.0046875 0.021875
1 0.0390625 0.925 0.028125 0.0265625
1 0.00234375 0.97265625 0.0046875 0.0234375
1 0.1875 0.7265625 0.040625 0.028125
1 0.3125 0.7390625 0.0234375 0.0359375
1 0.25625 0.9203125 0.00625 0.0359375
1 0.2890625 0.978125 0.015625 0.021875
1 0.2625 0.6109375 0.015625 0.021875
1 0.2921875 0.5796875 0.01875 0.0296875
1 0.1375 0.9859375 0.034375 0.0265625
1 0.0703125 0.5953125 0.028125 0.021875
1 0.15 0.7609375 0.03125 0.021875
1 0.99140625 0.98046875 0.0171875 0.0359375
1 0.9640625 0.978125 0.0234375 0.0203125
1 0.70625 0.5765625 0.0546875 0.0390625
1 0.5078125 0.61875 0.0328125 0.0390625
1 0.7203125 0.7484375 0.0296875 0.0375
1 0.7109375 0.7640625 0.025 0.0390625
1 0.675 0.8203125 0.0296875 0.028125
1 0.684375 0.715625 0.0421875 0.0484375
1 0.6390625 0.7515625 0.04375 0.0453125
1 0.625 0.71875 0.0234375 0.025
1 0.6125 0.69375 0.0296875 0.01875
1 0.59375 0.6875 0.025 0.021875
1 0.5875 0.7265625 0.021875 0.025
1 0.5828125 0.7109375 0.0203125 0.028125
1 0.5734375 0.6984375 0.0234375 0.025
1 0.65 0.871875 0.034375 0.0265625
1 0.759375 0.9671875 0.0203125 0.0390625
1 0.7671875 0.878125 0.03125 0.021875
1 0.7765625 0.8203125 0.03125 0.0375
1 0.7640625 0.6859375 0.0359375 0.046875
1 0.925 0.621875 0.0234375 0.034375
1 0.8453125 0.6125 0.028125 0.0296875
1 0.846875 0.7359375 0.046875 0.03125
1 0.925 0.696875 0.0328125 0.05
1 0.98359375 0.8546875 0.0328125 0.0125
1 0.8921875 0.8609375 0.0640625 0.0484375
1 0.9484375 0.9296875 0.0328125 0.046875
1 0.98984375 0.925 0.0203125 0.015625
1 0.9265625 0.6578125 0.009375 0.021875
1 0.815625 0.759375 0.04375 0.040625
1 0.7328125 0.76875 0.028125 0.0390625
1 0.8609375 0.803125 0.025 0.01875
1 0.825 0.803125 0.0265625 0.01875
1 0.8421875 0.7921875 0.0375 0.0140625
1 0.8484375 0.70625 0.0203125 0.0109375
1 0.7390625 0.971875 0.0171875 0.0234375
1 0.6609375 0.9890625 0.034375 0.021875
1 0.646875 0.9578125 0.0390625 0.0265625
1 0.6609375 0.93125 0.0375 0.0265625
1 0.7234375 0.9875 0.0203125 0.0203125
1 0.86328125 0.9890625 0.0171875 0.021875
1 0.6078125 0.8765625 0.0265625 0.025
1 0.565625 0.7953125 0.040625 0.028125
1 0.5390625 0.71875 0.0203125 0.021875
1 0.53125 0.7328125 0.015625 0.0203125
1 0.5765625 0.78125 0.0296875 0.0125
1 0.5546875 0.85 0.0390625 0.015625
1 0.5421875 0.8734375 0.0421875 0.04375
1 0.5625 0.8734375 0.01875 0.0234375
1 0.565625 0.9078125 0.0296875 0.025
1 0.5796875 0.8796875 0.015625 0.0203125
1 0.553125 0.9734375 0.04375 0.05
1 0.503125 0.8703125 0.025 0.025
1 0.4859375 0.859375 0.021875 0.0203125
1 0.528125 0.9875 0.021875 0.0234375
1 0.5125 0.6890625 0.0328125 0.028125
1 0.4609375 0.675 0.053125 0.065625
1 0.5015625 0.703125 0.0140625 0.034375
0 0.54140625 0.9765625 0.1234375 0.046875
0 0.52421875 0.89921875 0.3296875 0.1640625
1 0.415625 0.9953125 0.04375 0.009375
1 0.4609375 0.990625 0.034375 0.01875
1 0.4390625 0.95 0.0203125 0.0234375
1 0.4078125 0.9546875 0.0296875 0.0203125
1 0.371875 0.984375 0.025 0.03125
1 0.4109375 0.809375 0.0296875 0.0453125
1 0.4453125 0.790625 0.0359375 0.0421875
1 0.50625 0.746875 0.0359375 0.0171875
1 0.48125 0.7578125 0.0234375 0.0375
1 0.465625 0.7484375 0.0296875 0.028125
1 0.4546875 0.7640625 0.03125 0.028125
1 0.4453125 0.75 0.021875 0.0296875
1 0.4203125 0.75 0.0328125 0.05
1 0.36640625 0.653125 0.0140625 0.03125
1 0.3765625 0.703125 0.03125 0.0359375