1 0.4375 0.365625 0.0234375 0.025
0 0.3734375 0.31875 0.2078125 0.1671875
1 0.3390625 0.1203125 0.0234375 0.0234375
1 0.20625 0.0390625 0.0328125 0.03125
0 0.35390625 0.04140625 0.3234375 0.0828125
0 0.3640625 0.14765625 0.2375 0.2953125
1 0.034375 0.11875 0.03125 0.0234375
1 0.071875 0.0234375 0.025 0.01875
1 0.0890625 0.028125 0.0171875 0.0203125
1 0.0625 0.0703125 0.0296875 0.01875
1 0.0265625 0.0359375 0.0234375 0.0125
1 0.10625 0.10625 0.0234375 0.0328125
1 0.1375 0.0609375 0.0140625 0.0171875
1 0.0390625 0.2078125 0.021875 0.0234375
1 0.08125 0.2046875 0.0390625 0.021875
1 0.0609375 0.2484375 0.028125 0.025
1 0.0828125 0.2390625 0.028125 0.0140625
1 0.071875 0.2734375 0.015625 0.01875
1 0.0984375 0.2921875 0.025 0.015625
1 0.06875 0.33125 0.01875 0.0234375
1 0.0859375 0.34375 0.0171875 0.01875
1 0.121875 0.3328125 0.021875 0.015625
1 0.1015625 0.3390625 0.01875 0.015625
1 0.0859375 0.278125 0.0171875 0.028125
1 0.18125 0.1890625 0.1328125 0.0453125
1 0.24375 0.2625 0.03125 0.034375
1 0.2015625 0.2640625 0.0171875 0.0140625
1 0.2140625 0.3359375 0.03125 0.025
1 0.20625 0.3046875 0.0140625 0.0140625
1 0.2328125 0.334375 0.0125 0.0203125
1 0.265625 0.240625 0.0234375 0.0171875
1 0.2984375 0.2515625 0.0515625 0.0203125
1 0.021875 0.359375 0.01875 0.0125
1 0.31875 0.06875 0.01875 0.015625
1 0.36875 0.03125 0.021875 0.01875
1 0.384375 0.0203125 0.0140625 0.0234375
1 0.3515625 0.0140625 0.015625 0.0203125
1 0.5265625 0.0265625 0.025 0.021875
1 0.5859375 0.0078125 0.01875 0.0140625
1 0.56484375 0.00625 0.0140625 0.0125
1 0.571875 0.015625 0.0140625 0.0109375
1 0.5375 0.0765625 0.0265625 0.0203125
1 0.5515625 0.065625 0.015625 0.0125
1 0.5859375 0.1015625 0.0078125 0.0140625
1 0.59375 0.1046875 0.0203125 0.0203125
1 0.5875 0.128125 0.0140625 0.0109375
1 0.5625 0.21875 0.0234375 0.01875
1 0.6046875 0.2203125 0.0234375 0.0328125
1 0.5703125 0.2421875 0.028125 0.040625
1 0.5859375 0.2578125 0.0171875 0.01875
1 0.596875 0.2671875 0.0171875 0.01875
1 0.6015625 0.290625 0.025 0.025
1 0.590625 0.325 0.025 0.0296875
1 0.5703125 0.271875 0.021875 0.0234375
1 0.5328125 0.3140625 0.01875 0.0234375
1 0.5171875 0.2984375 0.021875 0.01875
1 0.5265625 0.2796875 0.0140625 0.015625
1 0.5796875 0.2234375 0.0125 0.015625
1 0.55 0.2328125 0.015625 0.015625
1 0.590625 0.228125 0.0234375 0.0265625
1 0.596875 0.34375 0.0125 0.0109375
1 0.59375 0.3609375 0.015625 0.0171875
1 0.6328125 0.246875 0.00625 0.015625
1 0.6640625 0.2296875 0.0328125 0.015625
1 0.63671875 0.15703125 0.0140625 0.0234375
1 0.72265625 0.009375 0.0234375 0.01875
1 0.7421875 0.0328125 0.028125 0.028125
1 0.7328125 0.0265625 0.0125 0.0125
1 0.775 0.0828125 0.009375 0.0109375
1 0.7859375 0.05625 0.0125 0.015625
1 0.75 0.0953125 0.0265625 0.025
1 0.7625 0.0828125 0.009375 0.0125
1 0.7609375 0.1296875 0.0140625 0.01875
1 0.75 0.134375 0.015625 0.0171875
1 0.734375 0.1171875 0.05 0.03125
1 0.75625 0.10625 0.015625 0.0109375
1 0.75 0.1515625 0.01875 0.03125
1 0.7203125 0.1609375 0.015625 0.015625
1 0.7234375 0.1765625 0.0203125 0.0171875
1 0.721875 0.1953125 0.01875 0.0171875
1 0.7328125 0.2125 0.0296875 0.03125
1 0.76875 0.2203125 0.025 0.0359375
1 0.7546875 0.2390625 0.0203125 0.01875
1 0.84453125 0.0015625 0.0109375 0.003125
1 0.790625 0.1796875 0.0140625 0.0125
1 0.865625 0.225 0.025 0.015625
1 0.853125 0.2375 0.015625 0.015625
1 0.8703125 0.2515625 0.0140625 0.0125
1 0.884375 0.2375 0.0234375 0.0171875
1 0.9046875 0.240625 0.0296875 0.028125
1 0.921875 0.175 0.0140625 0.009375
1 0.8859375 0.0890625 0.0125 0.0125
1 0.9015625 0.109375 0.0140625 0.01875
1 0.9109375 0.1078125 0.0234375 0.0078125
1 0.9140625 0.109375 0.0078125 0.021875
1 0.9421875 0.1140625 0.0265625 0.025
1 0.94375 0.1046875 0.0140625 0.0125
1 0.9078125 0.0609375 0.015625 0.0171875
1 0.9546875 0.165625 0.021875 0.0234375
1 0.975 0.19375 0.0171875 0.0125
1 0.99765625 0.2171875 0.0046875 0.021875
1 0.99765625 0.1796875 0.0046875 0.0125
1 0.978125 0.2515625 0.0265625 0.0171875
1 0.9484375 0.00703125 0.025 0.0140625
1 0.99453125 0.0078125 0.0109375 0.015625
0 0.93984375 0.2 0.1203125 0.11875
0 0.9703125 0.0875 0.059375 0.175
1 0.50625 0.99375 0.04375 0.0125
1 0.1640625 0.984375 0.05625 0.03125
1 0.5765625 0.971875 0.084375 0.0546875
1 0.221875 0.903125 0.009375 0.015625
1 0.58125 0.8515625 0.071875 0.075
1 0.621875 0.85234375 0.015625 0.0484375
1 0.10625 0.7609375 0.0265625 0.0265625
1 0.0484375 0.7609375 0.0640625 0.059375
1 0.209375 0.7375 0.0140625 0.0203125
1 0.4390625 0.6578125 0.053125 0.0515625
1 0.1453125 0.6609375 0.0140625 0.0296875
1 0.0609375 0.646875 0.034375 0.025
1 0.4953125 0.646875 0.015625 0.01875
1 0.3015625 0.6046875 0.046875 0.034375
1 0.2203125 0.98359375 0.0375 0.0328125
0 0.21640625 0.86328125 0.4328125 0.2734375
0 0.353125 0.6640625 0.303125 0.178125
0 0.2453125 0.59375 0.0625 0.0375
0 0.87109375 0.934375 0.2578125 0.13125
0 0.81484375 0.8046875 0.3703125 0.25