1 0.0859375 0.3328125 0.0234375 0.034375
1 0.01015625 0.32265625 0.0203125 0.0296875
1 0.015625 0.446875 0.03125 0.03125
1 0.0859375 0.4078125 0.0328125 0.05
1 0.228125 0.4 0.0375 0.03125
1 0.2953125 0.31875 0.021875 0.025
1 0.2875 0.5015625 0.03125 0.021875
1 0.234375 0.5359375 0.021875 0.025
1 0.146875 0.565625 0.0359375 0.0125
1 0.05234375 0.56796875 0.0640625 0.0421875
1 0.17890625 0.57890625 0.0265625 0.0203125
1 0.2890625 0.275 0.021875 0.021875
1 0.290625 0.4109375 0.04375 0.0375
1 0.0875 0.36875 0.009375 0.021875
1 0.021875 0.5140625 0.025 0.01875
1 0.0109375 0.50234375 0.021875 0.0140625
1 0.009375 0.41640625 0.01875 0.0109375
1 0.45 0.25625 0.0125 0.015625
1 0.6265625 0.296875 0.0234375 0.015625
1 0.3375 0.3390625 0.01875 0.015625
1 0.721875 0.56171875 0.059375 0.0546875
0 0.95546875 0.5484375 0.0890625 0.08125
1 0.8296875 0.4328125 0.0484375 0.04375
1 0.95 0.459375 0.0484375 0.0078125
1 0.94375 0.5015625 0.0546875 0.034375
1 0.84375 0.503125 0.021875 0.03125
1 0.99375 0.340625 0.0125 0.015625
1 0.99296875 0.36875 0.0140625 0.034375
1 0.9125 0.403125 0.1171875 0.0453125
1 0.9203125 0.3796875 0.040625 0.034375
1 0.95703125 0.353125 0.0859375 0.0375
1 0.8546875 0.215625 0.028125 0.0375
0 0.96015625 0.296875 0.0796875 0.05
0 0.9671875 0.23671875 0.065625 0.0734375
1 0.9078125 0.2640625 0.0390625 0.021875
1 0.61875 0.4 0.046875 0.04375
1 0.440625 0.4390625 0.0578125 0.034375
1 0.465625 0.4109375 0.046875 0.03125
1 0.46875 0.3859375 0.028125 0.0171875
1 0.428125 0.3828125 0.0359375 0.0234375
1 0.584375 0.559375 0.03125 0.0234375
1 0.5203125 0.521875 0.0234375 0.0265625
1 0.63125 0.471875 0.028125 0.028125
1 0.4671875 0.5515625 0.028125 0.025
1 0.42578125 0.5671875 0.0578125 0.04375
1 0.2765625 0.996875 0.01875 0.00625
1 0.2359375 0.9390625 0.0375 0.021875
1 0.140625 0.8625 0.0546875 0.0359375
1 0.18125 0.778125 0.028125 0.015625
1 0.0796875 0.7078125 0.0609375 0.04375
1 0.05625 0.74375 0.053125 0.028125
1 0.01875 0.6875 0.0140625 0.015625
1 0.634375 0.8828125 0.028125 0.0375
1 0.590625 0.9109375 0.0296875 0.0296875
1 0.61171875 0.9859375 0.0453125 0.028125
1 0.609375 0.7375 0.009375 0.0234375
0 0.565625 0.678125 0.0625 0.05625
0 0.48515625 0.884375 0.2484375 0.23125
0 0.4921875 0.665625 0.06875 0.0296875
0 0.4390625 0.6703125 0.1203125 0.0421875
0 0.4875 0.75 0.2859375 0.1984375