1 0.365625 0.1125 0.0125 0.0140625
1 0.36875 0.0203125 0.065625 0.0375
1 0.428125 0.1703125 0.0078125 0.0109375
1 0.453125 0.165625 0.00625 0.0125
1 0.159375 0.153125 0.009375 0.009375
1 0.1421875 0.096875 0.009375 0.0078125
1 0.0265625 0.2 0.0078125 0.0078125
1 0.0171875 0.203125 0.0078125 0.00625
0 0.365625 0.2484375 0.3171875 0.1109375
1 0.33125 0.1875 0.034375 0.03125
1 0.36875 0.16875 0.04375 0.025
0 0.34453125 0.08203125 0.1296875 0.1640625
1 0.3109375 0.01015625 0.025 0.0203125
1 0.3421875 0.0390625 0.009375 0.009375
1 0.7296875 0.1640625 0.01875 0.015625
1 0.971875 0.29375 0.0421875 0.0375
1 0.896875 0.1703125 0.025 0.0171875
1 0.90625 0.2109375 0.01875 0.01875
1 0.8875 0.2109375 0.0203125 0.01875
1 0.90625 0.253125 0.015625 0.015625
1 0.909375 0.3640625 0.015625 0.0171875
1 0.8828125 0.378125 0.021875 0.0203125
1 0.85 0.24375 0.0109375 0.01875
1 0.840625 0.43125 0.021875 0.021875
1 0.75546875 0.328125 0.0109375 0.015625
1 0.76328125 0.36328125 0.0265625 0.0296875
1 0.7578125 0.35703125 0.015625 0.0265625
1 0.7734375 0.2765625 0.01875 0.021875
1 0.7578125 0.2921875 0.015625 0.0375
1 0.75859375 0.24765625 0.0171875 0.0234375
1 0.6953125 0.8875 0.0359375 0.0328125
0 0.634375 0.7546875 0.0984375 0.0671875
1 0.6078125 0.7921875 0.0609375 0.0125
1 0.6109375 0.6375 0.0234375 0.0171875
1 0.6078125 0.6109375 0.0109375 0.00625
1 0.5578125 0.6203125 0.025 0.0203125
0 0.609375 0.703125 0.1046875 0.059375
1 0.671875 0.875 0.0140625 0.0203125
1 0.640625 0.90625 0.0453125 0.0421875
0 0.6109375 0.946875 0.0625 0.0890625
0 0.59296875 0.98125 0.0765625 0.0375
1 0.6171875 0.6578125 0.0171875 0.0140625
1 0.5796875 0.6359375 0.0109375 0.0109375
1 0.3046875 0.65 0.0265625 0.0328125
1 0.546875 0.6453125 0.009375 0.009375
1 0.5015625 0.6375 0.0125 0.0171875
1 0.1546875 0.653125 0.0078125 0.0125
1 0.3921875 0.70625 0.0109375 0.0109375
1 0.3734375 0.7484375 0.0125 0.0140625
1 0.3828125 0.7734375 0.0203125 0.0171875
1 0.3546875 0.771875 0.0234375 0.0265625
1 0.334375 0.784375 0.025 0.0171875
1 0.3203125 0.79375 0.0203125 0.0234375
1 0.3171875 0.8234375 0.015625 0.0203125
1 0.309375 0.809375 0.009375 0.0125
1 0.3125 0.85625 0.0265625 0.0265625
1 0.3171875 0.878125 0.0265625 0.028125
1 0.3109375 0.8703125 0.015625 0.0171875
1 0.296875 0.8828125 0.0140625 0.0140625
1 0.2921875 0.8984375 0.0171875 0.0234375
1 0.2765625 0.896875 0.0171875 0.021875
1 0.2890625 0.9140625 0.0203125 0.0140625
1 0.409375 0.8765625 0.0234375 0.0296875
1 0.253125 0.946875 0.015625 0.01875
1 0.18125 0.95625 0.0375 0.03125
1 0.1765625 0.9359375 0.0140625 0.009375
1 0.2578125 0.8734375 0.0125 0.0109375
1 0.240625 0.8515625 0.0140625 0.015625
1 0.2609375 0.834375 0.015625 0.0125
1 0.265625 0.8515625 0.0140625 0.0078125
1 0.2640625 0.7140625 0.015625 0.0125
1 0.1859375 0.79375 0.015625 0.01875
1 0.1796875 0.8015625 0.0125 0.0171875
1 0.1859375 0.76875 0.0203125 0.0203125
1 0.0140625 0.7359375 0.0203125 0.0265625
0 0.10625 0.68125 0.159375 0.1734375
0 0.0984375 0.784375 0.1265625 0.078125
0 0.1359375 0.915625 0.09375 0.0796875
0 0.0859375 0.8890625 0.0984375 0.084375
0 0.1015625 0.85 0.1015625 0.0609375
1 0.153125 0.603125 0.0671875 0.0421875
1 0.8125 0.9453125 0.0546875 0.0484375
1 0.7625 0.934375 0.0203125 0.0265625
1 0.8546875 0.9125 0.015625 0.0171875
1 0.8203125 0.9140625 0.0328125 0.03125
1 0.7765625 0.9 0.015625 0.0203125
1 0.76796875 0.8765625 0.0359375 0.025
1 0.76328125 0.73203125 0.0265625 0.0265625
1 0.7546875 0.803125 0.009375 0.015625
1 0.81875 0.8 0.034375 0.0625
1 0.75625 0.67578125 0.0125 0.0234375
1 0.75234375 0.6921875 0.0046875 0.01875
1 0.78125 0.6359375 0.028125 0.0296875
1 0.771875 0.6515625 0.0140625 0.0140625