1 0.0421875 0.0640625 0.0109375 0.0125
1 0.0421875 0.096875 0.0234375 0.04375
1 0.015625 0.14765625 0.03125 0.0203125
1 0.0546875 0.1625 0.0390625 0.0125
1 0.0453125 0.3046875 0.046875 0.0421875
1 0.034375 0.4453125 0.0109375 0.01875
1 0.1296875 0.4375 0.015625 0.015625
1 0.078125 0.4765625 0.009375 0.015625
1 0.121875 0.3203125 0.021875 0.0140625
1 0.1390625 0.25625 0.009375 0.0203125
1 0.096875 0.040625 0.0390625 0.03125
1 0.2140625 0.00625 0.0125 0.0125
1 0.2125 0.0125 0.015625 0.0125
1 0.190625 0.0359375 0.034375 0.0234375
1 0.25 0.040625 0.025 0.0359375
1 0.2796875 0.059375 0.0265625 0.0203125
1 0.2890625 0.02734375 0.071875 0.0546875
1 0.1828125 0.1734375 0.01875 0.0171875
1 0.1921875 0.15 0.025 0.015625
1 0.16875 0.125 0.0125 0.0203125
1 0.2015625 0.1328125 0.0234375 0.0390625
1 0.271875 0.234375 0.0171875 0.0140625
1 0.2703125 0.2984375 0.021875 0.0125
1 0.209375 0.4171875 0.015625 0.025
1 0.2046875 0.275 0.0171875 0.015625
1 0.2234375 0.0453125 0.009375 0.009375
1 0.490625 0.015625 0.0375 0.03125
1 0.5171875 0.0390625 0.0390625 0.0390625
1 0.5234375 0.0109375 0.0375 0.021875
1 0.496875 0.2265625 0.0234375 0.021875
1 0.5109375 0.209375 0.0546875 0.0578125
1 0.51875 0.209375 0.0265625 0.0078125
1 0.528125 0.2109375 0.015625 0.0203125
1 0.4703125 0.16875 0.015625 0.015625
1 0.471875 0.1546875 0.028125 0.021875
1 0.4875 0.121875 0.0203125 0.0484375
1 0.5015625 0.1515625 0.0890625 0.04375
1 0.4953125 0.1421875 0.015625 0.009375
1 0.5296875 0.1265625 0.096875 0.1125
1 0.5640625 0.00390625 0.03125 0.0078125
1 0.5765625 0.0984375 0.00625 0.034375
1 0.55 0.125 0.0140625 0.0234375
1 0.575 0.1328125 0.009375 0.034375
1 0.56875 0.1453125 0.021875 0.0375
1 0.57265625 0.41640625 0.0140625 0.0109375
1 0.5609375 0.365625 0.0125 0.015625
1 0.559375 0.315625 0.040625 0.09375
1 0.559375 0.2203125 0.0328125 0.0265625
1 0.575 0.1984375 0.0046875 0.0078125
1 0.48125 0.4984375 0.03125 0.0265625
1 0.5140625 0.4609375 0.028125 0.0265625
1 0.5171875 0.4265625 0.0453125 0.0328125
1 0.475 0.3453125 0.01875 0.0265625
1 0.5328125 0.2640625 0.0171875 0.0109375
1 0.428125 0.2015625 0.015625 0.015625
1 0.3859375 0.23125 0.0328125 0.021875
1 0.4015625 0.31875 0.021875 0.034375
1 0.4296875 0.3375 0.028125 0.0359375
1 0.3671875 0.4125 0.015625 0.015625
1 0.384375 0.4203125 0.034375 0.025
1 0.15 0.40625 0.0140625 0.0171875
1 0.2515625 0.415625 0.0390625 0.040625
0 0.23125 0.459375 0.240625 0.1046875
0 0.2140625 0.253125 0.2265625 0.2453125
0 0.228125 0.128125 0.246875 0.2078125
1 0.146875 0.3 0.0109375 0.021875
0 0.365625 0.009375 0.05625 0.01875
1 0.6390625 0.225 0.0078125 0.0125
1 0.7 0.1484375 0.0234375 0.028125
1 0.7125 0.10625 0.0171875 0.01875
1 0.98046875 0.10859375 0.0390625 0.0390625
0 0.8265625 0.146875 0.190625 0.1140625
0 0.825 0.3359375 0.346875 0.3875
1 0.6984375 0.41875 0.034375 0.0265625
0 0.7890625 0.465625 0.346875 0.128125
0 0.7875 0.503125 0.146875 0.053125
1 0.446875 0.9859375 0.040625 0.028125
1 0.25078125 0.98125 0.0609375 0.0375
1 0.228125 0.86875 0.034375 0.0125
1 0.425 0.8640625 0.009375 0.0140625
1 0.5328125 0.8328125 0.025 0.021875
1 0.2734375 0.7921875 0.0109375 0.0078125
1 0.084375 0.79375 0.0171875 0.03125
1 0.0390625 0.765625 0.0109375 0.0171875
1 0.134375 0.7484375 0.0625 0.04375
0 0.35625 0.8265625 0.309375 0.125
0 0.36484375 0.93515625 0.2203125 0.1296875
0 0.67421875 0.82734375 0.1890625 0.1515625
0 0.66875 0.64296875 0.178125 0.1640625
0 0.615625 0.56484375 0.071875 0.0703125
0 0.6375 0.95078125 0.115625 0.0953125
1 0.9265625 0.8453125 0.028125 0.0265625
1 0.9625 0.853125 0.0171875 0.0265625
1 0.959375 0.8828125 0.03125 0.025
1 0.9546875 0.9890625 0.0296875 0.021875
1 0.834375 0.7421875 0.028125 0.0234375
1 0.84375 0.575 0.0265625 0.03125
1 0.9671875 0.928125 0.01875 0.0265625
1 0.9546875 0.76875 0.025 0.03125
1 0.859375 0.55 0.0296875 0.028125
1 0.88828125 0.54453125 0.0234375 0.0296875