1 0.3953125 0.215625 0.009375 0.021875
0 0.37109375 0.12421875 0.2765625 0.2484375
0 0.46328125 0.1328125 0.0921875 0.265625
0 0.7125 0.1265625 0.1375 0.18125
1 0.603125 0.35 0.015625 0.0078125
1 0.521875 0.3734375 0.01875 0.015625
1 0.565625 0.0453125 0.0328125 0.028125
1 0.6015625 0.0875 0.0390625 0.034375
0 0.55 0.09765625 0.08125 0.1484375
1 0.3703125 0.9734375 0.0453125 0.0328125
1 0.225 0.8828125 0.025 0.025
1 0.190625 0.8203125 0.071875 0.0265625
1 0.45 0.515625 0.0234375 0.0140625
1 0.48125 0.4828125 0.021875 0.01875
0 0.2625 0.640625 0.21875 0.234375
0 0.334375 0.62734375 0.35 0.2484375
1 0.8046875 0.984375 0.0234375 0.03125
1 0.7015625 0.95 0.0125 0.028125
1 0.7328125 0.96875 0.021875 0.0234375
1 0.815625 0.9 0.04375 0.040625
1 0.7828125 0.66875 0.0578125 0.053125
1 0.7546875 0.578125 0.0359375 0.0328125
1 0.8078125 0.6125 0.040625 0.0453125
1 0.840625 0.8171875 0.04375 0.0375
0 0.8734375 0.7625 0.146875 0.0890625
1 0.9515625 0.8171875 0.0296875 0.028125
1 0.7109375 0.784375 0.0203125 0.0140625
1 0.703125 0.7578125 0.0125 0.028125
1 0.853125 0.6859375 0.0078125 0.009375
1 0.9890625 0.825 0.021875 0.034375
1 0.99375 0.7546875 0.0125 0.01875
1 0.71015625 0.403125 0.0296875 0.028125
1 0.81875 0.4828125 0.0453125 0.0390625
1 0.9578125 0.5171875 0.0296875 0.0359375
1 0.99375 0.53359375 0.0125 0.0234375
1 0.990625 0.39140625 0.0125 0.0046875
0 0.7640625 0.7515625 0.1234375 0.0671875
0 0.79375 0.75 0.08125 0.159375