0 0.03828125 0.1359375 0.0765625 0.08125
0 0.0765625 0.2953125 0.0796875 0.0421875
0 0.54609375 0.1984375 0.1078125 0.0875
0 0.540625 0.13125 0.0796875 0.06875
1 0.3015625 0.309375 0.0390625 0.0453125
1 0.2859375 0.3875 0.03125 0.0359375
1 0.2546875 0.378125 0.0234375 0.040625
1 0.2546875 0.328125 0.0296875 0.03125
1 0.2421875 0.2765625 0.028125 0.021875
1 0.2671875 0.2921875 0.0140625 0.0203125
1 0.2796875 0.228125 0.025 0.03125
1 0.171875 0.2171875 0.03125 0.0234375
1 0.359375 0.465625 0.034375 0.021875
1 0.4078125 0.4625 0.0296875 0.0296875
1 0.3265625 0.4765625 0.0296875 0.025
1 0.2765625 0.496875 0.021875 0.025
1 0.2484375 0.5140625 0.0203125 0.025
1 0.1828125 0.365625 0.0203125 0.0203125
1 0.434375 0.2875 0.025 0.0328125
1 0.3921875 0.2640625 0.028125 0.03125
1 0.415625 0.20625 0.01875 0.01875
1 0.4625 0.184375 0.0171875 0.0234375
1 0.453125 0.15 0.0203125 0.025
1 0.378125 0.190625 0.03125 0.0296875
1 0.3453125 0.35625 0.0296875 0.0265625
1 0.3078125 0.3375 0.0234375 0.009375
1 0.478125 0.3640625 0.01875 0.0328125
1 0.41875 0.4328125 0.015625 0.0234375
1 0.48046875 0.54609375 0.0265625 0.0265625
1 0.4578125 0.234375 0.0203125 0.015625
1 0.0609375 0.39453125 0.121875 0.1546875
0 0.03828125 0.49921875 0.0765625 0.1203125
0 0.53125 0.4890625 0.1375 0.13125
0 0.5515625 0.3484375 0.096875 0.1640625
0 0.57265625 0.28203125 0.0546875 0.1109375
1 0.775 0.5453125 0.0296875 0.0203125
1 0.778125 0.509375 0.0203125 0.0265625
1 0.9875 0.503125 0.025 0.009375
1 0.659375 0.5 0.0203125 0.04375
1 0.8671875 0.4875 0.021875 0.025
1 0.81875 0.4796875 0.0140625 0.015625
1 0.88125 0.446875 0.028125 0.034375
1 0.6765625 0.43125 0.0328125 0.0203125
1 0.8796875 0.396875 0.03125 0.0453125
1 0.659375 0.3140625 0.0265625 0.015625
1 0.9109375 0.240625 0.0171875 0.0234375
1 0.98671875 0.23828125 0.0265625 0.0546875
1 0.925 0.196875 0.0296875 0.025
0 0.69375 0.1890625 0.0265625 0.0734375
1 0.6578125 0.1578125 0.021875 0.0125
0 0.62109375 0.1890625 0.0421875 0.075
1 0.665625 0.259375 0.0390625 0.021875
1 0.6796875 0.29375 0.028125 0.0203125
1 0.7625 0.1796875 0.034375 0.0328125
1 0.796875 0.1765625 0.04375 0.0484375
1 0.8015625 0.234375 0.0265625 0.01875
0 0.67734375 0.37890625 0.1546875 0.2859375
1 0.784375 0.4046875 0.0296875 0.0453125
1 0.771875 0.378125 0.034375 0.0390625
1 0.815625 0.3296875 0.0265625 0.0375
1 0.771875 0.3234375 0.021875 0.03125
1 0.7875 0.315625 0.01875 0.0265625
1 0.93125 0.2671875 0.0296875 0.0328125
1 0.9046875 0.296875 0.0265625 0.028125
1 0.8984375 0.3125 0.0171875 0.0265625
1 0.91328125 0.54609375 0.0265625 0.0265625
1 0.934375 0.5390625 0.0296875 0.0265625
1 0.93359375 0.5546875 0.0265625 0.009375
1 0.965625 0.3421875 0.0265625 0.028125
1 0.99375 0.42109375 0.0125 0.0296875
1 0.93125 0.4078125 0.0390625 0.0515625
1 0.9390625 0.365625 0.0203125 0.0265625
1 0.98984375 0.35625 0.0203125 0.025
1 0.990625 0.3890625 0.01875 0.021875
1 0.059375 0.6171875 0.0078125 0.0078125
1 0.275 0.58125 0.0125 0.009375
0 0.2984375 0.5875 0.24375 0.05625
0 0.271875 0.696875 0.2359375 0.153125
1 0.5921875 0.66875 0.0078125 0.0078125
1 0.5859375 0.6375 0.01875 0.0078125
1 0.99375 0.8734375 0.0125 0.015625
1 0.6796875 0.7328125 0.0421875 0.0265625
1 0.921875 0.5734375 0.0109375 0.0203125
0 0.90625 0.978125 0.053125 0.04375
1 0.9515625 0.83125 0.053125 0.0390625
1 0.75 0.803125 0.0109375 0.0125
0 0.89609375 0.80078125 0.2078125 0.1671875
0 0.9328125 0.65234375 0.134375 0.1859375
1 0.9578125 0.9515625 0.046875 0.034375
0 0.95625 0.93828125 0.0875 0.1234375