1 0.021875 0.0734375 0.0375 0.01875
1 0.0140625 0.4171875 0.028125 0.053125
1 0.003125 0.4625 0.00625 0.025
1 0.0390625 0.4609375 0.0546875 0.0328125
1 0.065625 0.521875 0.040625 0.0140625
1 0.040625 0.4203125 0.021875 0.021875
1 0.0640625 0.29375 0.046875 0.0578125
1 0.01796875 0.27734375 0.0359375 0.0390625
1 0.03046875 0.240625 0.0609375 0.05
1 0.02734375 0.20234375 0.0546875 0.0671875
1 0.0953125 0.18125 0.0453125 0.028125
1 0.059375 0.1515625 0.046875 0.040625
1 0.09375 0.1140625 0.0421875 0.025
1 0.0890625 0.0921875 0.0234375 0.0140625
1 0.090625 0.0703125 0.0734375 0.040625
1 0.14375 0.084375 0.01875 0.0421875
1 0.1078125 0.0390625 0.0296875 0.0125
1 0.0796875 0.0203125 0.0421875 0.034375
1 0.0375 0.021875 0.025 0.021875
1 0.06875 0.41875 0.05 0.0546875
1 0.0765625 0.4640625 0.015625 0.015625
1 0.109375 0.4359375 0.05625 0.0640625
1 0.1390625 0.475 0.0421875 0.0328125
1 0.190625 0.4625 0.03125 0.0515625
1 0.1984375 0.434375 0.015625 0.015625
1 0.30625 0.475 0.0640625 0.0546875
0 0.2 0.509375 0.140625 0.0390625
1 0.15625 0.3734375 0.0609375 0.0515625
1 0.1046875 0.3796875 0.046875 0.046875
1 0.0828125 0.3609375 0.046875 0.065625
1 0.1640625 0.2734375 0.0265625 0.040625
1 0.196875 0.2640625 0.0359375 0.0546875
1 0.225 0.278125 0.021875 0.040625
1 0.2921875 0.3078125 0.059375 0.0640625
1 0.334375 0.3390625 0.0265625 0.0390625
1 0.3140625 0.4171875 0.0828125 0.0484375
1 0.3484375 0.4046875 0.0171875 0.015625
0 0.2 0.203125 0.153125 0.1390625
1 0.2765625 0.2046875 0.0296875 0.0265625
1 0.278125 0.259375 0.009375 0.0125
1 0.165625 0.1578125 0.0359375 0.0171875
1 0.296875 0.084375 0.046875 0.0296875
1 0.3296875 0.1109375 0.0125 0.0203125
1 0.19375 0.0859375 0.046875 0.0359375
0 0.209375 0.0515625 0.1375 0.071875
1 0.2515625 0.075 0.025 0.0234375
1 0.2265625 0.1125 0.025 0.046875
1 0.1734375 0.009375 0.0109375 0.015625
1 0.275 0.0109375 0.0265625 0.01875
1 0.38125 0.05234375 0.0375 0.0515625
1 0.340625 0.14375 0.0375 0.046875
1 0.3609375 0.1921875 0.0671875 0.05
1 0.37421875 0.140625 0.0515625 0.0625
1 0.384375 0.08125 0.021875 0.01875
1 0.3703125 0.01484375 0.059375 0.0265625
1 0.390625 0.28125 0.01875 0.028125
1 0.359375 0.4765625 0.0203125 0.0328125
0 0.21875 0.4296875 0.0984375 0.096875
1 0.2046875 0.315625 0.0765625 0.034375
0 0.215625 0.35625 0.0796875 0.065625
1 0.2734375 0.375 0.0359375 0.03125
1 0.30625 0.3875 0.0359375 0.01875
1 0.26875 0.35 0.034375 0.0125
1 0.39140625 0.2328125 0.0171875 0.053125
1 0.384375 0.31796875 0.03125 0.0546875
1 0.3875 0.3546875 0.025 0.05
1 0.4578125 0.5890625 0.0234375 0.01875
1 0.65625 0.5828125 0.0125 0.01875
1 0.9796875 0.56875 0.03125 0.0390625
1 0.55 0.5453125 0.028125 0.0328125
1 0.79375 0.5375 0.0484375 0.03125
1 0.7921875 0.49375 0.015625 0.015625
1 0.54375 0.440625 0.025 0.0328125
1 0.5890625 0.4328125 0.0265625 0.0234375
1 0.7875 0.4109375 0.01875 0.0125
1 0.6984375 0.375 0.021875 0.0171875
1 0.8 0.3 0.015625 0.0296875
1 0.753125 0.3078125 0.009375 0.0296875
1 0.7796875 0.296875 0.021875 0.021875
1 0.41953125 0.278125 0.0390625 0.03125
1 0.75625 0.265625 0.025 0.0265625
1 0.590625 0.2296875 0.0671875 0.01875
1 0.471875 0.3953125 0.0265625 0.0234375
1 0.5 0.39375 0.025 0.03125
1 0.6890625 0.484375 0.0375 0.0390625
1 0.6484375 0.4140625 0.040625 0.0359375
1 0.6875 0.4171875 0.0375 0.021875
1 0.6859375 0.4359375 0.04375 0.03125
1 0.996875 0.31015625 0.00625 0.0234375
1 0.915625 0.5796875 0.090625 0.059375
0 0.8796875 0.5546875 0.1609375 0.103125
1 0.8984375 0.4921875 0.1390625 0.10625
0 0.89375 0.4109375 0.1515625 0.13125
0 0.85625 0.3390625 0.1359375 0.075
1 0.91875 0.2921875 0.05625 0.1
0 0.8609375 0.271875 0.1203125 0.1
1 0.33125 0.771875 0.034375 0.00625
1 0.3359375 0.7375 0.0171875 0.0265625
1 0.00859375 0.98046875 0.0171875 0.0203125
0 0.01640625 0.66015625 0.0328125 0.1015625
0 0.00703125 0.75859375 0.0140625 0.0984375
1 0.03125 0.7234375 0.046875 0.034375
1 0.06875 0.7765625 0.009375 0.015625
0 0.01640625 0.8296875 0.0328125 0.10625
1 0.0328125 0.83125 0.0296875 0.0265625
1 0.1046875 0.753125 0.0328125 0.034375
1 0.109375 0.803125 0.0265625 0.0265625
1 0.159375 0.834375 0.0328125 0.0515625
1 0.1671875 0.75625 0.0265625 0.040625
1 0.175 0.7859375 0.0140625 0.0265625
1 0.05390625 0.9859375 0.0765625 0.028125
1 0.040625 0.934375 0.034375 0.028125
1 0.0796875 0.9296875 0.0375 0.0359375
1 0.19140625 0.94921875 0.1015625 0.1015625
1 0.1796875 0.91875 0.021875 0.025
1 0.11328125 0.96875 0.0921875 0.0625
1 0.28828125 0.98359375 0.0140625 0.0328125
1 0.3328125 0.9640625 0.00625 0.0234375
1 0.2484375 0.90625 0.025 0.0171875
1 0.3984375 0.984375 0.003125 0.025
1 0.39140625 0.91953125 0.0171875 0.0421875
1 0.3890625 0.9 0.021875 0.028125
1 0.375 0.859375 0.0359375 0.065625
0 0.37109375 0.83359375 0.0578125 0.1421875
1 0.3140625 0.909375 0.0375 0.034375
1 0.3265625 0.8859375 0.03125 0.0171875
1 0.26875 0.8390625 0.065625 0.075
1 0.259375 0.875 0.05 0.0484375
1 0.2359375 0.759375 0.0453125 0.05
1 0.3375 0.784375 0.01875 0.0140625
1 0.359375 0.7953125 0.01875 0.0234375
1 0.3703125 0.784375 0.00625 0.0078125
1 0.35 0.7640625 0.0234375 0.009375
1 0.2109375 0.6875 0.028125 0.0140625
1 0.27421875 0.63828125 0.0421875 0.0578125
1 0.24375 0.6640625 0.0328125 0.0125
1 0.3421875 0.6125 0.05 0.00625
1 0.3640625 0.62265625 0.071875 0.0265625
1 0.36640625 0.646875 0.0671875 0.075
1 0.359375 0.7109375 0.08125 0.11875
1 0.846875 0.9171875 0.0171875 0.0171875
1 0.7578125 0.9015625 0.0109375 0.01875
1 0.521875 0.8921875 0.028125 0.009375
1 0.8296875 0.89375 0.0390625 0.0234375
1 0.48125 0.9015625 0.0328125 0.04375
1 0.81875 0.83125 0.015625 0.025
1 0.79375 0.8140625 0.0125 0.025
1 0.46875 0.7796875 0.0203125 0.0203125
1 0.6234375 0.778125 0.015625 0.028125
1 0.478125 0.715625 0.021875 0.025
1 0.5640625 0.7015625 0.0125 0.0109375
1 0.4984375 0.6875 0.028125 0.0203125
1 0.8265625 0.69375 0.040625 0.034375
1 0.4765625 0.646875 0.0234375 0.028125
1 0.8625 0.659375 0.015625 0.0234375
1 0.834375 0.6390625 0.0125 0.0140625
1 0.5734375 0.6625 0.01875 0.0203125
1 0.440625 0.721875 0.0203125 0.021875
1 0.4515625 0.7453125 0.015625 0.021875
1 0.584375 0.7859375 0.0203125 0.0140625
1 0.6078125 0.715625 0.01875 0.025
0 0.66875 0.9015625 0.1078125 0.046875
1 0.709375 0.8609375 0.0296875 0.01875
1 0.728125 0.8375 0.0265625 0.04375
0 0.6828125 0.8328125 0.0640625 0.1140625
1 0.6640625 0.778125 0.021875 0.028125
0 0.6703125 0.7125 0.140625 0.1015625
1 0.6421875 0.684375 0.04375 0.0296875
1 0.71875 0.6625 0.0546875 0.05
0 0.6546875 0.6546875 0.1 0.090625
1 0.8 0.61328125 0.015625 0.0078125
1 0.778125 0.7578125 0.015625 0.0203125
1 0.815625 0.8078125 0.0125 0.0203125
1 0.9265625 0.890625 0.0328125 0.0234375
1 0.959375 0.903125 0.0359375 0.034375
1 0.9609375 0.815625 0.046875 0.0328125
1 0.9 0.83125 0.0171875 0.01875
1 0.990625 0.625 0.01875 0.028125
1 0.99140625 0.6625 0.0171875 0.028125
1 0.94375 0.65625 0.025 0.0125
1 0.8734375 0.7546875 0.0234375 0.03125
1 0.8421875 0.7875 0.0359375 0.04375
1 0.8515625 0.759375 0.015625 0.015625
1 0.865625 0.7671875 0.0078125 0.01875
1 0.83125 0.784375 0.0203125 0.03125
1 0.9390625 0.753125 0.021875 0.034375
1 0.9453125 0.784375 0.0203125 0.0234375