1 0.4984375 0.2375 0.015625 0.01875
1 0.428125 0.1203125 0.146875 0.16875
0 0.2921875 0.1625 0.1 0.0796875
0 0.1890625 0.159375 0.125 0.125
0 0.134375 0.153125 0.1046875 0.1515625
1 0.284375 0.090625 0.0953125 0.1171875
1 0.221875 0.0140625 0.015625 0.015625
1 0.275 0.0171875 0.0234375 0.015625
1 0.5046875 0.0625 0.015625 0.0140625
1 0.771875 0.09375 0.0296875 0.0375
1 0.6671875 0.20625 0.071875 0.046875
0 0.67890625 0.37421875 0.2140625 0.2703125
1 0.565625 0.44921875 0.0125 0.0296875
1 0.00703125 0.9828125 0.0140625 0.034375
1 0.0109375 0.84296875 0.021875 0.0296875
1 0.00546875 0.8046875 0.0109375 0.084375
1 0.053125 0.628125 0.0359375 0.046875
1 0.0734375 0.6296875 0.01875 0.0140625
1 0.1171875 0.6453125 0.084375 0.078125
0 0.1359375 0.740625 0.1875 0.128125
1 0.1890625 0.8265625 0.0625 0.0546875
1 0.184375 0.859375 0.025 0.0296875
0 0.246875 0.7421875 0.075 0.1
1 0.24375 0.671875 0.0109375 0.025
1 0.2734375 0.6984375 0.015625 0.0359375
1 0.34765625 0.99140625 0.0609375 0.0171875
1 0.36875 0.8296875 0.0484375 0.0421875
1 0.3125 0.7296875 0.0234375 0.04375
1 0.3296875 0.6984375 0.0421875 0.0390625
0 0.4046875 0.74375 0.096875 0.1578125
1 0.3796875 0.6859375 0.065625 0.05
1 0.4171875 0.65625 0.0671875 0.0640625
1 0.4640625 0.6359375 0.021875 0.0234375
1 0.0109375 0.5359375 0.021875 0.0234375
1 0.046875 0.528125 0.0359375 0.034375
1 0.078125 0.5703125 0.0546875 0.04375
1 0.1359375 0.5875 0.0296875 0.03125
1 0.125 0.5625 0.015625 0.0421875
1 0.2125 0.5890625 0.05625 0.0546875
1 0.1734375 0.52265625 0.053125 0.0265625
1 0.28125 0.5734375 0.028125 0.025
1 0.3 0.553125 0.034375 0.0421875
1 0.58515625 0.74296875 0.0515625 0.0453125
0 0.6734375 0.7421875 0.1546875 0.275
0 0.75625 0.775 0.121875 0.3015625