1 0.2578125 0.39375 0.034375 0.021875
1 0.40625 0.3875 0.0125 0.015625
1 0.603125 0.33125 0.01875 0.0140625
1 0.65859375 0.24609375 0.0203125 0.0078125
1 0.0625 0.1953125 0.0078125 0.028125
1 0.00390625 0.20703125 0.0078125 0.0234375
1 0.0375 0.1828125 0.0265625 0.034375
1 0.6015625 0.1640625 0.03125 0.025
1 0.1796875 0.146875 0.0234375 0.021875
1 0.5984375 0.13125 0.0203125 0.028125
1 0.5203125 0.134375 0.0453125 0.05625
1 0.2703125 0.1171875 0.0453125 0.03125
1 0.3265625 0.053125 0.0078125 0.0234375
1 0.2609375 0.04375 0.0234375 0.0171875
1 0.64921875 0.05859375 0.0390625 0.0578125
1 0.23125 0.0203125 0.0140625 0.0328125
1 0.2921875 0.0109375 0.021875 0.0171875
1 0.0453125 0.00625 0.009375 0.0125
1 0.59140625 0.00859375 0.0359375 0.0171875
1 0.65 0.0125 0.0375 0.025
1 0.175 0.40625 0.0171875 0.00625
1 0.2765625 0.1390625 0.01875 0.015625
1 0.2828125 0.2515625 0.034375 0.01875
1 0.26875 0.240625 0.009375 0.0328125
1 0.278125 0.2390625 0.0234375 0.0171875
1 0.2921875 0.234375 0.0203125 0.01875
1 0.24375 0.2359375 0.0078125 0.0078125
1 0.225 0.2328125 0.0078125 0.0109375
1 0.275 0.15625 0.0203125 0.0125
1 0.3140625 0.3859375 0.0203125 0.025
1 0.2734375 0.3328125 0.01875 0.03125
1 0.2859375 0.3109375 0.01875 0.015625
0 0.34375 0.3625 0.05625 0.0953125
1 0.3921875 0.3046875 0.0171875 0.021875
1 0.353125 0.3125 0.0421875 0.03125
1 0.3765625 0.2859375 0.015625 0.015625
1 0.384375 0.3 0.0421875 0.0140625
1 0.378125 0.1609375 0.040625 0.0171875
0 0.409375 0.2375 0.2421875 0.3203125
1 0.525 0.33125 0.040625 0.034375
1 0.5140625 0.39375 0.015625 0.0328125
1 0.5515625 0.39375 0.0328125 0.0390625
1 0.5703125 0.3578125 0.0140625 0.034375
1 0.5328125 0.240625 0.0265625 0.0390625
1 0.66640625 0.23515625 0.0046875 0.0171875
1 0.5265625 0.015625 0.040625 0.03125
1 0.00546875 0.05625 0.0109375 0.028125
1 0.14140625 0.00234375 0.0328125 0.0046875
1 0.3546875 0.0734375 0.0265625 0.01875
1 0.375 0.0671875 0.0171875 0.0171875
1 0.4015625 0.0796875 0.0265625 0.015625
1 0.39375 0.0234375 0.0375 0.034375
1 0.7671875 0.165625 0.025 0.0265625
0 0.7921875 0.10546875 0.065625 0.2109375
1 0.1515625 0.8234375 0.0328125 0.046875
1 0.16875 0.7359375 0.0265625 0.021875
1 0.2640625 0.6765625 0.0390625 0.0375
0 0.4796875 0.73125 0.328125 0.1546875
0 0.4609375 0.8578125 0.25625 0.284375
1 0.425 0.871875 0.03125 0.034375
1 0.3859375 0.8953125 0.01875 0.01875
1 0.340625 0.928125 0.0328125 0.021875
1 0.55 0.9171875 0.0265625 0.0234375
1 0.2328125 0.8984375 0.03125 0.028125
1 0.4859375 0.6671875 0.046875 0.025
1 0.05625 0.825 0.0171875 0.03125
1 0.0296875 0.7125 0.0234375 0.0171875
1 0.0203125 0.759375 0.03125 0.0234375
1 0.6875 0.909375 0.0328125 0.0359375
1 0.70625 0.871875 0.0671875 0.0546875
1 0.8890625 0.6296875 0.053125 0.05625
1 0.8625 0.6875 0.05 0.046875
1 0.7953125 0.7796875 0.034375 0.0390625
1 0.8234375 0.784375 0.0265625 0.046875
1 0.7859375 0.8125 0.0265625 0.028125
1 0.7703125 0.9078125 0.0390625 0.03125
1 0.8265625 0.90625 0.0265625 0.03125
1 0.98984375 0.94140625 0.0203125 0.0171875
1 0.996875 0.9125 0.00625 0.034375
1 0.990625 0.8609375 0.0171875 0.0234375
1 0.99296875 0.7671875 0.0140625 0.03125
1 0.7890625 0.9390625 0.021875 0.021875