1 0.11875 0.1984375 0.03125 0.0375
1 0.05703125 0.4609375 0.0109375 0.015625
1 0.025 0.18125 0.0171875 0.0171875
1 0.01328125 0.290625 0.0265625 0.034375
0 0.0625 0.13984375 0.125 0.2796875
1 0.09140625 0.05703125 0.1328125 0.1140625
0 0.1484375 0.078125 0.103125 0.15625
1 0.3328125 0.46484375 0.021875 0.0078125
1 0.2734375 0.3796875 0.0375 0.0390625
0 0.328125 0.1640625 0.1546875 0.328125
0 0.4796875 0.1828125 0.334375 0.25625
1 0.46875 0.21875 0.034375 0.03125
1 0.4921875 0.2578125 0.01875 0.01875
1 0.525 0.303125 0.021875 0.0328125
0 0.678125 0.16875 0.19375 0.153125
1 0.5140625 0.09375 0.0234375 0.0265625
1 0.4953125 0.4109375 0.028125 0.03125
1 0.6671875 0.0390625 0.0234375 0.034375
1 0.2640625 0.1578125 0.025 0.046875
1 0.7625 0.2515625 0.025 0.03125
1 0.809375 0.696875 0.0046875 0.0140625
1 0.775 0.9328125 0.0078125 0.0046875
1 0.4765625 0.5828125 0.0046875 0.0140625
1 0.76796875 0.99375 0.0109375 0.0125
1 0.3390625 0.915625 0.015625 0.0140625
1 0.4734375 0.8203125 0.0328125 0.0421875
1 0.68125 0.7703125 0.0296875 0.021875
1 0.6140625 0.8640625 0.0125 0.0125
1 0.665625 0.8875 0.146875 0.0515625
1 0.6890625 0.7234375 0.03125 0.0375
1 0.7703125 0.728125 0.0328125 0.0390625
1 0.615625 0.696875 0.028125 0.0234375
1 0.640625 0.603125 0.0109375 0.0125
0 0.73515625 0.52890625 0.1828125 0.1203125
1 0.5953125 0.5421875 0.0046875 0.009375
1 0.59375 0.515625 0.021875 0.025
1 0.50703125 0.48671875 0.0359375 0.0359375
1 0.521875 0.5234375 0.01875 0.0625
1 0.48125 0.5390625 0.0171875 0.0421875
0 0.4109375 0.50078125 0.221875 0.0640625