1 0.3140625 0.1 0.0390625 0.015625
0 0.3015625 0.253125 0.2296875 0.2390625
0 0.04375 0.28671875 0.0875 0.0953125
1 0.9578125 0.34375 0.0109375 0.00625
1 0.97734375 0.003125 0.0359375 0.00625
0 0.92890625 0.06171875 0.1421875 0.1234375
1 0.940625 0.3296875 0.0234375 0.0390625
1 0.9875 0.3609375 0.0125 0.015625
0 0.4640625 0.65625 0.1765625 0.1875
0 0.065625 0.6171875 0.0765625 0.04375
1 0.8578125 0.434375 0.0375 0.03125
1 0.9046875 0.615625 0.0921875 0.1109375
1 0.9453125 0.5859375 0.0546875 0.0859375
1 0.95078125 0.50078125 0.0984375 0.0703125
1 0.98203125 0.51640625 0.0359375 0.0703125
1 0.98828125 0.4484375 0.0234375 0.025
0 0.971875 0.73359375 0.05625 0.2484375
1 0.96015625 0.7671875 0.0796875 0.128125
0 0.7875 0.6890625 0.1625 0.2359375
0 0.8296875 0.709375 0.1390625 0.178125
1 0.7734375 0.8296875 0.1015625 0.0671875