1 0.1109375 0.1046875 0.021875 0.01875
1 0.1171875 0.415625 0.0140625 0.0203125
1 0.3578125 0.4875 0.0328125 0.028125
1 0.2421875 0.50625 0.03125 0.0296875
0 0.1953125 0.515625 0.0546875 0.0328125
0 0.1875 0.3875 0.1140625 0.1640625
1 0.096875 0.459375 0.0125 0.0171875
1 0.240625 0.3046875 0.0171875 0.01875
1 0.25625 0.303125 0.028125 0.03125
1 0.3 0.034375 0.0171875 0.0234375
0 0.1609375 0.034375 0.115625 0.059375
0 0.15625 0.103125 0.1171875 0.125
0 0.203125 0.1515625 0.1546875 0.071875
0 0.1609375 0.2109375 0.121875 0.115625
1 0.3890625 0.4109375 0.015625 0.0203125
1 0.3796875 0.4015625 0.0078125 0.0078125
1 0.45625 0.4578125 0.015625 0.015625
1 0.3671875 0.3359375 0.0203125 0.025
1 0.38125 0.271875 0.028125 0.0234375
1 0.4015625 0.2421875 0.0140625 0.0078125
1 0.421875 0.2359375 0.034375 0.0203125
1 0.425 0.2578125 0.04375 0.0359375
1 0.3484375 0.0609375 0.021875 0.0234375
1 0.4578125 0.046875 0.0140625 0.0109375
1 0.4859375 0.0890625 0.0609375 0.0625
1 0.4859375 0.2140625 0.025 0.0140625
1 0.496875 0.2984375 0.015625 0.01875
1 0.5359375 0.265625 0.0203125 0.0203125
1 0.475 0.3875 0.00625 0.009375
1 0.5109375 0.4734375 0.015625 0.01875
1 0.1578125 0.7515625 0.0203125 0.015625
0 0.2734375 0.859375 0.2234375 0.0953125
0 0.253125 0.9078125 0.134375 0.0890625
1 0.315625 0.7796875 0.11875 0.05
1 0.50078125 0.76171875 0.0484375 0.0453125
1 0.5234375 0.8421875 0.028125 0.0171875
0 0.6796875 0.81484375 0.259375 0.1515625
0 0.63359375 0.88671875 0.1671875 0.1203125
1 0.9265625 0.8640625 0.078125 0.05
1 0.9 0.7796875 0.03125 0.0421875