1 0.31875 0.3421875 0.0453125 0.0390625
1 0.271875 0.278125 0.03125 0.0484375
1 0.3296875 0.290625 0.0234375 0.0265625
1 0.353125 0.1140625 0.0578125 0.0515625
1 0.1875 0.128125 0.0265625 0.03125
1 0.1671875 0.31875 0.0328125 0.0484375
1 0.15 0.35625 0.0296875 0.0359375
1 0.1171875 0.3203125 0.03125 0.021875
1 0.1453125 0.25625 0.0484375 0.0640625
1 0.153125 0.1828125 0.0265625 0.015625
1 0.47890625 0.28984375 0.0203125 0.0328125
1 0.4703125 0.315625 0.0359375 0.0265625
0 0.0796875 0.22109375 0.159375 0.1734375
0 0.07734375 0.0984375 0.1546875 0.196875
1 0.8765625 0.515625 0.0375 0.0328125
1 0.9125 0.5703125 0.0390625 0.0484375
1 0.909375 0.509375 0.0328125 0.015625
1 0.9328125 0.5484375 0.040625 0.0296875
1 0.94375 0.5421875 0.01875 0.01875
1 0.9484375 0.51875 0.01875 0.01875
1 0.8203125 0.44375 0.0265625 0.021875
1 0.9375 0.1453125 0.040625 0.046875
1 0.79375 0.1265625 0.034375 0.025
1 0.7984375 0.2375 0.021875 0.025
1 0.8234375 0.2546875 0.0296875 0.0203125
1 0.965625 0.24375 0.028125 0.0203125
1 0.7578125 0.596875 0.0375 0.00625
0 0.60859375 0.5078125 0.2390625 0.184375
1 0.6453125 0.5859375 0.0234375 0.0234375
1 0.5984375 0.5671875 0.028125 0.01875
1 0.715625 0.446875 0.034375 0.034375
0 0.6734375 0.3078125 0.36875 0.43125
0 0.671875 0.1609375 0.365625 0.134375
1 0.509375 0.2328125 0.0296875 0.03125
1 0.54375 0.3171875 0.0296875 0.028125
0 0.259375 0.95078125 0.171875 0.0984375
0 0.2484375 0.734375 0.125 0.1546875
1 0.0890625 0.8671875 0.021875 0.0359375
0 0.19765625 0.62265625 0.1828125 0.0453125
1 0.00625 0.6296875 0.0125 0.0109375
1 0.9359375 0.675 0.0171875 0.0125
1 0.790625 0.6921875 0.034375 0.015625
1 0.728125 0.765625 0.01875 0.025
1 0.7125 0.7390625 0.03125 0.0203125
1 0.7671875 0.6171875 0.0203125 0.009375
1 0.76875 0.63125 0.015625 0.0140625
1 0.6875 0.675 0.021875 0.053125
1 0.7265625 0.6890625 0.028125 0.01875
0 0.70234375 0.653125 0.4265625 0.10625
0 0.63125 0.734375 0.2546875 0.18125