1 0.2828125 0.1859375 0.0625 0.059375
1 0.196875 0.0125 0.028125 0.0171875
1 0.225 0.30625 0.046875 0.034375
1 0.415625 0.29375 0.04375 0.0484375
1 0.3453125 0.3078125 0.03125 0.021875
1 0.44765625 0.0828125 0.0421875 0.046875
1 0.2890625 0.0484375 0.0234375 0.03125
1 0.3765625 0.0953125 0.028125 0.028125
1 0.98984375 0.246875 0.0203125 0.053125
1 0.875 0.0515625 0.00625 0.015625
1 0.85625 0.046875 0.0171875 0.0171875
1 0.9203125 0.01171875 0.0375 0.0234375
1 0.759375 0.1140625 0.040625 0.0453125
1 0.81875 0.1734375 0.0234375 0.0453125
1 0.8171875 0.2015625 0.025 0.021875
1 0.9453125 0.1234375 0.0109375 0.0046875
1 0.9734375 0.29375 0.0203125 0.0234375
1 0.6203125 0.0734375 0.0078125 0.009375
1 0.6453125 0.20625 0.053125 0.0625
1 0.6015625 0.2140625 0.00625 0.0140625
0 0.86953125 0.27734375 0.1546875 0.1046875
0 0.69140625 0.25234375 0.1859375 0.1546875
1 0.7359375 0.0609375 0.00625 0.009375
1 0.765625 0.0859375 0.0109375 0.0078125
1 0.0203125 0.871875 0.040625 0.059375
1 0.0609375 0.8859375 0.0703125 0.1
0 0.1375 0.784375 0.1890625 0.16875
1 0.15 0.69375 0.0796875 0.059375
1 0.1921875 0.6296875 0.075 0.1
1 0.096875 0.6390625 0.0359375 0.0203125
1 0.0296875 0.6328125 0.0390625 0.0703125
1 0.13125 0.5890625 0.0328125 0.0390625
1 0.06875 0.546875 0.0796875 0.0484375
1 0.2015625 0.553125 0.0671875 0.0828125
1 0.146875 0.5046875 0.0546875 0.09375
1 0.0375 0.4921875 0.0359375 0.0625
1 0.096875 0.4 0.08125 0.065625
1 0.0828125 0.3640625 0.0390625 0.0375
1 0.184375 0.38125 0.075 0.065625
1 0.2171875 0.365625 0.034375 0.0484375
1 0.99453125 0.47421875 0.0109375 0.0296875
1 0.96875 0.50625 0.01875 0.0171875
1 0.921875 0.9734375 0.0109375 0.009375
1 0.9265625 0.5046875 0.03125 0.01875
1 0.8796875 0.496875 0.0125 0.025
1 0.890625 0.5796875 0.040625 0.04375
1 0.85625 0.525 0.040625 0.0328125
1 0.80390625 0.99765625 0.0109375 0.0046875
1 0.8015625 0.6421875 0.0203125 0.015625
1 0.7828125 0.5140625 0.021875 0.034375
1 0.65625 0.5171875 0.0265625 0.0140625
0 0.73984375 0.43125 0.2890625 0.203125
1 0.6578125 0.9390625 0.0421875 0.0390625
1 0.796875 0.91875 0.028125 0.0328125
1 0.8296875 0.8859375 0.01875 0.021875
1 0.6875 0.703125 0.025 0.01875
1 0.609375 0.590625 0.0265625 0.015625
1 0.903125 0.9984375 0.028125 0.003125