1 0.528125 0.359375 0.0203125 0.03125
0 0.4921875 0.45703125 0.09375 0.1859375
0 0.49140625 0.26171875 0.0953125 0.1890625
0 0.5265625 0.20390625 0.025 0.0671875
0 0.50390625 0.10078125 0.0703125 0.1265625
1 0.50625 0.146875 0.028125 0.0265625
1 0.396875 0.40625 0.046875 0.0375
1 0.253125 0.221875 0.03125 0.034375
1 0.328125 0.165625 0.0171875 0.015625
1 0.2796875 0.2578125 0.01875 0.01875
1 0.19375 0.0921875 0.0078125 0.021875
1 0.05625 0.1546875 0.021875 0.015625
1 0.0703125 0.1015625 0.025 0.0265625
1 0.14375 0.1265625 0.0234375 0.015625
1 0.071875 0.115625 0.0125 0.0109375
1 0.646875 0.1578125 0.0125 0.009375
1 0.56875 0.16875 0.0125 0.0078125
1 0.54375 0.1671875 0.009375 0.0375
1 0.9953125 0.1875 0.0078125 0.009375
1 0.7671875 0.1875 0.0234375 0.03125
1 0.575 0.234375 0.0109375 0.0171875
1 0.89375 0.240625 0.0234375 0.0078125
1 0.8640625 0.26875 0.028125 0.0453125
1 0.896875 0.271875 0.0109375 0.015625
1 0.565625 0.35 0.0109375 0.0140625
1 0.865625 0.3515625 0.0109375 0.0109375
1 0.90625 0.45625 0.015625 0.0140625
1 0.9390625 0.4828125 0.0171875 0.01875
1 0.8953125 0.4796875 0.0421875 0.046875
1 0.8796875 0.51875 0.0140625 0.0140625
1 0.903125 0.571875 0.015625 0.0296875
1 0.5515625 0.6109375 0.009375 0.0125
1 0.8984375 0.6421875 0.009375 0.0125
1 0.77265625 0.63125 0.0484375 0.0375
1 0.946875 0.4640625 0.03125 0.0359375
0 0.9546875 0.621875 0.090625 0.05625
0 0.9625 0.5421875 0.075 0.140625
1 0.90625 0.359375 0.0234375 0.03125
0 0.97265625 0.4265625 0.0546875 0.1
0 0.95625 0.30546875 0.0875 0.1921875
0 0.95234375 0.18671875 0.0953125 0.0796875
1 0.5328125 0.9828125 0.0125 0.034375
0 0.309375 0.85625 0.0921875 0.1375
1 0.4328125 0.9109375 0.0234375 0.021875
1 0.43125 0.88125 0.0203125 0.0140625
1 0.3796875 0.91875 0.028125 0.0171875
1 0.353125 0.8328125 0.0265625 0.025
0 0.3171875 0.9578125 0.215625 0.084375
1 0.1375 0.8921875 0.0265625 0.0203125
1 0.125 0.8796875 0.0171875 0.0171875
1 0.09375 0.9375 0.01875 0.0234375
1 0.7875 0.665625 0.0078125 0.0109375
0 0.5796875 0.66484375 0.08125 0.0296875
1 0.875 0.7171875 0.01875 0.01875
1 0.909375 0.7234375 0.009375 0.015625
1 0.7421875 0.8046875 0.015625 0.015625
1 0.66875 0.815625 0.0359375 0.0359375
1 0.628125 0.84375 0.028125 0.0140625
1 0.778125 0.8578125 0.0109375 0.0140625
0 0.56171875 0.89765625 0.0453125 0.0734375