1 0.60625 0.14140625 0.00625 0.0265625
0 0.30625 0.2140625 0.175 0.16875
1 0.55 0.315625 0.0265625 0.0328125
1 0.2890625 0.346875 0.0265625 0.0171875
1 0.228125 0.415625 0.025 0.0234375
1 0.365625 0.45625 0.0046875 0.009375
1 0.1296875 0.459375 0.0359375 0.046875
1 0.2625 0.4859375 0.021875 0.009375
1 0.26875 0.53125 0.0328125 0.0125
0 0.4046875 0.21875 0.2078125 0.1734375
0 0.84296875 0.0390625 0.2265625 0.078125
1 0.9265625 0.14375 0.00625 0.0078125
1 0.8984375 0.1515625 0.0234375 0.01875
1 0.675 0.184375 0.034375 0.05
1 0.6609375 0.25 0.0109375 0.0171875
1 0.8765625 0.2875 0.0203125 0.0140625
0 0.9015625 0.3015625 0.196875 0.2734375
1 0.9515625 0.490625 0.0265625 0.0203125
1 0.66875 0.45625 0.0203125 0.021875
1 0.44296875 0.99375 0.0234375 0.0125
1 0.55625 0.9828125 0.0421875 0.034375
1 0.5734375 0.98125 0.0234375 0.034375
1 0.534375 0.959375 0.015625 0.009375
1 0.475 0.9796875 0.046875 0.021875
1 0.4609375 0.971875 0.028125 0.0234375
1 0.4875 0.9515625 0.0203125 0.0265625
1 0.5359375 0.9453125 0.028125 0.0234375
1 0.565625 0.934375 0.015625 0.021875
1 0.4421875 0.8625 0.0296875 0.0265625
1 0.5046875 0.859375 0.015625 0.0109375
1 0.5078125 0.8640625 0.0234375 0.015625
1 0.503125 0.846875 0.0171875 0.015625
1 0.46875 0.834375 0.0234375 0.0203125
1 0.4953125 0.8015625 0.03125 0.01875
1 0.5015625 0.7828125 0.009375 0.015625
1 0.5125 0.765625 0.0203125 0.015625
1 0.525 0.771875 0.0125 0.015625
1 0.54375 0.7765625 0.009375 0.0125
1 0.5328125 0.7546875 0.0234375 0.0171875
1 0.584375 0.7125 0.015625 0.0265625
1 0.5484375 0.68125 0.0359375 0.03125
1 0.5125 0.66875 0.021875 0.03125
1 0.4484375 0.6859375 0.0390625 0.0328125
1 0.45 0.746875 0.0171875 0.0359375
1 0.553125 0.6578125 0.015625 0.03125
1 0.5890625 0.6375 0.0125 0.0078125
1 0.4078125 0.98828125 0.03125 0.0234375
1 0.3734375 0.85625 0.03125 0.028125
1 0.4109375 0.859375 0.0203125 0.0171875
1 0.465625 0.81875 0.0296875 0.015625
1 0.446875 0.796875 0.0375 0.0203125
1 0.4390625 0.7828125 0.0265625 0.021875
1 0.415625 0.7875 0.021875 0.03125
1 0.3921875 0.784375 0.0328125 0.0125
1 0.421875 0.753125 0.025 0.01875
1 0.4609375 0.6578125 0.0171875 0.0203125
1 0.39375 0.6484375 0.034375 0.025
1 0.3234375 0.696875 0.0234375 0.028125
1 0.296875 0.6953125 0.0328125 0.0296875
1 0.2671875 0.659375 0.04375 0.05
1 0.2953125 0.640625 0.0125 0.0125
1 0.284375 0.7671875 0.0234375 0.0328125
1 0.3203125 0.809375 0.015625 0.0171875
1 0.3296875 0.784375 0.021875 0.0203125
1 0.31875 0.79375 0.0171875 0.015625
1 0.3453125 0.8421875 0.028125 0.025
1 0.3296875 0.93125 0.034375 0.0234375
1 0.4109375 0.946875 0.0234375 0.0203125
1 0.3125 0.909375 0.0203125 0.0203125
1 0.3125 0.89375 0.0328125 0.0296875
1 0.328125 0.8796875 0.0265625 0.03125
1 0.3265625 0.8640625 0.015625 0.0171875
1 0.2703125 0.875 0.0109375 0.0046875
1 0.2765625 0.853125 0.028125 0.0296875
1 0.2421875 0.8453125 0.034375 0.0328125
1 0.2140625 0.903125 0.015625 0.0140625
1 0.2171875 0.94375 0.0265625 0.03125
1 0.1984375 0.9421875 0.021875 0.0375
1 0.1921875 0.9484375 0.0109375 0.0125
1 0.1875 0.9140625 0.0296875 0.034375
1 0.18125 0.884375 0.0171875 0.0390625
1 0.2046875 0.8890625 0.034375 0.0234375
1 0.2046875 0.8515625 0.0328125 0.046875
1 0.1953125 0.85625 0.0078125 0.0171875
1 0.1796875 0.8421875 0.0234375 0.015625
1 0.184375 0.8171875 0.0234375 0.034375
1 0.1984375 0.7875 0.046875 0.025
1 0.2109375 0.75625 0.0171875 0.025
1 0.2203125 0.7640625 0.0125 0.00625
1 0.2 0.6546875 0.021875 0.0375
1 0.2 0.684375 0.0296875 0.025
1 0.15 0.66875 0.021875 0.0125
1 0.13125 0.69375 0.0203125 0.0390625
1 0.165625 0.70625 0.025 0.0328125
1 0.153125 0.79375 0.025 0.0328125
1 0.1375 0.78125 0.0140625 0.0125
1 0.1671875 0.771875 0.05 0.0390625
1 0.31171875 0.99375 0.0265625 0.0125
1 0.296875 0.9984375 0.01875 0.003125
1 0.2921875 0.99375 0.0125 0.0109375
1 0.3390625 0.696875 0.0234375 0.0203125
1 0.1375 0.828125 0.0390625 0.01875
1 0.128125 0.8453125 0.0265625 0.0328125
1 0.103125 0.85625 0.0203125 0.0203125
1 0.1203125 0.88125 0.021875 0.015625
1 0.11875 0.9484375 0.01875 0.015625
1 0.1078125 0.965625 0.009375 0.0171875
1 0.1 0.96875 0.015625 0.0171875
1 0.078125 0.9765625 0.015625 0.015625
1 0.0875 0.9765625 0.015625 0.0109375
1 0.090625 0.9921875 0.025 0.015625
1 0.125 0.99375 0.0375 0.0125
1 0.128125 0.9921875 0.021875 0.015625
1 0.1328125 0.98125 0.0234375 0.028125
1 0.01171875 0.9921875 0.0234375 0.015625
1 0.02265625 0.98828125 0.0328125 0.0234375
1 0.0046875 0.9859375 0.009375 0.021875
1 0.0421875 0.9328125 0.0328125 0.03125
1 0.05625 0.828125 0.034375 0.028125
1 0.0671875 0.8140625 0.01875 0.009375
1 0.090625 0.8421875 0.03125 0.046875
1 0.078125 0.8671875 0.025 0.0234375
1 0.0703125 0.8765625 0.021875 0.01875
1 0.06875 0.89375 0.0203125 0.021875
1 0.059375 0.90625 0.0296875 0.0234375
1 0.10625 0.8984375 0.0625 0.0625
1 0.109375 0.9328125 0.021875 0.0125
1 0.0796875 0.909375 0.025 0.0203125
1 0.1078125 0.8328125 0.015625 0.0234375
1 0.08125 0.815625 0.021875 0.021875
1 0.065625 0.790625 0.0203125 0.034375
1 0.059375 0.7796875 0.015625 0.01875
1 0.046875 0.659375 0.021875 0.03125
1 0.053125 0.68125 0.0296875 0.0296875
1 0.053125 0.6953125 0.015625 0.0125
1 0.05 0.725 0.0296875 0.040625
1 0.0140625 0.715625 0.0125 0.0109375
1 0.025 0.7640625 0.0375 0.040625
1 0.00703125 0.79921875 0.0140625 0.0296875
1 0.078125 0.69375 0.0234375 0.028125
1 0.06875 0.678125 0.0203125 0.01875
0 0.06328125 0.71328125 0.1265625 0.1578125
0 0.09140625 0.94296875 0.1828125 0.1140625
1 0.7953125 0.7046875 0.015625 0.0125
1 0.6875 0.765625 0.0234375 0.0140625
1 0.9984375 0.5734375 0.003125 0.025
1 0.9078125 0.56796875 0.065625 0.0359375
1 0.884375 0.646875 0.0328125 0.0296875
0 0.8515625 0.68125 0.296875 0.184375
1 0.61484375 0.6671875 0.0109375 0.025
1 0.6296875 0.6625 0.0171875 0.009375
1 0.61484375 0.58828125 0.0109375 0.0203125
1 0.66328125 0.56171875 0.0421875 0.0234375