1 0.0546875 0.54765625 0.009375 0.0046875
1 0.1328125 0.353125 0.01875 0.0203125
1 0.078125 0.403125 0.021875 0.0234375
1 0.3625 0.128125 0.034375 0.0390625
1 0.4828125 0.353125 0.021875 0.009375
1 0.3625 0.271875 0.0453125 0.0296875
1 0.3625 0.2171875 0.015625 0.015625
1 0.321875 0.20625 0.0203125 0.0171875
1 0.0734375 0.2109375 0.03125 0.01875
1 0.175 0.3109375 0.075 0.1
0 0.07421875 0.084375 0.1484375 0.16875
0 0.16484375 0.09296875 0.3109375 0.1859375
1 0.12734375 0.0046875 0.0140625 0.009375
0 0.35 0.078125 0.10625 0.15625
1 0.2796875 0.1125 0.021875 0.0125
0 0.4859375 0.0359375 0.0765625 0.0625
0 0.4984375 0.071875 0.05 0.0125
0 0.6359375 0.1203125 0.034375 0.178125
1 0.6953125 0.0828125 0.015625 0.0171875
1 0.7703125 0.215625 0.04375 0.0796875
1 0.71875 0.178125 0.0234375 0.0359375
0 0.41875 0.99296875 0.009375 0.0140625
0 0.40625 0.978125 0.034375 0.0421875
1 0.371875 0.5609375 0.0140625 0.01875
1 0.3203125 0.7609375 0.0234375 0.0234375
1 0.309375 0.6671875 0.028125 0.0234375
1 0.265625 0.6625 0.025 0.034375
1 0.19375 0.634375 0.01875 0.021875
1 0.0609375 0.6515625 0.0234375 0.0125
1 0.0171875 0.8609375 0.0203125 0.034375
1 0.00859375 0.6453125 0.0171875 0.025
1 0.02265625 0.96640625 0.0453125 0.0671875
1 0.00234375 0.7453125 0.0046875 0.0125
1 0.1484375 0.8015625 0.025 0.0296875
1 0.1484375 0.7453125 0.0265625 0.03125
1 0.178125 0.8921875 0.0203125 0.025
0 0.0765625 0.94140625 0.14375 0.1171875
0 0.15625 0.9671875 0.1 0.065625
1 0.278125 0.99296875 0.01875 0.0140625
0 0.24921875 0.9609375 0.0703125 0.078125
1 0.3703125 0.9453125 0.05 0.090625
1 0.3625 0.8546875 0.025 0.028125
1 0.346875 0.840625 0.0203125 0.0234375
1 0.3109375 0.8859375 0.028125 0.021875
1 0.2984375 0.846875 0.015625 0.0171875
1 0.33125 0.734375 0.0171875 0.0203125
1 0.346875 0.765625 0.0171875 0.025
1 0.2953125 0.7640625 0.0171875 0.01875
1 0.2546875 0.7359375 0.0265625 0.028125
1 0.275 0.7359375 0.021875 0.0171875
1 0.2140625 0.7453125 0.0109375 0.01875
1 0.2046875 0.7484375 0.01875 0.0171875
1 0.0890625 0.7875 0.0328125 0.028125
1 0.0796875 0.771875 0.01875 0.021875
1 0.0359375 0.83125 0.0203125 0.015625
1 0.0421875 0.59375 0.0296875 0.0234375
1 0.0890625 0.6484375 0.025 0.028125
1 0.0734375 0.6890625 0.01875 0.01875
1 0.1109375 0.7328125 0.0203125 0.0265625
1 0.1109375 0.7078125 0.0234375 0.0296875
1 0.11875 0.7109375 0.0109375 0.0171875
1 0.1453125 0.725 0.03125 0.0109375
1 0.134375 0.71875 0.01875 0.0140625
1 0.3578125 0.55703125 0.01875 0.0140625
1 0.36875 0.55234375 0.0125 0.0046875
1 0.25625 0.5765625 0.015625 0.025
1 0.2734375 0.5734375 0.0203125 0.025
1 0.278125 0.5546875 0.01875 0.009375
1 0.1875 0.5625 0.0125 0.0140625
1 0.18828125 0.553125 0.0234375 0.00625
1 0.2 0.5640625 0.0109375 0.015625
1 0.146875 0.58125 0.028125 0.028125
1 0.00703125 0.55390625 0.0140625 0.0078125
0 0.66328125 0.58671875 0.0890625 0.0734375
0 0.7609375 0.5734375 0.075 0.046875