1 0.2390625 0.58125 0.046875 0.034375
1 0.3515625 0.5140625 0.0078125 0.015625
0 0.06171875 0.54375 0.1234375 0.090625
1 0.165625 0.4671875 0.015625 0.0078125
1 0.2296875 0.4484375 0.021875 0.0203125
1 0.328125 0.4328125 0.015625 0.01875
1 0.47109375 0.23046875 0.0359375 0.0328125
1 0.334375 0.1796875 0.0390625 0.0265625
1 0.0578125 0.434375 0.028125 0.021875
1 0.040625 0.3109375 0.028125 0.0265625
1 0.1125 0.3828125 0.0140625 0.0234375
1 0.0765625 0.3703125 0.053125 0.0609375
0 0.0671875 0.3078125 0.103125 0.121875
0 0.07109375 0.23828125 0.1421875 0.1453125
1 0.48125 0.36171875 0.015625 0.0171875
1 0.5046875 0.6125 0.03125 0.040625
1 0.9609375 0.5546875 0.03125 0.034375
1 0.878125 0.51875 0.028125 0.028125
1 0.63125 0.5140625 0.040625 0.04375
1 0.709375 0.4828125 0.01875 0.015625
1 0.6453125 0.3671875 0.0078125 0.0109375
1 0.59375 0.3390625 0.0078125 0.0109375
1 0.8296875 0.215625 0.0671875 0.0578125
0 0.528125 0.22890625 0.078125 0.0859375
0 0.54140625 0.49375 0.1046875 0.2125
0 0.53515625 0.36328125 0.0921875 0.1453125
1 0.6609375 0.340625 0.021875 0.01875
1 0.7421875 0.334375 0.028125 0.021875
1 0.65625 0.1953125 0.0234375 0.0171875
1 0.7359375 0.6078125 0.0234375 0.015625
1 0.7046875 0.5921875 0.0203125 0.021875
1 0.9703125 0.2015625 0.01875 0.0203125
1 0.809375 0.2109375 0.021875 0.025
1 0.8953125 0.25 0.03125 0.028125
1 0.8890625 0.28125 0.03125 0.0234375
1 0.8921875 0.325 0.0078125 0.01875
1 0.971875 0.3484375 0.0203125 0.01875
1 0.8015625 0.3109375 0.0203125 0.015625
1 0.7765625 0.3 0.0359375 0.0328125
1 0.8640625 0.2671875 0.0359375 0.034375
1 0.8453125 0.2453125 0.0328125 0.0328125
1 0.83125 0.278125 0.0234375 0.0265625
1 0.8203125 0.2890625 0.0203125 0.0171875
1 0.9421875 0.465625 0.021875 0.034375
1 0.99765625 0.4578125 0.0046875 0.0125
1 0.99609375 0.4703125 0.0078125 0.021875
1 0.996875 0.28125 0.00625 0.021875
1 0.990625 0.296875 0.01875 0.028125
1 0.99140625 0.31953125 0.0171875 0.0265625
1 0.8125 0.6 0.0265625 0.0203125
1 0.7703125 0.5796875 0.0234375 0.025
1 0.71953125 0.64140625 0.0265625 0.0171875
1 0.7515625 0.64296875 0.040625 0.0140625
1 0.775 0.5265625 0.0328125 0.01875
1 0.7703125 0.4875 0.0265625 0.0296875
1 0.7546875 0.4484375 0.015625 0.0125
1 0.6546875 0.4078125 0.021875 0.015625
1 0.7546875 0.4 0.0609375 0.040625
1 0.7015625 0.4328125 0.0375 0.0234375
1 0.653125 0.35625 0.0171875 0.0125
1 0.7140625 0.2375 0.028125 0.03125
1 0.7625 0.2265625 0.065625 0.08125
1 0.578125 0.2140625 0.015625 0.028125
1 0.5828125 0.1984375 0.015625 0.0109375
1 0.53359375 0.63984375 0.0296875 0.0203125
1 0.5171875 0.64296875 0.025 0.0140625
1 0.521875 0.628125 0.040625 0.0265625
1 0.49453125 0.421875 0.0109375 0.0125
1 0.5109375 0.4328125 0.009375 0.0140625
1 0.9171875 0.5421875 0.00625 0.01875
1 0.95 0.6265625 0.0203125 0.0328125
1 0.9484375 0.64296875 0.03125 0.0140625
1 0.89921875 0.63984375 0.0265625 0.0203125
1 0.2984375 0.940625 0.0390625 0.053125
1 0.28125 0.8953125 0.0203125 0.01875
1 0.2546875 0.8453125 0.0578125 0.04375
0 0.059375 0.69765625 0.115625 0.0953125
0 0.06796875 0.85703125 0.1359375 0.1140625
0 0.0578125 0.771875 0.115625 0.10625
1 0.1765625 0.95625 0.05625 0.0390625
1 0.4796875 0.74765625 0.01875 0.0296875
0 0.053125 0.94609375 0.10625 0.1078125
0 0.6890625 0.8609375 0.0796875 0.028125
1 0.6171875 0.98125 0.0453125 0.034375
1 0.584375 0.925 0.0265625 0.025
1 0.9171875 0.95 0.053125 0.0546875
1 0.8875 0.9515625 0.0234375 0.0328125
1 0.9046875 0.9015625 0.0203125 0.0453125
1 0.9328125 0.8921875 0.04375 0.0453125
1 0.9578125 0.8640625 0.0296875 0.0328125
1 0.93828125 0.9890625 0.0296875 0.021875
1 0.978125 0.88125 0.01875 0.0234375
1 0.5375 0.9703125 0.0296875 0.0171875
1 0.5234375 0.9578125 0.015625 0.021875
1 0.7125 0.9109375 0.0296875 0.0265625