1 0.26640625 0.63828125 0.0234375 0.0421875
1 0.2859375 0.3640625 0.0296875 0.0125
1 0.16875 0.25625 0.0109375 0.0078125
1 0.175 0.271875 0.0109375 0.0078125
1 0.103125 0.284375 0.021875 0.0125
0 0.0578125 0.29296875 0.115625 0.2671875
1 0.0625 0.3515625 0.0046875 0.00625
1 0.0546875 0.3984375 0.0078125 0.0078125
1 0.0203125 0.4890625 0.0125 0.0140625
1 0.0703125 0.6328125 0.0078125 0.0203125
1 0.053125 0.64375 0.0078125 0.0109375
0 0.0609375 0.47578125 0.121875 0.2078125
0 0.04296875 0.5875 0.0859375 0.14375
1 0.18125 0.640625 0.0234375 0.0234375
1 0.1734375 0.34375 0.0109375 0.0078125
0 0.778125 0.63984375 0.04375 0.0390625
1 0.834375 0.565625 0.0078125 0.0140625
0 0.86875 0.51875 0.1609375 0.109375
1 0.440625 0.4265625 0.0109375 0.0140625
0 0.88828125 0.3515625 0.2234375 0.378125
0 0.8453125 0.63125 0.03125 0.05625
1 0.0171875 0.9890625 0.0125 0.009375
1 0.1421875 0.6671875 0.0140625 0.0140625
1 0.0453125 0.95625 0.0234375 0.03125
1 0.0640625 0.953125 0.021875 0.01875
0 0.134375 0.87265625 0.26875 0.2421875
1 0.4015625 0.696875 0.015625 0.0265625
1 0.3578125 0.7234375 0.053125 0.046875
1 0.2546875 0.6734375 0.046875 0.0265625
1 0.15 0.6984375 0.025 0.0203125
1 0.24375 0.7875 0.0359375 0.0234375
1 0.2328125 0.8234375 0.0078125 0.0296875
0 0.09921875 0.8015625 0.1984375 0.284375
1 0.56875 0.9234375 0.015625 0.0078125
1 0.590625 0.9265625 0.00625 0.0078125
1 0.5625 0.8578125 0.0140625 0.0171875
1 0.540625 0.7640625 0.0328125 0.0265625
1 0.58125 0.6921875 0.0078125 0.0125
1 0.653125 0.734375 0.00625 0.0046875
1 0.646875 0.7859375 0.0109375 0.0125
1 0.73828125 0.99609375 0.0109375 0.0078125
1 0.753125 0.99453125 0.009375 0.0109375
1 0.74375 0.825 0.053125 0.084375
1 0.7203125 0.7125 0.046875 0.06875
0 0.80625 0.74765625 0.128125 0.1765625
1 0.7515625 0.6953125 0.0125 0.021875
0 0.8640625 0.878125 0.225 0.15625