1 0.00703125 0.35078125 0.0140625 0.0234375
1 0.028125 0.378125 0.009375 0.0109375
1 0.0140625 0.309375 0.009375 0.0125
1 0.028125 0.3140625 0.0359375 0.03125
1 0.0890625 0.353125 0.0296875 0.03125
1 0.0875 0.371875 0.0234375 0.0203125
1 0.165625 0.3640625 0.0328125 0.0484375
1 0.146875 0.365625 0.03125 0.0171875
1 0.184375 0.359375 0.0109375 0.0140625
1 0.15 0.403125 0.0140625 0.009375
1 0.1109375 0.40625 0.025 0.00625
1 0.1265625 0.4046875 0.021875 0.009375
1 0.21171875 0.40390625 0.0328125 0.0109375
1 0.296875 0.378125 0.0078125 0.01875
1 0.2859375 0.3390625 0.01875 0.01875
1 0.31171875 0.39765625 0.0203125 0.0234375
1 0.30703125 0.39609375 0.0109375 0.0265625
1 0.3671875 0.3921875 0.0140625 0.025
1 0.240625 0.346875 0.015625 0.015625
1 0.134375 0.3484375 0.0109375 0.0109375
1 0.140625 0.340625 0.0125 0.0140625
1 0.1515625 0.2984375 0.0078125 0.0078125
1 0.128125 0.2265625 0.0328125 0.025
1 0.2109375 0.2140625 0.0140625 0.01875
1 0.3640625 0.2375 0.0171875 0.0171875
1 0.3375 0.1609375 0.01875 0.01875
1 0.3125 0.16875 0.0171875 0.0171875
1 0.309375 0.1546875 0.0171875 0.009375
1 0.275 0.165625 0.0125 0.0125
1 0.271875 0.1890625 0.0265625 0.0171875
1 0.2609375 0.1734375 0.01875 0.0265625
1 0.2484375 0.1640625 0.028125 0.0296875
1 0.209375 0.15 0.025 0.0265625
1 0.2421875 0.13125 0.0234375 0.025
1 0.1578125 0.1765625 0.0171875 0.01875
1 0.1640625 0.1546875 0.0203125 0.025
1 0.1703125 0.203125 0.015625 0.015625
1 0.059375 0.1734375 0.025 0.0375
1 0.03125 0.1421875 0.015625 0.01875
1 0.025 0.16875 0.0140625 0.03125
1 0.009375 0.1515625 0.01875 0.0375
1 0.2640625 0.078125 0.00625 0.015625
1 0.2875 0.0625 0.0140625 0.01875
1 0.31875 0.046875 0.021875 0.025
1 0.303125 0.03125 0.021875 0.01875
1 0.359375 0.071875 0.01875 0.0078125
1 0.3640625 0.0421875 0.0203125 0.0140625
1 0.3578125 0.015625 0.025 0.028125
1 0.196875 0.0546875 0.034375 0.0359375
1 0.0390625 0.0515625 0.0078125 0.015625
1 0.015625 0.025 0.015625 0.009375
1 0.7265625 0.3515625 0.0203125 0.0171875
1 0.7359375 0.3390625 0.0125 0.0140625
1 0.603125 0.1890625 0.0625 0.090625
1 0.678125 0.053125 0.0109375 0.0140625
1 0.609375 0.090625 0.015625 0.025
1 0.609375 0.1296875 0.0203125 0.028125
1 0.85546875 0.00234375 0.0078125 0.0046875
1 0.7640625 0.00390625 0.0125 0.0078125
1 0.6828125 0.2078125 0.0078125 0.00625
0 0.834375 0.1734375 0.1390625 0.10625
1 0.8078125 0.16875 0.0125 0.0203125
0 0.7015625 0.178125 0.1921875 0.2203125
0 0.04921875 0.6375 0.0984375 0.3
0 0.2078125 0.684375 0.2609375 0.2984375
1 0.2828125 0.975 0.0390625 0.0375
1 0.2765625 0.815625 0.028125 0.04375
1 0.309375 0.8296875 0.0453125 0.0453125
1 0.2390625 0.828125 0.0375 0.0484375
1 0.13125 0.8546875 0.0359375 0.0453125
1 0.065625 0.859375 0.0375 0.0375
1 0.0765625 0.940625 0.040625 0.034375
1 0.0921875 0.765625 0.03125 0.034375
1 0.1046875 0.690625 0.059375 0.046875
1 0.00390625 0.83359375 0.0078125 0.0203125
1 0.021875 0.628125 0.0421875 0.0640625
1 0.065625 0.5484375 0.0609375 0.040625
1 0.1171875 0.578125 0.0359375 0.0265625
1 0.24375 0.534375 0.0375 0.040625
1 0.2484375 0.575 0.0390625 0.04375
1 0.296875 0.5328125 0.028125 0.04375
1 0.3125 0.48125 0.028125 0.028125
1 0.13125 0.5078125 0.053125 0.053125
1 0.075 0.459375 0.028125 0.034375
1 0.00390625 0.428125 0.0078125 0.0375
1 0.1796875 0.471875 0.06875 0.05625
1 0.134375 0.465625 0.04375 0.040625
1 0.196875 0.4953125 0.01875 0.0109375
1 0.2015625 0.478125 0.015625 0.0203125
1 0.87890625 0.99609375 0.0234375 0.0078125
1 0.984375 0.6734375 0.01875 0.0453125
0 0.8046875 0.50078125 0.271875 0.1828125
0 0.73046875 0.4921875 0.1234375 0.165625
1 0.9578125 0.4671875 0.034375 0.01875