0 0.2 0.3875 0.0359375 0.0375
1 0.5640625 0.2890625 0.01875 0.0265625
1 0.57109375 0.25390625 0.0171875 0.0203125
0 0.228125 0.2421875 0.03125 0.025
0 0.01171875 0.39921875 0.0234375 0.0671875
1 0.1078125 0.1953125 0.025 0.0140625
1 0.10625 0.2375 0.046875 0.03125
1 0.1 0.284375 0.0234375 0.015625
1 0.1640625 0.1828125 0.034375 0.028125
1 0.146875 0.109375 0.0546875 0.0375
1 0.1390625 0.1359375 0.025 0.0203125
0 0.303125 0.315625 0.1421875 0.1140625
0 0.315625 0.24375 0.1359375 0.1390625
0 0.303125 0.1359375 0.09375 0.121875
1 0.2265625 0.109375 0.0640625 0.05
1 0.4453125 0.2515625 0.046875 0.053125
1 0.4890625 0.2578125 0.0421875 0.053125
1 0.4109375 0.040625 0.0296875 0.0546875
1 0.328125 0.053125 0.03125 0.0171875
1 0.315625 0.021875 0.0265625 0.025
1 0.2546875 0.0484375 0.025 0.028125
0 0.3234375 0.415625 0.128125 0.10625
1 0.22578125 0.4625 0.0390625 0.0125
1 0.5703125 0.32734375 0.01875 0.0765625
1 0.5515625 0.4328125 0.0515625 0.015625
1 0.5703125 0.42109375 0.01875 0.0328125
1 0.6421875 0.2890625 0.0078125 0.0234375
1 0.678125 0.278125 0.0359375 0.04375
0 0.76484375 0.0171875 0.0921875 0.034375
0 0.7671875 0.0609375 0.1703125 0.0875
0 0.7640625 0.2015625 0.1125 0.103125
0 0.7796875 0.296875 0.05 0.028125
1 0.8359375 0.3140625 0.0296875 0.0234375
1 0.590625 0.4 0.021875 0.0125
0 0.76015625 0.40859375 0.1046875 0.1203125
1 0.86875 0.39375 0.021875 0.0234375
1 0.91796875 0.01015625 0.0265625 0.0203125
1 0.99296875 0.06953125 0.0140625 0.0546875
1 0.93125 0.096875 0.034375 0.0453125
1 0.9703125 0.2625 0.015625 0.015625
1 0.178125 0.98515625 0.0375 0.0296875
1 0.2078125 0.990625 0.0203125 0.0109375
1 0.1921875 0.9578125 0.01875 0.03125
1 0.1234375 0.98203125 0.03125 0.0359375
1 0.090625 0.965625 0.0296875 0.046875
1 0.0078125 0.94921875 0.015625 0.0265625
1 0.009375 0.9125 0.01875 0.05
1 0.0765625 0.9171875 0.0265625 0.0375
1 0.09375 0.91875 0.0109375 0.009375
1 0.121875 0.9171875 0.0765625 0.0375
1 0.1625 0.928125 0.0140625 0.0171875
1 0.0109375 0.7140625 0.021875 0.03125
1 0.0734375 0.81875 0.0390625 0.046875
1 0.1140625 0.8671875 0.059375 0.0546875
1 0.1296875 0.8484375 0.034375 0.025
1 0.109375 0.80625 0.0703125 0.0546875
1 0.1421875 0.809375 0.025 0.0140625
1 0.171875 0.803125 0.0328125 0.053125
1 0.190625 0.8109375 0.0171875 0.0203125
1 0.2265625 0.8 0.028125 0.021875
1 0.1359375 0.7703125 0.0640625 0.0359375
1 0.134375 0.740625 0.03125 0.028125
1 0.2171875 0.753125 0.046875 0.075
1 0.2109375 0.7046875 0.0421875 0.0125
0 0.2859375 0.7390625 0.11875 0.0796875
0 0.2875 0.8125 0.0828125 0.0875
0 0.2671875 0.8703125 0.153125 0.109375
1 0.3375 0.8234375 0.046875 0.053125
1 0.371875 0.828125 0.0390625 0.05
1 0.409375 0.8328125 0.025 0.046875
1 0.3328125 0.7828125 0.01875 0.028125
1 0.3703125 0.8015625 0.0078125 0.01875
1 0.4015625 0.7859375 0.0265625 0.028125
1 0.3734375 0.7078125 0.028125 0.0171875
1 0.3953125 0.7125 0.0125 0.0265625
1 0.425 0.715625 0.028125 0.0296875
1 0.3453125 0.9 0.084375 0.0578125
1 0.378125 0.90625 0.0234375 0.0296875
1 0.4546875 0.85 0.0203125 0.028125
1 0.353125 0.9453125 0.03125 0.04375
1 0.3171875 0.9578125 0.0625 0.0640625
1 0.2625 0.9359375 0.025 0.028125
1 0.36953125 0.9828125 0.0265625 0.034375
1 0.3859375 0.9875 0.009375 0.0234375
1 0.4125 0.953125 0.0546875 0.065625
1 0.30859375 0.9859375 0.0765625 0.028125
1 0.25390625 0.9859375 0.0203125 0.028125
1 0.475 0.9921875 0.034375 0.015625
1 0.49375 0.95 0.04375 0.040625
1 0.5296875 0.9796875 0.0375 0.028125
1 0.4546875 0.9328125 0.0796875 0.065625
1 0.55546875 0.91484375 0.0484375 0.0453125
1 0.484375 0.8703125 0.034375 0.03125
1 0.5609375 0.878125 0.0234375 0.0234375
1 0.546875 0.8578125 0.025 0.0171875
1 0.56640625 0.8328125 0.0265625 0.021875
1 0.4796875 0.81875 0.025 0.0265625
1 0.4796875 0.7703125 0.0828125 0.0625
1 0.515625 0.8078125 0.0375 0.0671875
1 0.540625 0.771875 0.05 0.075
1 0.57265625 0.784375 0.0140625 0.04375
1 0.49375 0.7234375 0.0390625 0.0484375
1 0.5296875 0.7078125 0.0125 0.0171875
1 0.565625 0.7296875 0.028125 0.046875
1 0.57421875 0.71015625 0.0109375 0.0234375
1 0.565625 0.8671875 0.0109375 0.021875
1 0.58515625 0.596875 0.0109375 0.021875
1 0.740625 0.6390625 0.021875 0.021875
1 0.63125 0.75625 0.0296875 0.0140625
1 0.6765625 0.696875 0.0234375 0.0328125
1 0.64375 0.828125 0.0296875 0.0234375
1 0.665625 0.8484375 0.025 0.0359375
1 0.6640625 0.89375 0.034375 0.03125
1 0.71875 0.9625 0.0375 0.0265625
1 0.640625 0.978125 0.021875 0.025
1 0.6546875 0.95625 0.0265625 0.025
1 0.6515625 0.596875 0.025 0.025
1 0.828125 0.61875 0.0234375 0.0390625
1 0.8609375 0.6375 0.01875 0.021875
1 0.878125 0.6875 0.0390625 0.0296875
1 0.81875 0.703125 0.0625 0.040625
1 0.7921875 0.7734375 0.021875 0.021875
1 0.8484375 0.9265625 0.028125 0.046875
1 0.875 0.953125 0.0328125 0.046875
1 0.934375 0.93125 0.025 0.0203125
1 0.95625 0.925 0.021875 0.0265625
1 0.99609375 0.940625 0.0078125 0.034375
1 0.98515625 0.959375 0.0296875 0.034375
1 0.98828125 0.83515625 0.0234375 0.0296875
1 0.99296875 0.6015625 0.0140625 0.025