1 0.3890625 0.4109375 0.0078125 0.009375
1 0.3625 0.40859375 0.034375 0.0203125
1 0.0796875 0.3125 0.0375 0.0328125
1 0.2484375 0.3 0.0109375 0.0109375
1 0.053125 0.365625 0.0296875 0.0546875
0 0.02890625 0.37109375 0.0578125 0.0890625
0 0.02890625 0.2953125 0.0578125 0.096875
1 0.5109375 0.4125 0.03125 0.0125
1 0.85859375 0.41015625 0.0296875 0.0171875
1 0.6390625 0.4140625 0.021875 0.009375
1 0.940625 0.3859375 0.0234375 0.0328125
1 0.95 0.3375 0.0703125 0.0640625
1 0.55 0.3484375 0.015625 0.00625
1 0.5296875 0.3296875 0.021875 0.0171875
1 0.4515625 0.3046875 0.0375 0.0234375
1 0.6625 0.2375 0.0234375 0.015625
1 0.521875 0.2390625 0.0296875 0.0171875
1 0.5421875 0.25625 0.015625 0.015625
1 0.628125 0.29375 0.025 0.015625
1 0.5671875 0.4078125 0.0203125 0.0203125
0 0.73125 0.38046875 0.11875 0.0765625
0 0.74375 0.3203125 0.2046875 0.0796875
0 0.728125 0.26875 0.1828125 0.0765625
1 0.9625 0.2375 0.01875 0.015625
1 0.9953125 0.23359375 0.009375 0.0078125
1 0.2734375 0.765625 0.009375 0.00625
1 0.06875 0.7640625 0.0296875 0.0296875
1 0.3421875 0.7546875 0.0296875 0.0234375
1 0.0390625 0.7484375 0.009375 0.0140625
1 0.4046875 0.72421875 0.028125 0.0390625
1 0.0875 0.7078125 0.0125 0.015625
1 0.0046875 0.69765625 0.009375 0.0390625
1 0.2890625 0.6375 0.0140625 0.0125
1 0.3953125 0.65 0.0390625 0.0390625
1 0.2 0.634375 0.015625 0.0171875
1 0.290625 0.5734375 0.0265625 0.040625
1 0.0328125 0.5546875 0.025 0.01875
1 0.0234375 0.5390625 0.0078125 0.0078125
1 0.265625 0.55625 0.040625 0.04375
1 0.309375 0.5390625 0.0203125 0.009375
1 0.071875 0.51875 0.021875 0.01875
0 0.1640625 0.54375 0.1484375 0.078125
1 0.4140625 0.50546875 0.009375 0.0171875
1 0.0265625 0.484375 0.0140625 0.021875
1 0.3609375 0.4671875 0.015625 0.0265625
1 0.3171875 0.4484375 0.0453125 0.0140625
1 0.4 0.43125 0.015625 0.025
1 0.25078125 0.421875 0.0484375 0.00625
1 0.00625 0.5984375 0.0125 0.05
1 0.01875 0.6125 0.021875 0.028125
1 0.0296875 0.63125 0.015625 0.015625
1 0.0265625 0.5953125 0.0265625 0.0203125
1 0.0328125 0.578125 0.0140625 0.0078125
1 0.0734375 0.590625 0.015625 0.0078125
1 0.03125 0.728125 0.028125 0.0203125
1 0.0546875 0.721875 0.0203125 0.0171875
1 0.0859375 0.6765625 0.0140625 0.0203125
1 0.125 0.6296875 0.0234375 0.0265625
1 0.1765625 0.5953125 0.03125 0.0234375
1 0.1890625 0.6546875 0.0265625 0.0265625
1 0.1578125 0.6203125 0.04375 0.0328125
1 0.1703125 0.6390625 0.03125 0.0234375
1 0.3515625 0.590625 0.021875 0.021875
1 0.340625 0.6046875 0.0140625 0.0171875
1 0.3078125 0.6796875 0.028125 0.0265625
1 0.321875 0.671875 0.01875 0.009375
1 0.3015625 0.7265625 0.015625 0.0109375
1 0.3203125 0.73125 0.0234375 0.0171875
1 0.403125 0.603125 0.0265625 0.025
1 0.3984375 0.775 0.0203125 0.028125
1 0.41171875 0.78046875 0.0140625 0.0328125
0 0.1765625 0.703125 0.165625 0.10625
0 0.1640625 0.775 0.14375 0.04375
0 0.1578125 0.45703125 0.165625 0.0765625
1 0.2296875 0.6421875 0.04375 0.0390625
1 0.25 0.6625 0.0375 0.028125
0 0.95 0.56484375 0.1 0.0796875
0 0.93125 0.69765625 0.1375 0.2203125
0 0.975 0.925 0.05 0.15
1 0.8671875 0.5859375 0.0484375 0.053125
1 0.809375 0.5734375 0.053125 0.0578125
1 0.8953125 0.646875 0.028125 0.04375
1 0.8390625 0.6640625 0.09375 0.09375
1 0.809375 0.7203125 0.0484375 0.028125
1 0.7984375 0.6921875 0.040625 0.0265625
1 0.7140625 0.7 0.0359375 0.025
1 0.628125 0.6125 0.0375 0.0265625
1 0.5515625 0.6796875 0.0625 0.0359375
1 0.515625 0.7203125 0.0171875 0.03125
1 0.5109375 0.61875 0.03125 0.025
1 0.4609375 0.6140625 0.0328125 0.0265625
1 0.43046875 0.79609375 0.0234375 0.0421875
1 0.6203125 0.83125 0.040625 0.0609375
1 0.6640625 0.7765625 0.028125 0.03125
1 0.6109375 0.753125 0.0390625 0.0375
1 0.5828125 0.728125 0.0296875 0.025
1 0.6 0.925 0.05 0.053125
1 0.734375 0.94140625 0.065625 0.1171875
1 0.50234375 0.984375 0.0359375 0.03125
1 0.4265625 0.9859375 0.015625 0.028125
1 0.7796875 0.80625 0.1140625 0.0953125
1 0.8546875 0.8234375 0.028125 0.0453125
1 0.8640625 0.90625 0.028125 0.0453125
1 0.8109375 0.9015625 0.025 0.03125
1 0.828125 0.8109375 0.0125 0.034375
1 0.78125 0.93125 0.0234375 0.0359375
1 0.91640625 0.97109375 0.0640625 0.0578125
1 0.86171875 0.98046875 0.0609375 0.0390625
1 0.82890625 0.9921875 0.0421875 0.015625
1 0.8125 0.984375 0.03125 0.0296875
1 0.4875 0.5578125 0.0390625 0.0296875
1 0.925 0.8375 0.0984375 0.1125