1 0.053125 0.1046875 0.0265625 0.0265625
0 0.125 0.415625 0.16875 0.175
1 0.2265625 0.171875 0.0328125 0.0265625
1 0.2578125 0.4328125 0.0171875 0.0265625
1 0.3265625 0.49375 0.0234375 0.025
1 0.3671875 0.35625 0.009375 0.0046875
1 0.3703125 0.5921875 0.046875 0.0359375
1 0.396875 0.459375 0.009375 0.021875
1 0.4421875 0.453125 0.0125 0.0328125
0 0.1296875 0.3171875 0.1734375 0.2078125
1 0.30625 0.72890625 0.04375 0.0203125
1 0.9828125 0.1703125 0.0234375 0.0421875
1 0.878125 0.10625 0.0328125 0.0265625
1 0.8390625 0.05 0.0109375 0.0359375
1 0.8171875 0.0625 0.0234375 0.01875
1 0.6265625 0.0734375 0.03125 0.0421875
1 0.69375 0.334375 0.0328125 0.025
1 0.92265625 0.003125 0.0171875 0.00625
1 0.48125 0.16875 0.025 0.028125
1 0.83125 0.4203125 0.0046875 0.0109375
0 0.775 0.6296875 0.3125 0.1890625
0 0.66875 0.603125 0.221875 0.11875
1 0.6328125 0.5609375 0.0234375 0.0265625
1 0.621875 0.6859375 0.0265625 0.021875
0 0.525 0.603125 0.1125 0.203125
0 0.2109375 0.78125 0.140625 0.084375
1 0.2234375 0.871875 0.0296875 0.0515625
1 0.31796875 0.9828125 0.0640625 0.034375
1 0.2453125 0.9484375 0.0359375 0.034375
1 0.16640625 0.98046875 0.0515625 0.0390625
1 0.99453125 0.9140625 0.0109375 0.05
0 0.83515625 0.86953125 0.3203125 0.2609375
0 0.7203125 0.86953125 0.275 0.2609375
0 0.64140625 0.79921875 0.1203125 0.1203125
0 0.6453125 0.88125 0.125 0.2375