1 0.115625 0.4890625 0.0375 0.040625
1 0.140625 0.45 0.0203125 0.0234375
1 0.0625 0.315625 0.01875 0.025
1 0.103125 0.253125 0.0296875 0.0484375
1 0.3734375 0.2015625 0.0296875 0.0234375
1 0.0078125 0.4578125 0.015625 0.025
1 0.0203125 0.4734375 0.021875 0.0140625
1 0.1421875 0.240625 0.0296875 0.015625
1 0.1375 0.2546875 0.0125 0.01875
1 0.1515625 0.1734375 0.0140625 0.0140625
0 0.39453125 0.4671875 0.0296875 0.11875
1 0.3875 0.1015625 0.04375 0.025
1 0.3859375 0.1140625 0.0328125 0.0125
1 0.646875 0.5625 0.0359375 0.0125
1 0.7625 0.5078125 0.053125 0.0625
1 0.5390625 0.5234375 0.015625 0.028125
1 0.534375 0.459375 0.034375 0.015625
1 0.6828125 0.4734375 0.01875 0.0359375
1 0.546875 0.4421875 0.01875 0.015625
1 0.8078125 0.4375 0.021875 0.0171875
1 0.5375 0.4328125 0.009375 0.0109375
1 0.5140625 0.4171875 0.03125 0.034375
1 0.6859375 0.3828125 0.0234375 0.01875
1 0.471875 0.3703125 0.0734375 0.0609375
1 0.65 0.375 0.015625 0.025
1 0.8234375 0.365625 0.046875 0.034375
1 0.728125 0.3640625 0.0796875 0.0671875
1 0.9375 0.3265625 0.0453125 0.025
1 0.6796875 0.3203125 0.0359375 0.01875
1 0.58125 0.29375 0.01875 0.0109375
1 0.64375 0.2828125 0.04375 0.0171875
1 0.6578125 0.2375 0.03125 0.0359375
1 0.9953125 0.23046875 0.009375 0.0328125
1 0.7859375 0.2359375 0.021875 0.028125
1 0.5171875 0.215625 0.028125 0.025
1 0.440625 0.1640625 0.0078125 0.0078125
1 0.696875 0.1609375 0.015625 0.00625
1 0.5 0.153125 0.0140625 0.009375
1 0.6765625 0.1421875 0.021875 0.0171875
1 0.5984375 0.1171875 0.0375 0.0234375
1 0.5296875 0.06875 0.0390625 0.0296875
1 0.809375 0.05 0.0234375 0.015625
1 0.66875 0.0515625 0.0296875 0.0171875
1 0.71875 0.31875 0.04375 0.028125
1 0.7359375 0.3203125 0.015625 0.015625
1 0.709375 0.4140625 0.03125 0.025
1 0.7375 0.503125 0.025 0.015625
1 0.809375 0.4890625 0.053125 0.0546875
1 0.6890625 0.06875 0.015625 0.015625
1 0.775 0.10625 0.025 0.015625
1 0.7140625 0.2203125 0.0203125 0.0203125
0 0.85 0.5421875 0.178125 0.053125
0 0.8765625 0.459375 0.0921875 0.1375
1 0.8953125 0.4203125 0.04375 0.046875
1 0.9125 0.5125 0.0421875 0.0484375
1 0.95703125 0.4859375 0.0859375 0.153125
0 0.8875 0.2734375 0.1265625 0.11875
0 0.878125 0.2125 0.11875 0.1140625
0 0.890625 0.1328125 0.2046875 0.0796875
0 0.875 0.08125 0.1828125 0.0765625
1 0.9953125 0.3515625 0.009375 0.021875
1 0.9859375 0.3578125 0.0234375 0.015625
1 0.384375 0.640625 0.03125 0.034375
1 0.3234375 0.7828125 0.0203125 0.0234375
1 0.1953125 0.75625 0.046875 0.0484375
1 0.2203125 0.75 0.0140625 0.0125
1 0.24375 0.809375 0.03125 0.0265625
1 0.115625 0.6875 0.08125 0.090625
1 0.140625 0.6875 0.0359375 0.0421875
0 0.1765625 0.809375 0.046875 0.03125
0 0.2046875 0.721875 0.115625 0.046875
0 0.2109375 0.6703125 0.14375 0.084375
1 0.55625 0.959375 0.0234375 0.0203125
1 0.8828125 0.875 0.0171875 0.0203125
0 0.6640625 0.9046875 0.375 0.190625