0 0.334375 0.23828125 0.13125 0.0671875
0 0.33125 0.384375 0.1359375 0.175
1 0.303125 0.3703125 0.015625 0.0171875
1 0.428125 0.040625 0.0546875 0.071875
1 0.4390625 0.025 0.0234375 0.0234375
1 0.4515625 0.0546875 0.015625 0.009375
1 0.465625 0.0671875 0.0265625 0.0234375
1 0.4921875 0.1140625 0.0234375 0.01875
1 0.546875 0.0484375 0.0046875 0.0109375
1 0.5125 0.0625 0.0421875 0.0265625
1 0.403125 0.4359375 0.00625 0.015625
1 0.66875 0.3453125 0.0234375 0.0234375
1 0.6796875 0.334375 0.01875 0.0140625
1 0.684375 0.3234375 0.0265625 0.0265625
1 0.696875 0.325 0.009375 0.0125
1 0.6640625 0.2890625 0.015625 0.0234375
1 0.65 0.2203125 0.0078125 0.0140625
1 0.59375 0.228125 0.0078125 0.003125
1 0.65625 0.1671875 0.01875 0.028125
1 0.6546875 0.14375 0.025 0.0328125
1 0.6625 0.1046875 0.015625 0.021875
1 0.6625 0.1203125 0.0140625 0.0125
1 0.759375 0.3171875 0.0265625 0.0296875
1 0.759375 0.1359375 0.0171875 0.0109375
1 0.7703125 0.1703125 0.028125 0.0203125
1 0.8015625 0.1671875 0.015625 0.015625
1 0.79375 0.2078125 0.0109375 0.0171875
1 0.73125 0.090625 0.0125 0.0140625
1 0.7828125 0.1 0.021875 0.0203125
1 0.84375 0.10625 0.0046875 0.0078125
1 0.909375 0.08125 0.0234375 0.0203125
1 0.9640625 0.1140625 0.0125 0.0234375
1 0.9703125 0.1125 0.0265625 0.0171875
1 0.9515625 0.115625 0.0140625 0.0109375
1 0.940625 0.1140625 0.0234375 0.01875
1 0.9234375 0.140625 0.0203125 0.01875
1 0.9109375 0.1265625 0.0234375 0.021875
1 0.9328125 0.1078125 0.025 0.01875
1 0.9140625 0.3921875 0.0390625 0.0234375
1 0.9203125 0.3796875 0.0578125 0.0453125
0 0.95390625 0.034375 0.0921875 0.06875
0 0.9765625 0.39140625 0.046875 0.1234375
1 0.9984375 0.384375 0.003125 0.03125
0 0.9765625 0.3140625 0.046875 0.1
0 0.98046875 0.18203125 0.0390625 0.1015625
1 0.5421875 0.24375 0.021875 0.01875
0 0.46875 0.3546875 0.0640625 0.1375
0 0.425 0.32109375 0.05 0.1640625
1 0.415625 0.2375 0.0203125 0.01875
0 0.4703125 0.225 0.140625 0.146875
0 0.475 0.15 0.1140625 0.14375
1 0.4765625 0.178125 0.01875 0.0125
0 0.46875 0.0375 0.1375 0.075
0 0.01875 0.8171875 0.0375 0.1
1 0.0609375 0.90625 0.05625 0.0890625
1 0.2046875 0.7515625 0.0421875 0.075
1 0.11875 0.796875 0.0453125 0.040625
1 0.1484375 0.603125 0.0546875 0.0328125
1 0.1984375 0.61875 0.0359375 0.0328125
1 0.278125 0.5296875 0.06875 0.0390625
1 0.5765625 0.98125 0.0265625 0.0328125
1 0.528125 0.7921875 0.0671875 0.0421875
0 0.62734375 0.9125 0.2796875 0.175
0 0.64375 0.8234375 0.2734375 0.2734375
0 0.7109375 0.6296875 0.2796875 0.1109375
1 0.5578125 0.71875 0.015625 0.03125
1 0.7140625 0.7234375 0.028125 0.0453125
1 0.89375 0.828125 0.06875 0.0734375
1 0.890625 0.915625 0.040625 0.0296875
1 0.6265625 0.740625 0.01875 0.0390625