1 0.00546875 0.09921875 0.0109375 0.0171875
1 0.0953125 0.1125 0.0265625 0.0234375
0 0.00859375 0.1609375 0.0171875 0.13125
0 0.046875 0.175 0.0578125 0.184375
1 0.190625 0.046875 0.0453125 0.040625
1 0.2703125 0.128125 0.0109375 0.009375
1 0.2921875 0.203125 0.034375 0.046875
1 0.2515625 0.203125 0.0328125 0.046875
1 0.2390625 0.19375 0.06875 0.046875
0 0.1609375 0.1703125 0.1359375 0.165625
1 0.1140625 0.221875 0.0546875 0.0734375
0 0.0984375 0.1859375 0.0640625 0.125
1 0.6609375 0.0375 0.09375 0.0390625
1 0.5984375 0.0171875 0.0171875 0.00625
1 0.8734375 0.0625 0.0125 0.015625
1 0.53125 0.1875 0.0421875 0.0375
1 0.6609375 0.2625 0.01875 0.015625
1 0.67265625 0.31328125 0.0453125 0.0109375
0 0.459375 0.23203125 0.134375 0.1734375
0 0.8359375 0.1734375 0.165625 0.290625
1 0.146875 0.32734375 0.04375 0.0171875
1 0.07109375 0.3234375 0.0140625 0.009375
1 0.184375 0.75625 0.01875 0.01875
1 0.2015625 0.771875 0.0421875 0.0109375
1 0.1875 0.8046875 0.01875 0.0375
1 0.1875 0.79375 0.0140625 0.0234375
0 0.22421875 0.9765625 0.0421875 0.046875
0 0.1171875 0.87265625 0.234375 0.2421875
0 0.0453125 0.84140625 0.090625 0.1640625
1 0.4375 0.45625 0.0125 0.05625
1 0.44375 0.7359375 0.0125 0.015625
1 0.45 0.771875 0.0203125 0.0109375
1 0.5046875 0.8890625 0.03125 0.03125
1 0.546875 0.884375 0.0203125 0.028125
1 0.5921875 0.3984375 0.021875 0.03125
1 0.6125 0.7984375 0.0125 0.0078125
1 0.6203125 0.38125 0.0109375 0.0234375
1 0.64375 0.7828125 0.0171875 0.0171875
1 0.659375 0.378125 0.028125 0.0359375
1 0.65625 0.7984375 0.0265625 0.034375
1 0.7375 0.578125 0.01875 0.0171875
1 0.7609375 0.80625 0.0171875 0.0328125
1 0.7796875 0.771875 0.0390625 0.03125
1 0.7984375 0.43125 0.0140625 0.015625
1 0.8109375 0.40625 0.015625 0.0125
1 0.840625 0.446875 0.0265625 0.040625
1 0.871875 0.6296875 0.0203125 0.01875
1 0.8765625 0.4875 0.015625 0.0078125
1 0.8734375 0.965625 0.0328125 0.0625
1 0.884375 0.71875 0.0109375 0.0078125
1 0.884375 0.765625 0.0140625 0.0125
1 0.8984375 0.89375 0.028125 0.0234375
1 0.90625 0.4609375 0.0171875 0.034375
1 0.91875 0.896875 0.021875 0.0234375
1 0.915625 0.55 0.0171875 0.028125
1 0.95 0.440625 0.015625 0.0125
1 0.9546875 0.9359375 0.0046875 0.0125
1 0.953125 0.9015625 0.009375 0.0140625
1 0.8796875 0.4546875 0.0171875 0.0171875
1 0.8640625 0.4671875 0.0328125 0.0296875
1 0.734375 0.4375 0.0265625 0.0296875
1 0.70625 0.4390625 0.025 0.028125
1 0.696875 0.434375 0.028125 0.0125
1 0.6859375 0.409375 0.021875 0.0234375
1 0.5125 0.6703125 0.0171875 0.009375
1 0.5140625 0.70625 0.028125 0.0390625
1 0.4421875 0.5390625 0.0171875 0.025
1 0.4390625 0.509375 0.015625 0.0234375
0 0.909375 0.61875 0.09375 0.11875
1 0.9453125 0.5609375 0.009375 0.0171875
1 0.953125 0.540625 0.0078125 0.0171875
1 0.9375 0.6625 0.034375 0.0234375
1 0.9234375 0.6828125 0.015625 0.0125
0 0.73125 0.603125 0.325 0.4046875
1 0.66875 0.6390625 0.0359375 0.025
1 0.5734375 0.79375 0.01875 0.0296875
0 0.5578125 0.6 0.253125 0.4609375
0 0.5984375 0.55625 0.2171875 0.2
1 0.7296875 0.7859375 0.0515625 0.0296875
1 0.95 0.6828125 0.015625 0.0328125
1 0.865625 0.8015625 0.0234375 0.015625
1 0.4734375 0.884375 0.01875 0.01875
1 0.484375 0.9015625 0.025 0.021875
1 0.44375 0.809375 0.0234375 0.0296875
1 0.4828125 0.809375 0.028125 0.0390625
1 0.4625 0.81875 0.0171875 0.0109375
1 0.4640625 0.8328125 0.0484375 0.0125
1 0.459375 0.846875 0.015625 0.015625
1 0.446875 0.8984375 0.0265625 0.015625
1 0.446875 0.9234375 0.0234375 0.0234375
1 0.4578125 0.94375 0.0421875 0.0234375
1 0.4609375 0.9578125 0.021875 0.009375
1 0.440625 0.9875 0.0171875 0.021875
1 0.52265625 0.99453125 0.0421875 0.0109375
1 0.540625 0.834375 0.04375 0.0390625
1 0.7125 0.890625 0.0328125 0.0234375
1 0.68125 0.8890625 0.021875 0.0125
1 0.6671875 0.9125 0.0390625 0.0234375
1 0.6453125 0.884375 0.0140625 0.025
1 0.6578125 0.884375 0.0078125 0.028125
1 0.615625 0.8890625 0.0171875 0.01875
1 0.6109375 0.9015625 0.0125 0.00625
1 0.6109375 0.9171875 0.0296875 0.015625
1 0.6015625 0.94375 0.01875 0.0328125
1 0.6421875 0.99140625 0.015625 0.0171875
1 0.6546875 0.965625 0.009375 0.0390625
1 0.6375 0.921875 0.0203125 0.025
1 0.6171875 0.94375 0.0078125 0.0265625
1 0.63125 0.965625 0.025 0.0265625
1 0.59453125 0.98125 0.0203125 0.0375
1 0.61796875 0.99609375 0.0296875 0.0078125
1 0.665625 0.9953125 0.04375 0.009375
1 0.69296875 0.990625 0.0390625 0.01875
1 0.7453125 0.99375 0.021875 0.0125
1 0.7609375 0.99453125 0.009375 0.0109375
1 0.8359375 0.98671875 0.028125 0.0265625
1 0.859375 0.984375 0.0234375 0.0171875
1 0.80078125 0.9890625 0.0296875 0.021875
1 0.7703125 0.9015625 0.03125 0.05
1 0.8 0.8109375 0.0234375 0.0078125
1 0.8125 0.8171875 0.0234375 0.0078125
1 0.8046875 0.83125 0.05625 0.015625
1 0.80625 0.8546875 0.0296875 0.0359375
1 0.79375 0.928125 0.021875 0.0203125
1 0.7765625 0.9484375 0.0203125 0.0234375
1 0.7859375 0.959375 0.0375 0.0421875
1 0.7921875 0.9046875 0.03125 0.0265625
1 0.9453125 0.9125 0.0203125 0.0109375