1 0.4921875 0.275 0.01875 0.0203125
1 0.51875 0.3 0.015625 0.0125
1 0.4546875 0.2953125 0.0328125 0.021875
1 0.4515625 0.334375 0.0109375 0.0125
0 0.50078125 0.39375 0.1171875 0.134375
0 0.221875 0.3875 0.284375 0.1625
0 0.134375 0.41875 0.146875 0.1
1 0.41875 0.3046875 0.0171875 0.01875
1 0.5953125 0.3046875 0.01875 0.0125
1 0.61875 0.159375 0.01875 0.009375
1 0.7375 0.0671875 0.0703125 0.0328125
0 0.69921875 0.41796875 0.1609375 0.1015625
1 0.0734375 0.4765625 0.03125 0.015625
1 0.1046875 0.9859375 0.00625 0.0234375
1 0.2125 0.796875 0.0125 0.0046875
1 0.3015625 0.6015625 0.0171875 0.015625
1 0.3578125 0.603125 0.0046875 0.015625
1 0.35625 0.484375 0.0140625 0.0171875
1 0.1046875 0.6203125 0.0203125 0.0171875
1 0.10625 0.665625 0.0296875 0.01875
1 0.140625 0.61875 0.0390625 0.0203125
1 0.1421875 0.6328125 0.015625 0.025
1 0.1703125 0.621875 0.0234375 0.025
1 0.159375 0.6375 0.021875 0.0125
1 0.19375 0.6296875 0.03125 0.021875
1 0.20625 0.665625 0.025 0.034375
1 0.2421875 0.6546875 0.0140625 0.0171875
1 0.2421875 0.634375 0.0203125 0.0234375
1 0.2296875 0.6203125 0.0203125 0.0125
1 0.3453125 0.6328125 0.0171875 0.0171875
1 0.34375 0.6546875 0.025 0.0265625
1 0.0125 0.6109375 0.0234375 0.028125
1 0.096875 0.753125 0.0171875 0.021875
1 0.134375 0.746875 0.0125 0.0171875
1 0.1171875 0.7640625 0.0171875 0.025
1 0.1578125 0.7640625 0.028125 0.025
1 0.3359375 0.7796875 0.0171875 0.0234375
1 0.3109375 0.81875 0.01875 0.0140625
1 0.43125 0.825 0.0125 0.0234375
1 0.328125 0.978125 0.021875 0.0109375
0 0.35390625 0.89375 0.1640625 0.2125
1 0.20625 0.8890625 0.0140625 0.0140625
0 0.2265625 0.9171875 0.234375 0.165625
1 0.00390625 0.78359375 0.0078125 0.0203125
1 0.153125 0.8296875 0.021875 0.0234375
0 0.10078125 0.87109375 0.2015625 0.2578125
1 0.5703125 0.8828125 0.0125 0.0171875
1 0.6390625 0.5234375 0.015625 0.0125
1 0.690625 0.815625 0.0125 0.0109375
1 0.6921875 0.9671875 0.0203125 0.0203125
1 0.70625 0.8671875 0.015625 0.0140625
1 0.71328125 0.9921875 0.0171875 0.015625
1 0.7453125 0.6921875 0.0109375 0.0203125
1 0.7515625 0.7140625 0.009375 0.0078125
0 0.7296875 0.6421875 0.15 0.115625
1 0.9109375 0.4890625 0.0203125 0.01875
1 0.9453125 0.728125 0.0109375 0.0109375
1 0.9625 0.9234375 0.0140625 0.015625
1 0.6109375 0.5203125 0.0203125 0.0203125
1 0.853125 0.56875 0.0140625 0.015625
1 0.8046875 0.590625 0.0234375 0.021875
1 0.8640625 0.55625 0.021875 0.015625
1 0.5875 0.6640625 0.01875 0.05625
1 0.8328125 0.646875 0.0703125 0.06875
1 0.8828125 0.596875 0.0234375 0.0921875
1 0.896875 0.646875 0.0109375 0.0140625
1 0.9265625 0.690625 0.0140625 0.01875
1 0.91875 0.703125 0.015625 0.01875
1 0.9453125 0.6984375 0.0234375 0.028125
1 0.9515625 0.7578125 0.0234375 0.0234375
1 0.95 0.775 0.015625 0.0125
1 0.9453125 0.7859375 0.0140625 0.0140625
1 0.9078125 0.803125 0.0203125 0.0203125
1 0.9296875 0.8109375 0.0140625 0.01875
1 0.9015625 0.8375 0.028125 0.0171875
1 0.91875 0.878125 0.0171875 0.0125
1 0.9 0.86875 0.0125 0.0109375
1 0.8515625 0.8171875 0.00625 0.009375
1 0.84375 0.88125 0.0203125 0.0171875
1 0.88125 0.8484375 0.0109375 0.0125
1 0.8 0.7953125 0.0125 0.0171875
1 0.78125 0.8359375 0.040625 0.03125
1 0.7375 0.8296875 0.0234375 0.01875
1 0.6859375 0.8953125 0.0265625 0.028125
1 0.625 0.8296875 0.015625 0.0140625
1 0.6140625 0.8421875 0.0078125 0.015625
1 0.56640625 0.93671875 0.0140625 0.0296875
1 0.7796875 0.9328125 0.046875 0.028125
1 0.7515625 0.95625 0.0203125 0.0265625
1 0.68359375 0.98671875 0.0265625 0.0265625
1 0.734375 0.99375 0.021875 0.0125