1 0.2984375 0.4203125 0.1015625 0.115625
1 0.25 0.3640625 0.021875 0.028125
1 0.35 0.35625 0.040625 0.034375
1 0.4234375 0.3203125 0.034375 0.0375
1 0.5109375 0.3484375 0.025 0.0265625
1 0.5359375 0.2875 0.0234375 0.0390625
1 0.365625 0.0859375 0.0484375 0.05
1 0.4203125 0.0671875 0.0453125 0.0359375
1 0.33984375 0.0140625 0.0859375 0.028125
1 0.4984375 0.03828125 0.0375 0.0765625
1 0.4578125 0.1359375 0.025 0.0203125
1 0.6828125 0.35625 0.05625 0.0484375
1 0.584375 0.4 0.0296875 0.040625
1 0.5640625 0.434375 0.03125 0.0375
1 0.4765625 0.4609375 0.05 0.0375
0 0.615625 0.425 0.24375 0.15
1 0.7375 0.41875 0.025 0.15625
1 0.740625 0.240625 0.01875 0.053125
0 0.58203125 0.14609375 0.3359375 0.2921875
1 0.0390625 0.11875 0.0390625 0.021875
1 0.1015625 0.0703125 0.03125 0.0234375
1 0.5984375 0.434375 0.0390625 0.025
1 0.534375 0.3859375 0.01875 0.025
1 0.9578125 0.28671875 0.084375 0.0671875
1 0.75625 0.08125 0.0125 0.025
1 0.04296875 0.5875 0.0859375 0.103125
0 0.03515625 0.71796875 0.0703125 0.1421875
1 0.265625 0.734375 0.0453125 0.0453125
1 0.2578125 0.6015625 0.015625 0.0109375
1 0.3859375 0.51875 0.0375 0.0328125
1 0.5296875 0.540625 0.0265625 0.025
1 0.503125 0.5671875 0.090625 0.0890625
1 0.4203125 0.546875 0.05625 0.0296875
1 0.503125 0.6296875 0.0375 0.053125
0 0.51875 0.6703125 0.040625 0.0734375
0 0.5296875 0.7453125 0.0578125 0.084375
1 0.9109375 0.9578125 0.009375 0.0109375
1 0.9890625 0.7671875 0.0109375 0.0078125
1 0.8078125 0.7421875 0.028125 0.034375
0 0.903125 0.8328125 0.10625 0.278125