1 0.06875 0.1359375 0.046875 0.0296875
1 0.078125 0.0609375 0.034375 0.0390625
1 0.0890625 0.0875 0.01875 0.021875
1 0.1296875 0.0421875 0.03125 0.0359375
1 0.1421875 0.0828125 0.040625 0.0359375
1 0.14921875 0.01953125 0.0671875 0.0390625
0 0.19921875 0.01484375 0.1515625 0.0296875
1 0.2375 0.053125 0.0484375 0.04375
1 0.18125 0.06875 0.059375 0.05625
1 0.15 0.125 0.03125 0.0296875
1 0.1890625 0.1578125 0.0359375 0.0484375
1 0.0796875 0.2046875 0.065625 0.04375
1 0.1484375 0.18125 0.0625 0.0703125
1 0.0765625 0.2375 0.021875 0.0234375
0 0.253125 0.2453125 0.334375 0.2515625
1 0.0109375 0.1671875 0.0203125 0.021875
1 0.0171875 0.2046875 0.025 0.0140625
1 0.171875 0.3359375 0.03125 0.03125
1 0.2046875 0.3359375 0.028125 0.0296875
1 0.0796875 0.325 0.0265625 0.0234375
0 0.0453125 0.3484375 0.0375 0.0796875
0 0.1546875 0.378125 0.24375 0.071875
0 0.309375 0.3890625 0.1765625 0.053125
1 0.2890625 0.3703125 0.0390625 0.04375
1 0.3328125 0.3078125 0.03125 0.04375
1 0.3859375 0.284375 0.03125 0.028125
1 0.421875 0.2859375 0.0484375 0.046875
1 0.45 0.290625 0.0421875 0.0421875
1 0.4171875 0.340625 0.0484375 0.05625
1 0.425 0.3875 0.0515625 0.0578125
1 0.53125 0.39375 0.0296875 0.04375
1 0.525 0.3390625 0.034375 0.0421875
1 0.5640625 0.334375 0.03125 0.040625
1 0.534375 0.175 0.021875 0.03125
1 0.57578125 0.21875 0.0078125 0.025
1 0.55546875 0.10703125 0.0484375 0.0453125
1 0.45 0.178125 0.0609375 0.0375
1 0.4609375 0.2171875 0.03125 0.025
1 0.4140625 0.2109375 0.03125 0.0265625
1 0.4046875 0.1515625 0.0359375 0.034375
1 0.4078125 0.1234375 0.0359375 0.0234375
1 0.41875 0.084375 0.0828125 0.0453125
1 0.4375 0.109375 0.03125 0.0234375
1 0.290625 0.084375 0.0453125 0.040625
1 0.40625 0.04375 0.028125 0.0265625
1 0.54765625 0.0046875 0.0265625 0.009375
1 0.5453125 0.0375 0.0328125 0.05625
1 0.4703125 0.3671875 0.025 0.028125
1 0.534375 0.2921875 0.0234375 0.025
1 0.675 0.1890625 0.0453125 0.01875
1 0.7484375 0.20625 0.0578125 0.0734375
1 0.784375 0.15625 0.0140625 0.0171875
1 0.7765625 0.13125 0.0296875 0.0375
1 0.8109375 0.0796875 0.0328125 0.040625
1 0.79375 0.1109375 0.028125 0.0171875
1 0.66875 0.0515625 0.0203125 0.0234375
1 0.671875 0.0328125 0.0203125 0.0171875
1 0.7703125 0.0828125 0.03125 0.015625
1 0.8265625 0.0390625 0.05625 0.046875
1 0.8375 0.015625 0.040625 0.03125
1 0.86875 0.065625 0.03125 0.0671875
0 0.9375 0.1078125 0.125 0.215625
0 0.9203125 0.21171875 0.159375 0.2109375
1 0.81875 0.1828125 0.015625 0.03125
1 0.834375 0.1359375 0.0390625 0.015625
1 0.8828125 0.128125 0.0296875 0.0171875
1 0.875 0.1640625 0.025 0.0484375
1 0.8984375 0.1640625 0.0296875 0.0265625
1 0.1015625 0.52109375 0.021875 0.0046875
1 0.0859375 0.59375 0.0328125 0.0390625
1 0.2125 0.5625 0.046875 0.0296875
1 0.084375 0.6390625 0.009375 0.015625
1 0.1109375 0.6515625 0.0078125 0.03125
1 0.059375 0.775 0.034375 0.0453125
1 0.1140625 0.7703125 0.0328125 0.0328125
1 0.0765625 0.825 0.034375 0.0296875
1 0.103125 0.8109375 0.0203125 0.028125
1 0.0765625 0.934375 0.025 0.0234375
1 0.1296875 0.9515625 0.040625 0.0625
1 0.20078125 0.94296875 0.1046875 0.1140625
1 0.2640625 0.55 0.0203125 0.0171875
1 0.28203125 0.52890625 0.0234375 0.0203125
0 0.38125 0.57734375 0.26875 0.1171875
1 0.2578125 0.6421875 0.03125 0.0328125
1 0.3046875 0.6625 0.0265625 0.04375
1 0.3421875 0.64375 0.0375 0.053125
1 0.4296875 0.6484375 0.0546875 0.0453125
1 0.5140625 0.646875 0.0359375 0.034375
1 0.33125 0.6890625 0.0390625 0.0546875
1 0.3171875 0.7328125 0.0578125 0.0359375
1 0.35625 0.725 0.040625 0.0390625
1 0.2875 0.7578125 0.03125 0.0296875
0 0.3328125 0.6375 0.35 0.171875
1 0.209375 0.640625 0.0109375 0.01875
0 0.3296875 0.8875 0.3625 0.225
1 0.29375 0.7953125 0.0140625 0.009375
1 0.3640625 0.8546875 0.0421875 0.015625
1 0.4453125 0.878125 0.015625 0.01875
1 0.4546875 0.909375 0.015625 0.03125
1 0.496875 0.9125 0.0265625 0.01875
0 0.3640625 0.98125 0.11875 0.0375
0 0.2765625 0.95859375 0.103125 0.0828125
1 0.5390625 0.7 0.0328125 0.0484375
1 0.5578125 0.6859375 0.0109375 0.0203125
1 0.56796875 0.68984375 0.0234375 0.0296875
1 0.5609375 0.8078125 0.0234375 0.0328125
1 0.5703125 0.89296875 0.01875 0.0234375
1 0.6421875 0.859375 0.0125 0.0125
1 0.9265625 0.834375 0.0140625 0.00625
1 0.93125 0.8171875 0.0171875 0.0171875
1 0.7390625 0.7984375 0.03125 0.01875
1 0.5984375 0.7890625 0.01875 0.015625
1 0.9875 0.7609375 0.021875 0.01875
1 0.9140625 0.7078125 0.0203125 0.0171875
1 0.71875 0.6546875 0.015625 0.0140625
1 0.8546875 0.6484375 0.0171875 0.021875
1 0.896875 0.5328125 0.0234375 0.01875
0 0.67578125 0.88046875 0.1921875 0.1671875
0 0.7046875 0.6875 0.25 0.20625
0 0.64765625 0.59921875 0.1359375 0.1609375
1 0.66875 0.7515625 0.0140625 0.009375
1 0.6484375 0.684375 0.0140625 0.0203125
1 0.6640625 0.6234375 0.015625 0.01875
1 0.678125 0.6328125 0.0328125 0.059375