0 0.16953125 0.225 0.3390625 0.08125
1 0.0359375 0.259375 0.0140625 0.015625
1 0.15 0.3171875 0.040625 0.0390625
1 0.0296875 0.340625 0.0171875 0.01875
1 0.18125 0.396875 0.0171875 0.025
1 0.15625 0.42109375 0.040625 0.0359375
1 0.38125 0.42578125 0.03125 0.0265625
1 0.2796875 0.3640625 0.0359375 0.025
1 0.403125 0.3234375 0.01875 0.015625
1 0.9953125 0.06484375 0.009375 0.0453125
1 0.95 0.1359375 0.04375 0.0203125
1 0.8171875 0.221875 0.0390625 0.021875
1 0.78828125 0.01796875 0.0390625 0.0359375
1 0.71171875 0.0234375 0.0640625 0.046875
1 0.7140625 0.0859375 0.0453125 0.0234375
0 0.6171875 0.11796875 0.234375 0.2359375
1 0.50703125 0.22109375 0.0140625 0.0328125
1 0.2546875 0.6203125 0.0796875 0.0265625
1 0.184375 0.6640625 0.0671875 0.1125
1 0.3078125 0.75 0.0265625 0.0203125
0 0.2515625 0.80625 0.0875 0.0921875
1 0.0453125 0.8375 0.034375 0.0359375
1 0.2609375 0.8890625 0.090625 0.0515625
1 0.40625 0.9296875 0.0421875 0.03125
1 0.1125 0.9546875 0.01875 0.0390625
1 0.021875 0.9328125 0.0203125 0.040625
1 0.175 0.928125 0.09375 0.1015625
1 0.259375 0.95625 0.0671875 0.059375
1 0.3734375 0.7171875 0.1578125 0.1734375
1 0.2734375 0.6890625 0.0953125 0.08125
1 0.359375 0.85 0.1015625 0.11875
0 0.3703125 0.9625 0.140625 0.075
1 0.1203125 0.91875 0.0234375 0.0390625
1 0.125 0.8359375 0.1015625 0.134375
1 0.1328125 0.6484375 0.1 0.0796875
1 0.0859375 0.7546875 0.065625 0.0546875
1 0.040625 0.6765625 0.08125 0.096875
1 0.00703125 0.7453125 0.0140625 0.071875
1 0.0265625 0.7609375 0.0265625 0.053125
1 0.04375 0.7921875 0.0484375 0.03125
1 0.059375 0.903125 0.0578125 0.0578125
1 0.0171875 0.9796875 0.034375 0.040625
1 0.00625 0.84765625 0.0125 0.0265625
1 0.653125 0.6171875 0.0140625 0.0203125
1 0.56875 0.65625 0.0109375 0.0140625
0 0.709375 0.640625 0.1484375 0.1109375
1 0.953125 0.7203125 0.03125 0.0265625
1 0.515625 0.7953125 0.0203125 0.0109375
1 0.978125 0.840625 0.028125 0.03125
1 0.7734375 0.8703125 0.0375 0.028125
1 0.503125 0.9390625 0.00625 0.021875
1 0.80625 0.9453125 0.0359375 0.03125
1 0.8375 0.9578125 0.015625 0.01875
0 0.72890625 0.98125 0.1046875 0.0375
1 0.9671875 0.9859375 0.021875 0.021875
1 0.821875 0.965625 0.01875 0.015625
1 0.9203125 0.9328125 0.01875 0.009375
1 0.9 0.94375 0.0328125 0.0234375
1 0.9453125 0.80625 0.0234375 0.0234375
1 0.8375 0.8015625 0.028125 0.0265625
1 0.8421875 0.8359375 0.01875 0.0125
1 0.83125 0.6953125 0.0203125 0.028125
1 0.8515625 0.659375 0.01875 0.015625
1 0.91875 0.871875 0.0171875 0.01875
1 0.9953125 0.8734375 0.009375 0.015625
1 0.775 0.659375 0.0265625 0.0296875
1 0.6390625 0.95 0.01875 0.015625
1 0.575 0.8703125 0.0234375 0.021875
1 0.5109375 0.8890625 0.0203125 0.025
1 0.5171875 0.8546875 0.01875 0.015625
1 0.6625 0.99296875 0.046875 0.0140625
1 0.7640625 0.875 0.015625 0.0328125
0 0.74375 0.93125 0.10625 0.078125
1 0.6671875 0.8421875 0.025 0.0203125
1 0.64375 0.8328125 0.0296875 0.0109375
1 0.6359375 0.815625 0.0109375 0.0078125
1 0.7890625 0.6796875 0.015625 0.025
1 0.7859375 0.6921875 0.0125 0.015625
0 0.728125 0.7390625 0.1359375 0.0984375
0 0.7234375 0.7921875 0.14375 0.0671875
1 0.7046875 0.825 0.025 0.015625
0 0.75625 0.8546875 0.1265625 0.1015625