1 0.00078125 0.0765625 0.0015625 0.01875
1 0.021875 0.1359375 0.00625 0.009375
1 0.1125 0.2171875 0.0296875 0.0296875
1 0.1171875 0.16875 0.0515625 0.028125
1 0.1453125 0.0734375 0.0359375 0.0328125
1 0.1578125 0.26875 0.0234375 0.0125
1 0.1703125 0.0234375 0.028125 0.03125
1 0.196875 0.2109375 0.0296875 0.0328125
1 0.3234375 0.00703125 0.0375 0.0140625
1 0.453125 0.04375 0.0203125 0.025
1 0.46015625 0.0046875 0.0203125 0.009375
1 0.49375 0.053125 0.028125 0.009375
1 0.4890625 0.0328125 0.040625 0.0296875
1 0.09375 0.00546875 0.03125 0.0109375
1 0.1015625 0.0359375 0.0203125 0.0140625
1 0.1015625 0.0546875 0.0328125 0.0234375
1 0.071875 0.0484375 0.034375 0.040625
1 0.1890625 0.015625 0.0203125 0.00625
1 0.2078125 0.0625 0.021875 0.028125
1 0.2203125 0.0859375 0.0390625 0.059375
1 0.1265625 0.1375 0.0203125 0.0171875
1 0.1484375 0.1421875 0.0078125 0.0125
1 0.3203125 0.053125 0.05625 0.0625
1 0.26875 0.1390625 0.0171875 0.0171875
1 0.284375 0.1375 0.03125 0.0359375
1 0.2796875 0.0734375 0.0328125 0.040625
1 0.334375 0.0828125 0.021875 0.0265625
1 0.3046875 0.084375 0.025 0.04375
1 0.29375 0.103125 0.0140625 0.015625
1 0.3125 0.1078125 0.015625 0.015625
1 0.321875 0.090625 0.0140625 0.0078125
1 0.3546875 0.0140625 0.021875 0.0140625
1 0.409375 0.2375 0.028125 0.0171875
1 0.4125 0.209375 0.0234375 0.0234375
1 0.4703125 0.1828125 0.0640625 0.034375
1 0.459375 0.128125 0.015625 0.025
1 0.49375 0.1203125 0.0328125 0.040625
1 0.471875 0.128125 0.00625 0.021875
1 0.48125 0.140625 0.0125 0.01875
0 0.4984375 0.3015625 0.0328125 0.071875
1 0.465625 0.296875 0.03125 0.0234375
1 0.475 0.3203125 0.01875 0.0296875
1 0.4890625 0.35234375 0.046875 0.0140625
1 0.3234375 0.1953125 0.025 0.0234375
1 0.3421875 0.2140625 0.021875 0.0265625
1 0.2953125 0.2171875 0.0203125 0.0171875
1 0.25625 0.2203125 0.03125 0.021875
1 0.2140625 0.1765625 0.0296875 0.025
1 0.2796875 0.23125 0.0140625 0.0046875
1 0.396875 0.3109375 0.025 0.0375
1 0.0625 0.2421875 0.0265625 0.0328125
0 0.03671875 0.30859375 0.0734375 0.1015625
1 0.0328125 0.35 0.04375 0.01875
1 0.0859375 0.240625 0.021875 0.0265625
1 0.075 0.34765625 0.034375 0.0234375
0 0.10546875 0.29453125 0.0640625 0.1296875
0 0.175 0.303125 0.078125 0.1125
1 0.2125 0.353125 0.028125 0.0125
1 0.2265625 0.328125 0.0234375 0.0453125
1 0.24375 0.296875 0.01875 0.0203125
0 0.3234375 0.3203125 0.1375 0.078125
1 0.2625 0.33125 0.040625 0.0375
1 0.29765625 0.35234375 0.0296875 0.0140625
1 0.265625 0.278125 0.0328125 0.0296875
0 0.3671875 0.30234375 0.06875 0.1140625
1 0.15625 0.184375 0.0265625 0.03125
1 0.1515625 0.2109375 0.0234375 0.0265625
1 0.7234375 0.04609375 0.046875 0.0328125
1 0.75 0.190625 0.03125 0.0421875
1 0.76875 0.20625 0.0109375 0.015625
1 0.70859375 0.25546875 0.0171875 0.0578125
1 0.16875 0.99453125 0.028125 0.0109375
1 0.175 0.9453125 0.0390625 0.034375
1 0.2015625 0.8953125 0.034375 0.0125
1 0.23125 0.90625 0.0171875 0.0171875
1 0.2546875 0.3859375 0.025 0.015625
1 0.265625 0.55 0.034375 0.03125
1 0.2828125 0.5203125 0.046875 0.0359375
1 0.29375 0.4078125 0.05625 0.05625
1 0.3296875 0.553125 0.0265625 0.025
1 0.35625 0.8390625 0.0171875 0.0171875
1 0.3359375 0.5046875 0.0484375 0.0421875
1 0.4125 0.8390625 0.01875 0.0140625
1 0.434375 0.9890625 0.0234375 0.015625
1 0.428125 0.6859375 0.0234375 0.0203125
1 0.465625 0.5140625 0.01875 0.01875
1 0.48671875 0.99296875 0.0234375 0.0140625
0 0.46875 0.6375 0.0671875 0.0484375
1 0.534375 0.99609375 0.01875 0.0078125
1 0.5515625 0.915625 0.015625 0.0140625
1 0.5734375 0.775 0.0203125 0.028125
1 0.590625 0.421875 0.0359375 0.0171875
1 0.6046875 0.7828125 0.0171875 0.021875
1 0.6078125 0.8671875 0.0265625 0.015625
1 0.61328125 0.99453125 0.0203125 0.0109375
1 0.6171875 0.521875 0.04375 0.059375
1 0.6734375 0.675 0.00625 0.028125
1 0.359375 0.453125 0.0359375 0.0296875
1 0.3375 0.5703125 0.0140625 0.0109375
1 0.2953125 0.5734375 0.01875 0.01875
1 0.25625 0.5671875 0.0234375 0.021875
1 0.1984375 0.49375 0.01875 0.0125
1 0.46953125 0.37578125 0.0296875 0.0328125
1 0.478125 0.415625 0.0359375 0.0578125
1 0.5046875 0.5171875 0.0421875 0.065625
1 0.53125 0.515625 0.025 0.034375
1 0.4109375 0.5015625 0.015625 0.0125
1 0.55625 0.3875 0.0140625 0.0109375
1 0.1765625 0.553125 0.015625 0.015625
0 0.1703125 0.6421875 0.0375 0.1234375
1 0.2609375 0.6796875 0.009375 0.0140625
1 0.2828125 0.6859375 0.0203125 0.0078125
0 0.225 0.6328125 0.109375 0.084375
1 0.3296875 0.68125 0.0296875 0.0125
1 0.34375 0.70625 0.0171875 0.0109375
0 0.4 0.6390625 0.1078125 0.05625
1 0.6171875 0.625 0.0203125 0.0265625
0 0.5359375 0.634375 0.0453125 0.053125
0 0.6 0.63125 0.11875 0.046875
1 0.6609375 0.6890625 0.0328125 0.0328125
1 0.6328125 0.709375 0.046875 0.03125
1 0.6484375 0.7265625 0.0140625 0.0140625
1 0.209375 0.740625 0.015625 0.0203125
1 0.521875 0.7859375 0.021875 0.0203125
1 0.4078125 0.7703125 0.0265625 0.0234375
1 0.225 0.7796875 0.053125 0.034375
1 0.1984375 0.784375 0.0171875 0.0109375
1 0.1828125 0.7921875 0.0375 0.0203125
1 0.25625 0.8015625 0.021875 0.015625
1 0.2703125 0.8265625 0.0109375 0.009375
1 0.6296875 0.915625 0.0203125 0.021875
1 0.6109375 0.940625 0.0234375 0.0234375
1 0.4953125 0.9484375 0.0453125 0.04375
1 0.3890625 0.88125 0.015625 0.009375
1 0.2609375 0.878125 0.0265625 0.0171875
1 0.35390625 0.9984375 0.0171875 0.003125
1 0.7171875 0.5328125 0.0203125 0.015625
1 0.71953125 0.99609375 0.0140625 0.0078125
1 0.8703125 0.3609375 0.015625 0.003125
1 0.9 0.5203125 0.009375 0.0078125
1 0.925 0.728125 0.05625 0.01875
1 0.93125 0.5984375 0.0125 0.0109375
1 0.98671875 0.57265625 0.0265625 0.0265625
1 0.99375 0.3859375 0.0125 0.021875
0 0.9109375 0.89375 0.178125 0.2125
0 0.96796875 0.8421875 0.0640625 0.315625
1 0.921875 0.7859375 0.025 0.0375
0 0.7703125 0.86015625 0.140625 0.2078125