0 0.028125 0.59375 0.05625 0.05
1 0.0328125 0.5125 0.040625 0.0328125
0 0.24453125 0.6046875 0.1296875 0.028125
1 0.44375 0.575 0.0296875 0.0296875
1 0.0125 0.4078125 0.025 0.03125
1 0.0421875 0.4140625 0.034375 0.0265625
1 0.0453125 0.3296875 0.03125 0.0296875
1 0.0953125 0.34375 0.0234375 0.03125
1 0.1875 0.3140625 0.028125 0.025
1 0.159375 0.4546875 0.0265625 0.03125
1 0.421875 0.4375 0.0234375 0.0265625
1 0.3484375 0.353125 0.0359375 0.034375
1 0.33125 0.3046875 0.03125 0.03125
1 0.309375 0.2296875 0.0421875 0.0390625
1 0.3796875 0.2671875 0.0328125 0.021875
1 0.3703125 0.290625 0.03125 0.0234375
1 0.05625 0.209375 0.0375 0.028125
0 0.00546875 0.11796875 0.0109375 0.0984375
0 0.0890625 0.1078125 0.1453125 0.0921875
0 0.2203125 0.1140625 0.103125 0.1265625
1 0.03125 0.134375 0.028125 0.0375
1 0.1515625 0.053125 0.0296875 0.0328125
0 0.3578125 0.1265625 0.1515625 0.20625
0 0.43984375 0.11171875 0.0390625 0.1390625
1 0.4328125 0.1203125 0.0296875 0.040625
1 0.278125 0.0359375 0.025 0.0234375
1 0.05625 0.1890625 0.0203125 0.0234375
1 0.5234375 0.575 0.0125 0.0296875
1 0.55234375 0.60078125 0.0390625 0.0359375
1 0.5921875 0.5765625 0.0296875 0.028125
1 0.58671875 0.6109375 0.0453125 0.015625
1 0.6875 0.6078125 0.0625 0.021875
1 0.6890625 0.56875 0.034375 0.04375
1 0.6515625 0.56875 0.0296875 0.0265625
1 0.7171875 0.525 0.01875 0.0265625
1 0.7890625 0.5625 0.0671875 0.075
1 0.8046875 0.596875 0.01875 0.021875
1 0.9484375 0.60703125 0.025 0.0234375
1 0.8125 0.5 0.046875 0.0328125
1 0.8125 0.428125 0.0609375 0.0609375
1 0.871875 0.4171875 0.0546875 0.1046875
1 0.9421875 0.3828125 0.075 0.1109375
1 0.9421875 0.29375 0.05625 0.0390625
1 0.98671875 0.2734375 0.0265625 0.03125
0 0.91328125 0.46640625 0.1734375 0.2421875
1 0.784375 0.3484375 0.0203125 0.0328125
0 0.74375 0.4484375 0.0828125 0.1828125
0 0.625 0.453125 0.18125 0.140625
1 0.703125 0.375 0.0328125 0.0390625
1 0.725 0.384375 0.040625 0.0484375
1 0.7765625 0.2546875 0.040625 0.053125
1 0.828125 0.2546875 0.0859375 0.0625
1 0.8390625 0.2125 0.1140625 0.0625
1 0.903125 0.2234375 0.034375 0.05
1 0.9578125 0.2015625 0.084375 0.05625
1 0.89375 0.1578125 0.1015625 0.0640625
1 0.8 0.115625 0.1078125 0.090625
1 0.88125 0.115625 0.0359375 0.0359375
1 0.9203125 0.0859375 0.0515625 0.06875
1 0.978125 0.078125 0.04375 0.05
1 0.7453125 0.0734375 0.0625 0.0578125
1 0.7296875 0.01484375 0.046875 0.0296875
1 0.6984375 0.071875 0.0375 0.0796875
1 0.8 0.01171875 0.04375 0.0234375
1 0.859375 0.03125 0.06875 0.0546875
1 0.9328125 0.040625 0.0671875 0.04375
1 0.9109375 0.00859375 0.034375 0.0171875
1 0.959375 0.0125 0.08125 0.025
1 0.5390625 0.01484375 0.0375 0.0296875
1 0.5546875 0.0421875 0.0296875 0.03125
1 0.55625 0.0859375 0.0734375 0.0625
1 0.53125 0.1328125 0.0234375 0.040625
1 0.540625 0.18125 0.0421875 0.0375
1 0.596875 0.15625 0.05625 0.0625
1 0.5796875 0.1890625 0.025 0.0359375
1 0.653125 0.1390625 0.0328125 0.034375
1 0.625 0.203125 0.0234375 0.0203125
1 0.6640625 0.19375 0.059375 0.0328125
1 0.725 0.19375 0.0515625 0.053125
1 0.728125 0.240625 0.03125 0.046875
1 0.5265625 0.2359375 0.0171875 0.0296875
1 0.5765625 0.246875 0.084375 0.0765625
1 0.625 0.2515625 0.0421875 0.0546875
1 0.646875 0.3453125 0.1015625 0.090625
1 0.5953125 0.346875 0.028125 0.0453125
1 0.5515625 0.421875 0.0375 0.028125
1 0.53125 0.4609375 0.0265625 0.0609375
0 0.559375 0.3453125 0.0828125 0.1609375
1 0.6671875 0.0875 0.021875 0.034375
0 0.63203125 0.05 0.0921875 0.1
1 0.6796875 0.2328125 0.078125 0.05625
1 0.6734375 0.2875 0.09375 0.065625
1 0.421875 0.8859375 0.0125 0.0046875
1 0.2984375 0.903125 0.0171875 0.0234375
1 0.3234375 0.8640625 0.01875 0.0140625
1 0.203125 0.8578125 0.0125 0.0234375
1 0.30625 0.7046875 0.021875 0.0109375
0 0.2796875 0.7640625 0.1640625 0.2609375
1 0.428125 0.79375 0.0140625 0.0140625
0 0.375 0.73359375 0.16875 0.2296875
1 0.27578125 0.62109375 0.0140625 0.0046875
1 0.875 0.7859375 0.0203125 0.0203125
1 0.8703125 0.725 0.0234375 0.04375
1 0.8546875 0.965625 0.0625 0.0671875
1 0.821875 0.796875 0.0484375 0.040625
1 0.7796875 0.7609375 0.0375 0.0171875
1 0.7484375 0.7890625 0.0234375 0.021875
0 0.76015625 0.6375 0.1734375 0.0375
1 0.6734375 0.6796875 0.0515625 0.06875
1 0.6421875 0.7375 0.0328125 0.0625
1 0.653125 0.9453125 0.0421875 0.0359375
1 0.6125 0.6875 0.0125 0.0125
1 0.484375 0.67578125 0.05 0.0421875
1 0.53125 0.778125 0.096875 0.084375
1 0.78125 0.9578125 0.0546875 0.0765625
1 0.7390625 0.9109375 0.065625 0.075
1 0.7484375 0.90625 0.0203125 0.0140625
1 0.78125 0.9265625 0.0203125 0.0265625
1 0.5984375 0.85625 0.065625 0.0765625
1 0.6375 0.821875 0.021875 0.0109375
1 0.66875 0.7859375 0.015625 0.021875
1 0.6203125 0.921875 0.0578125 0.078125
1 0.6015625 0.903125 0.01875 0.025
1 0.571875 0.9234375 0.0328125 0.05625
1 0.7140625 0.6859375 0.0546875 0.0296875
1 0.5640625 0.7328125 0.0171875 0.0484375
1 0.51484375 0.91328125 0.1109375 0.1421875
1 0.525 0.965625 0.090625 0.06875