1 0.084375 0.0921875 0.0734375 0.0515625
1 0.1203125 0.0859375 0.0390625 0.0359375
1 0.1015625 0.1328125 0.025 0.0265625
1 0.075 0.1421875 0.0234375 0.0203125
1 0.2125 0.29375 0.0515625 0.040625
0 0.2703125 0.04765625 0.10625 0.0953125
0 0.2828125 0.1296875 0.1015625 0.1171875
0 0.2796875 0.2171875 0.0984375 0.1140625
0 0.26015625 0.290625 0.0546875 0.078125
1 0.4140625 0.16484375 0.05 0.0890625
1 0.4171875 0.0359375 0.0375 0.03125
1 0.33125 0.00625 0.028125 0.0125
1 0.315625 0.3140625 0.0234375 0.0171875
1 0.3578125 0.0671875 0.0296875 0.0203125
1 0.7046875 0.18125 0.0234375 0.0203125
1 0.98671875 0.253125 0.0265625 0.05625
1 0.9953125 0.28125 0.009375 0.0171875
1 0.9609375 0.2765625 0.0203125 0.0203125
1 0.97265625 0.321875 0.0359375 0.015625
1 0.8359375 0.2171875 0.0703125 0.053125
1 0.8875 0.2078125 0.0265625 0.03125
1 0.8890625 0.2578125 0.0265625 0.015625
1 0.6578125 0.228125 0.03125 0.028125
1 0.721875 0.2203125 0.01875 0.0203125
1 0.70625 0.203125 0.0140625 0.0125
1 0.75 0.225 0.0140625 0.0109375
1 0.6484375 0.2890625 0.059375 0.078125
1 0.5875 0.2734375 0.0296875 0.0171875
1 0.559375 0.2921875 0.0671875 0.0640625
1 0.61796875 0.29453125 0.0765625 0.0703125
0 0.69296875 0.26640625 0.0515625 0.1265625
1 0.5078125 0.3015625 0.01875 0.0140625
1 0.4984375 0.3125 0.021875 0.0171875
1 0.47265625 0.31953125 0.0671875 0.0203125
1 0.4421875 0.28671875 0.00625 0.0171875
1 0.503125 0.215625 0.0390625 0.0296875
1 0.03125 0.6578125 0.0171875 0.01875
1 0.0578125 0.6515625 0.0328125 0.03125
1 0.04375 0.7046875 0.0125 0.0125
1 0.084375 0.7078125 0.040625 0.0453125
1 0.171875 0.6703125 0.046875 0.0390625
1 0.23125 0.640625 0.0765625 0.0265625
1 0.2875 0.5828125 0.0234375 0.01875
1 0.203125 0.5796875 0.0125 0.0171875
1 0.18125 0.7640625 0.0265625 0.0234375
1 0.1984375 0.7359375 0.0234375 0.01875
1 0.2890625 0.759375 0.028125 0.01875
1 0.2984375 0.815625 0.05 0.0546875
1 0.2171875 0.484375 0.0234375 0.025
1 0.1015625 0.5046875 0.0203125 0.0140625
1 0.121875 0.503125 0.025 0.0265625
1 0.0703125 0.5453125 0.0265625 0.03125
1 0.090625 0.625 0.025 0.015625
1 0.0046875 0.7453125 0.009375 0.028125
1 0.04375 0.8078125 0.040625 0.034375
1 0.04375 0.8625 0.03125 0.05
1 0.0765625 0.846875 0.0171875 0.01875
1 0.06875 0.875 0.0125 0.0234375
1 0.034375 0.9140625 0.0203125 0.028125
1 0.1453125 0.9671875 0.021875 0.0140625
1 0.19375 0.9125 0.0390625 0.04375
1 0.234375 0.9296875 0.034375 0.046875
1 0.2203125 0.8375 0.025 0.025
1 0.390625 0.9453125 0.0328125 0.0609375
1 0.36875 0.96875 0.015625 0.0078125
1 0.415625 0.9703125 0.015625 0.0046875
1 0.36875 0.7421875 0.015625 0.0078125
1 0.3265625 0.4578125 0.0578125 0.01875
1 0.365625 0.503125 0.021875 0.01875
1 0.43125 0.50859375 0.015625 0.0234375
1 0.38125 0.521875 0.0265625 0.0171875
0 0.45703125 0.50625 0.0359375 0.15
1 0.515625 0.4421875 0.021875 0.015625
1 0.50625 0.4796875 0.0296875 0.05625
1 0.4953125 0.515625 0.0328125 0.0296875
0 0.4578125 0.66328125 0.0375 0.1171875
0 0.4765625 0.59765625 0.075 0.0734375
0 0.45390625 0.9296875 0.0296875 0.05
0 0.4609375 0.85 0.04375 0.125
0 0.45625 0.778125 0.034375 0.096875
1 0.525 0.9296875 0.0328125 0.0171875
1 0.5578125 0.9359375 0.034375 0.034375
1 0.515625 0.778125 0.0265625 0.028125
1 0.6625 0.7515625 0.0359375 0.0328125
1 0.6234375 0.74375 0.03125 0.0234375
1 0.671875 0.7734375 0.01875 0.0234375
1 0.665625 0.7828125 0.025 0.046875
1 0.6171875 0.85625 0.0640625 0.0515625
1 0.678125 0.8375 0.05625 0.0578125
1 0.6546875 0.91875 0.034375 0.0421875
1 0.6609375 0.88125 0.0203125 0.0265625
1 0.6203125 0.9421875 0.03125 0.028125
1 0.7046875 0.9390625 0.0359375 0.034375
1 0.734375 0.9171875 0.046875 0.0421875
0 0.9140625 0.909375 0.0984375 0.09375
1 0.8265625 0.8078125 0.065625 0.08125
0 0.934375 0.8109375 0.0875 0.075
0 0.925 0.7375 0.15 0.0828125
0 0.9265625 0.63125 0.1015625 0.1421875
1 0.8203125 0.6296875 0.0328125 0.0390625
1 0.8234375 0.55 0.025 0.0296875
1 0.8984375 0.5125 0.0203125 0.025
0 0.9359375 0.4734375 0.128125 0.0875
1 0.8359375 0.4921875 0.025 0.0265625
1 0.590625 0.4546875 0.0515625 0.05
1 0.6578125 0.5859375 0.025 0.0234375