1 0.159375 0.00859375 0.059375 0.0171875
1 0.3703125 0.00625 0.03125 0.0125
1 0.275 0.0296875 0.0375 0.01875
1 0.0140625 0.0671875 0.028125 0.040625
1 0.3671875 0.034375 0.021875 0.0265625
1 0.334375 0.05625 0.0265625 0.0359375
1 0.3578125 0.059375 0.0359375 0.028125
1 0.3828125 0.08125 0.03125 0.0703125
1 0.0890625 0.1046875 0.05 0.0625
1 0.153125 0.0796875 0.0296875 0.0359375
1 0.1734375 0.06875 0.0203125 0.0203125
1 0.2421875 0.0828125 0.021875 0.0265625
1 0.1203125 0.1421875 0.0296875 0.025
1 0.3765625 0.1671875 0.0375 0.0453125
0 0.321875 0.2046875 0.1328125 0.0640625
0 0.290625 0.2296875 0.115625 0.0796875
0 0.2078125 0.2046875 0.1171875 0.190625
1 0.253125 0.2625 0.0203125 0.0421875
1 0.2703125 0.1578125 0.046875 0.0484375
1 0.2421875 0.1109375 0.05 0.0546875
0 0.07578125 0.24921875 0.1515625 0.1515625
1 0.03984375 0.18828125 0.0796875 0.0796875
1 0.3125 0.15625 0.028125 0.028125
1 0.3484375 0.3625 0.0375 0.0390625
1 0.2796875 0.3265625 0.1625 0.14375
1 0.140625 0.309375 0.05625 0.0828125
1 0.078125 0.353125 0.040625 0.0625
1 0.1375 0.3921875 0.053125 0.06875
1 0.1828125 0.3984375 0.05625 0.0234375
1 0.1875 0.428125 0.0375 0.021875
1 0.2421875 0.396875 0.05625 0.046875
1 0.2671875 0.4359375 0.03125 0.0453125
1 0.38125 0.35625 0.0234375 0.0625
1 0.125 0.5921875 0.0265625 0.0265625
1 0.14375 0.5109375 0.0234375 0.03125
1 0.1890625 0.58125 0.0234375 0.0234375
1 0.19296875 0.61640625 0.0328125 0.0265625
1 0.28828125 0.6171875 0.0828125 0.025
1 0.3765625 0.51875 0.04375 0.034375
1 0.7265625 0.05 0.0421875 0.03125
1 0.75 0.0296875 0.0296875 0.021875
1 0.7765625 0.3109375 0.0328125 0.05625
1 0.8546875 0.0125 0.0171875 0.0140625
1 0.859375 0.36875 0.015625 0.009375
1 0.896875 0.0140625 0.0078125 0.0125
1 0.90625 0.071875 0.015625 0.0171875
1 0.9234375 0.071875 0.0203125 0.0234375
1 0.99375 0.25234375 0.0125 0.0265625
1 0.9859375 0.19453125 0.028125 0.0640625
1 0.771875 0.3671875 0.046875 0.0375
0 0.83203125 0.315625 0.3359375 0.528125
1 0.3421875 0.7890625 0.053125 0.0453125
0 0.253125 0.790625 0.1546875 0.275
0 0.1703125 0.76875 0.121875 0.278125
1 0.5078125 0.9640625 0.096875 0.071875
1 0.4859375 0.9421875 0.009375 0.021875
0 0.4984375 0.81484375 0.203125 0.3703125
0 0.575 0.8046875 0.05 0.078125
1 0.9390625 0.7171875 0.05625 0.071875
1 0.734375 0.64765625 0.05625 0.0359375
0 0.7390625 0.79375 0.065625 0.140625
0 0.803125 0.80625 0.128125 0.1234375
0 0.896875 0.7765625 0.1109375 0.103125
1 0.98046875 0.83515625 0.0390625 0.0640625
1 0.9109375 0.934375 0.05 0.0703125
1 0.9734375 0.9375 0.028125 0.0296875
1 0.98515625 0.95546875 0.0296875 0.0359375
1 0.95078125 0.96875 0.0484375 0.0625
1 0.92265625 0.975 0.0859375 0.05
1 0.871875 0.97109375 0.03125 0.0578125
1 0.8359375 0.8890625 0.0625 0.046875
1 0.825 0.95 0.0609375 0.0578125
1 0.75546875 0.97421875 0.0453125 0.0515625
1 0.78359375 0.9859375 0.0609375 0.028125