1 0.5296875 0.36875 0.0265625 0.015625
1 0.515625 0.3484375 0.034375 0.025
1 0.509375 0.3171875 0.0234375 0.025
1 0.525 0.3328125 0.0296875 0.0234375
1 0.515625 0.2859375 0.0328125 0.0328125
1 0.58515625 0.371875 0.0296875 0.015625
1 0.58515625 0.34375 0.0484375 0.05
1 0.5828125 0.3046875 0.0296875 0.0484375
1 0.5671875 0.2734375 0.0265625 0.021875
1 0.58125 0.284375 0.0140625 0.028125
1 0.5328125 0.2 0.0328125 0.028125
1 0.60078125 0.19921875 0.0171875 0.0265625
1 0.5390625 0.0890625 0.0390625 0.0390625
1 0.515625 0.084375 0.0125 0.0359375
1 0.4984375 0.0796875 0.0109375 0.015625
1 0.44375 0.06875 0.0265625 0.0234375
1 0.5140625 0.0546875 0.0171875 0.0078125
1 0.50625 0.1515625 0.03125 0.03125
1 0.4734375 0.178125 0.0375 0.034375
1 0.5109375 0.2140625 0.021875 0.0234375
1 0.4640625 0.3015625 0.0203125 0.0171875
1 0.3140625 0.3203125 0.03125 0.0296875
1 0.375 0.3421875 0.025 0.021875
1 0.6046875 0.2375 0.009375 0.01875
1 0.5578125 0.25 0.0234375 0.021875
1 0.5546875 0.3 0.0234375 0.021875
1 0.54375 0.30625 0.021875 0.0265625
1 0.584375 0.0890625 0.0359375 0.034375
1 0.515625 0.2671875 0.040625 0.0265625
1 0.328125 0.2734375 0.040625 0.0390625
1 0.346875 0.2796875 0.01875 0.0234375
1 0.3765625 0.25 0.040625 0.0375
1 0.353125 0.2671875 0.0171875 0.0234375
1 0.3625 0.2578125 0.015625 0.0140625
1 0.3359375 0.2671875 0.0265625 0.0234375
1 0.3375 0.20625 0.0421875 0.0328125
1 0.39375 0.1875 0.028125 0.0390625
1 0.3703125 0.184375 0.0109375 0.015625
1 0.3671875 0.0703125 0.059375 0.040625
1 0.3578125 0.096875 0.05 0.0515625
1 0.3453125 0.1640625 0.046875 0.0265625
1 0.375 0.146875 0.021875 0.01875
1 0.359375 0.1296875 0.028125 0.0203125
1 0.334375 0.1125 0.040625 0.0328125
1 0.240625 0.1125 0.021875 0.0234375
1 0.29375 0.125 0.0484375 0.04375
1 0.2953125 0.1515625 0.0203125 0.0140625
1 0.2125 0.1890625 0.009375 0.015625
1 0.1625 0.2171875 0.0234375 0.01875
1 0.1984375 0.3015625 0.0328125 0.0296875
1 0.1640625 0.175 0.0234375 0.021875
1 0.0875 0.0984375 0.0265625 0.0296875
1 0.05625 0.13125 0.021875 0.0171875
1 0.075 0.16875 0.0203125 0.015625
1 0.1046875 0.2265625 0.0203125 0.01875
1 0.1 0.2421875 0.0234375 0.0078125
1 0.0453125 0.23125 0.03125 0.021875
1 0.05 0.2203125 0.0203125 0.0140625
1 0.08984375 0.37734375 0.0234375 0.0046875
0 0.12890625 0.2796875 0.2578125 0.2
1 0.3015625 0.253125 0.0171875 0.01875
1 0.3484375 0.2453125 0.0265625 0.03125
0 0.14296875 0.1265625 0.2859375 0.153125
1 0.953125 0.3015625 0.0203125 0.0171875
1 0.9265625 0.1828125 0.0203125 0.021875
1 0.9609375 0.1359375 0.0203125 0.01875
1 0.94375 0.1234375 0.009375 0.025
1 0.9359375 0.1328125 0.0234375 0.0203125
1 0.959375 0.0875 0.01875 0.0109375
1 0.98125 0.0515625 0.025 0.0296875
1 0.934375 0.0453125 0.025 0.01875
1 0.9125 0.0515625 0.01875 0.0234375
1 0.91953125 0.00625 0.0234375 0.0125
1 0.90546875 0.00625 0.0171875 0.0125
1 0.9234375 0.103125 0.028125 0.015625
1 0.928125 0.1171875 0.015625 0.015625
1 0.89375 0.3640625 0.01875 0.0171875
1 0.90625 0.375 0.0125 0.009375
1 0.85625 0.3703125 0.03125 0.01875
1 0.8375 0.36875 0.0140625 0.015625
1 0.81328125 0.375 0.0296875 0.009375
1 0.8390625 0.3296875 0.0296875 0.03125
1 0.8734375 0.334375 0.015625 0.0328125
1 0.85 0.3109375 0.0234375 0.0265625
1 0.865625 0.296875 0.040625 0.0234375
1 0.9 0.271875 0.03125 0.015625
1 0.825 0.29375 0.015625 0.00625
1 0.84375 0.303125 0.0234375 0.025
1 0.9203125 0.2328125 0.0125 0.0125
1 0.8796875 0.203125 0.0296875 0.0328125
1 0.8828125 0.11875 0.0203125 0.0203125
1 0.80546875 0.009375 0.0171875 0.01875
1 0.82265625 0.0046875 0.0265625 0.009375
1 0.821875 0.0203125 0.0328125 0.0359375
1 0.834375 0.0203125 0.015625 0.0203125
1 0.85 0.0421875 0.034375 0.03125
1 0.8546875 0.03125 0.034375 0.01875
1 0.8421875 0.015625 0.0078125 0.0203125
1 0.8046875 0.1046875 0.0234375 0.0203125
1 0.84375 0.1359375 0.0234375 0.03125
1 0.828125 0.20625 0.0265625 0.0171875
1 0.83125 0.2171875 0.0125 0.009375
1 0.75 0.18125 0.0453125 0.025
1 0.7109375 0.1640625 0.0125 0.015625
1 0.76875 0.240625 0.01875 0.015625
1 0.7609375 0.246875 0.0078125 0.0078125
1 0.7359375 0.25625 0.01875 0.021875
1 0.7203125 0.2671875 0.01875 0.0171875
1 0.725 0.33125 0.0125 0.0203125
1 0.69375 0.3484375 0.00625 0.003125
1 0.7609375 0.33125 0.0328125 0.0234375
1 0.76015625 0.37421875 0.0140625 0.0109375
1 0.76796875 0.35390625 0.0640625 0.0515625
1 0.65703125 0.37421875 0.0296875 0.0109375
1 0.6328125 0.321875 0.0140625 0.015625
1 0.6375 0.2875 0.025 0.0203125
1 0.6390625 0.2765625 0.0140625 0.01875
1 0.6453125 0.2109375 0.021875 0.01875
1 0.6265625 0.1796875 0.0125 0.01875
1 0.61328125 0.14765625 0.0078125 0.0390625
1 0.621875 0.1515625 0.009375 0.0109375
1 0.61796875 0.1171875 0.0171875 0.015625
1 0.709375 0.0609375 0.0203125 0.0296875
1 0.671875 0.0578125 0.00625 0.00625
1 0.6765625 0.078125 0.0140625 0.0125
1 0.709375 0.0234375 0.00625 0.00625
1 0.6265625 0.0421875 0.03125 0.0203125
1 0.6265625 0.0265625 0.034375 0.025
1 0.61484375 0.00859375 0.0109375 0.0140625
1 0.62734375 0.2390625 0.0359375 0.05
1 0.6171875 0.209375 0.015625 0.01875
1 0.86015625 0.00703125 0.0390625 0.0140625
1 0.603125 0.5765625 0.0125 0.03125
1 0.565625 0.928125 0.025 0.0171875
1 0.203125 0.93125 0.015625 0.025
1 0.3015625 0.7265625 0.03125 0.03125
1 0.2671875 0.6234375 0.009375 0.009375
1 0.1875 0.58125 0.025 0.0234375
1 0.1703125 0.8109375 0.1140625 0.096875
0 0.41171875 0.8859375 0.2546875 0.228125
0 0.4203125 0.6953125 0.153125 0.221875
0 0.4765625 0.621875 0.13125 0.1546875
0 0.403125 0.571875 0.065625 0.0546875
1 0.096875 0.7296875 0.015625 0.0171875
0 0.75703125 0.915625 0.2953125 0.16875
0 0.675 0.61796875 0.13125 0.1984375
0 0.7890625 0.528125 0.08125 0.0140625
1 0.6484375 0.7421875 0.0359375 0.03125
1 0.7734375 0.7265625 0.0234375 0.025
1 0.9265625 0.8171875 0.0390625 0.040625
1 0.9734375 0.65 0.05 0.0234375
1 0.9078125 0.5859375 0.04375 0.0375
1 0.96875 0.5703125 0.025 0.0171875
1 0.90625 0.6953125 0.03125 0.01875
1 0.653125 0.80625 0.03125 0.021875
1 0.61796875 0.790625 0.0171875 0.01875