1 0.13125 0.0453125 0.053125 0.0796875
1 0.1921875 0.0328125 0.021875 0.03125
1 0.0828125 0.00703125 0.046875 0.0140625
1 0.0046875 0.13046875 0.009375 0.0296875
0 0.01484375 0.375 0.0296875 0.109375
0 0.0453125 0.35078125 0.090625 0.1109375
0 0.14375 0.3578125 0.1421875 0.1796875
0 0.2234375 0.36015625 0.053125 0.1265625
1 0.234375 0.46640625 0.03125 0.0265625
1 0.109375 0.4640625 0.0265625 0.021875
1 0.05625 0.46640625 0.028125 0.0265625
1 0.03046875 0.47421875 0.0171875 0.0109375
1 0.4140625 0.1703125 0.0265625 0.0453125
1 0.6015625 0.1171875 0.04375 0.028125
1 0.5234375 0.165625 0.0390625 0.0421875
1 0.4828125 0.1953125 0.01875 0.01875
1 0.5375 0.2625 0.0328125 0.0390625
1 0.734375 0.1828125 0.053125 0.0453125
0 0.29375 0.31640625 0.0875 0.1578125
0 0.38125 0.3671875 0.084375 0.0828125
1 0.36875 0.2859375 0.021875 0.0265625
0 0.44375 0.3203125 0.1171875 0.0703125
0 0.528125 0.3734375 0.196875 0.06875
0 0.628125 0.3921875 0.1359375 0.1109375
0 0.7515625 0.3890625 0.040625 0.0578125
1 0.7125 0.38125 0.0328125 0.0421875
1 0.146875 0.9828125 0.009375 0.0078125
1 0.04375 0.903125 0.0296875 0.025
1 0.0328125 0.9359375 0.0328125 0.021875
1 0.0125 0.9375 0.0140625 0.0265625
1 0.0140625 0.9796875 0.0234375 0.0125
1 0.121875 0.825 0.028125 0.065625
1 0.03125 0.8015625 0.025 0.028125
1 0.1078125 0.74375 0.0203125 0.01875
1 0.121875 0.696875 0.00625 0.0078125
1 0.140625 0.675 0.0296875 0.028125
1 0.0703125 0.6421875 0.0203125 0.0234375
0 0.0234375 0.63125 0.0390625 0.09375
1 0.1015625 0.646875 0.0171875 0.021875
0 0.103125 0.6328125 0.0796875 0.0515625
1 0.071875 0.6046875 0.0234375 0.0234375
1 0.24609375 0.59140625 0.0078125 0.0109375
1 0.2375 0.5578125 0.025 0.025
1 0.19375 0.5671875 0.034375 0.0375
1 0.1703125 0.5671875 0.028125 0.04375
1 0.16015625 0.49921875 0.0546875 0.0390625
1 0.1890625 0.4953125 0.0234375 0.0234375
1 0.1859375 0.48359375 0.021875 0.0078125
0 0.175 0.6203125 0.11875 0.1765625
1 0.159375 0.553125 0.009375 0.015625
1 0.0265625 0.5140625 0.05 0.06875
1 0.0328125 0.540625 0.0125 0.009375
0 0.2828125 0.921875 0.00625 0.046875
1 0.3 0.8171875 0.0328125 0.05
1 0.3421875 0.6796875 0.0296875 0.0375
1 0.3703125 0.603125 0.0140625 0.009375
1 0.3953125 0.8109375 0.0109375 0.0125
1 0.4890625 0.715625 0.0234375 0.0296875
1 0.51875 0.825 0.0078125 0.0171875
1 0.515625 0.7046875 0.015625 0.0140625
0 0.71796875 0.93828125 0.1015625 0.1234375
1 0.7640625 0.503125 0.034375 0.046875
0 0.3859375 0.92734375 0.20625 0.1453125
0 0.56015625 0.94375 0.1890625 0.1125