1 0.471875 0.0234375 0.0171875 0.040625
1 0.4453125 0.0828125 0.028125 0.0296875
1 0.303125 0.078125 0.025 0.025
1 0.2375 0.0703125 0.053125 0.0328125
1 0.21875 0.0390625 0.0171875 0.0265625
1 0.103125 0.0328125 0.0390625 0.05
1 0.0359375 0.01796875 0.0375 0.0359375
1 0.121875 0.109375 0.071875 0.040625
1 0.378125 0.09375 0.0328125 0.04375
1 0.396875 0.1109375 0.0078125 0.0203125
1 0.4765625 0.115625 0.009375 0.0171875
1 0.2453125 0.2125 0.0109375 0.0171875
1 0.209375 0.1859375 0.0265625 0.0296875
1 0.2890625 0.1640625 0.034375 0.0578125
1 0.3703125 0.15625 0.0125 0.009375
1 0.3328125 0.14375 0.0640625 0.0625
1 0.034375 0.1953125 0.0171875 0.021875
1 0.078125 0.2890625 0.0234375 0.0078125
1 0.05625 0.2875 0.015625 0.021875
1 0.03125 0.328125 0.021875 0.0140625
1 0.0453125 0.34609375 0.015625 0.0078125
1 0.20625 0.2640625 0.0328125 0.03125
1 0.20078125 0.33515625 0.0421875 0.0296875
1 0.14375 0.33125 0.025 0.0234375
0 0.14375 0.278125 0.0703125 0.09375
1 0.271875 0.3171875 0.0265625 0.021875
0 0.2359375 0.2859375 0.109375 0.090625
0 0.2875 0.2890625 0.0625 0.0375
1 0.2625 0.25 0.0578125 0.03125
0 0.365625 0.2890625 0.1328125 0.06875
0 0.46875 0.2828125 0.025 0.0578125
1 0.4515625 0.2515625 0.0578125 0.0421875
1 0.340625 0.325 0.0203125 0.0203125
1 0.359375 0.3296875 0.015625 0.0140625
1 0.1953125 0.090625 0.0125 0.0234375
1 0.63515625 0.12734375 0.0515625 0.1015625
1 0.990625 0.075 0.0171875 0.015625
1 0.98984375 0.1359375 0.0203125 0.021875
1 0.9375 0.2875 0.0421875 0.0390625
1 0.975 0.3296875 0.0265625 0.025
1 0.79375 0.309375 0.034375 0.0390625
0 0.7375 0.13125 0.2 0.1953125
0 0.8125 0.1578125 0.128125 0.109375
1 0.2171875 0.378125 0.034375 0.04375
1 0.2765625 0.971875 0.021875 0.0453125
1 0.0484375 0.6421875 0.0296875 0.0265625
1 0.1484375 0.559375 0.0421875 0.0734375
1 0.1625 0.628125 0.0328125 0.0546875
1 0.2140625 0.559375 0.0359375 0.025
0 0.25 0.578125 0.1296875 0.1296875
0 0.3375 0.5875 0.0734375 0.159375
1 0.2296875 0.8109375 0.0234375 0.0203125
1 0.225 0.90625 0.0203125 0.021875
1 0.1875 0.9125 0.025 0.0203125
1 0.14375 0.88125 0.0171875 0.025
1 0.9859375 0.4375 0.028125 0.1
1 0.9265625 0.453125 0.0359375 0.04375
1 0.909375 0.5421875 0.0390625 0.046875
1 0.759375 0.53125 0.128125 0.1078125
1 0.9765625 0.6171875 0.046875 0.04375
0 0.978125 0.70703125 0.04375 0.1109375
1 0.9625 0.6859375 0.0625 0.0671875
0 0.86875 0.7421875 0.1 0.1640625
1 0.6921875 0.6578125 0.0234375 0.0453125
1 0.70625 0.7265625 0.05625 0.1375
1 0.7796875 0.846875 0.0890625 0.05625
1 0.934375 0.984375 0.075 0.03125
1 0.8890625 0.9046875 0.040625 0.0453125
1 0.9671875 0.5640625 0.028125 0.0375