1 0.54296875 0.1375 0.0140625 0.034375
1 0.50078125 0.30859375 0.0984375 0.1203125
1 0.4609375 0.00390625 0.04375 0.0078125
1 0.25234375 0.00234375 0.0390625 0.0046875
1 0.23125 0.2703125 0.0375 0.021875
1 0.2296875 0.159375 0.0375 0.028125
1 0.1515625 0.05625 0.01875 0.0265625
0 0.1609375 0.2671875 0.13125 0.1109375
1 0.29453125 0.00625 0.0234375 0.0125
0 0.28984375 0.3 0.1546875 0.1375
1 0.3625 0.33515625 0.053125 0.0671875
0 0.4109375 0.284375 0.046875 0.084375
1 0.271875 0.0484375 0.0234375 0.0421875
1 0.99296875 0.0796875 0.0140625 0.03125
1 0.9828125 0.01875 0.01875 0.0296875
1 0.9734375 0.346875 0.0375 0.0359375
1 0.9203125 0.2109375 0.0328125 0.03125
1 0.7796875 0.309375 0.0234375 0.0484375
1 0.7421875 0.0859375 0.0375 0.040625
1 0.734375 0.35625 0.025 0.01875
1 0.7359375 0.128125 0.034375 0.05625
1 0.7203125 0.1484375 0.0140625 0.028125
1 0.778125 0.2828125 0.021875 0.0296875
1 0.759375 0.2671875 0.01875 0.0296875
1 0.7515625 0.14375 0.0453125 0.0328125
1 0.6734375 0.3015625 0.0265625 0.0296875
1 0.68125 0.134375 0.0203125 0.03125
1 0.809375 0.1171875 0.0390625 0.0421875
1 0.8015625 0.08125 0.0375 0.0421875
1 0.7359375 0.00625 0.03125 0.0125
1 0.9265625 0.0046875 0.025 0.009375
0 0.3125 0.3828125 0.121875 0.028125
0 0.503125 0.38515625 0.09375 0.0328125
0 0.16875 0.89375 0.11875 0.1375
0 0.4046875 0.890625 0.1375 0.06875
0 0.515625 0.8953125 0.059375 0.0734375
1 0.2828125 0.8734375 0.0828125 0.0875
1 0.54140625 0.8390625 0.0171875 0.0625
1 0.259375 0.446875 0.0296875 0.075
1 0.3296875 0.4265625 0.0625 0.04375
1 0.45390625 0.40625 0.0453125 0.075
1 0.2078125 0.446875 0.0265625 0.0671875
1 0.1171875 0.715625 0.040625 0.0375
1 0.190625 0.596875 0.021875 0.0296875
1 0.29375 0.4875 0.0234375 0.025
1 0.2546875 0.6703125 0.01875 0.021875
1 0.4109375 0.4234375 0.0390625 0.03125
1 0.384375 0.440625 0.0140625 0.0125
1 0.4703125 0.5703125 0.03125 0.0265625
1 0.35 0.5515625 0.0265625 0.028125
1 0.3921875 0.4796875 0.03125 0.0203125
1 0.1015625 0.4546875 0.0234375 0.0296875
1 0.3015625 0.7 0.028125 0.0140625
1 0.5140625 0.703125 0.0234375 0.0234375
1 0.45625 0.9390625 0.0625 0.046875
1 0.10625 0.5671875 0.025 0.0234375
0 0.2046875 0.396875 0.121875 0.05625
0 0.12109375 0.3984375 0.0890625 0.059375
1 0.7421875 0.965625 0.0265625 0.01875
1 0.625 0.8796875 0.0265625 0.0203125
1 0.6671875 0.8984375 0.0265625 0.034375
1 0.675 0.9078125 0.0265625 0.0375
1 0.9453125 0.8921875 0.015625 0.0203125
1 0.9625 0.8390625 0.0078125 0.0140625
1 0.60625 0.375 0.0203125 0.0125
1 0.59296875 0.3734375 0.0140625 0.009375
1 0.5921875 0.48125 0.0328125 0.025
1 0.5671875 0.478125 0.0046875 0.009375
1 0.71640625 0.378125 0.0359375 0.01875
1 0.8890625 0.415625 0.0234375 0.0109375
1 0.88125 0.43125 0.0171875 0.028125
1 0.8890625 0.4546875 0.021875 0.025
1 0.8703125 0.496875 0.0125 0.0171875
1 0.9046875 0.43125 0.03125 0.028125
1 0.9078125 0.45625 0.0109375 0.015625
1 0.8125 0.484375 0.0484375 0.040625
0 0.5921875 0.596875 0.05625 0.034375
1 0.8890625 0.6078125 0.015625 0.015625
1 0.928125 0.76875 0.04375 0.0359375
1 0.94375 0.7796875 0.0203125 0.034375
1 0.9578125 0.7875 0.0171875 0.025
1 0.9515625 0.771875 0.0359375 0.0203125
0 0.95859375 0.6546875 0.0828125 0.396875
1 0.9484375 0.7546875 0.01875 0.0140625
1 0.7234375 0.79375 0.0515625 0.0390625
0 0.69375 0.73125 0.2296875 0.3625
0 0.8921875 0.721875 0.215625 0.209375