1 0.1734375 0.2109375 0.1015625 0.1015625
1 0.2375 0.26875 0.071875 0.0578125
1 0.2875 0.284375 0.0109375 0.0390625
1 0.00390625 0.02890625 0.0078125 0.0390625
1 0.2328125 0.146875 0.0203125 0.0296875
1 0.2765625 0.20625 0.03125 0.0359375
0 0.0734375 0.20703125 0.146875 0.1953125
0 0.01796875 0.18125 0.0359375 0.109375
1 0.99453125 0.19140625 0.0109375 0.0421875
1 0.978125 0.1484375 0.0078125 0.0078125
1 0.9546875 0.3609375 0.05 0.025
1 0.934375 0.1984375 0.0390625 0.028125
1 0.9078125 0.2921875 0.015625 0.015625
1 0.8859375 0.1296875 0.015625 0.0265625
1 0.88671875 0.403125 0.0203125 0.0125
1 0.8796875 0.1796875 0.03125 0.0171875
1 0.840625 0.2234375 0.01875 0.028125
1 0.8453125 0.2625 0.03125 0.03125
1 0.8109375 0.2953125 0.0375 0.0203125
1 0.8078125 0.2546875 0.034375 0.0328125
1 0.790625 0.20625 0.009375 0.0078125
1 0.7859375 0.29375 0.0125 0.015625
1 0.7703125 0.35 0.0078125 0.0328125
1 0.7546875 0.39609375 0.01875 0.0265625
0 0.9796875 0.09375 0.040625 0.096875
0 0.9125 0.07109375 0.10625 0.1421875
0 0.803125 0.090625 0.1171875 0.14375
1 0.9140625 0.3421875 0.040625 0.0328125
1 0.9203125 0.3640625 0.015625 0.0171875
1 0.7484375 0.375 0.009375 0.0203125
1 0.7921875 0.2359375 0.0296875 0.015625
1 0.7984375 0.228125 0.03125 0.0265625
1 0.8078125 0.20625 0.0140625 0.01875
1 0.3453125 0.9625 0.0390625 0.021875
1 0.29375 0.6296875 0.009375 0.015625
1 0.2703125 0.6140625 0.009375 0.009375
1 0.26875 0.7890625 0.0296875 0.03125
1 0.2578125 0.865625 0.0078125 0.0109375
1 0.20625 0.928125 0.0203125 0.0078125
1 0.0296875 0.9703125 0.0203125 0.0125
1 0.0203125 0.9109375 0.0078125 0.0078125
1 0.009375 0.8390625 0.015625 0.0078125
1 0.003125 0.52578125 0.00625 0.0234375
1 0.359375 0.59375 0.0234375 0.0203125
1 0.378125 0.5984375 0.0125 0.0203125
1 0.471875 0.7515625 0.0203125 0.0546875
0 0.35625 0.6421875 0.28125 0.3453125
0 0.15390625 0.61875 0.3078125 0.41875
0 0.05625 0.63125 0.1125 0.215625
1 0.9890625 0.62421875 0.021875 0.0484375
1 0.978125 0.6875 0.04375 0.071875
1 0.959375 0.734375 0.04375 0.04375
1 0.8265625 0.6078125 0.084375 0.0890625
1 0.796875 0.6609375 0.075 0.0546875
1 0.8 0.7296875 0.0953125 0.0765625
1 0.7390625 0.6046875 0.0359375 0.0703125
1 0.890625 0.821875 0.0546875 0.040625
1 0.7578125 0.8890625 0.0453125 0.0859375
1 0.8765625 0.98125 0.0203125 0.034375
1 0.965625 0.884375 0.059375 0.059375
1 0.9640625 0.6046875 0.03125 0.025
0 0.9203125 0.48125 0.159375 0.1375
0 0.78125 0.4921875 0.1203125 0.146875