1 0.3625 0.015625 0.0171875 0.0140625
1 0.3875 0.0109375 0.0375 0.021875
1 0.4390625 0.0421875 0.040625 0.0328125
1 0.4078125 0.025 0.0171875 0.028125
1 0.4359375 0.00859375 0.015625 0.0171875
1 0.4796875 0.0578125 0.046875 0.05625
1 0.503125 0.06875 0.03125 0.040625
1 0.453125 0.1 0.0671875 0.03125
0 0.446875 0.21875 0.2890625 0.2234375
0 0.30625 0.20625 0.2109375 0.26875
1 0.3359375 0.05 0.03125 0.015625
1 0.3828125 0.065625 0.015625 0.0390625
1 0.390625 0.1140625 0.0171875 0.0296875
1 0.3546875 0.10625 0.0484375 0.025
1 0.3546875 0.1296875 0.0265625 0.0296875
1 0.221875 0.25625 0.034375 0.0359375
1 0.24375 0.265625 0.034375 0.0421875
1 0.2984375 0.24375 0.015625 0.0140625
1 0.2328125 0.34375 0.0265625 0.0203125
1 0.2390625 0.328125 0.034375 0.021875
1 0.2265625 0.4046875 0.034375 0.0390625
1 0.2421875 0.41875 0.01875 0.028125
1 0.3703125 0.34375 0.053125 0.034375
1 0.35625 0.39375 0.0625 0.059375
1 0.4421875 0.34375 0.021875 0.0390625
1 0.4171875 0.3703125 0.028125 0.0296875
1 0.4375 0.3703125 0.025 0.0296875
1 0.403125 0.35625 0.0265625 0.0078125
1 0.4234375 0.4390625 0.0296875 0.0484375
1 0.4125 0.4 0.0171875 0.0171875
1 0.4625 0.4015625 0.034375 0.05
1 0.509375 0.4375 0.0375 0.0421875
1 0.3296875 0.49375 0.028125 0.0359375
1 0.434375 0.403125 0.0171875 0.0234375
1 0.546875 0.515625 0.034375 0.00625
1 0.50078125 0.5046875 0.0484375 0.028125
1 0.4078125 0.4796875 0.0234375 0.0140625
0 0.5625 0.18359375 0.075 0.2953125
1 0.58046875 0.29375 0.0390625 0.04375
1 0.5640625 0.3046875 0.0328125 0.0390625
1 0.528125 0.20625 0.021875 0.0203125
1 0.6078125 0.46484375 0.015625 0.0265625
1 0.625 0.1859375 0.0125 0.0171875
1 0.73125 0.0328125 0.0078125 0.0140625
1 0.7265625 0.465625 0.025 0.0265625
1 0.7453125 0.159375 0.0078125 0.0109375
1 0.7484375 0.4421875 0.0234375 0.0125
0 0.72109375 0.2171875 0.2421875 0.134375
1 0.84375 0.1890625 0.015625 0.0078125
0 0.8765625 0.2390625 0.0296875 0.009375
1 0.603125 0.49609375 0.00625 0.0140625
1 0.7953125 0.4515625 0.0234375 0.021875
1 0.8109375 0.4546875 0.0234375 0.015625
0 0.2234375 0.66328125 0.1125 0.2890625
1 0.2546875 0.85 0.0484375 0.0453125
1 0.3171875 0.859375 0.0203125 0.028125
1 0.3484375 0.840625 0.0234375 0.0140625
1 0.3296875 0.59375 0.025 0.0359375
0 0.3765625 0.64375 0.275 0.2328125
1 0.378125 0.621875 0.025 0.021875
1 0.396875 0.615625 0.0140625 0.021875
1 0.4375 0.675 0.0125 0.015625
1 0.59453125 0.5265625 0.0109375 0.015625
1 0.490625 0.55 0.0265625 0.0265625
1 0.5125 0.6046875 0.0203125 0.025
1 0.5265625 0.553125 0.0125 0.0203125
1 0.5109375 0.6421875 0.021875 0.015625
1 0.4875 0.603125 0.028125 0.028125
0 0.54375 0.640625 0.1125 0.24375
1 0.5203125 0.6265625 0.01875 0.0125
1 0.5921875 0.66953125 0.015625 0.0234375
1 0.58125 0.6671875 0.0140625 0.0140625
1 0.5859375 0.6890625 0.028125 0.028125
1 0.58125 0.71875 0.0375 0.0296875
1 0.5875 0.84375 0.025 0.0375
1 0.575 0.8546875 0.028125 0.0140625
1 0.553125 0.86875 0.01875 0.01875
1 0.596875 0.87109375 0.00625 0.0359375
1 0.5421875 0.978125 0.025 0.01875
1 0.5078125 0.8640625 0.01875 0.01875
1 0.484375 0.85625 0.0234375 0.034375
1 0.478125 0.93125 0.021875 0.015625
1 0.4453125 0.99765625 0.021875 0.0046875
1 0.4390625 0.9140625 0.0140625 0.021875
1 0.40625 0.8546875 0.0265625 0.021875
1 0.4078125 0.8359375 0.028125 0.0140625
1 0.4296875 0.828125 0.0140625 0.015625
1 0.4171875 0.9203125 0.0234375 0.03125
1 0.3484375 0.99375 0.03125 0.0125
1 0.35 0.9609375 0.0375 0.0296875
1 0.3890625 0.9734375 0.0203125 0.0140625
1 0.41328125 0.9890625 0.0359375 0.021875
1 0.4 0.984375 0.0265625 0.025
1 0.2734375 0.96875 0.021875 0.015625
1 0.2453125 0.9828125 0.034375 0.034375
1 0.4609375 0.903125 0.0171875 0.009375
1 0.546875 0.7796875 0.0171875 0.009375
1 0.5640625 0.8015625 0.0140625 0.0125
1 0.365625 0.86875 0.015625 0.0234375
1 0.2078125 0.890625 0.0171875 0.0140625
1 0.6265625 0.9640625 0.009375 0.0125
1 0.628125 0.625 0.0140625 0.0234375
1 0.675 0.7390625 0.01875 0.0125
1 0.7984375 0.8078125 0.015625 0.0125
1 0.871875 0.6578125 0.0328125 0.0296875
1 0.8984375 0.534375 0.015625 0.01875
1 0.9046875 0.9765625 0.0109375 0.0203125
1 0.9109375 0.996875 0.009375 0.00625
1 0.93125 0.546875 0.0109375 0.009375
0 0.8890625 0.9265625 0.15 0.115625
1 0.703125 0.6296875 0.0140625 0.0234375
1 0.7453125 0.64375 0.0109375 0.025
1 0.7875 0.64375 0.0109375 0.0234375
1 0.975 0.584375 0.0125 0.0125
1 0.9546875 0.60625 0.0171875 0.0234375
1 0.9828125 0.625 0.0125 0.021875
1 0.6234375 0.8125 0.003125 0.015625
1 0.6234375 0.8359375 0.003125 0.01875
1 0.7703125 0.8046875 0.0203125 0.0203125
1 0.9640625 0.875 0.0234375 0.021875
1 0.68125 0.9671875 0.009375 0.0109375
1 0.6515625 0.925 0.05625 0.0609375
1 0.746875 0.9484375 0.01875 0.05625
1 0.978125 0.93125 0.04375 0.06875