1 0.1984375 0.0296875 0.0234375 0.0234375
1 0.1703125 0.025 0.0296875 0.0296875
1 0.2109375 0.0765625 0.01875 0.0125
1 0.19375 0.16875 0.034375 0.0375
1 0.246875 0.2421875 0.00625 0.025
1 0.08125 0.1609375 0.0078125 0.015625
1 0.1421875 0.309375 0.0625 0.0609375
0 0.1046875 0.3109375 0.0546875 0.15625
0 0.2328125 0.328125 0.034375 0.109375
1 0.24296875 0.32421875 0.0140625 0.0140625
1 0.2421875 0.44296875 0.015625 0.0109375
1 0.23125 0.47578125 0.0375 0.0359375
1 0.1859375 0.4625 0.01875 0.0078125
1 0.12578125 0.5078125 0.0140625 0.003125
1 0.16875 0.465625 0.0109375 0.0125
1 0.3984375 0.034375 0.01875 0.0125
1 0.625 0.0375 0.025 0.028125
1 0.7140625 0.0234375 0.03125 0.046875
1 0.7125 0.0921875 0.028125 0.0203125
1 0.725 0.0546875 0.025 0.040625
1 0.5953125 0.0671875 0.04375 0.0375
1 0.628125 0.115625 0.03125 0.0390625
1 0.609375 0.11875 0.0140625 0.01875
1 0.5453125 0.128125 0.0453125 0.0328125
1 0.525 0.0859375 0.0125 0.021875
1 0.5140625 0.11875 0.053125 0.0296875
1 0.475 0.1375 0.03125 0.0578125
1 0.484375 0.1390625 0.0109375 0.00625
1 0.4125 0.11875 0.034375 0.021875
1 0.378125 0.09375 0.015625 0.0234375
1 0.3609375 0.1359375 0.028125 0.028125
1 0.8484375 0.078125 0.003125 0.01875
1 0.8390625 0.1375 0.0203125 0.0640625
1 0.8203125 0.1625 0.0234375 0.0296875
1 0.659375 0.1125 0.025 0.01875
1 0.6734375 0.1359375 0.00625 0.0125
1 0.4125 0.1015625 0.0140625 0.021875
1 0.3734375 0.1171875 0.009375 0.028125
1 0.434375 0.184375 0.0265625 0.03125
1 0.43125 0.1578125 0.0171875 0.034375
1 0.3421875 0.2046875 0.034375 0.0203125
1 0.521875 0.1921875 0.0328125 0.00625
1 0.48125 0.2109375 0.06875 0.028125
1 0.4578125 0.2125 0.0421875 0.028125
1 0.5296875 0.1640625 0.0421875 0.065625
1 0.6828125 0.209375 0.0234375 0.0265625
1 0.7953125 0.221875 0.0421875 0.0265625
1 0.8421875 0.278125 0.0140625 0.0140625
1 0.815625 0.3625 0.046875 0.0359375
1 0.709375 0.371875 0.0609375 0.0484375
1 0.7375 0.321875 0.015625 0.0203125
0 0.69375 0.2578125 0.1765625 0.125
1 0.68125 0.365625 0.0171875 0.0203125
1 0.73125 0.3140625 0.0125 0.0203125
1 0.7015625 0.328125 0.0234375 0.0203125
1 0.7078125 0.321875 0.021875 0.0125
1 0.6796875 0.321875 0.0296875 0.0171875
1 0.6921875 0.3140625 0.009375 0.01875
1 0.66875 0.315625 0.0140625 0.0109375
0 0.60625 0.278125 0.065625 0.1171875
1 0.5890625 0.3734375 0.0515625 0.0625
1 0.5015625 0.3703125 0.06875 0.0390625
1 0.5484375 0.38125 0.0140625 0.0140625
0 0.5171875 0.290625 0.1140625 0.1078125
0 0.45 0.271875 0.0734375 0.1
0 0.3984375 0.3 0.15 0.140625
1 0.7671875 0.353125 0.015625 0.0046875
1 0.3734375 0.396875 0.0265625 0.0203125
1 0.3671875 0.4234375 0.0171875 0.0171875
1 0.3421875 0.40625 0.0359375 0.0265625
1 0.3546875 0.490625 0.046875 0.021875
1 0.33359375 0.50625 0.0234375 0.00625
1 0.56875 0.45625 0.00625 0.0125
1 0.53671875 0.4984375 0.0296875 0.021875
1 0.48984375 0.50390625 0.0140625 0.0109375
1 0.8359375 0.4171875 0.0265625 0.0296875
1 0.753125 0.459375 0.0328125 0.025
1 0.728125 0.4328125 0.04375 0.021875
1 0.7375 0.421875 0.0140625 0.015625
1 0.6953125 0.4328125 0.0328125 0.01875
1 0.6875 0.4046875 0.009375 0.0140625
1 0.6859375 0.503125 0.03125 0.0125
1 0.071875 0.890625 0.01875 0.0265625
1 0.1296875 0.7296875 0.0296875 0.03125
1 0.190625 0.828125 0.015625 0.009375
1 0.2296875 0.79375 0.0125 0.0125
1 0.23125 0.99453125 0.034375 0.0109375
1 0.09140625 0.5296875 0.0515625 0.040625
0 0.0484375 0.628125 0.075 0.1359375
0 0.1375 0.5875 0.1109375 0.11875
0 0.19140625 0.60625 0.1171875 0.14375
1 0.23125 0.6484375 0.0296875 0.0359375
1 0.2015625 0.8515625 0.028125 0.0515625
1 0.971875 0.95234375 0.0375 0.0953125
1 0.8328125 0.98984375 0.03125 0.0203125
1 0.596875 0.6140625 0.040625 0.0390625
1 0.86796875 0.51875 0.0234375 0.01875
0 0.63125 0.8828125 0.2375 0.234375
0 0.546875 0.803125 0.165625 0.39375
1 0.8109375 0.7640625 0.0265625 0.028125