1 0.1734375 0.159375 0.015625 0.0125
1 0.2578125 0.1 0.03125 0.025
1 0.2109375 0.08125 0.0328125 0.025
1 0.1578125 0.3953125 0.03125 0.034375
0 0.2546875 0.409375 0.06875 0.059375
1 0.1453125 0.2265625 0.021875 0.0203125
0 0.21875 0.31875 0.1515625 0.1171875
1 0.2015625 0.3765625 0.025 0.0296875
1 0.1828125 0.3984375 0.0234375 0.0296875
1 0.209375 0.4453125 0.028125 0.0359375
0 0.23125 0.2078125 0.178125 0.1171875
1 0.4265625 0.171875 0.01875 0.015625
1 0.4671875 0.1171875 0.021875 0.021875
1 0.4640625 0.009375 0.0171875 0.0109375
1 0.42890625 0.00859375 0.0265625 0.0171875
1 0.5203125 0.1140625 0.009375 0.0125
1 0.553125 0.2296875 0.01875 0.015625
1 0.55625 0.2203125 0.01875 0.0125
1 0.540625 0.1921875 0.00625 0.0109375
1 0.6 0.14375 0.0203125 0.0328125
1 0.5921875 0.0859375 0.015625 0.0203125
1 0.58125 0.08125 0.003125 0.00625
1 0.5796875 0.0046875 0.0078125 0.009375
1 0.69375 0.003125 0.0125 0.00625
1 0.740625 0.003125 0.015625 0.00625
1 0.6671875 0.08125 0.0109375 0.009375
1 0.675 0.0890625 0.04375 0.0296875
1 0.7 0.09375 0.015625 0.0140625
1 0.6328125 0.1453125 0.01875 0.01875
1 0.6421875 0.1625 0.028125 0.0140625
1 0.659375 0.134375 0.021875 0.040625
1 0.6640625 0.125 0.0484375 0.0125
1 0.6640625 0.1125 0.01875 0.0234375
0 0.790625 0.03125 0.1 0.0625
1 0.66875 0.19375 0.00625 0.0140625
1 0.6703125 0.203125 0.0234375 0.025
1 0.66875 0.2140625 0.0109375 0.0140625
1 0.6296875 0.23125 0.0171875 0.01875
1 0.68125 0.28125 0.0375 0.034375
1 0.690625 0.290625 0.0296875 0.0140625
1 0.853125 0.015625 0.0078125 0.0078125
1 0.859375 0.025 0.0171875 0.015625
1 0.9421875 0.021875 0.021875 0.01875
1 0.9328125 0.04375 0.009375 0.0078125
1 0.903125 0.1140625 0.1109375 0.0875
1 0.8484375 0.109375 0.0390625 0.0375
1 0.8109375 0.1390625 0.034375 0.0328125
1 0.7921875 0.1171875 0.0265625 0.0234375
1 0.809375 0.1796875 0.015625 0.03125
1 0.8515625 0.20625 0.028125 0.03125
1 0.8484375 0.23125 0.03125 0.0390625
1 0.859375 0.2546875 0.0375 0.0296875
1 0.86875 0.165625 0.03125 0.028125
0 0.75 0.115625 0.078125 0.11875
0 0.7859375 0.0734375 0.121875 0.1359375
1 0.99609375 0.2828125 0.0078125 0.03125
1 0.984375 0.1171875 0.0234375 0.0203125
1 0.9625 0.040625 0.0359375 0.0328125
1 0.9765625 0.040625 0.0125 0.0140625
1 0.965625 0.0375 0.0109375 0.009375
1 0.759375 0.234375 0.0203125 0.0109375
0 0.771875 0.2 0.14375 0.0984375
0 0.775 0.2671875 0.046875 0.059375
1 0.11640625 0.97265625 0.0578125 0.0546875
1 0.1984375 0.6 0.0203125 0.01875
1 0.275 0.6390625 0.0328125 0.040625
0 0.290625 0.6265625 0.1375 0.13125
1 0.371875 0.60234375 0.025 0.0234375
1 0.403125 0.6265625 0.0171875 0.01875
1 0.39375 0.6953125 0.01875 0.0203125
1 0.36875 0.75 0.01875 0.0171875
1 0.396875 0.8078125 0.03125 0.0140625
1 0.3953125 0.53125 0.01875 0.0203125
1 0.4671875 0.48125 0.01875 0.0125
1 0.4328125 0.6890625 0.0203125 0.0234375
1 0.4234375 0.7328125 0.028125 0.046875
1 0.5953125 0.7796875 0.0453125 0.0296875
1 0.5875 0.725 0.0171875 0.0125
1 0.54375 0.7203125 0.015625 0.0171875
1 0.6296875 0.725 0.0328125 0.021875
1 0.621875 0.7296875 0.0140625 0.0171875
1 0.61875 0.678125 0.025 0.0171875
1 0.571875 0.515625 0.0140625 0.0140625
1 0.603125 0.5296875 0.059375 0.05625
1 0.5859375 0.525 0.021875 0.021875
1 0.509375 0.521875 0.025 0.021875
1 0.5125 0.490625 0.078125 0.04375
1 0.4734375 0.565625 0.03125 0.0359375
1 0.4828125 0.703125 0.01875 0.015625
1 0.4875 0.7125 0.01875 0.0171875
1 0.4828125 0.7265625 0.015625 0.0109375
0 0.534375 0.6875 0.09375 0.128125
0 0.540625 0.5828125 0.121875 0.1140625
0 0.5171875 0.7796875 0.1296875 0.090625
0 0.5578125 0.8203125 0.059375 0.0265625
1 0.6625 0.696875 0.0171875 0.025
1 0.71015625 0.478125 0.0296875 0.01875
1 0.690625 0.5125 0.028125 0.0125
1 0.70625 0.5546875 0.015625 0.015625
1 0.6859375 0.590625 0.0296875 0.0234375
1 0.7 0.65 0.021875 0.028125
1 0.7171875 0.6734375 0.01875 0.01875
1 0.6625 0.54375 0.0828125 0.1078125
1 0.725 0.821875 0.0125 0.01875
1 0.746875 0.7953125 0.03125 0.0296875
1 0.75 0.7265625 0.028125 0.0234375
1 0.8296875 0.496875 0.025 0.03125
1 0.76875 0.528125 0.025 0.028125
1 0.7796875 0.5546875 0.028125 0.03125
1 0.790625 0.5671875 0.0203125 0.025
1 0.8125 0.5671875 0.0171875 0.015625
1 0.7625 0.5953125 0.028125 0.0328125
1 0.759375 0.6078125 0.0125 0.021875
1 0.775 0.61875 0.025 0.0296875
1 0.815625 0.6203125 0.01875 0.0328125
1 0.796875 0.6484375 0.0140625 0.0171875
1 0.80625 0.6375 0.0109375 0.0140625
1 0.8015625 0.75625 0.0171875 0.028125
1 0.8203125 0.771875 0.015625 0.0171875
1 0.7921875 0.7984375 0.028125 0.021875
1 0.7796875 0.7671875 0.0359375 0.04375
1 0.78125 0.775 0.034375 0.0125
1 0.7625 0.8171875 0.009375 0.00625
1 0.890625 0.796875 0.009375 0.015625
1 0.878125 0.7875 0.025 0.0125
1 0.9328125 0.778125 0.0296875 0.0609375
1 0.8765625 0.6984375 0.04375 0.0390625
1 0.8734375 0.709375 0.01875 0.0390625
1 0.9203125 0.703125 0.0546875 0.0515625
1 0.8921875 0.7328125 0.021875 0.025
1 0.8765625 0.7609375 0.05 0.0515625
1 0.9015625 0.5734375 0.0265625 0.021875
1 0.928125 0.578125 0.01875 0.015625
1 0.846875 0.6015625 0.0140625 0.0203125
1 0.8640625 0.59375 0.0140625 0.01875
1 0.8578125 0.60625 0.046875 0.046875
1 0.8640625 0.53125 0.0203125 0.0171875
1 0.8734375 0.4765625 0.015625 0.0140625
1 0.9078125 0.47265625 0.01875 0.0078125
1 0.884375 0.503125 0.0125 0.015625
1 0.9140625 0.53125 0.034375 0.0390625
1 0.9890625 0.5296875 0.0171875 0.015625
1 0.94375 0.615625 0.0265625 0.0265625
1 0.978125 0.609375 0.0234375 0.03125
1 0.9828125 0.6375 0.0296875 0.021875
1 0.9625 0.63125 0.03125 0.03125
1 0.971875 0.6359375 0.015625 0.028125
1 0.9875 0.7171875 0.0234375 0.015625
1 0.99609375 0.68046875 0.0078125 0.0203125
1 0.9609375 0.825 0.025 0.015625
1 0.99140625 0.8265625 0.0171875 0.015625