1 0.13125 0.3453125 0.0140625 0.015625
1 0.128125 0.3046875 0.0140625 0.0109375
1 0.0125 0.2359375 0.021875 0.0234375
1 0.0125 0.1921875 0.0140625 0.0203125
1 0.015625 0.12421875 0.03125 0.0703125
0 0.1109375 0.1015625 0.153125 0.178125
1 0.2296875 0.0640625 0.015625 0.0171875
1 0.3046875 0.196875 0.04375 0.0796875
1 0.253125 0.159375 0.0234375 0.0359375
1 0.8625 0.2015625 0.0484375 0.040625
1 0.8453125 0.0265625 0.0203125 0.021875
1 0.765625 0.10625 0.028125 0.0390625
1 0.49375 0.1 0.0265625 0.0234375
1 0.65546875 0.45078125 0.0359375 0.0171875
1 0.659375 0.4140625 0.01875 0.040625
1 0.7296875 0.0859375 0.0203125 0.0140625
1 0.6890625 0.11875 0.015625 0.0140625
1 0.6546875 0.096875 0.021875 0.028125
1 0.690625 0.1109375 0.0265625 0.0296875
1 0.6921875 0.1890625 0.04375 0.0328125
0 0.7625 0.259375 0.1484375 0.1171875
1 0.590625 0.234375 0.0296875 0.034375
0 0.4953125 0.24609375 0.053125 0.0953125
0 0.54375 0.253125 0.1421875 0.215625
1 0.540625 0.0375 0.0125 0.0203125
1 0.59453125 0.00546875 0.0109375 0.0109375
0 0.265625 0.8625 0.121875 0.275
0 0.340625 0.803125 0.13125 0.2953125
1 0.4015625 0.4671875 0.021875 0.015625
1 0.4171875 0.8015625 0.015625 0.0125
1 0.75859375 0.47265625 0.0328125 0.0265625
1 0.6328125 0.8796875 0.025 0.0203125
1 0.625 0.609375 0.0171875 0.021875
1 0.6046875 0.96875 0.0265625 0.046875
1 0.5203125 0.6171875 0.021875 0.0125
1 0.5 0.6359375 0.0171875 0.0265625
1 0.48125 0.61953125 0.025 0.0328125
1 0.4796875 0.8734375 0.021875 0.028125
1 0.5625 0.5484375 0.034375 0.0328125
1 0.5546875 0.5765625 0.03125 0.03125
0 0.80078125 0.96484375 0.0390625 0.0703125
1 0.7453125 0.7140625 0.0359375 0.0484375
0 0.734375 0.87421875 0.171875 0.2515625
1 0.6953125 0.940625 0.03125 0.03125
1 0.6671875 0.9453125 0.0140625 0.0171875
1 0.675 0.9328125 0.0203125 0.015625
0 0.63046875 0.87890625 0.3234375 0.2421875
1 0.5625 0.78125 0.0328125 0.03125
1 0.540625 0.8234375 0.01875 0.0234375
1 0.55 0.8328125 0.009375 0.028125
1 0.5015625 0.83125 0.028125 0.046875
1 0.5140625 0.8421875 0.0171875 0.0265625