1 0.34375 0.36875 0.03125 0.0375
1 0.428125 0.2390625 0.0234375 0.0171875
1 0.48125 0.340625 0.015625 0.015625
1 0.25625 0.0890625 0.0140625 0.015625
1 0.203125 0.05 0.0515625 0.0296875
1 0.315625 0.1203125 0.009375 0.0078125
1 0.309375 0.1171875 0.0234375 0.0296875
1 0.1578125 0.0609375 0.009375 0.0109375
0 0.02109375 0.31640625 0.0421875 0.2328125
1 0.2 0.2625 0.0109375 0.0140625
1 0.06875 0.2671875 0.0109375 0.0109375
0 0.11484375 0.16875 0.2296875 0.33125
0 0.0796875 0.05546875 0.159375 0.1109375
1 0.7984375 0.2171875 0.0390625 0.0265625
1 0.81875 0.228125 0.0078125 0.021875
1 0.6515625 0.2859375 0.0265625 0.03125
1 0.6546875 0.321875 0.0203125 0.0296875
1 0.7578125 0.475 0.0171875 0.0125
1 0.6125 0.4921875 0.034375 0.015625
1 0.5640625 0.3421875 0.025 0.0328125
0 0.56328125 0.2421875 0.1265625 0.2875
1 0.5890625 0.4171875 0.0203125 0.009375
1 0.590625 0.43125 0.015625 0.0140625
1 0.51015625 0.47421875 0.0203125 0.0515625
1 0.5484375 0.4890625 0.028125 0.01875
0 0.61875 0.40390625 0.2375 0.1921875
1 0.4171875 0.6109375 0.0421875 0.05
1 0.4921875 0.59140625 0.015625 0.0515625
0 0.3 0.7734375 0.0171875 0.0171875
0 0.3640625 0.775 0.01875 0.0171875
0 0.359375 0.728125 0.28125 0.1125
0 0.31875 0.61015625 0.228125 0.2203125
1 0.9546875 0.590625 0.015625 0.015625
1 0.8875 0.9921875 0.03125 0.015625
1 0.88125 0.9296875 0.025 0.0265625
0 0.9796875 0.8140625 0.040625 0.125
0 0.98125 0.7140625 0.0359375 0.040625
1 0.9828125 0.7140625 0.034375 0.071875
0 0.9921875 0.53203125 0.015625 0.0640625
1 0.9875 0.5546875 0.0171875 0.025
1 0.815625 0.640625 0.0171875 0.0203125
1 0.7875 0.6296875 0.0203125 0.0125
1 0.878125 0.5578125 0.01875 0.025
1 0.89375 0.56875 0.0234375 0.015625
1 0.8578125 0.6109375 0.0125 0.0140625
1 0.8296875 0.621875 0.0109375 0.0140625
1 0.7546875 0.6109375 0.021875 0.021875
1 0.80625 0.75 0.0203125 0.0234375
1 0.8328125 0.7125 0.0140625 0.021875
1 0.7125 0.684375 0.01875 0.0203125
1 0.671875 0.68125 0.0265625 0.028125
1 0.73125 0.7125 0.021875 0.0234375
1 0.7125 0.7234375 0.015625 0.0140625
1 0.8609375 0.834375 0.0203125 0.01875
1 0.8046875 0.8484375 0.0203125 0.01875
1 0.715625 0.778125 0.025 0.0265625
1 0.6875 0.7625 0.015625 0.0078125
1 0.690625 0.8046875 0.015625 0.025
1 0.7265625 0.9875 0.01875 0.015625
1 0.74375 0.984375 0.0203125 0.0203125
1 0.703125 0.9515625 0.028125 0.028125
1 0.65625 0.9328125 0.0171875 0.0234375
1 0.6796875 0.58125 0.0171875 0.0171875
1 0.7390625 0.525 0.0203125 0.0171875
1 0.6546875 0.553125 0.021875 0.0234375
1 0.653125 0.659375 0.0296875 0.0265625
1 0.5890625 0.6296875 0.0234375 0.0203125
0 0.5375 0.55625 0.075 0.078125
0 0.52578125 0.6375 0.0515625 0.06875
0 0.528125 0.765625 0.05625 0.125
0 0.546875 0.7109375 0.09375 0.1375
0 0.5296875 0.92734375 0.059375 0.1453125
1 0.5453125 0.85625 0.0265625 0.0296875