1 0.171875 0.046875 0.0765625 0.0421875
0 0.2484375 0.0890625 0.1578125 0.1
1 0.171875 0.209375 0.0234375 0.0265625
1 0.23125 0.1875 0.04375 0.0359375
1 0.2578125 0.2 0.0484375 0.0328125
1 0.334375 0.23125 0.078125 0.075
0 0.2234375 0.265625 0.1140625 0.0515625
0 0.253125 0.3390625 0.1109375 0.15
0 0.253125 0.44375 0.09375 0.1609375
1 0.1875 0.525 0.059375 0.0484375
1 0.4015625 0.4453125 0.0328125 0.0265625
1 0.4453125 0.4921875 0.053125 0.0453125
1 0.5109375 0.4546875 0.084375 0.0890625
1 0.46640625 0.521875 0.0359375 0.05625
1 0.58203125 0.40625 0.0359375 0.059375
1 0.5015625 0.35625 0.0359375 0.0515625
1 0.5125 0.2875 0.0671875 0.0703125
1 0.3734375 0.18125 0.0375 0.0484375
1 0.4578125 0.2015625 0.0390625 0.0328125
1 0.484375 0.21875 0.040625 0.0671875
1 0.584375 0.28671875 0.03125 0.0296875
1 0.5796875 0.0875 0.0390625 0.040625
1 0.5765625 0.0640625 0.0421875 0.046875
1 0.3828125 0.3796875 0.03125 0.021875
1 0.4875 0.0953125 0.0328125 0.0515625
1 0.48125 0.1171875 0.0734375 0.0453125
1 0.515625 0.0984375 0.0421875 0.053125
1 0.48125 0.040625 0.075 0.0296875
1 0.72734375 0.5453125 0.0078125 0.009375
1 0.91875 0.521875 0.009375 0.009375
1 0.6390625 0.5078125 0.0078125 0.0078125
1 0.6890625 0.4890625 0.0109375 0.0078125
0 0.7484375 0.453125 0.1625 0.0421875
1 0.8578125 0.43125 0.0109375 0.009375
1 0.7453125 0.3984375 0.009375 0.0046875
1 0.7953125 0.3890625 0.0078125 0.0078125
1 0.934375 0.38125 0.0078125 0.0078125
1 0.7359375 0.3828125 0.009375 0.0078125
1 0.8859375 0.3 0.009375 0.01875
1 0.8265625 0.2859375 0.0109375 0.0078125
1 0.8703125 0.225 0.015625 0.0296875
1 0.775 0.440625 0.0109375 0.0171875
0 0.7109375 0.3328125 0.1171875 0.1234375
1 0.6421875 0.3359375 0.0109375 0.015625
1 0.6859375 0.3359375 0.0078125 0.0109375
1 0.7046875 0.3453125 0.0078125 0.0140625
1 0.6703125 0.2875 0.0078125 0.009375
1 0.6734375 0.3171875 0.0109375 0.0109375
1 0.6625 0.3078125 0.0109375 0.009375
1 0.696875 0.3359375 0.0109375 0.0109375
1 0.9734375 0.4546875 0.0140625 0.015625
1 0.0890625 0.8875 0.03125 0.01875
1 0.1421875 0.775 0.021875 0.03125
1 0.50625 0.7484375 0.0078125 0.0109375
1 0.109375 0.7265625 0.0234375 0.0375
1 0.5203125 0.6953125 0.0109375 0.015625
1 0.5578125 0.6984375 0.028125 0.0265625
1 0.1609375 0.6859375 0.0171875 0.0140625
1 0.009375 0.66796875 0.01875 0.0328125
1 0.1125 0.6421875 0.015625 0.0109375
1 0.1421875 0.6234375 0.0078125 0.0078125
1 0.171875 0.6296875 0.01875 0.0359375
1 0.2046875 0.6 0.0453125 0.0453125
1 0.009375 0.58515625 0.01875 0.0265625
0 0.4171875 0.61796875 0.15 0.1359375
0 0.3921875 0.7234375 0.1734375 0.1515625
0 0.371875 0.7984375 0.075 0.090625
1 0.0171875 0.828125 0.034375 0.090625
1 0.184375 0.940625 0.0265625 0.034375
1 0.4703125 0.8390625 0.0203125 0.0484375
1 0.00234375 0.734375 0.0046875 0.01875
1 0.01171875 0.778125 0.0234375 0.01875
1 0.540625 0.78125 0.0328125 0.05
1 0.509375 0.6671875 0.0171875 0.0171875
1 0.4015625 0.9328125 0.04375 0.03125
0 0.340625 0.9484375 0.0640625 0.0296875
1 0.3078125 0.921875 0.0359375 0.0390625
1 0.259375 0.8796875 0.1 0.0859375
1 0.23984375 0.55703125 0.0734375 0.0140625
1 0.1890625 0.575 0.0453125 0.028125
1 0.13984375 0.56640625 0.0671875 0.0328125
1 0.3046875 0.7265625 0.0265625 0.0203125
1 0.9140625 0.65 0.025 0.021875
0 0.65625 0.6390625 0.1125 0.178125