1 0.471875 0.3546875 0.03125 0.021875
0 0.31875 0.334375 0.3625 0.109375
1 0.24375 0.3421875 0.0203125 0.021875
1 0.321875 0.3234375 0.0359375 0.01875
1 0.140625 0.3625 0.021875 0.021875
1 0.203125 0.25625 0.03125 0.0140625
0 0.28984375 0.1703125 0.4203125 0.340625
0 0.38125 0.07109375 0.2375 0.1421875
1 0.94921875 0.0140625 0.0390625 0.028125
1 0.9890625 0.278125 0.015625 0.0171875
1 0.9734375 0.1171875 0.0078125 0.0203125
1 0.95625 0.1140625 0.0296875 0.0421875
1 0.9828125 0.18671875 0.034375 0.0265625
1 0.94375 0.159375 0.071875 0.0515625
1 0.9578125 0.178125 0.009375 0.015625
1 0.8921875 0.184375 0.065625 0.1046875
1 0.8984375 0.096875 0.0328125 0.0484375
1 0.871875 0.084375 0.01875 0.01875
1 0.8921875 0.2734375 0.0171875 0.0203125
1 0.928125 0.328125 0.015625 0.015625
1 0.8765625 0.3359375 0.084375 0.0515625
1 0.8453125 0.359375 0.065625 0.015625
1 0.815625 0.328125 0.0171875 0.021875
1 0.8015625 0.3328125 0.0171875 0.0296875
1 0.88125 0.009375 0.009375 0.015625
1 0.8203125 0.01171875 0.05 0.0234375
1 0.86875 0.0390625 0.0125 0.0140625
1 0.771875 0.0265625 0.025 0.0265625
1 0.775 0.1328125 0.053125 0.0484375
1 0.734375 0.0765625 0.0734375 0.065625
1 0.7828125 0.078125 0.05625 0.0234375
1 0.709375 0.1171875 0.0265625 0.034375
1 0.753125 0.2234375 0.034375 0.040625
1 0.7796875 0.2015625 0.0375 0.0421875
1 0.8109375 0.2328125 0.0125 0.0234375
1 0.7984375 0.2421875 0.0140625 0.03125
1 0.778125 0.2375 0.04375 0.0625
1 0.8171875 0.2671875 0.015625 0.021875
1 0.753125 0.3015625 0.0765625 0.05
1 0.690625 0.228125 0.0484375 0.0609375
1 0.63984375 0.00546875 0.0234375 0.0109375
0 0.57421875 0.0125 0.1140625 0.025
1 0.51875 0.00390625 0.03125 0.0078125
1 0.515625 0.03203125 0.03125 0.0640625
0 0.590625 0.075 0.16875 0.1265625
1 0.6875 0.06875 0.021875 0.028125
1 0.6671875 0.0890625 0.015625 0.04375
1 0.6828125 0.1 0.0078125 0.0140625
1 0.628125 0.0828125 0.0625 0.028125
1 0.6078125 0.121875 0.046875 0.06875
1 0.6265625 0.1328125 0.009375 0.01875
1 0.53125 0.121875 0.0265625 0.03125
1 0.5484375 0.1296875 0.009375 0.0140625
1 0.56875 0.1390625 0.009375 0.015625
1 0.575 0.1734375 0.0203125 0.034375
1 0.5890625 0.2015625 0.0328125 0.0234375
1 0.671875 0.2671875 0.0265625 0.0578125
1 0.7078125 0.2765625 0.0296875 0.03125
1 0.6640625 0.3046875 0.0546875 0.084375
0 0.5921875 0.3078125 0.1234375 0.0984375
1 0.553125 0.25 0.01875 0.0203125
1 0.55 0.3609375 0.0890625 0.0109375
1 0.5359375 0.2046875 0.0171875 0.0234375
1 0.5390625 0.225 0.028125 0.015625
1 0.5125 0.1875 0.015625 0.015625
1 0.503125 0.27578125 0.00625 0.0140625
1 0.50390625 0.25546875 0.0078125 0.0140625
0 0.028125 0.5265625 0.05625 0.1375
1 0.49765625 0.5671875 0.0046875 0.015625
1 0.3390625 0.6921875 0.0078125 0.0125
1 0.4703125 0.74375 0.009375 0.0109375
1 0.2484375 0.746875 0.0125 0.015625
1 0.3671875 0.840625 0.00625 0.0109375
1 0.096875 0.871875 0.0078125 0.0140625
0 0.01484375 0.765625 0.0296875 0.2375
1 0.4625 0.415625 0.0046875 0.0078125
1 0.184375 0.8015625 0.0265625 0.0265625
1 0.153125 0.815625 0.0484375 0.03125
1 0.0828125 0.8703125 0.0078125 0.00625
1 0.9890625 0.79765625 0.021875 0.0359375
1 0.9875 0.77109375 0.025 0.0296875
1 0.925 0.7171875 0.01875 0.0203125
1 0.921875 0.6671875 0.0234375 0.0296875
1 0.928125 0.6375 0.046875 0.034375
1 0.959375 0.58125 0.03125 0.0125
1 0.9875 0.55 0.0171875 0.0171875
1 0.8734375 0.49375 0.0171875 0.0125
1 0.8203125 0.796875 0.009375 0.0078125
1 0.9578125 0.9546875 0.009375 0.0078125
1 0.9234375 0.9296875 0.00625 0.0109375
1 0.76875 0.8609375 0.0078125 0.0046875
1 0.709375 0.6046875 0.0078125 0.0078125
1 0.678125 0.6296875 0.0140625 0.0140625
1 0.6421875 0.61875 0.0109375 0.0078125
1 0.50625 0.66875 0.0125 0.03125
1 0.50546875 0.77265625 0.0109375 0.0359375
1 0.521875 0.73046875 0.04375 0.0484375
0 0.53203125 0.95234375 0.0640625 0.0859375
1 0.678125 0.5359375 0.0140625 0.0109375