1 0.4078125 0.140625 0.0125 0.0078125
1 0.4046875 0.2796875 0.0046875 0.0078125
1 0.265625 0.3328125 0.0109375 0.0078125
0 0.2453125 0.3234375 0.325 0.2296875
0 0.0875 0.3671875 0.125 0.2484375
1 0.1703125 0.4515625 0.0125 0.0109375
0 0.9078125 0.1921875 0.08125 0.346875
1 0.8734375 0.0625 0.015625 0.0140625
1 0.815625 0.1765625 0.0390625 0.040625
1 0.7921875 0.05625 0.01875 0.0171875
1 0.7484375 0.0015625 0.009375 0.003125
1 0.7359375 0.2078125 0.025 0.0171875
1 0.5703125 0.0109375 0.0109375 0.0125
1 0.55 0.4265625 0.0234375 0.021875
1 0.5203125 0.234375 0.015625 0.0125
1 0.459375 0.4765625 0.0390625 0.0390625
1 0.434375 0.128125 0.0234375 0.0234375
1 0.7109375 0.1828125 0.0359375 0.040625
0 0.540625 0.140625 0.2359375 0.1671875
0 0.6546875 0.16875 0.134375 0.3203125
1 0.6953125 0.565625 0.0328125 0.0328125
1 0.703125 0.4078125 0.034375 0.03125
1 0.76875 0.30625 0.025 0.0359375
1 0.4765625 0.5890625 0.03125 0.028125
1 0.60625 0.553125 0.0265625 0.034375
1 0.6390625 0.5265625 0.01875 0.01875
1 0.61875 0.5171875 0.0171875 0.0265625
1 0.809375 0.4296875 0.015625 0.01875
1 0.4390625 0.3078125 0.0140625 0.0171875
1 0.3515625 0.6921875 0.0109375 0.00625
1 0.2328125 0.896875 0.0078125 0.0046875
1 0.165625 0.8546875 0.0078125 0.0109375
0 0.0546875 0.95078125 0.109375 0.0984375
1 0.09375 0.759375 0.0375 0.03125
1 0.071875 0.7328125 0.03125 0.0515625
1 0.0703125 0.76875 0.0125 0.015625
1 0.278125 0.9953125 0.0125 0.009375
0 0.32734375 0.95625 0.1828125 0.0875
1 0.27890625 0.96171875 0.0390625 0.0765625
1 0.36875 0.70625 0.0234375 0.0390625
1 0.321875 0.675 0.0125 0.015625
1 0.8046875 0.78125 0.0375 0.03125
1 0.7609375 0.6953125 0.0234375 0.0234375
1 0.853125 0.7625 0.009375 0.00625
1 0.9734375 0.821875 0.0375 0.0328125
1 0.63125 0.765625 0.0078125 0.0109375
0 0.896875 0.9140625 0.20625 0.171875
0 0.634375 0.9078125 0.0703125 0.0953125
0 0.7859375 0.95078125 0.35625 0.0984375