1 0.2234375 0.0609375 0.0125 0.05625
1 0.2296875 0.340625 0.0125 0.015625
1 0.2359375 0.3765625 0.0203125 0.0109375
1 0.290625 0.49375 0.03125 0.03125
1 0.3328125 0.4890625 0.0203125 0.028125
1 0.378125 0.009375 0.021875 0.01875
1 0.3984375 0.403125 0.0125 0.0078125
1 0.4296875 0.3875 0.0171875 0.0171875
1 0.4421875 0.403125 0.0265625 0.034375
1 0.5234375 0.1828125 0.01875 0.0171875
1 0.546875 0.4109375 0.0171875 0.0328125
1 0.565625 0.3765625 0.0390625 0.03125
1 0.584375 0.0359375 0.0140625 0.015625
1 0.596875 0.0109375 0.015625 0.0125
1 0.62109375 0.0515625 0.0171875 0.040625
1 0.5203125 0.0421875 0.0265625 0.0296875
1 0.4921875 0.04375 0.025 0.028125
1 0.4828125 0.0390625 0.028125 0.0125
1 0.471875 0.0140625 0.021875 0.0234375
1 0.2984375 0.275 0.0171875 0.009375
1 0.3 0.3109375 0.028125 0.0390625
1 0.228125 0.14375 0.0171875 0.025
1 0.225 0.1140625 0.015625 0.0234375
0 0.4921875 0.20703125 0.275 0.4046875
1 0.4546875 0.24375 0.0359375 0.025
1 0.359375 0.3984375 0.01875 0.0296875
0 0.34375 0.2171875 0.253125 0.434375
0 0.384375 0.1609375 0.2171875 0.2
1 0.515625 0.390625 0.0515625 0.0296875
1 0.259375 0.4890625 0.01875 0.01875
1 0.2703125 0.50625 0.025 0.021875
1 0.2296875 0.4140625 0.0234375 0.0296875
1 0.26875 0.4140625 0.028125 0.0390625
1 0.2484375 0.4234375 0.0171875 0.0109375
1 0.25 0.4375 0.0484375 0.0125
1 0.2453125 0.4515625 0.015625 0.015625
1 0.2328125 0.503125 0.0265625 0.015625
1 0.2328125 0.528125 0.0234375 0.0234375
1 0.24296875 0.54296875 0.0421875 0.0140625
1 0.3265625 0.4390625 0.04375 0.0390625
1 0.4984375 0.4953125 0.0328125 0.0234375
1 0.4671875 0.49375 0.021875 0.0125
1 0.453125 0.5171875 0.0390625 0.0234375
1 0.43125 0.4890625 0.0140625 0.025
1 0.44375 0.4890625 0.0078125 0.028125
1 0.4015625 0.49375 0.0171875 0.01875
1 0.396875 0.50625 0.0125 0.00625
1 0.396875 0.521875 0.0296875 0.015625
1 0.3875 0.540625 0.01875 0.01875
1 0.4234375 0.5265625 0.0203125 0.025
1 0.40234375 0.5421875 0.0078125 0.015625
1 0.55625 0.50625 0.03125 0.05
1 0.5859375 0.415625 0.0234375 0.0078125
1 0.5984375 0.421875 0.0234375 0.0078125
1 0.590625 0.4359375 0.05625 0.015625
1 0.5921875 0.459375 0.0296875 0.0359375
1 0.5796875 0.5328125 0.021875 0.0203125
1 0.56171875 0.5453125 0.0203125 0.009375
1 0.578125 0.509375 0.03125 0.0265625
1 0.70625 0.0734375 0.025 0.0265625
1 0.6578125 0.115625 0.0296875 0.028125
1 0.7328125 0.1859375 0.015625 0.0234375
1 0.7875 0.2015625 0.028125 0.0296875
1 0.8640625 0.2078125 0.034375 0.034375
0 0.72265625 0.32265625 0.1859375 0.2015625
1 0.6484375 0.25625 0.01875 0.01875
1 0.6390625 0.5390625 0.01875 0.021875
1 0.6703125 0.5359375 0.0171875 0.0234375
1 0.96640625 0.546875 0.0265625 0.00625
1 0.91484375 0.5328125 0.0484375 0.034375
1 0.87890625 0.5359375 0.0234375 0.028125
1 0.7984375 0.41875 0.0171875 0.0265625
1 0.7484375 0.4234375 0.0171875 0.0265625
1 0.8875 0.25625 0.015625 0.0203125
1 0.978125 0.2171875 0.03125 0.0359375
0 0.9640625 0.3390625 0.071875 0.284375
1 0.921875 0.0671875 0.03125 0.0296875
1 0.95 0.171875 0.015625 0.01875
1 0.7234375 0.2 0.015625 0.0203125
0 0.840625 0.35625 0.1796875 0.1453125
1 0.9296875 0.296875 0.1140625 0.078125
1 0.4765625 0.753125 0.025 0.03125
0 0.321875 0.821875 0.11875 0.0953125
0 0.2421875 0.8203125 0.1171875 0.096875
0 0.05625 0.84453125 0.1125 0.1390625
0 0.14375 0.83125 0.109375 0.1078125
0 0.4625 0.85 0.1125 0.1609375
0 0.4046875 0.8875 0.06875 0.134375
1 0.03203125 0.759375 0.0640625 0.10625
1 0.34375 0.615625 0.028125 0.025
1 0.421875 0.55546875 0.034375 0.0109375
1 0.453125 0.59375 0.0234375 0.0296875
1 0.3359375 0.984375 0.028125 0.03125
1 0.41875 0.9859375 0.0375 0.028125
1 0.14609375 0.98984375 0.0265625 0.0203125
1 0.4234375 0.775 0.0234375 0.01875
1 0.8703125 0.5734375 0.01875 0.025
1 0.8984375 0.8609375 0.0125 0.03125
1 0.9015625 0.840625 0.009375 0.00625
1 0.9359375 0.8296875 0.0125 0.0125
0 0.9359375 0.5890625 0.103125 0.0390625
1 0.990625 0.6515625 0.015625 0.0234375
1 0.971875 0.6671875 0.015625 0.0171875