0 0.05078125 0.43984375 0.1015625 0.2578125
0 0.0859375 0.25390625 0.171875 0.1109375
1 0.0359375 0.3484375 0.028125 0.0453125
1 0.215625 0.453125 0.06875 0.0734375
1 0.2125 0.540625 0.040625 0.0296875
0 0.5859375 0.1890625 0.1515625 0.14375
0 0.590625 0.2984375 0.13125 0.0671875
0 0.5984375 0.3515625 0.1859375 0.0671875
0 0.56640625 0.05703125 0.1484375 0.1140625
1 0.390625 0.28203125 0.0625 0.0609375
1 0.36875 0.19609375 0.01875 0.0765625
1 0.37578125 0.0796875 0.0328125 0.053125
1 0.3671875 0.03515625 0.015625 0.0296875
1 0.509375 0.2765625 0.1015625 0.0703125
1 0.4640625 0.3671875 0.0625 0.0359375
1 0.4109375 0.375 0.0234375 0.0234375
1 0.490625 0.1515625 0.0265625 0.04375
1 0.4796875 0.109375 0.04375 0.0390625
1 0.55625 0.1046875 0.0234375 0.0375
1 0.49375 0.0203125 0.0234375 0.015625
1 0.81875 0.26875 0.090625 0.0609375
1 0.703125 0.2859375 0.05 0.0203125
1 0.88125 0.2015625 0.034375 0.0265625
1 0.909375 0.290625 0.0375 0.0265625
1 0.6671875 0.02265625 0.046875 0.0453125
1 0.7046875 0.33125 0.0328125 0.0328125
1 0.6515625 0.3375 0.034375 0.028125
1 0.7546875 0.13125 0.028125 0.021875
1 0.7515625 0.015625 0.015625 0.009375
1 0.9703125 0.26875 0.0171875 0.01875
1 0.3921875 0.04375 0.015625 0.01875
1 0.01796875 0.66640625 0.0359375 0.0234375
1 0.02109375 0.73203125 0.0421875 0.0484375
1 0.0703125 0.7171875 0.0328125 0.046875
1 0.1265625 0.5859375 0.0234375 0.0234375
1 0.34453125 0.64375 0.0296875 0.03125
1 0.2953125 0.8125 0.021875 0.015625
1 0.31875 0.796875 0.0046875 0.009375
1 0.2625 0.7890625 0.0125 0.015625
1 0.246875 0.7609375 0.0421875 0.0328125
1 0.2328125 0.771875 0.0078125 0.0109375
1 0.2203125 0.83125 0.01875 0.028125
1 0.15625 0.728125 0.0203125 0.0171875
1 0.1578125 0.6953125 0.0234375 0.025
1 0.15625 0.821875 0.0015625 0.0078125
1 0.66875 0.971875 0.0140625 0.021875
1 0.7421875 0.8140625 0.028125 0.0328125
1 0.8953125 0.8 0.0234375 0.0140625
1 0.98671875 0.6609375 0.0265625 0.04375
1 0.953125 0.6390625 0.01875 0.0296875
1 0.73125 0.60625 0.0203125 0.0296875
1 0.7890625 0.603125 0.03125 0.0375
1 0.63828125 0.575 0.0390625 0.0125
1 0.95234375 0.58203125 0.0484375 0.0265625
1 0.6515625 0.7171875 0.0484375 0.040625
1 0.65 0.7609375 0.053125 0.0421875
1 0.609375 0.6453125 0.0390625 0.0625
1 0.6609375 0.8203125 0.0359375 0.0421875
1 0.625 0.8015625 0.028125 0.0328125
1 0.7375 0.853125 0.021875 0.0171875
1 0.7234375 0.93125 0.0578125 0.034375
1 0.71875 0.9671875 0.028125 0.0328125
1 0.7125 0.90625 0.015625 0.025
1 0.990625 0.96953125 0.01875 0.0234375
1 0.934375 0.8453125 0.0234375 0.028125
1 0.98984375 0.828125 0.0203125 0.025
1 0.878125 0.840625 0.0203125 0.0171875
1 0.8640625 0.803125 0.025 0.0234375
1 0.9296875 0.728125 0.0234375 0.0359375
0 0.80625 0.728125 0.1296875 0.071875
0 0.846875 0.759375 0.153125 0.1046875
1 0.8828125 0.6984375 0.015625 0.021875
1 0.9078125 0.6859375 0.0296875 0.021875
1 0.775 0.6921875 0.025 0.0234375
1 0.79375 0.6921875 0.0234375 0.0171875
1 0.7875 0.8890625 0.0234375 0.0328125
0 0.8296875 0.91875 0.15625 0.0828125
1 0.89375 0.9484375 0.053125 0.040625
0 0.865625 0.6359375 0.1296875 0.1125