1 0.146875 0.4203125 0.0390625 0.03125
1 0.2421875 0.4375 0.0234375 0.01875
1 0.2296875 0.4328125 0.0328125 0.03125
1 0.215625 0.296875 0.03125 0.03125
1 0.209375 0.2734375 0.0265625 0.0171875
0 0.22734375 0.19765625 0.1046875 0.3234375
1 0.159375 0.23125 0.0328125 0.040625
1 0.1828125 0.140625 0.03125 0.0375
1 0.215625 0.1296875 0.0234375 0.0234375
1 0.23125 0.1328125 0.0140625 0.0140625
1 0.225 0.1109375 0.0296875 0.028125
1 0.23125 0.08125 0.0375 0.0296875
1 0.1984375 0.0734375 0.025 0.028125
0 0.1421875 0.1671875 0.046875 0.078125
0 0.15 0.0984375 0.0609375 0.065625
1 0.275 0.428125 0.009375 0.015625
1 0.265625 0.0203125 0.0171875 0.009375
1 0.24765625 0.00234375 0.0140625 0.0046875
1 0.775 0.1546875 0.03125 0.009375
1 0.765625 0.0078125 0.046875 0.015625
1 0.6078125 0.128125 0.0453125 0.0359375
1 0.5921875 0.3203125 0.01875 0.028125
1 0.553125 0.3359375 0.0296875 0.0171875
1 0.409375 0.14375 0.03125 0.034375
1 0.403125 0.209375 0.0171875 0.015625
1 0.29296875 0.1625 0.0265625 0.028125
1 0.715625 0.31875 0.021875 0.0171875
0 0.75 0.33125 0.078125 0.2171875
1 0.6578125 0.3359375 0.0390625 0.0265625
1 0.70625 0.3921875 0.0234375 0.0234375
1 0.6984375 0.3390625 0.00625 0.009375
1 0.684375 0.3796875 0.040625 0.05625
1 0.6296875 0.4078125 0.028125 0.0421875
1 0.6125 0.440625 0.015625 0.01875
1 0.5984375 0.440625 0.0109375 0.01875
1 0.5921875 0.3875 0.0234375 0.021875
1 0.5875 0.3640625 0.0234375 0.0140625
1 0.590625 0.353125 0.015625 0.0171875
1 0.6046875 0.3390625 0.0109375 0.015625
1 0.5671875 0.365625 0.015625 0.0375
1 0.5171875 0.36875 0.0203125 0.0203125
1 0.51875 0.3453125 0.0234375 0.0375
1 0.521875 0.31875 0.0265625 0.0171875
1 0.4953125 0.3328125 0.028125 0.0421875
1 0.4890625 0.3546875 0.009375 0.0140625
1 0.459375 0.4078125 0.021875 0.0296875
1 0.4625 0.425 0.0109375 0.0078125
1 0.428125 0.3765625 0.0203125 0.0140625
1 0.4671875 0.328125 0.021875 0.0328125
1 0.45625 0.35 0.0140625 0.0171875
1 0.390625 0.340625 0.015625 0.015625
1 0.534375 0.2625 0.0296875 0.0171875
1 0.4890625 0.278125 0.028125 0.025
1 0.471875 0.28125 0.0203125 0.0265625
1 0.48125 0.2984375 0.015625 0.00625
1 0.2875 0.23046875 0.015625 0.0296875
1 0.309375 0.196875 0.015625 0.0203125
1 0.29375 0.115625 0.0140625 0.0171875
1 0.31875 0.0984375 0.0390625 0.046875
0 0.31171875 0.3296875 0.0640625 0.15
1 0.2859375 0.3078125 0.0125 0.009375
0 0.4484375 0.246875 0.1328125 0.246875
1 0.421875 0.2734375 0.015625 0.0125
1 0.346875 0.271875 0.0234375 0.03125
1 0.3546875 0.25 0.028125 0.0390625
1 0.3859375 0.2421875 0.046875 0.0265625
1 0.3703125 0.2625 0.0125 0.0125
1 0.4140625 0.253125 0.0296875 0.0140625
1 0.5953125 0.0671875 0.0203125 0.0203125
1 0.6390625 0.04375 0.015625 0.0171875
1 0.6609375 0.0921875 0.015625 0.0171875
1 0.671875 0.059375 0.0078125 0.00625
1 0.6828125 0.075 0.021875 0.00625
1 0.6671875 0.0765625 0.0234375 0.0234375
1 0.7796875 0.1859375 0.01875 0.0234375
1 0.715625 0.209375 0.0265625 0.015625
1 0.7 0.2296875 0.01875 0.0109375
1 0.6890625 0.20625 0.0390625 0.0328125
1 0.721875 0.1734375 0.0265625 0.0328125
1 0.625 0.18125 0.0265625 0.028125
1 0.65 0.175 0.0234375 0.015625
1 0.590625 0.1984375 0.0203125 0.0359375
1 0.778125 0.1171875 0.0234375 0.0234375
1 0.78125 0.1015625 0.015625 0.009375
1 0.7515625 0.109375 0.021875 0.015625
1 0.74375 0.0890625 0.0203125 0.025
1 0.778125 0.053125 0.021875 0.0453125
1 0.646875 0.0046875 0.04375 0.009375
1 0.4484375 0.00390625 0.015625 0.0078125
1 0.559375 0.221875 0.025 0.0265625
1 0.565625 0.178125 0.04375 0.04375
1 0.540625 0.1890625 0.03125 0.0375
1 0.5234375 0.1765625 0.04375 0.03125
1 0.525 0.0859375 0.0125 0.0265625
1 0.546875 0.0953125 0.021875 0.0296875
1 0.5046875 0.1453125 0.0265625 0.0125
1 0.515625 0.13125 0.0109375 0.0203125
1 0.4953125 0.1203125 0.05625 0.0453125
1 0.190625 0.98359375 0.03125 0.0328125
1 0.1921875 0.96875 0.021875 0.0203125
1 0.1203125 0.9609375 0.0359375 0.03125
1 0.26484375 0.93671875 0.0296875 0.0234375
1 0.228125 0.86875 0.0125 0.00625
1 0.0109375 0.8140625 0.015625 0.015625
1 0.0015625 0.74921875 0.003125 0.0109375
0 0.07265625 0.709375 0.1453125 0.309375
1 0.1109375 0.75 0.0140625 0.028125
1 0.103125 0.7390625 0.01875 0.0171875
1 0.11875 0.71875 0.01875 0.0046875
1 0.10625 0.6796875 0.00625 0.0125
1 0.2578125 0.73984375 0.04375 0.0796875
0 0.1921875 0.67421875 0.175 0.1828125
1 0.1015625 0.525 0.015625 0.0171875
1 0.19375 0.8265625 0.009375 0.0046875
1 0.9796875 0.98515625 0.01875 0.0296875
1 0.9265625 0.584375 0.01875 0.0234375
1 0.8515625 0.7078125 0.03125 0.046875
1 0.8078125 0.940625 0.0125 0.021875
1 0.7765625 0.90625 0.00625 0.009375
1 0.7015625 0.74375 0.00625 0.0109375
1 0.503125 0.94375 0.03125 0.015625
1 0.903125 0.5203125 0.0359375 0.025
1 0.9421875 0.5140625 0.0828125 0.08125
0 0.90078125 0.49375 0.1796875 0.0875
0 0.76171875 0.57421875 0.3078125 0.2484375
1 0.70625 0.60625 0.0296875 0.0265625
1 0.715625 0.5703125 0.0234375 0.0171875
0 0.58359375 0.4890625 0.2390625 0.078125
1 0.4828125 0.5859375 0.034375 0.028125