1 0.55546875 0.5 0.0484375 0.046875
1 0.546875 0.325 0.0296875 0.0359375
1 0.515625 0.240625 0.0484375 0.0578125
1 0.546875 0.1515625 0.05625 0.0671875
1 0.565625 0.08125 0.028125 0.034375
1 0.5515625 0.0625 0.0421875 0.0265625
1 0.5 0.075 0.0546875 0.0515625
1 0.5078125 0.55625 0.059375 0.0296875
1 0.571875 0.45703125 0.015625 0.0234375
1 0.4453125 0.0578125 0.0484375 0.015625
1 0.38125 0.0890625 0.08125 0.078125
1 0.3828125 0.159375 0.1328125 0.0703125
1 0.39375 0.2359375 0.0765625 0.0546875
1 0.2984375 0.209375 0.04375 0.046875
1 0.359375 0.2828125 0.0453125 0.0390625
1 0.3390625 0.315625 0.046875 0.0328125
1 0.421875 0.2828125 0.0265625 0.04375
1 0.409375 0.334375 0.0375 0.0546875
1 0.3703125 0.3921875 0.0515625 0.0640625
1 0.4171875 0.3953125 0.0390625 0.0234375
1 0.3828125 0.45625 0.1015625 0.065625
1 0.259375 0.38125 0.0359375 0.0296875
0 0.1890625 0.2078125 0.1734375 0.1828125
0 0.196875 0.3234375 0.1046875 0.06875
1 0.26875 0.0984375 0.0484375 0.046875
1 0.1921875 0.059375 0.046875 0.0203125
1 0.25625 0.0546875 0.021875 0.009375
1 0.05 0.1328125 0.0890625 0.084375
0 0.1484375 0.0984375 0.14375 0.0875
1 0.0515625 0.20625 0.0421875 0.04375
1 0.01171875 0.25859375 0.0234375 0.0234375
1 0.01171875 0.209375 0.0234375 0.0875
1 0.0484375 0.4 0.04375 0.0625
1 0.0484375 0.4546875 0.046875 0.0625
1 0.0328125 0.5640625 0.0234375 0.0203125
1 0.0796875 0.534375 0.0921875 0.0796875
1 0.1265625 0.5390625 0.015625 0.0171875
1 0.1875 0.41875 0.0359375 0.0375
1 0.3078125 0.434375 0.0375 0.0703125
1 0.265625 0.4453125 0.04375 0.0578125
1 0.2921875 0.5296875 0.1078125 0.0890625
1 0.35625 0.521875 0.040625 0.0734375
1 0.3296875 0.5640625 0.0671875 0.0203125
0 0.196875 0.5015625 0.121875 0.146875
1 0.421875 0.5171875 0.0671875 0.0453125
1 0.184375 0.565625 0.0359375 0.0171875
0 0.95390625 0.5875 0.0921875 0.1625
0 0.89453125 0.503125 0.2109375 0.33125
1 0.9234375 0.509375 0.0703125 0.046875
1 0.828125 0.4640625 0.034375 0.0453125
1 0.784375 0.4609375 0.0359375 0.0390625
1 0.73125 0.321875 0.075 0.103125
1 0.765625 0.2515625 0.084375 0.0796875
0 0.96015625 0.29140625 0.0796875 0.2359375
1 0.984375 0.3765625 0.0234375 0.0234375
1 0.6265625 0.240625 0.025 0.01875
1 0.503125 0.7546875 0.06875 0.0703125
1 0.5265625 0.703125 0.0375 0.05625
1 0.42578125 0.68515625 0.0515625 0.0328125
1 0.46875 0.675 0.025 0.0125
0 0.33671875 0.75546875 0.2015625 0.1734375
1 0.446875 0.8296875 0.0171875 0.0640625
1 0.4921875 0.8734375 0.0546875 0.06875
1 0.39375 0.8421875 0.0703125 0.0625
0 0.31875 0.8421875 0.1015625 0.1359375
1 0.4265625 0.9015625 0.01875 0.028125
1 0.4109375 0.9015625 0.0203125 0.028125
1 0.53125 0.9796875 0.065625 0.040625
0 0.3171875 0.9515625 0.065625 0.096875
1 0.378125 0.9546875 0.04375 0.034375
1 0.14296875 0.98515625 0.0796875 0.0296875
1 0.0625 0.921875 0.0375 0.0328125
1 0.046875 0.9640625 0.03125 0.0203125
1 0.0265625 0.9875 0.05 0.0203125
1 0.1078125 0.865625 0.05625 0.0546875
1 0.1625 0.8765625 0.05 0.0484375
1 0.1453125 0.8375 0.0328125 0.046875
1 0.0140625 0.8703125 0.028125 0.059375
1 0.19921875 0.7046875 0.0546875 0.071875
1 0.4453125 0.7546875 0.0296875 0.03125
1 0.1515625 0.6921875 0.04375 0.046875
1 0.06953125 0.6765625 0.0265625 0.015625
1 0.2125 0.7765625 0.040625 0.03125
1 0.234375 0.728125 0.05625 0.040625
1 0.2140625 0.75625 0.0296875 0.021875
1 0.1796875 0.7859375 0.0265625 0.046875
1 0.165625 0.7359375 0.0484375 0.028125
1 0.1046875 0.690625 0.0328125 0.025
1 0.059375 0.8859375 0.034375 0.0390625
1 0.0453125 0.7171875 0.028125 0.0234375
1 0.015625 0.7546875 0.015625 0.025
1 0.2125 0.8953125 0.03125 0.025
1 0.16875 0.759375 0.03125 0.0171875
1 0.440625 0.7328125 0.0609375 0.0703125
1 0.9796875 0.7296875 0.040625 0.034375
1 0.5953125 0.671875 0.015625 0.00625
1 0.59375 0.71875 0.028125 0.034375
0 0.68515625 0.696875 0.1171875 0.05625
0 0.6859375 0.7546875 0.1515625 0.1171875
0 0.6796875 0.821875 0.159375 0.103125
0 0.678125 0.871875 0.1171875 0.0765625
0 0.63671875 0.9421875 0.1140625 0.115625
1 0.7984375 0.89375 0.0328125 0.0234375
1 0.975 0.9015625 0.0234375 0.021875