1 0.1203125 0.3859375 0.0171875 0.028125
1 0.1734375 0.4875 0.0578125 0.046875
1 0.1328125 0.4515625 0.0296875 0.0328125
1 0.1328125 0.6015625 0.028125 0.01875
1 0.2140625 0.6046875 0.0234375 0.0171875
1 0.140625 0.2046875 0.0140625 0.0203125
1 0.1546875 0.153125 0.021875 0.0140625
1 0.1984375 0.1421875 0.0171875 0.0140625
0 0.325 0.428125 0.109375 0.103125
1 0.021875 0.48125 0.03125 0.025
1 0.40703125 0.00625 0.0265625 0.0125
1 0.5328125 0.0453125 0.0109375 0.009375
1 0.9359375 0.1125 0.009375 0.0125
1 0.896875 0.2921875 0.0078125 0.015625
1 0.85 0.25 0.0359375 0.0359375
1 0.8765625 0.2046875 0.0078125 0.0078125
1 0.8984375 0.3859375 0.0875 0.0859375
1 0.8984375 0.4390625 0.0171875 0.0203125
1 0.8640625 0.4625 0.0921875 0.0859375
1 0.98984375 0.4625 0.0203125 0.021875
0 0.615625 0.415625 0.2375 0.18125
1 0.65 0.328125 0.0140625 0.0171875
1 0.6625 0.3265625 0.0109375 0.0046875
1 0.6859375 0.490625 0.0171875 0.0234375
1 0.7015625 0.4984375 0.0078125 0.0078125
1 0.525 0.49375 0.0296875 0.0234375
1 0.4859375 0.4109375 0.0078125 0.00625
1 0.734375 0.01171875 0.0375 0.0234375
1 0.8015625 0.2375 0.0421875 0.059375
1 0.771875 0.25 0.0296875 0.0265625
1 0.75625 0.28125 0.0125 0.003125
1 0.6953125 0.2015625 0.0484375 0.05
1 0.809375 0.1015625 0.0640625 0.0546875
0 0.584375 0.0953125 0.284375 0.190625
1 0.5765625 0.1234375 0.00625 0.0078125
1 0.6359375 0.1171875 0.0078125 0.0078125
0 0.63671875 0.1765625 0.4109375 0.353125
1 0.4796875 0.2015625 0.0140625 0.0421875
1 0.384375 0.1734375 0.0078125 0.00625
1 0.721875 0.4 0.0109375 0.003125
1 0.5140625 0.0359375 0.009375 0.00625
1 0.4984375 0.0265625 0.00625 0.009375
1 0.2421875 0.7375 0.015625 0.00625
1 0.01015625 0.73671875 0.0203125 0.0171875
1 0.05625 0.6328125 0.015625 0.0109375
1 0.2921875 0.7359375 0.0375 0.03125
1 0.3203125 0.728125 0.0546875 0.046875
1 0.3921875 0.8421875 0.0234375 0.021875
1 0.596875 0.7125 0.0203125 0.025
0 0.6453125 0.6484375 0.2125 0.059375
1 0.99609375 0.73046875 0.0078125 0.0234375
1 0.875 0.6984375 0.021875 0.0171875
0 0.6671875 0.79375 0.2359375 0.0703125
1 0.7296875 0.896875 0.01875 0.0203125
1 0.7625 0.86875 0.01875 0.0265625
1 0.65625 0.815625 0.08125 0.0828125
1 0.690625 0.9328125 0.078125 0.0328125
1 0.95625 0.9203125 0.0203125 0.0234375
1 0.9796875 0.959375 0.021875 0.015625
0 0.66171875 0.96328125 0.2578125 0.0734375
1 0.98515625 0.8140625 0.0296875 0.0375