0 0.31171875 0.13984375 0.1546875 0.2796875
0 0.27265625 0.1453125 0.2109375 0.26875
0 0.46171875 0.18671875 0.1453125 0.1859375
0 0.58671875 0.190625 0.3140625 0.178125
0 0.75859375 0.2140625 0.2203125 0.13125
1 0.79375 0.115625 0.053125 0.0484375
1 0.3734375 0.8671875 0.0265625 0.03125
1 0.3671875 0.503125 0.0171875 0.0171875
0 0.375 0.9515625 0.028125 0.096875
1 0.3 0.29375 0.0140625 0.025
1 0.2328125 0.3 0.015625 0.0171875
1 0.21875 0.5265625 0.0125 0.0109375
0 0.2421875 0.91875 0.1015625 0.121875
1 0.196875 0.453125 0.0296875 0.0859375
1 0.1828125 0.915625 0.0109375 0.009375
1 0.1234375 0.28359375 0.0125 0.0078125
1 0.0453125 0.49375 0.0109375 0.0140625
1 0.03125 0.6609375 0.021875 0.025
1 0.15625 0.91875 0.015625 0.021875
1 0.128125 0.93125 0.0140625 0.0328125
1 0.1765625 0.8640625 0.0203125 0.0265625
1 0.159375 0.8875 0.0109375 0.0140625
0 0.078125 0.9140625 0.05625 0.10625
0 0.0328125 0.9265625 0.025 0.0703125
1 0.20625 0.7734375 0.025 0.0328125
1 0.284375 0.8140625 0.0203125 0.0203125
1 0.3 0.809375 0.0171875 0.028125
1 0.203125 0.603125 0.028125 0.0171875
1 0.1375 0.6078125 0.034375 0.0234375
1 0.3546875 0.61875 0.0265625 0.0328125
1 0.3640625 0.65 0.0359375 0.0390625
0 0.065625 0.4328125 0.090625 0.1109375
0 0.10625 0.3921875 0.1484375 0.109375
0 0.30234375 0.38984375 0.1734375 0.1234375
1 0.3015625 0.465625 0.01875 0.01875
1 0.26875 0.4640625 0.0421875 0.046875
1 0.2390625 0.4953125 0.0125 0.0140625
1 0.084375 0.3203125 0.0234375 0.0171875
1 0.45625 0.8671875 0.0453125 0.0453125
1 0.3921875 0.803125 0.00625 0.04375
1 0.509375 0.6421875 0.046875 0.0390625
1 0.5 0.565625 0.0515625 0.0640625
0 0.7375 0.45625 0.140625 0.21875
1 0.72421875 0.3015625 0.0296875 0.04375
1 0.4359375 0.5671875 0.0234375 0.0453125
0 0.46875 0.43359375 0.159375 0.3078125