1 0.153125 0.0921875 0.0265625 0.040625
1 0.121875 0.1109375 0.0453125 0.028125
1 0.078125 0.146875 0.0296875 0.0296875
1 0.0671875 0.0953125 0.03125 0.0375
1 0.034375 0.1375 0.0359375 0.0390625
1 0.009375 0.1421875 0.01875 0.05
1 0.1859375 0.1671875 0.0484375 0.08125
1 0.15 0.1734375 0.0203125 0.0203125
1 0.221875 0.1625 0.0203125 0.059375
1 0.084375 0.015625 0.040625 0.0296875
1 0.05234375 0.00859375 0.0390625 0.0171875
1 0.00625 0.02578125 0.0125 0.0265625
1 0.01015625 0.07890625 0.0203125 0.0390625
1 0.0625 0.2875 0.0390625 0.034375
1 0.0359375 0.2984375 0.021875 0.01875
1 0.2109375 0.275 0.0234375 0.0296875
1 0.18125 0.284375 0.034375 0.05
1 0.146875 0.29375 0.025 0.025
1 0.08125 0.3390625 0.0359375 0.03125
1 0.040625 0.3515625 0.0359375 0.040625
1 0.1125 0.359375 0.05625 0.0671875
1 0.15625 0.3796875 0.03125 0.0515625
0 0.1625 0.37578125 0.1375 0.0859375
1 0.0546875 0.38984375 0.05625 0.0578125
1 0.00625 0.359375 0.0125 0.03125
1 0.371875 0.3671875 0.021875 0.015625
1 0.390625 0.4046875 0.0171875 0.0171875
1 0.5796875 0.084375 0.0359375 0.025
1 0.5921875 0.1703125 0.0265625 0.0234375
1 0.6078125 0.0296875 0.028125 0.0140625
0 0.4265625 0.20625 0.1640625 0.1390625
0 0.5671875 0.2453125 0.134375 0.1703125
0 0.7046875 0.1875 0.2015625 0.19375
0 0.8015625 0.2140625 0.05625 0.109375
1 0.63125 0.0734375 0.015625 0.0125
1 0.6375 0.3765625 0.0171875 0.0171875
1 0.6515625 0.3859375 0.0359375 0.034375
1 0.64140625 0.40234375 0.0328125 0.0328125
1 0.6734375 0.41484375 0.034375 0.0078125
1 0.7625 0.325 0.0234375 0.0125
1 0.5375 0.3828125 0.025 0.021875
1 0.403125 0.3765625 0.0265625 0.015625
1 0.1890625 0.4390625 0.05625 0.040625
1 0.1828125 0.703125 0.0515625 0.0578125
1 0.0453125 0.55 0.025 0.021875
0 0.30546875 0.7921875 0.0671875 0.35625
0 0.14765625 0.81171875 0.2953125 0.3203125
0 0.04375 0.840625 0.0875 0.31875
1 0.8234375 0.534375 0.0671875 0.0703125
1 0.64375 0.478125 0.05625 0.05625
1 0.6953125 0.7125 0.021875 0.01875
0 0.565625 0.81875 0.1328125 0.171875
0 0.90625 0.80390625 0.1875 0.1703125
0 0.97109375 0.82890625 0.0578125 0.0390625