1 0.578125 0.1296875 0.015625 0.0234375
1 0.1703125 0.11875 0.0328125 0.0265625
1 0.453125 0.1203125 0.05625 0.0453125
1 0.134375 0.109375 0.0296875 0.0328125
1 0.3671875 0.096875 0.046875 0.034375
1 0.1265625 0.075 0.015625 0.0359375
1 0.1015625 0.05625 0.021875 0.0234375
1 0.1453125 0.040625 0.0109375 0.025
1 0.4703125 0.0359375 0.0625 0.0375
1 0.46953125 0.00625 0.0234375 0.0125
1 0.425 0.0078125 0.05625 0.015625
1 0.32890625 0.0046875 0.0296875 0.009375
1 0.29765625 0.04375 0.0515625 0.0875
1 0.57421875 0.0828125 0.0296875 0.0625
0 0.61171875 0.053125 0.0453125 0.10625
0 0.59921875 0.21484375 0.0203125 0.0515625
1 0.715625 0.1890625 0.040625 0.0234375
1 0.9203125 0.1015625 0.0453125 0.0265625
1 0.91484375 0.00546875 0.0421875 0.0109375
1 0.9453125 0.0328125 0.01875 0.01875
0 0.425 0.8375 0.090625 0.1890625
0 0.54765625 0.70078125 0.0828125 0.1328125
1 0.559375 0.8359375 0.040625 0.046875
1 0.503125 0.85 0.0671875 0.065625
1 0.375 0.8640625 0.0515625 0.053125
1 0.2875 0.8671875 0.0265625 0.04375
1 0.3265625 0.8296875 0.03125 0.021875
1 0.359375 0.76875 0.040625 0.0171875
1 0.259375 0.7390625 0.0546875 0.0390625
1 0.2796875 0.69375 0.0484375 0.0546875
1 0.2171875 0.6828125 0.071875 0.0765625
1 0.1703125 0.646875 0.04375 0.04375
1 0.296875 0.5140625 0.0890625 0.084375
1 0.24375 0.484375 0.0546875 0.075
1 0.175 0.4875 0.0765625 0.0953125
1 0.3 0.4265625 0.0703125 0.0359375
1 0.0828125 0.578125 0.040625 0.0546875
1 0.02890625 0.44453125 0.0578125 0.0453125
1 0.025 0.653125 0.05 0.059375
1 0.115625 0.728125 0.034375 0.0734375
1 0.015625 0.8328125 0.03125 0.05
1 0.01328125 0.8875 0.0265625 0.034375
1 0.2328125 0.903125 0.0453125 0.053125
1 0.365625 0.91875 0.0359375 0.028125
1 0.5421875 0.45703125 0.09375 0.0890625
1 0.5578125 0.6046875 0.05 0.046875
1 0.5046875 0.625 0.028125 0.0484375
1 0.4953125 0.7015625 0.0390625 0.0390625
1 0.58125 0.546875 0.015625 0.025
1 0.571875 0.51875 0.034375 0.021875
1 0.3 0.6515625 0.025 0.03125
1 0.165625 0.859375 0.0296875 0.025
1 0.121875 0.884375 0.028125 0.03125
0 0.428125 0.7171875 0.140625 0.0734375
0 0.4234375 0.609375 0.1375 0.1609375
0 0.4125 0.46875 0.146875 0.1203125
1 0.93515625 0.84375 0.1296875 0.146875
1 0.85625 0.8015625 0.04375 0.0296875
1 0.628125 0.8015625 0.0234375 0.028125
1 0.8015625 0.7390625 0.0109375 0.0078125
1 0.7015625 0.7171875 0.0078125 0.01875
1 0.65 0.725 0.0421875 0.04375
1 0.6046875 0.6078125 0.0203125 0.040625
1 0.640625 0.528125 0.04375 0.0421875
0 0.940625 0.58828125 0.11875 0.2234375
1 0.9765625 0.4578125 0.015625 0.009375
1 0.646875 0.4359375 0.021875 0.059375
0 0.9796875 0.44921875 0.040625 0.1171875
1 0.6890625 0.6203125 0.0109375 0.0078125
1 0.609375 0.55625 0.025 0.0234375
1 0.821875 0.8578125 0.046875 0.034375
1 0.8171875 0.834375 0.01875 0.00625
1 0.8359375 0.6125 0.015625 0.021875
1 0.84375 0.625 0.0125 0.009375
1 0.921875 0.528125 0.03125 0.028125