1 0.6515625 0.0515625 0.040625 0.05625
1 0.3875 0.0453125 0.0578125 0.0515625
1 0.678125 0.23125 0.015625 0.0171875
1 0.0203125 0.046875 0.025 0.01875
0 0.2984375 0.215625 0.35625 0.1609375
0 0.27734375 0.07890625 0.3203125 0.1578125
1 0.7984375 0.11875 0.0078125 0.0125
1 0.990625 0.1890625 0.01875 0.021875
1 0.9453125 0.25625 0.0078125 0.009375
1 0.9265625 0.265625 0.01875 0.015625
0 0.75390625 0.4109375 0.0296875 0.05
1 0.8046875 0.309375 0.021875 0.009375
1 0.15625 0.4640625 0.028125 0.009375
0 0.06171875 0.47578125 0.1234375 0.0328125
1 0.2375 0.6484375 0.009375 0.0140625
1 0.0171875 0.6453125 0.0234375 0.0328125
1 0.3375 0.6890625 0.028125 0.025
1 0.2484375 0.7015625 0.0109375 0.0203125
1 0.35625 0.7625 0.0203125 0.0328125
0 0.0703125 0.72421875 0.140625 0.1109375
1 0.515625 0.7640625 0.03125 0.0328125
1 0.5625 0.765625 0.025 0.0296875
1 0.06875 0.6421875 0.046875 0.0328125
0 0.59921875 0.48359375 0.1453125 0.0484375
0 0.63125 0.5765625 0.146875 0.1515625
0 0.590625 0.578125 0.159375 0.125
0 0.58125 0.7046875 0.2125 0.1328125
1 0.75625 0.7625 0.0140625 0.0140625
1 0.85234375 0.47421875 0.0234375 0.0296875
1 0.834375 0.4765625 0.021875 0.01875
1 0.9375 0.534375 0.03125 0.025
0 0.8625 0.56796875 0.246875 0.2171875
1 0.75 0.73046875 0.021875 0.0203125
0 0.86953125 0.628125 0.2609375 0.284375
1 0.921875 0.7578125 0.0328125 0.025