0 0.16015625 0.084375 0.0984375 0.16875
0 0.88125 0.1859375 0.0484375 0.028125
0 0.8484375 0.13203125 0.1125 0.2640625
1 0.7796875 0.05 0.0125 0.0109375
1 0.7640625 0.1421875 0.0109375 0.009375
1 0.7703125 0.3796875 0.025 0.03125
1 0.6421875 0.096875 0.0109375 0.009375
1 0.4578125 0.371875 0.0140625 0.015625
1 0.4515625 0.01875 0.0078125 0.0109375
1 0.396875 0.396875 0.015625 0.0125
0 0.7171875 0.1421875 0.11875 0.284375
1 0.3953125 0.41796875 0.03125 0.0234375
1 0.3828125 0.396875 0.0078125 0.015625
1 0.4265625 0.2 0.034375 0.028125
1 0.753125 0.0765625 0.0109375 0.053125
0 0.5171875 0.1046875 0.278125 0.10625
1 0.025 0.9578125 0.0234375 0.028125
1 0.06875 0.965625 0.04375 0.0359375
1 0.0875 0.775 0.0296875 0.04375
1 0.1125 0.8359375 0.03125 0.034375
1 0.115625 0.9171875 0.0265625 0.0265625
1 0.00625 0.86640625 0.0125 0.0359375
1 0.0484375 0.53125 0.03125 0.03125
1 0.0484375 0.4984375 0.0296875 0.028125
1 0.0375 0.6234375 0.0234375 0.0265625
0 0.0609375 0.6578125 0.0796875 0.0375
0 0.090625 0.55 0.071875 0.240625
0 0.1015625 0.45546875 0.053125 0.0515625
1 0.7703125 0.4875 0.009375 0.0125
1 0.76875 0.5453125 0.009375 0.009375
1 0.75625 0.9171875 0.0078125 0.0109375
1 0.7484375 0.796875 0.015625 0.0078125
1 0.7375 0.709375 0.015625 0.0078125
1 0.7265625 0.6046875 0.0125 0.0109375
1 0.6890625 0.75625 0.0078125 0.0125
1 0.6890625 0.559375 0.0125 0.00625
1 0.66875 0.5734375 0.01875 0.0078125
1 0.6609375 0.6953125 0.01875 0.01875
1 0.6484375 0.978125 0.01875 0.009375
1 0.5828125 0.9203125 0.0125 0.0109375
1 0.59375 0.5375 0.0359375 0.0375
1 0.5640625 0.5109375 0.021875 0.015625
1 0.5453125 0.7203125 0.0078125 0.0078125
1 0.525 0.559375 0.00625 0.0125
1 0.503125 0.6578125 0.015625 0.0171875
1 0.4875 0.8046875 0.0109375 0.0171875
1 0.375 0.9671875 0.04375 0.0421875
1 0.4546875 0.9453125 0.0171875 0.021875
1 0.40703125 0.95390625 0.1140625 0.0921875
1 0.5078125 0.71875 0.0125 0.00625
1 0.35234375 0.72421875 0.0046875 0.0046875
1 0.4234375 0.65 0.0140625 0.01875
1 0.359375 0.53125 0.01875 0.015625
1 0.4828125 0.5375 0.0375 0.03125
0 0.43671875 0.5171875 0.1640625 0.175
0 0.65234375 0.5234375 0.1515625 0.1875
0 0.709375 0.5890625 0.134375 0.084375