1 0.58125 0.4484375 0.0171875 0.01875
1 0.4140625 0.5015625 0.0125 0.0140625
1 0.60625 0.409375 0.021875 0.0234375
1 0.571875 0.309375 0.0296875 0.0234375
1 0.5203125 0.2375 0.009375 0.0171875
1 0.578125 0.228125 0.0171875 0.0234375
1 0.5796875 0.26875 0.04375 0.0390625
1 0.5484375 0.278125 0.0375 0.0484375
1 0.0234375 0.3828125 0.021875 0.0171875
1 0.015625 0.5734375 0.03125 0.03125
1 0.45625 0.5390625 0.03125 0.028125
1 0.43125 0.475 0.01875 0.015625
1 0.4578125 0.4296875 0.025 0.021875
1 0.375 0.3390625 0.0203125 0.025
1 0.4796875 0.378125 0.0328125 0.021875
1 0.421875 0.3765625 0.0375 0.0421875
1 0.384375 0.4109375 0.04375 0.04375
1 0.3828125 0.23125 0.01875 0.0203125
1 0.3265625 0.325 0.0453125 0.053125
1 0.275 0.2625 0.0328125 0.0328125
1 0.265625 0.2375 0.0671875 0.01875
1 0.090625 0.540625 0.021875 0.0203125
1 0.096875 0.484375 0.05625 0.06875
1 0.06875 0.528125 0.028125 0.0234375
1 0.325 0.7125 0.0375 0.015625
1 0.3421875 0.5203125 0.0109375 0.0140625
1 0.371875 0.5328125 0.046875 0.0421875
1 0.315625 0.4234375 0.0234375 0.025
1 0.3359375 0.434375 0.015625 0.0140625
1 0.2640625 0.465625 0.0234375 0.0171875
1 0.2875 0.4421875 0.015625 0.021875
1 0.2453125 0.3828125 0.015625 0.015625
1 0.2734375 0.365625 0.003125 0.0140625
1 0.16875 0.5375 0.0328125 0.0265625
1 0.15 0.5328125 0.0171875 0.0203125
1 0.1609375 0.4640625 0.0203125 0.015625
1 0.1921875 0.4796875 0.03125 0.0265625
0 0.184375 0.5046875 0.103125 0.06875
0 0.1859375 0.4203125 0.075 0.0515625
1 0.1703125 0.446875 0.0203125 0.0109375
1 0.153125 0.38125 0.025 0.021875
0 0.19375 0.3359375 0.1359375 0.1
0 0.175 0.259375 0.10625 0.1078125
0 0.925 0.43984375 0.15 0.2078125
0 0.93984375 0.5671875 0.1203125 0.1125
0 0.9484375 0.22734375 0.103125 0.2609375
1 0.97890625 0.41328125 0.0421875 0.0421875
1 0.9109375 0.3703125 0.040625 0.0609375
1 0.940625 0.31875 0.0265625 0.0359375
1 0.896875 0.1921875 0.040625 0.0375
1 0.9375 0.1875 0.04375 0.0390625
1 0.8953125 0.1390625 0.04375 0.028125
1 0.84375 0.1234375 0.028125 0.028125
1 0.7046875 0.125 0.0390625 0.028125
1 0.7375 0.1234375 0.0359375 0.046875
1 0.8703125 0.3046875 0.053125 0.053125
1 0.7 0.1984375 0.03125 0.0359375
1 0.75 0.2546875 0.0375 0.0265625
1 0.703125 0.3484375 0.0421875 0.0390625
1 0.7140625 0.3859375 0.03125 0.0234375
1 0.709375 0.4296875 0.034375 0.0265625
1 0.821875 0.3609375 0.034375 0.028125
1 0.7890625 0.440625 0.040625 0.0265625
1 0.809375 0.484375 0.0640625 0.0578125
1 0.8015625 0.5953125 0.040625 0.025
1 0.8765625 0.5515625 0.03125 0.021875
1 0.95 0.49375 0.0265625 0.034375
1 0.98671875 0.4890625 0.0265625 0.025
1 0.90625 0.6140625 0.0453125 0.015625
1 0.834375 0.25625 0.05625 0.06875
1 0.828125 0.3015625 0.040625 0.04375
1 0.8 0.5484375 0.0328125 0.03125
1 0.775 0.5703125 0.0453125 0.0484375
1 0.715625 0.534375 0.015625 0.0265625
1 0.7109375 0.546875 0.0078125 0.0296875
1 0.7265625 0.5671875 0.0203125 0.015625
1 0.7109375 0.578125 0.021875 0.025
1 0.721875 0.6 0.0328125 0.025
1 0.771875 0.61875 0.0203125 0.00625
1 0.8578125 0.2390625 0.0109375 0.01875
1 0.840625 0.234375 0.0203125 0.015625
1 0.68125 0.53984375 0.025 0.0453125
1 0.7234375 0.278125 0.0234375 0.015625
1 0.7109375 0.2625 0.015625 0.0109375
1 0.6890625 0.29375 0.0375 0.0234375
1 0.725 0.296875 0.028125 0.025
1 0.7046875 0.315625 0.0234375 0.0125
1 0.6890625 0.3109375 0.0375 0.0140625
1 0.1203125 0.853125 0.009375 0.0125
0 0.1578125 0.8765625 0.028125 0.0359375
1 0.6515625 0.8921875 0.009375 0.0109375
0 0.13515625 0.965625 0.1140625 0.06875
1 0.3359375 0.915625 0.0203125 0.025
1 0.29375 0.9390625 0.0109375 0.0171875
1 0.6015625 0.9015625 0.028125 0.0171875