0 0.4359375 0.16484375 0.0875 0.0609375
0 0.296875 0.1421875 0.0921875 0.15625
1 0.2109375 0.3015625 0.0328125 0.0234375
1 0.61875 0.025 0.015625 0.0171875
1 0.6703125 0.3265625 0.015625 0.0203125
1 0.7015625 0.0203125 0.03125 0.040625
0 0.6578125 0.15625 0.1046875 0.184375
1 0.8125 0.2953125 0.0125 0.009375
1 0.9359375 0.234375 0.015625 0.0140625
1 0.9546875 0.225 0.0109375 0.015625
1 0.9890625 0.0859375 0.021875 0.021875
0 0.7671875 0.140625 0.11875 0.121875
0 0.9375 0.1625 0.125 0.1125
1 0.8796875 0.1125 0.065625 0.1
0 0.8375 0.109375 0.078125 0.15
1 0.46796875 0.36640625 0.0234375 0.0328125
1 0.359375 0.425 0.0171875 0.015625
1 0.3296875 0.5 0.0234375 0.04375
1 0.309375 0.49375 0.0171875 0.0125
1 0.3015625 0.509375 0.0203125 0.0171875
1 0.3015625 0.5328125 0.0265625 0.0203125
1 0.2984375 0.5515625 0.0171875 0.0125
1 0.3109375 0.5578125 0.015625 0.021875
1 0.3265625 0.5328125 0.034375 0.0234375
1 0.2953125 0.596875 0.0265625 0.0125
1 0.20625 0.421875 0.015625 0.028125
0 0.2234375 0.4890625 0.0921875 0.1109375
0 0.1828125 0.4859375 0.015625 0.01875
1 0.2203125 0.5390625 0.0171875 0.0171875
1 0.2234375 0.509375 0.015625 0.0109375
1 0.246875 0.503125 0.0203125 0.0140625
1 0.265625 0.4421875 0.0203125 0.0265625
1 0.2328125 0.6015625 0.0203125 0.01875
1 0.2625 0.5953125 0.01875 0.021875
1 0.2703125 0.621875 0.015625 0.015625
1 0.3625 0.4984375 0.0140625 0.0140625
1 0.34375 0.584375 0.040625 0.0234375
1 0.3578125 0.5734375 0.01875 0.0203125
1 0.3703125 0.5390625 0.015625 0.009375
1 0.40625 0.4734375 0.03125 0.0171875
1 0.415625 0.4875 0.009375 0.0078125
1 0.4453125 0.478125 0.021875 0.0140625
1 0.3953125 0.51875 0.0875 0.0515625
1 0.4234375 0.5578125 0.0703125 0.046875
1 0.4625 0.5265625 0.025 0.025
1 0.4671875 0.5484375 0.009375 0.0125
1 0.3984375 0.6171875 0.0234375 0.0171875
1 0.415625 0.6203125 0.009375 0.0109375
1 0.4609375 0.61875 0.0359375 0.0171875
1 0.4359375 0.634375 0.021875 0.0171875
1 0.3296875 0.6703125 0.025 0.0140625
1 0.2875 0.68125 0.0171875 0.015625
1 0.23125 0.646875 0.025 0.021875
1 0.1859375 0.653125 0.0203125 0.025
1 0.1953125 0.61875 0.0171875 0.0234375
1 0.184375 0.6796875 0.0125 0.01875
1 0.190625 0.728125 0.025 0.0578125
1 0.1875 0.7640625 0.0203125 0.053125
1 0.346875 0.740625 0.03125 0.0296875
0 0.275 0.8140625 0.11875 0.1328125
1 0.3703125 0.8421875 0.01875 0.0234375
1 0.3375 0.846875 0.0125 0.0171875
1 0.3703125 0.8890625 0.015625 0.0234375
1 0.1890625 0.9125 0.01875 0.025
1 0.209375 0.9109375 0.0171875 0.015625
1 0.4203125 0.9578125 0.0484375 0.0625
1 0.415625 0.875 0.0453125 0.021875
1 0.4578125 0.878125 0.0296875 0.028125
0 0.409375 0.8140625 0.0890625 0.090625
1 0.3546875 0.7765625 0.01875 0.0125
1 0.4375 0.740625 0.0109375 0.009375
0 0.4578125 0.81796875 0.04375 0.0953125
1 0.46015625 0.86015625 0.0390625 0.0171875
1 0.475 0.9453125 0.009375 0.028125
1 0.2296875 0.8796875 0.0171875 0.009375
1 0.259375 0.86875 0.0140625 0.0109375
1 0.1828125 0.825 0.0140625 0.01875
1 0.3109375 0.91875 0.1046875 0.071875
1 0.25546875 0.9515625 0.1046875 0.096875
1 0.2578125 0.98828125 0.08125 0.0234375
1 0.87265625 0.3625 0.0171875 0.025
1 0.846875 0.4140625 0.028125 0.0296875
1 0.7046875 0.409375 0.025 0.025
1 0.6390625 0.4015625 0.053125 0.0328125
1 0.6203125 0.3703125 0.0171875 0.0265625
1 0.50390625 0.36953125 0.0390625 0.0390625
1 0.5234375 0.440625 0.071875 0.040625
1 0.7796875 0.425 0.0328125 0.04375
1 0.7984375 0.4421875 0.0078125 0.0203125
1 0.878125 0.446875 0.009375 0.0171875
1 0.646875 0.54375 0.0109375 0.0171875
1 0.6109375 0.5171875 0.0265625 0.0296875
1 0.690625 0.4953125 0.034375 0.0578125
1 0.771875 0.4875 0.0125 0.009375
1 0.734375 0.475 0.0640625 0.0625
1 0.48515625 0.61953125 0.0109375 0.0078125
1 0.6078125 0.5953125 0.0328125 0.03125
1 0.603125 0.6734375 0.0421875 0.04375
1 0.5453125 0.6625 0.025 0.0234375
0 0.5453125 0.609375 0.0703125 0.09375
1 0.6734375 0.6484375 0.0265625 0.021875
0 0.6375 0.6171875 0.109375 0.090625
0 0.6890625 0.6203125 0.0625 0.0375
1 0.6640625 0.58125 0.0578125 0.03125
0 0.7671875 0.6203125 0.1328125 0.06875
0 0.8703125 0.6140625 0.025 0.0578125
1 0.853125 0.5828125 0.0578125 0.0421875
1 0.7421875 0.65625 0.0203125 0.0203125
1 0.7609375 0.6609375 0.015625 0.0140625
1 0.7484375 0.6921875 0.0171875 0.0203125
1 0.7078125 0.7265625 0.0265625 0.0234375
1 0.8390625 0.7453125 0.021875 0.0265625
1 0.7890625 0.8015625 0.0171875 0.01875
1 0.7734375 0.740625 0.0453125 0.0234375
1 0.86875 0.81875 0.028125 0.0390625
1 0.8640625 0.8875 0.03125 0.0484375
1 0.76875 0.9390625 0.0265625 0.028125
1 0.721875 0.921875 0.01875 0.021875
1 0.6421875 0.84375 0.0375 0.0203125
1 0.484375 0.90078125 0.009375 0.0578125
1 0.596875 0.421875 0.0125 0.0234375
1 0.790625 0.98515625 0.03125 0.0296875