0 0.12109375 0.06640625 0.2421875 0.1328125
1 0.10625 0.2578125 0.0328125 0.034375
1 0.2109375 0.0875 0.021875 0.0234375
1 0.09375 0.30625 0.0265625 0.0234375
1 0.109375 0.125 0.0375 0.0984375
0 0.18203125 0.23203125 0.1359375 0.2609375
0 0.17109375 0.35546875 0.1578125 0.0703125
0 0.50546875 0.04453125 0.1921875 0.0890625
0 0.4734375 0.09375 0.1640625 0.084375
0 0.48125 0.171875 0.18125 0.121875
0 0.475 0.259375 0.165625 0.071875
0 0.9734375 0.20390625 0.053125 0.1328125
1 0.746875 0.1671875 0.015625 0.015625
1 0.4078125 0.7890625 0.015625 0.0078125
1 0.44375 0.9625 0.0203125 0.025
1 0.6546875 0.675 0.0171875 0.0109375
0 0.6453125 0.78125 0.2125 0.2046875
1 0.6109375 0.88125 0.021875 0.0390625
0 0.728125 0.9171875 0.246875 0.165625
1 0.678125 0.8609375 0.03125 0.0203125
1 0.6609375 0.9203125 0.0140625 0.015625
1 0.6828125 0.990625 0.0875 0.01875
1 0.984375 0.684375 0.0109375 0.0203125
1 0.8953125 0.7921875 0.0125 0.009375
1 0.884375 0.9109375 0.0234375 0.0234375
1 0.7765625 0.853125 0.028125 0.015625
1 0.7140625 0.8765625 0.046875 0.028125