1 0.5265625 0.58984375 0.046875 0.0203125
1 0.3953125 0.4234375 0.0296875 0.0203125
1 0.4078125 0.3828125 0.03125 0.01875
1 0.5265625 0.09921875 0.046875 0.0328125
1 0.3296875 0.1796875 0.0390625 0.021875
1 0.2953125 0.53125 0.040625 0.0421875
1 0.153125 0.278125 0.0203125 0.028125
1 0.1046875 0.15 0.0359375 0.059375
0 0.15078125 0.4921875 0.2015625 0.215625
0 0.1421875 0.2640625 0.13125 0.3359375
1 0.071875 0.3328125 0.0265625 0.0265625
1 0.0890625 0.228125 0.0390625 0.0296875
1 0.9578125 0.184375 0.0203125 0.015625
1 0.946875 0.4078125 0.0296875 0.0328125
1 0.803125 0.5734375 0.0140625 0.009375
1 0.7984375 0.5671875 0.01875 0.00625
1 0.8171875 0.46875 0.021875 0.028125
1 0.815625 0.425 0.025 0.028125
1 0.8 0.378125 0.01875 0.015625
1 0.734375 0.59609375 0.025 0.0078125
1 0.75078125 0.59140625 0.0109375 0.0171875
1 0.778125 0.5265625 0.028125 0.028125
1 0.7921875 0.3546875 0.0140625 0.01875
1 0.8359375 0.4015625 0.00625 0.009375
1 0.8109375 0.3484375 0.015625 0.009375
1 0.7734375 0.3546875 0.0125 0.0125
1 0.7015625 0.4203125 0.040625 0.0140625
1 0.69375 0.40625 0.01875 0.0171875
1 0.6578125 0.43125 0.021875 0.025
1 0.6921875 0.4609375 0.0265625 0.028125
1 0.6953125 0.4859375 0.028125 0.0203125
1 0.6671875 0.321875 0.025 0.021875
1 0.7796875 0.3265625 0.05 0.0453125
1 0.8015625 0.2265625 0.009375 0.021875
1 0.78125 0.175 0.0328125 0.0140625
1 0.5765625 0.225 0.0265625 0.028125
1 0.5625 0.23515625 0.025 0.0140625
1 0.6046875 0.2890625 0.0265625 0.025
1 0.58125 0.2953125 0.0125 0.009375
1 0.565625 0.296875 0.0140625 0.015625
1 0.5578125 0.28984375 0.015625 0.0515625
1 0.628125 0.321875 0.0140625 0.01875
1 0.603125 0.59609375 0.021875 0.0078125
0 0.64296875 0.475 0.1859375 0.25
1 0.66875 0.540625 0.0125 0.0109375
1 0.5671875 0.5234375 0.0109375 0.015625
0 0.65546875 0.3046875 0.2109375 0.28125
1 0.6859375 0.359375 0.0234375 0.01875
0 0.628125 0.2484375 0.15625 0.16875
0 0.58125 0.1703125 0.0203125 0.0125
0 0.5625 0.16484375 0.025 0.0046875
1 0.4171875 0.6796875 0.025 0.0328125
1 0.33125 0.8171875 0.0109375 0.0046875
0 0.121875 0.7609375 0.1890625 0.3125
0 0.1484375 0.6828125 0.11875 0.165625
1 0.190625 0.61875 0.0265625 0.0234375
1 0.065625 0.61015625 0.021875 0.0203125
1 0.8359375 0.7171875 0.0296875 0.0375
1 0.8265625 0.7328125 0.025 0.0390625
1 0.790625 0.7890625 0.0296875 0.028125
1 0.8 0.684375 0.0421875 0.0484375
1 0.7546875 0.7203125 0.04375 0.0453125
1 0.740625 0.6875 0.0234375 0.025
1 0.728125 0.6625 0.0296875 0.01875
1 0.709375 0.65625 0.025 0.021875
1 0.703125 0.6953125 0.021875 0.025
1 0.6984375 0.6796875 0.0203125 0.028125
1 0.6890625 0.6671875 0.0234375 0.025
1 0.765625 0.840625 0.034375 0.0265625
1 0.875 0.9359375 0.0203125 0.0390625
1 0.8828125 0.846875 0.03125 0.021875
1 0.8921875 0.7890625 0.03125 0.0375
1 0.8796875 0.6546875 0.0359375 0.046875
1 0.9625 0.7046875 0.046875 0.03125
1 0.9875 0.82890625 0.025 0.0484375
1 0.93125 0.728125 0.04375 0.040625
1 0.8484375 0.7375 0.028125 0.0390625
1 0.9765625 0.771875 0.025 0.01875
1 0.940625 0.771875 0.0265625 0.01875
1 0.9578125 0.7609375 0.0375 0.0140625
1 0.9640625 0.675 0.0203125 0.0109375
1 0.86796875 0.9921875 0.0234375 0.015625
1 0.8546875 0.940625 0.0171875 0.0234375
1 0.75390625 0.99296875 0.0234375 0.0140625
1 0.72109375 0.996875 0.0203125 0.00625
1 0.76640625 0.9921875 0.0171875 0.015625
1 0.7609375 0.98125 0.028125 0.0265625
1 0.7765625 0.959375 0.034375 0.0234375
1 0.7625 0.9265625 0.0390625 0.0265625
1 0.7765625 0.9 0.0375 0.0265625
1 0.8390625 0.95625 0.0203125 0.0203125
1 0.9796875 0.959375 0.0171875 0.0234375
1 0.7234375 0.8453125 0.0265625 0.025
1 0.68125 0.7640625 0.040625 0.028125
1 0.6546875 0.6875 0.0203125 0.021875
1 0.646875 0.7015625 0.015625 0.0203125
1 0.6921875 0.75 0.0296875 0.0125
1 0.6703125 0.81875 0.0390625 0.015625
1 0.6578125 0.8421875 0.0421875 0.04375
1 0.678125 0.8421875 0.01875 0.0234375
1 0.68125 0.8765625 0.0296875 0.025
1 0.6953125 0.8484375 0.015625 0.0203125
1 0.66875 0.9421875 0.04375 0.05
1 0.61875 0.8390625 0.025 0.025
1 0.6015625 0.828125 0.021875 0.0203125
1 0.64375 0.95625 0.021875 0.0234375
1 0.628125 0.6578125 0.0328125 0.028125
1 0.5765625 0.64375 0.053125 0.065625
1 0.6171875 0.671875 0.0140625 0.034375
0 0.65703125 0.9609375 0.1234375 0.078125
0 0.67734375 0.86796875 0.2546875 0.1640625
1 0.5640625 0.98671875 0.028125 0.0265625
1 0.5765625 0.9609375 0.034375 0.0203125
1 0.55703125 0.91796875 0.0140625 0.0234375
1 0.5640625 0.75859375 0.028125 0.0421875
1 0.621875 0.715625 0.0359375 0.0171875
1 0.596875 0.7265625 0.0234375 0.0375
1 0.58125 0.7171875 0.0296875 0.028125
1 0.5703125 0.7328125 0.03125 0.028125
1 0.5609375 0.71875 0.021875 0.0296875