1 0.1125 0.1171875 0.0171875 0.0375
1 0.18125 0.26875 0.0234375 0.0234375
1 0.2640625 0.3765625 0.0390625 0.0265625
1 0.2578125 0.4921875 0.028125 0.03125
1 0.3546875 0.4609375 0.034375 0.015625
1 0.09375 0.31875 0.0375 0.0296875
1 0.2703125 0.153125 0.034375 0.03125
0 0.25625 0.25 0.059375 0.06875
1 0.096875 0.23125 0.0515625 0.1078125
0 0.346875 0.2140625 0.1171875 0.1515625
1 0.2890625 0.196875 0.0296875 0.025
1 0.2671875 0.178125 0.0296875 0.0234375
1 0.2203125 0.2046875 0.0359375 0.028125
1 0.2 0.3859375 0.028125 0.025
1 0.1453125 0.3421875 0.0640625 0.0359375
0 0.65625 0.1359375 0.071875 0.1171875
1 0.7640625 0.1203125 0.0421875 0.0390625
1 0.8015625 0.0234375 0.0234375 0.025
1 0.8578125 0.140625 0.0390625 0.0578125
1 0.928125 0.15 0.0296875 0.034375
1 0.9015625 0.203125 0.034375 0.0359375
1 0.9390625 0.1765625 0.03125 0.025
1 0.98828125 0.0484375 0.0234375 0.06875
1 0.9671875 0.0390625 0.0390625 0.071875
1 0.81875 0.21875 0.05625 0.05
1 0.80625 0.1234375 0.059375 0.053125
0 0.7703125 0.1734375 0.1578125 0.0625
1 0.884375 0.1 0.0203125 0.021875
1 0.990625 0.3921875 0.01875 0.0375
1 0.9703125 0.3609375 0.0359375 0.03125
1 0.934375 0.328125 0.0171875 0.0203125
1 0.971875 0.31875 0.01875 0.01875
1 0.915625 0.2421875 0.021875 0.028125
1 0.8765625 0.3140625 0.0328125 0.0234375
1 0.9 0.38125 0.0265625 0.0421875
1 0.86875 0.34375 0.03125 0.021875
1 0.940625 0.471875 0.03125 0.0296875
1 0.9890625 0.52421875 0.021875 0.0109375
1 0.8421875 0.4921875 0.0234375 0.0203125
1 0.7578125 0.4390625 0.0484375 0.04375
1 0.7859375 0.3125 0.01875 0.034375
1 0.80625 0.296875 0.0203125 0.0140625
1 0.696875 0.3328125 0.03125 0.0265625
1 0.7140625 0.375 0.028125 0.025
1 0.675 0.390625 0.046875 0.04375
1 0.7109375 0.428125 0.021875 0.03125
1 0.734375 0.5 0.0296875 0.0171875
1 0.790625 0.3671875 0.01875 0.0140625
1 0.9609375 0.515625 0.0203125 0.025
1 0.3265625 0.5375 0.028125 0.015625
1 0.3140625 0.5484375 0.025 0.0171875
1 0.2484375 0.5921875 0.0265625 0.04375
1 0.4046875 0.65078125 0.009375 0.0296875
0 0.34375 0.6984375 0.128125 0.1046875
1 0.3828125 0.6375 0.028125 0.028125
0 0.04765625 0.69453125 0.0953125 0.1734375
0 0.153125 0.715625 0.146875 0.1296875
1 0.159375 0.63125 0.0234375 0.028125
1 0.225 0.646875 0.0265625 0.03125
1 0.05625 0.840625 0.0328125 0.03125
1 0.00390625 0.86171875 0.0078125 0.0234375
1 0.0328125 0.928125 0.0390625 0.03125
1 0.01640625 0.9734375 0.0328125 0.053125
1 0.715625 0.5375 0.021875 0.015625
1 0.6984375 0.596875 0.01875 0.0203125
1 0.6265625 0.58125 0.015625 0.03125
0 0.5953125 0.6078125 0.03125 0.1
0 0.671875 0.653125 0.1046875 0.1
1 0.6890625 0.6984375 0.0171875 0.0140625
1 0.7296875 0.6671875 0.0390625 0.0546875
0 0.809375 0.6296875 0.125 0.2
0 0.90625 0.646875 0.1328125 0.13125
0 0.96796875 0.64765625 0.0640625 0.0953125
1 0.778125 0.8078125 0.05 0.0421875
1 0.859375 0.859375 0.0171875 0.0171875
1 0.7578125 0.9578125 0.0234375 0.0234375
1 0.978125 0.8625 0.0328125 0.0296875