1 0.0546875 0.1109375 0.0140625 0.0171875
0 0.05390625 0.41875 0.1078125 0.146875
1 0.0875 0.3453125 0.0328125 0.0296875
1 0.153125 0.2671875 0.015625 0.0296875
1 0.165625 0.3375 0.015625 0.015625
1 0.075 0.3109375 0.0125 0.015625
0 0.215625 0.4375 0.103125 0.0734375
1 0.30625 0.4375 0.046875 0.0546875
1 0.271875 0.4421875 0.021875 0.0515625
1 0.1140625 0.43125 0.03125 0.0203125
1 0.6421875 0.478125 0.0140625 0.01875
1 0.65 0.1296875 0.009375 0.0078125
1 0.6640625 0.384375 0.0125 0.009375
1 0.6703125 0.3484375 0.0078125 0.0109375
1 0.709375 0.2390625 0.0109375 0.009375
1 0.721875 0.2 0.0109375 0.0078125
1 0.7625 0.240625 0.0140625 0.009375
1 0.778125 0.23125 0.0140625 0.0109375
1 0.7984375 0.4703125 0.0125 0.0078125
1 0.8265625 0.475 0.0359375 0.0265625
1 0.853125 0.1953125 0.0125 0.0171875
1 0.959375 0.0421875 0.0078125 0.0140625
1 0.9546875 0.475 0.025 0.0265625
1 0.9734375 0.16875 0.0078125 0.0109375
1 0.9765625 0.4515625 0.0234375 0.0125
0 0.90234375 0.2265625 0.1953125 0.134375
0 0.6359375 0.25 0.084375 0.103125
0 0.746875 0.23125 0.159375 0.1703125
1 0.83125 0.50625 0.0078125 0.0140625
1 0.0375 0.68125 0.0171875 0.0296875
0 0.0859375 0.76875 0.171875 0.4375
1 0.1328125 0.5796875 0.0296875 0.0296875
1 0.1671875 0.5625 0.025 0.0234375
1 0.190625 0.65625 0.0328125 0.0140625
1 0.075 0.721875 0.0296875 0.0328125
1 0.034375 0.65 0.0140625 0.0109375
0 0.15703125 0.76015625 0.3140625 0.3828125
1 0.0078125 0.89140625 0.015625 0.0234375
1 0.0265625 0.896875 0.0140625 0.0203125
1 0.1078125 0.75 0.01875 0.0125
1 0.11875 0.759375 0.025 0.015625
1 0.1203125 0.7734375 0.025 0.0140625
1 0.10625 0.79375 0.034375 0.0328125
1 0.1109375 0.8140625 0.0125 0.0078125
1 0.1328125 0.8046875 0.046875 0.0515625
1 0.175 0.7984375 0.028125 0.0359375
1 0.190625 0.81875 0.0171875 0.009375
1 0.1984375 0.8046875 0.015625 0.015625
1 0.2484375 0.8203125 0.0203125 0.0203125
1 0.234375 0.7890625 0.025 0.01875
1 0.2890625 0.8015625 0.0171875 0.021875
1 0.25 0.5875 0.0390625 0.0421875
1 0.2390625 0.6375 0.0265625 0.021875
1 0.2984375 0.7109375 0.021875 0.0265625
1 0.3375 0.7140625 0.0203125 0.028125
1 0.2796875 0.5828125 0.015625 0.0234375
1 0.25703125 0.5625 0.0234375 0.025
1 0.284375 0.553125 0.0125 0.00625
1 0.334375 0.5546875 0.034375 0.009375
1 0.346875 0.7703125 0.0234375 0.021875
1 0.3375 0.7875 0.0171875 0.0234375
1 0.3375 0.821875 0.0171875 0.0203125
1 0.3578125 0.8296875 0.03125 0.040625
0 0.3625 0.753125 0.021875 0.0765625
1 0.3609375 0.7765625 0.0078125 0.0234375
1 0.1796875 0.9046875 0.03125 0.0234375
1 0.0015625 0.99375 0.003125 0.009375
1 0.07421875 0.99453125 0.0515625 0.0109375
1 0.24921875 0.996875 0.0234375 0.00625
1 0.290625 0.8328125 0.015625 0.015625
1 0.8515625 0.61875 0.0546875 0.0390625
0 0.765625 0.83125 0.0921875 0.1421875
0 0.7609375 0.9421875 0.0828125 0.046875
1 0.940625 0.63125 0.0171875 0.0234375
1 0.9109375 0.5546875 0.015625 0.009375
1 0.946875 0.603125 0.015625 0.0171875
0 0.8734375 0.84765625 0.253125 0.3046875
0 0.9625 0.853125 0.075 0.228125