1 0.6375 0.3015625 0.021875 0.0140625
1 0.653125 0.33046875 0.0125 0.0234375
1 0.646875 0.3328125 0.025 0.015625
1 0.6359375 0.390625 0.0046875 0.0109375
1 0.65234375 0.4296875 0.0140625 0.01875
1 0.58359375 0.4765625 0.0234375 0.00625
1 0.515625 0.4375 0.0171875 0.015625
1 0.509375 0.3765625 0.0046875 0.009375
1 0.4625 0.365625 0.015625 0.0203125
1 0.5296875 0.30625 0.01875 0.015625
1 0.340625 0.4015625 0.0140625 0.015625
1 0.3984375 0.41875 0.0484375 0.0265625
1 0.39375 0.325 0.0234375 0.0171875
1 0.409375 0.3015625 0.00625 0.003125
1 0.2671875 0.2609375 0.0125 0.0171875
1 0.240625 0.246875 0.021875 0.021875
1 0.25 0.2796875 0.0265625 0.0359375
1 0.2625 0.240625 0.0171875 0.0140625
1 0.2875 0.3671875 0.0734375 0.0421875
1 0.3015625 0.3890625 0.028125 0.0109375
1 0.3265625 0.415625 0.0296875 0.0125
1 0.21875 0.3921875 0.0171875 0.021875
0 0.25625 0.3 0.2046875 0.165625
0 0.22890625 0.42421875 0.2484375 0.1109375
1 0.1109375 0.3515625 0.05625 0.0421875
1 0.0609375 0.334375 0.00625 0.009375
1 0.071875 0.2984375 0.01875 0.0140625
1 0.1421875 0.228125 0.015625 0.0171875
1 0.721875 0.06875 0.0265625 0.0265625
1 0.67265625 0.01875 0.0265625 0.03125
1 0.6640625 0.04609375 0.009375 0.0171875
1 0.7453125 0.128125 0.0234375 0.01875
1 0.675 0.2453125 0.015625 0.0171875
1 0.6984375 0.2609375 0.01875 0.01875
1 0.03046875 0.53203125 0.0609375 0.0328125
1 0.2375 0.521875 0.0359375 0.0421875
1 0.4125 0.60625 0.0390625 0.028125
1 0.0703125 0.64375 0.084375 0.096875
1 0.0765625 0.78125 0.025 0.0578125
1 0.215625 0.7765625 0.0125 0.015625
1 0.00234375 0.79375 0.0046875 0.025
1 0.453125 0.7890625 0.03125 0.0125
1 0.234375 0.7890625 0.0125 0.01875
1 0.5671875 0.7984375 0.0359375 0.0328125
0 0.43203125 0.5328125 0.1421875 0.10625
1 0.4890625 0.496875 0.04375 0.034375
0 0.4421875 0.65625 0.196875 0.08125
1 0.428125 0.69375 0.015625 0.028125
1 0.3328125 0.571875 0.0921875 0.090625
0 0.40625 0.7734375 0.0984375 0.0828125
1 0.1484375 0.5765625 0.0765625 0.065625
1 0.1140625 0.5375 0.0109375 0.021875
1 0.078125 0.50625 0.021875 0.015625
1 0.2140625 0.5546875 0.078125 0.0578125
1 0.1953125 0.5734375 0.025 0.01875
1 0.215625 0.603125 0.05625 0.0328125
1 0.3234375 0.734375 0.1453125 0.14375
1 0.025 0.6109375 0.0484375 0.0171875
1 0.15625 0.784375 0.05 0.0625
1 0.20625 0.69375 0.1421875 0.1796875
1 0.296875 0.65 0.146875 0.090625
1 0.3296875 0.63125 0.0359375 0.01875
1 0.790625 0.5828125 0.03125 0.03125
1 0.8015625 0.7828125 0.025 0.025
1 0.8546875 0.765625 0.025 0.01875
1 0.6890625 0.7078125 0.015625 0.0171875
0 0.95625 0.5796875 0.0875 0.178125