1 0.303125 0.1859375 0.0125 0.009375
1 0.1 0.2890625 0.0171875 0.0125
1 0.1671875 0.409375 0.0109375 0.0125
1 0.015625 0.4109375 0.0203125 0.0203125
1 0.11484375 0.4234375 0.0140625 0.0125
0 0.31640625 0.4015625 0.0671875 0.05625
1 0.3 0.240625 0.0109375 0.009375
1 0.33046875 0.2109375 0.0390625 0.05625
1 0.31875 0.30625 0.05625 0.01875
1 0.0875 0.4046875 0.028125 0.0265625
1 0.153125 0.34375 0.0140625 0.015625
1 0.140625 0.3328125 0.015625 0.0078125
1 0.078125 0.265625 0.01875 0.015625
1 0.0453125 0.2828125 0.0296875 0.0203125
1 0.0203125 0.25859375 0.040625 0.0234375
1 0.0046875 0.40234375 0.009375 0.0265625
1 0.790625 0.0953125 0.021875 0.01875
1 0.353125 0.32578125 0.00625 0.0265625
1 0.3828125 0.3265625 0.028125 0.021875
1 0.35234375 0.35546875 0.0046875 0.0296875
1 0.740625 0.421875 0.00625 0.0125
1 0.99609375 0.16171875 0.0078125 0.0265625
1 0.98515625 0.065625 0.0296875 0.06875
1 0.934375 0.1703125 0.028125 0.0203125
1 0.9078125 0.1859375 0.0203125 0.0296875
1 0.903125 0.1515625 0.046875 0.0421875
1 0.98515625 0.0984375 0.0296875 0.04375
1 0.953125 0.1203125 0.0859375 0.0890625
1 0.95 0.0796875 0.046875 0.0171875
1 0.909375 0.071875 0.0125 0.0078125
1 0.8296875 0.0328125 0.0265625 0.0234375
1 0.8765625 0.00625 0.0265625 0.009375
0 0.77734375 0.11953125 0.1859375 0.2390625
1 0.76875 0.0140625 0.0625 0.028125
1 0.6921875 0.009375 0.015625 0.01875
1 0.709375 0.0578125 0.028125 0.03125
1 0.584375 0.028125 0.025 0.015625
1 0.671875 0.15 0.015625 0.0234375
1 0.70625 0.1234375 0.0125 0.028125
1 0.7921875 0.153125 0.0453125 0.0265625
1 0.8015625 0.1859375 0.0109375 0.015625
1 0.8171875 0.1921875 0.015625 0.015625
1 0.8203125 0.09375 0.01875 0.0234375
1 0.80625 0.071875 0.01875 0.0203125
1 0.7828125 0.0796875 0.021875 0.025
1 0.9765625 0.23359375 0.046875 0.0515625
0 0.828125 0.3015625 0.309375 0.1578125
1 0.7578125 0.3421875 0.0453125 0.04375
1 0.7578125 0.3609375 0.0140625 0.0203125
1 0.7359375 0.378125 0.021875 0.0203125
1 0.8953125 0.353125 0.0234375 0.03125
1 0.915625 0.3515625 0.009375 0.021875
1 0.8984375 0.3203125 0.0171875 0.0171875
1 0.7578125 0.321875 0.0109375 0.0140625
0 0.90390625 0.41171875 0.0546875 0.0359375
0 0.76015625 0.42578125 0.1296875 0.0078125
1 0.746875 0.240625 0.0265625 0.03125
1 0.7015625 0.234375 0.0234375 0.015625
1 0.653125 0.2421875 0.0234375 0.0234375
1 0.58125 0.3546875 0.0234375 0.03125
1 0.5515625 0.3421875 0.0171875 0.0359375
1 0.5546875 0.3109375 0.0390625 0.021875
1 0.571875 0.315625 0.0125 0.0109375
1 0.5375 0.275 0.0359375 0.021875
1 0.5671875 0.2796875 0.034375 0.0296875
1 0.5515625 0.225 0.0328125 0.0265625
1 0.5140625 0.2328125 0.021875 0.01875
1 0.484375 0.2359375 0.01875 0.0046875
1 0.55 0.253125 0.0171875 0.0125
1 0.590625 0.21875 0.03125 0.0296875
1 0.421875 0.2578125 0.01875 0.015625
1 0.35546875 0.30078125 0.0109375 0.0140625
1 0.3703125 0.2640625 0.025 0.025
1 0.421875 0.225 0.021875 0.0265625
1 0.428125 0.171875 0.0234375 0.0203125
1 0.41875 0.190625 0.00625 0.0109375
1 0.421875 0.121875 0.0234375 0.01875
1 0.4078125 0.0890625 0.0234375 0.025
1 0.428125 0.0484375 0.0140625 0.025
1 0.4140625 0.0515625 0.009375 0.0234375
1 0.390625 0.025 0.0234375 0.015625
1 0.38984375 0.00234375 0.0140625 0.0046875
1 0.428125 0.003125 0.025 0.00625
1 0.5265625 0.0203125 0.01875 0.0265625
1 0.490625 0.034375 0.0234375 0.0234375
1 0.5609375 0.053125 0.0375 0.0359375
1 0.371875 0.3875 0.009375 0.015625
0 0.196875 0.8359375 0.0875 0.121875
0 0.2171875 0.6359375 0.0578125 0.1109375
1 0.290625 0.8890625 0.075 0.0296875
1 0.2703125 0.81875 0.04375 0.0625
1 0.2234375 0.69375 0.128125 0.0453125
1 0.290625 0.940625 0.0671875 0.0265625
1 0.33125 0.8546875 0.025 0.0234375
1 0.2671875 0.7375 0.03125 0.0390625
1 0.284375 0.7640625 0.0125 0.0140625
1 0.3109375 0.5859375 0.0296875 0.0234375
1 0.3234375 0.75625 0.0203125 0.03125
1 0.0734375 0.596875 0.0375 0.04375
1 0.00859375 0.5859375 0.0171875 0.03125
1 0.021875 0.603125 0.0265625 0.0328125
1 0.0765625 0.690625 0.0125 0.021875
1 0.09375 0.68125 0.0234375 0.03125
1 0.0453125 0.6546875 0.0234375 0.0203125
1 0.00234375 0.69453125 0.0046875 0.0140625
1 0.00625 0.7359375 0.0125 0.0234375
1 0.0828125 0.7578125 0.0265625 0.021875
1 0.146875 0.7671875 0.0375 0.03125
1 0.1984375 0.771875 0.025 0.025
1 0.021875 0.8140625 0.025 0.034375
1 0.071875 0.8421875 0.028125 0.025
1 0.0046875 0.86171875 0.009375 0.0390625
1 0.0046875 0.90625 0.009375 0.03125
1 0.0625 0.9921875 0.03125 0.015625
1 0.04375 0.8765625 0.0296875 0.0515625
0 0.20078125 0.94140625 0.1359375 0.1171875
0 0.2203125 0.990625 0.103125 0.01875
1 0.3875 0.43671875 0.0125 0.0140625
1 0.86875 0.459375 0.0296875 0.0296875
1 0.3984375 0.496875 0.021875 0.0296875
1 0.8 0.546875 0.0125 0.0203125
1 0.38125 0.559375 0.015625 0.01875
1 0.7515625 0.5703125 0.040625 0.0484375
1 0.5609375 0.6046875 0.015625 0.009375
1 0.53125 0.6296875 0.009375 0.0171875
1 0.8359375 0.646875 0.0265625 0.0359375
1 0.9625 0.6703125 0.01875 0.015625
1 0.8890625 0.675 0.01875 0.0296875
1 0.5140625 0.6921875 0.009375 0.009375
1 0.834375 0.7109375 0.0234375 0.0125
1 0.41875 0.709375 0.0390625 0.0265625
1 0.4109375 0.74375 0.009375 0.0203125
1 0.5734375 0.7734375 0.0328125 0.0296875
1 0.7546875 0.46875 0.021875 0.0203125
1 0.7 0.4921875 0.0046875 0.0078125
1 0.871875 0.6609375 0.015625 0.0140625
1 0.790625 0.6859375 0.0078125 0.015625
0 0.8125 0.7890625 0.021875 0.03125
0 0.68125 0.6671875 0.196875 0.275
1 0.546875 0.6984375 0.0109375 0.0125
1 0.5328125 0.6875 0.015625 0.015625
1 0.5140625 0.5953125 0.0453125 0.0390625
1 0.503125 0.5578125 0.0234375 0.028125
1 0.3984375 0.7921875 0.0234375 0.0234375