0 0.0375 0.078125 0.075 0.078125
1 0.2078125 0.39375 0.0109375 0.0140625
1 0.21875 0.1515625 0.015625 0.01875
1 0.08125 0.28125 0.040625 0.0234375
1 0.0796875 0.3109375 0.015625 0.028125
1 0.16875 0.3296875 0.0234375 0.028125
1 0.0671875 0.01640625 0.046875 0.0328125
1 0.240625 0.00859375 0.059375 0.0171875
1 0.26328125 0.01015625 0.0171875 0.0203125
1 0.3296875 0.2046875 0.0234375 0.028125
1 0.340625 0.1609375 0.0234375 0.0265625
1 0.2859375 0.3234375 0.0328125 0.0140625
1 0.303125 0.3015625 0.0140625 0.0328125
1 0.3484375 0.3421875 0.0203125 0.0265625
1 0.2375 0.3984375 0.028125 0.0296875
0 0.04296875 0.54453125 0.0859375 0.0484375
1 0.015625 0.51875 0.03125 0.0296875
1 0.09375 0.5046875 0.0296875 0.0203125
1 0.13125 0.55625 0.0265625 0.0234375
1 0.1421875 0.5125 0.03125 0.028125
1 0.2984375 0.55859375 0.01875 0.0203125
1 0.3125 0.528125 0.0171875 0.0234375
1 0.3390625 0.4046875 0.03125 0.0234375
1 0.0328125 0.0421875 0.021875 0.028125
1 0.196875 0.1125 0.025 0.0359375
1 0.225 0.16875 0.025 0.0296875
1 0.3078125 0.04375 0.025 0.0203125
1 0.2984375 0.028125 0.0234375 0.025
1 0.2390625 0.0234375 0.025 0.01875
1 0.2078125 0.096875 0.0203125 0.0234375
1 0.3015625 0.08125 0.0359375 0.028125
1 0.2453125 0.0484375 0.0171875 0.0359375
1 0.3328125 0.2296875 0.0203125 0.0203125
1 0.7640625 0.0953125 0.0390625 0.021875
1 0.85625 0.1234375 0.0171875 0.021875
1 0.928125 0.0359375 0.01875 0.028125
1 0.8921875 0.3078125 0.021875 0.028125
1 0.58125 0.0234375 0.021875 0.021875
1 0.5828125 0.1078125 0.03125 0.015625
1 0.81640625 0.0203125 0.0609375 0.040625
0 0.88671875 0.40390625 0.2265625 0.3296875
0 0.71875 0.390625 0.359375 0.35625
0 0.61640625 0.4375 0.1546875 0.2625
1 0.128125 0.7328125 0.078125 0.0625
1 0.284375 0.8421875 0.0203125 0.0234375
1 0.275 0.759375 0.021875 0.0140625
0 0.11875 0.9484375 0.18125 0.103125
0 0.284375 0.9609375 0.109375 0.078125
1 0.2453125 0.6171875 0.0203125 0.01875
1 0.590625 0.9984375 0.034375 0.003125
1 0.6546875 0.6578125 0.034375 0.03125
1 0.671875 0.628125 0.046875 0.0359375
1 0.71875 0.6609375 0.0265625 0.025
1 0.7453125 0.946875 0.0171875 0.0171875
1 0.725 0.6125 0.0484375 0.0421875
1 0.8015625 0.946875 0.01875 0.0140625
1 0.8171875 0.79375 0.0234375 0.0203125
1 0.8546875 0.621875 0.01875 0.01875
0 0.8578125 0.7453125 0.0671875 0.0484375
1 0.9625 0.8828125 0.0203125 0.028125
1 0.9921875 0.890625 0.015625 0.021875
1 0.99140625 0.975 0.0171875 0.015625
1 0.9921875 0.6296875 0.015625 0.059375
1 0.74765625 0.571875 0.0359375 0.00625
1 0.7265625 0.678125 0.0140625 0.0109375
1 0.684375 0.68125 0.01875 0.01875
1 0.6453125 0.675 0.0234375 0.021875
1 0.5875 0.6015625 0.01875 0.0125
1 0.89375 0.625 0.0421875 0.065625
1 0.9203125 0.6234375 0.025 0.034375
1 0.8 0.609375 0.015625 0.0125
1 0.565625 0.6609375 0.015625 0.015625
0 0.559375 0.75 0.0375 0.1234375
1 0.65 0.7875 0.009375 0.0140625
1 0.671875 0.79375 0.0203125 0.0078125
0 0.6140625 0.740625 0.109375 0.084375
1 0.71875 0.7890625 0.0296875 0.0125
1 0.7328125 0.8140625 0.0171875 0.0109375
0 0.7890625 0.746875 0.1078125 0.05625
1 0.99765625 0.73203125 0.0046875 0.0265625
0 0.925 0.7421875 0.0453125 0.053125
0 0.96484375 0.7390625 0.0703125 0.046875
1 0.5984375 0.8484375 0.015625 0.0203125
1 0.9109375 0.89375 0.021875 0.0203125
1 0.796875 0.878125 0.0265625 0.0234375
1 0.6140625 0.8875 0.053125 0.034375
1 0.5875 0.8921875 0.0171875 0.0109375
1 0.571875 0.9 0.0375 0.0203125
1 0.6453125 0.909375 0.021875 0.015625
1 0.659375 0.934375 0.0109375 0.009375
1 0.778125 0.9890625 0.015625 0.009375
1 0.65 0.9859375 0.0265625 0.0171875