0 0.2203125 0.059375 0.134375 0.046875
0 0.29375 0.071875 0.0484375 0.0703125
1 0.303125 0.1203125 0.0296875 0.03125
1 0.3109375 0.1375 0.015625 0.0328125
1 0.3046875 0.15 0.015625 0.0171875
1 0.321875 0.146875 0.0140625 0.01875
1 0.171875 0.1125 0.0328125 0.0234375
1 0.1984375 0.1375 0.0203125 0.0453125
1 0.2 0.1578125 0.028125 0.025
1 0.2234375 0.2546875 0.0234375 0.0234375
0 0.2296875 0.24375 0.134375 0.2765625
1 0.43125 0.1015625 0.025 0.0203125
1 0.4328125 0.140625 0.0109375 0.015625
1 0.453125 0.2109375 0.034375 0.025
1 0.4421875 0.2296875 0.0421875 0.0265625
1 0.4515625 0.2515625 0.03125 0.0328125
1 0.453125 0.3 0.015625 0.0234375
1 0.4578125 0.375 0.028125 0.0109375
1 0.4671875 0.384375 0.0234375 0.034375
1 0.434375 0.4375 0.015625 0.03125
1 0.4421875 0.440625 0.0296875 0.01875
0 0.2453125 0.49921875 0.125 0.0796875
1 0.1296875 0.4203125 0.0296875 0.015625
1 0.134375 0.340625 0.0171875 0.03125
1 0.1640625 0.3578125 0.01875 0.021875
1 0.2171875 0.3546875 0.0296875 0.0265625
1 0.178125 0.3609375 0.0140625 0.015625
1 0.08125 0.309375 0.0234375 0.0234375
1 0.0828125 0.3203125 0.021875 0.0203125
1 0.0734375 0.0453125 0.0171875 0.015625
1 0.1125 0.078125 0.015625 0.01875
1 0.0125 0.38359375 0.025 0.0265625
1 0.340625 0.528125 0.01875 0.0140625
1 0.571875 0.0421875 0.021875 0.0125
1 0.559375 0.096875 0.0109375 0.021875
1 0.55 0.103125 0.0109375 0.021875
1 0.55625 0.1875 0.0296875 0.028125
1 0.59375 0.1640625 0.03125 0.03125
1 0.578125 0.246875 0.0203125 0.015625
1 0.615625 0.2265625 0.021875 0.040625
1 0.6234375 0.203125 0.0125 0.00625
1 0.603125 0.221875 0.028125 0.0140625
1 0.5875 0.2890625 0.0234375 0.0265625
1 0.6078125 0.29375 0.0234375 0.0234375
1 0.625 0.296875 0.009375 0.009375
1 0.5875 0.4171875 0.0203125 0.0265625
1 0.61875 0.4234375 0.021875 0.025
1 0.6078125 0.4234375 0.0078125 0.0328125
1 0.590625 0.45 0.03125 0.0359375
1 0.5421875 0.5078125 0.025 0.021875
0 0.684375 0.08125 0.109375 0.1625
0 0.66015625 0.27109375 0.0609375 0.2609375
1 0.678125 0.1296875 0.040625 0.0609375
1 0.6484375 0.18125 0.0265625 0.0359375
1 0.6921875 0.3078125 0.040625 0.0375
1 0.6515625 0.3125 0.04375 0.0390625
1 0.69375 0.3609375 0.04375 0.028125
1 0.7453125 0.3765625 0.028125 0.028125
1 0.884375 0.375 0.0390625 0.028125
1 0.8515625 0.3765625 0.0359375 0.046875
1 0.71875 0.1953125 0.053125 0.053125
1 0.8890625 0.3015625 0.03125 0.0359375
1 0.8390625 0.2453125 0.0375 0.0265625
1 0.8859375 0.1515625 0.0421875 0.0390625
1 0.875 0.1140625 0.03125 0.0234375
1 0.8796875 0.0703125 0.034375 0.0265625
1 0.7671875 0.1390625 0.034375 0.028125
1 0.8 0.059375 0.040625 0.0265625
1 0.77890625 0.021875 0.0640625 0.04375
1 0.99140625 0.3875 0.0171875 0.028125
1 0.99140625 0.340625 0.0171875 0.021875
1 0.9703125 0.3296875 0.0265625 0.0203125
1 0.98828125 0.28203125 0.0234375 0.0546875
1 0.99375 0.2203125 0.0125 0.034375
1 0.9953125 0.1296875 0.009375 0.034375
1 0.9390625 0.078125 0.040625 0.025
1 0.640625 0.01171875 0.021875 0.0234375
1 0.7546875 0.24375 0.05625 0.06875
1 0.7609375 0.1984375 0.040625 0.04375
1 0.73125 0.2609375 0.0109375 0.01875
1 0.7484375 0.265625 0.0203125 0.015625
1 0.9609375 0.2953125 0.0140625 0.01875
1 0.865625 0.221875 0.0234375 0.015625
1 0.878125 0.2375 0.015625 0.0109375
1 0.9 0.20625 0.0375 0.0234375
1 0.8640625 0.203125 0.028125 0.025
1 0.884375 0.184375 0.0234375 0.0125
1 0.9 0.1890625 0.0375 0.0140625
1 0.0890625 0.7296875 0.0234375 0.01875
1 0.2265625 0.7015625 0.0078125 0.0125
0 0.1984375 0.7015625 0.1484375 0.1453125
0 0.21953125 0.5875 0.3265625 0.096875
1 0.628125 0.6671875 0.003125 0.01875
1 0.5765625 0.54453125 0.03125 0.0109375
1 0.7875 0.9390625 0.0125 0.0265625
1 0.7453125 0.7484375 0.021875 0.009375
1 0.909375 0.6515625 0.0890625 0.0609375
1 0.684375 0.6203125 0.009375 0.0265625
1 0.64140625 0.59453125 0.0234375 0.0109375
1 0.66640625 0.5453125 0.0265625 0.0125
1 0.759375 0.8578125 0.03125 0.028125
0 0.7421875 0.75625 0.1875 0.196875
0 0.7375 0.9 0.209375 0.2
0 0.75 0.9890625 0.196875 0.021875