1 0.090625 0.2734375 0.0078125 0.0109375
1 0.0453125 0.425 0.015625 0.015625
1 0.0875 0.384375 0.01875 0.015625
1 0.1796875 0.390625 0.03125 0.021875
1 0.240625 0.3484375 0.025 0.0234375
1 0.2375 0.328125 0.0234375 0.0234375
1 0.3015625 0.3875 0.015625 0.03125
1 0.31875 0.384375 0.0125 0.025
1 0.3375 0.384375 0.0203125 0.0203125
1 0.3421875 0.35625 0.040625 0.021875
1 0.36875 0.3578125 0.015625 0.028125
1 0.3546875 0.375 0.0140625 0.0140625
1 0.3546875 0.3234375 0.021875 0.0140625
1 0.3984375 0.3203125 0.0234375 0.03125
1 0.2640625 0.28125 0.0171875 0.0171875
1 0.178125 0.240625 0.025 0.01875
1 0.109375 0.2515625 0.01875 0.0140625
1 0.1875 0.1453125 0.025 0.034375
1 0.096875 0.1140625 0.0265625 0.0234375
1 0.0984375 0.084375 0.034375 0.0265625
1 0.1234375 0.0765625 0.0125 0.0125
1 0.271875 0.1078125 0.01875 0.01875
1 0.3203125 0.1578125 0.021875 0.0171875
1 0.3390625 0.134375 0.0421875 0.021875
1 0.3359375 0.084375 0.01875 0.0109375
1 0.34375 0.078125 0.0234375 0.0140625
0 0.38828125 0.19921875 0.1234375 0.1203125
1 0.43828125 0.14140625 0.0234375 0.0140625
1 0.3453125 0.153125 0.0203125 0.009375
1 0.384375 0.165625 0.0171875 0.015625
1 0.4140625 0.10390625 0.071875 0.0671875
1 0.4171875 0.3578125 0.01875 0.0203125
1 0.41484375 0.3984375 0.0703125 0.08125
0 0.396875 0.4265625 0.10625 0.025
1 0.9109375 0.1859375 0.03125 0.03125
0 0.5796875 0.1609375 0.1578125 0.096875
0 0.53828125 0.334375 0.1765625 0.209375
0 0.575 0.353125 0.25 0.171875
1 0.0390625 0.484375 0.0234375 0.0078125
1 0.03125 0.5296875 0.034375 0.0515625
1 0.0125 0.565625 0.0109375 0.028125
1 0.0984375 0.6 0.01875 0.021875
1 0.1 0.6875 0.025 0.0171875
1 0.00234375 0.709375 0.0046875 0.015625
1 0.0203125 0.7078125 0.0265625 0.0265625
1 0.01640625 0.79296875 0.0328125 0.0421875
1 0.0703125 0.8046875 0.015625 0.0140625
1 0.1125 0.7453125 0.03125 0.0328125
1 0.0171875 0.83515625 0.034375 0.0234375
1 0.0140625 0.89140625 0.028125 0.0421875
0 0.21640625 0.44765625 0.0796875 0.0171875
1 0.246875 0.4515625 0.028125 0.025
1 0.3 0.490625 0.0171875 0.0234375
1 0.271875 0.503125 0.015625 0.025
1 0.1578125 0.4953125 0.0171875 0.0171875
1 0.2453125 0.5640625 0.009375 0.0109375
1 0.1765625 0.5765625 0.03125 0.0265625
1 0.1671875 0.559375 0.015625 0.0125
1 0.1890625 0.5921875 0.025 0.015625
1 0.16875 0.6 0.0125 0.0109375
0 0.2125 0.6609375 0.1375 0.11875
1 0.2421875 0.6171875 0.0171875 0.0109375
1 0.1890625 0.665625 0.0328125 0.0171875
1 0.2171875 0.69375 0.021875 0.0203125
1 0.3125 0.69375 0.03125 0.0359375
1 0.2546875 0.7234375 0.025 0.025
1 0.196875 0.7140625 0.0328125 0.025
1 0.246875 0.740625 0.01875 0.015625
1 0.1875 0.7375 0.0203125 0.021875
1 0.1609375 0.7390625 0.028125 0.0234375
1 0.3171875 0.7203125 0.04375 0.0375
0 0.2140625 0.7859375 0.1140625 0.1265625
1 0.1234375 0.859375 0.065625 0.0734375
0 0.196875 0.878125 0.1015625 0.0703125
1 0.2984375 0.85 0.0296875 0.0234375
1 0.3296875 0.8125 0.0984375 0.0703125
1 0.3484375 0.828125 0.021875 0.0140625
1 0.328125 0.7546875 0.009375 0.0078125
1 0.425 0.734375 0.021875 0.0203125
1 0.4234375 0.7515625 0.01875 0.0109375
1 0.434375 0.54765625 0.03125 0.0359375
1 0.39375 0.5453125 0.025 0.015625
1 0.3171875 0.625 0.015625 0.01875
0 0.8171875 0.89375 0.0359375 0.0375
0 0.8453125 0.7484375 0.03125 0.025
1 0.4765625 0.946875 0.0296875 0.025
0 0.603125 0.90625 0.0765625 0.0671875
1 0.725 0.7015625 0.025 0.0140625
1 0.7234375 0.74375 0.046875 0.03125
1 0.7171875 0.790625 0.0234375 0.015625
1 0.78125 0.6890625 0.034375 0.028125
1 0.7640625 0.615625 0.0546875 0.0375
1 0.75625 0.6421875 0.025 0.0203125
0 0.9203125 0.821875 0.1421875 0.1140625
0 0.93203125 0.74921875 0.1359375 0.1390625
0 0.9203125 0.6421875 0.09375 0.121875
1 0.84375 0.615625 0.0640625 0.05
1 0.9453125 0.559375 0.03125 0.0171875
1 0.9328125 0.528125 0.0265625 0.025
1 0.871875 0.5546875 0.025 0.028125
0 0.93828125 0.934375 0.1234375 0.13125
1 0.84375 0.978125 0.0390625 0.03125