1 0.4484375 0.5515625 0.034375 0.015625
1 0.3578125 0.553125 0.028125 0.0125
1 0.3734375 0.4125 0.0625 0.03125
1 0.378125 0.3515625 0.046875 0.0484375
1 0.4453125 0.409375 0.0296875 0.0234375
0 0.43046875 0.49765625 0.1296875 0.1234375
1 0.3890625 0.475 0.11875 0.1140625
1 0.478125 0.446875 0.034375 0.0328125
1 0.3234375 0.4125 0.028125 0.028125
0 0.24140625 0.48828125 0.1828125 0.1421875
1 0.184375 0.4703125 0.01875 0.0140625
1 0.2546875 0.446875 0.0234375 0.0203125
1 0.1125 0.4671875 0.075 0.0578125
0 0.09296875 0.51171875 0.1734375 0.0953125
1 0.03828125 0.478125 0.0765625 0.1625
1 0.3421875 0.403125 0.0203125 0.015625
1 0.459375 0.3328125 0.0171875 0.0203125
1 0.4078125 0.09375 0.0125 0.0078125
1 0.4140625 0.0703125 0.009375 0.0125
1 0.3328125 0.059375 0.015625 0.0171875
1 0.2921875 0.084375 0.0171875 0.021875
1 0.2984375 0.040625 0.0484375 0.04375
1 0.3015625 0.00625 0.03125 0.0125
1 0.20625 0.1046875 0.025 0.0203125
1 0.2015625 0.0640625 0.0234375 0.0265625
1 0.14375 0.06875 0.025 0.0265625
1 0.0546875 0.040625 0.0203125 0.0171875
1 0.0875 0.296875 0.0140625 0.015625
1 0.0828125 0.2890625 0.0171875 0.0125
1 0.1828125 0.321875 0.0265625 0.0296875
1 0.1765625 0.2828125 0.0171875 0.0171875
1 0.2078125 0.334375 0.0125 0.009375
1 0.215625 0.2390625 0.0171875 0.0234375
1 0.2265625 0.275 0.0140625 0.0109375
1 0.090625 0.0125 0.015625 0.0171875
0 0.2203125 0.01953125 0.221875 0.0390625
1 0.83125 0.4078125 0.0328125 0.0484375
1 0.753125 0.36875 0.0296875 0.05
1 0.8265625 0.284375 0.040625 0.028125
1 0.7828125 0.278125 0.0359375 0.0578125
1 0.909375 0.2734375 0.015625 0.0359375
0 0.759375 0.0953125 0.08125 0.1125
0 0.85 0.0796875 0.1328125 0.109375
1 0.8875 0.0671875 0.015625 0.0140625
1 0.909375 0.078125 0.0171875 0.025
1 0.903125 0.053125 0.015625 0.0234375
1 0.3078125 0.98046875 0.028125 0.0390625
1 0.26328125 0.9859375 0.0328125 0.028125
1 0.4421875 0.953125 0.084375 0.090625
1 0.471875 0.834375 0.1703125 0.1390625
1 0.53125 0.88125 0.04375 0.0421875
1 0.6984375 0.921875 0.040625 0.04375
1 0.6625 0.878125 0.05 0.025
1 0.6421875 0.825 0.0890625 0.08125
1 0.70625 0.8546875 0.025 0.05625
1 0.70546875 0.80234375 0.0265625 0.0359375
1 0.309375 0.7734375 0.0875 0.075
1 0.41875 0.7359375 0.071875 0.0609375
1 0.5625 0.7375 0.1015625 0.1203125
1 0.3015625 0.721875 0.0421875 0.0578125
1 0.26875 0.6109375 0.0453125 0.071875
0 0.51796875 0.5890625 0.0953125 0.059375
1 0.5375 0.628125 0.0484375 0.0359375
0 0.59375 0.5703125 0.1625 0.021875
1 0.7125 0.67734375 0.0125 0.0484375
1 0.696875 0.5796875 0.04375 0.040625
0 0.90625 0.984375 0.1125 0.03125
1 0.85625 0.934375 0.059375 0.078125
1 0.796875 0.89375 0.065625 0.05625
1 0.9171875 0.7328125 0.0359375 0.0234375
1 0.99375 0.790625 0.0125 0.01875
1 0.9796875 0.825 0.021875 0.0234375
1 0.821875 0.8546875 0.015625 0.0140625
1 0.971875 0.884375 0.0078125 0.0171875
1 0.815625 0.575 0.0109375 0.015625
1 0.95625 0.575 0.0109375 0.0125
1 0.7796875 0.9625 0.01875 0.021875