1 0.053125 0.25625 0.0234375 0.0265625
1 0.3578125 0.3234375 0.059375 0.0125
0 0.284375 0.3203125 0.2 0.01875
1 0.2921875 0.16875 0.0265625 0.0171875
1 0.3671875 0.2140625 0.0171875 0.015625
1 0.334375 0.225 0.0234375 0.0359375
0 0.31171875 0.053125 0.2140625 0.10625
1 0.39375 0.021875 0.01875 0.01875
1 0.4265625 0.0234375 0.00625 0.00625
1 0.35703125 0.0125 0.0046875 0.025
0 0.3015625 0.171875 0.25625 0.315625
1 0.45078125 0.2234375 0.0421875 0.040625
1 0.6390625 0.31796875 0.0375 0.0234375
0 0.8421875 0.2671875 0.28125 0.125
1 0.3234375 0.759375 0.0328125 0.040625
0 0.0984375 0.7359375 0.1921875 0.246875
0 0.12109375 0.63359375 0.2421875 0.2328125
0 0.0734375 0.8703125 0.1046875 0.1234375
0 0.15 0.8921875 0.04375 0.078125
1 0.5265625 0.99765625 0.040625 0.0046875
1 0.759375 0.91875 0.0046875 0.0109375
1 0.559375 0.8984375 0.025 0.028125
1 0.9078125 0.8484375 0.0484375 0.025
1 0.5703125 0.615625 0.028125 0.03125
1 0.5421875 0.959375 0.04375 0.0171875
1 0.5140625 0.853125 0.046875 0.0578125
1 0.8171875 0.709375 0.021875 0.0265625
0 0.828125 0.6359375 0.34375 0.215625
0 0.809375 0.7734375 0.1921875 0.290625
1 0.553125 0.75 0.0265625 0.03125
1 0.5515625 0.73125 0.0171875 0.015625
1 0.55625 0.715625 0.015625 0.0125
1 0.7265625 0.7921875 0.046875 0.025
1 0.715625 0.8296875 0.0171875 0.015625
1 0.7203125 0.85 0.0140625 0.015625
1 0.678125 0.8953125 0.021875 0.01875
1 0.6765625 0.909375 0.01875 0.0140625
0 0.821875 0.928125 0.35625 0.14375
1 0.8390625 0.803125 0.01875 0.0203125