1 0.02265625 0.1828125 0.0453125 0.03125
1 0.015625 0.221875 0.028125 0.028125
1 0.028125 0.2546875 0.0296875 0.0171875
1 0.034375 0.2390625 0.0296875 0.034375
1 0.03125 0.221875 0.0125 0.025
1 0.1 0.0875 0.0390625 0.0375
1 0.1140625 0.0796875 0.0296875 0.028125
1 0.1265625 0.1046875 0.01875 0.0234375
1 0.1453125 0.1140625 0.0421875 0.034375
1 0.11875 0.2796875 0.0234375 0.0234375
1 0.134375 0.2765625 0.015625 0.015625
1 0.1453125 0.2890625 0.0203125 0.0328125
1 0.14375 0.2875 0.0390625 0.0125
1 0.1171875 0.35625 0.0203125 0.025
1 0.128125 0.375 0.03125 0.028125
1 0.128125 0.3453125 0.0125 0.0234375
1 0.184375 0.3625 0.01875 0.0203125
1 0.15 0.3296875 0.0640625 0.05
1 0.15625 0.2484375 0.0203125 0.0203125
1 0.1421875 0.2203125 0.0203125 0.025
1 0.128125 0.1375 0.021875 0.0109375
1 0.2671875 0.1171875 0.015625 0.0203125
1 0.2625 0.115625 0.0046875 0.0203125
1 0.246875 0.109375 0.0359375 0.028125
1 0.3671875 0.140625 0.0234375 0.0203125
1 0.2453125 0.2515625 0.025 0.0203125
1 0.2640625 0.2546875 0.0203125 0.01875
1 0.246875 0.284375 0.01875 0.015625
1 0.2453125 0.296875 0.0140625 0.0203125
1 0.2453125 0.4765625 0.0328125 0.0328125
1 0.2234375 0.4109375 0.0359375 0.03125
1 0.240625 0.415625 0.0203125 0.0234375
1 0.240625 0.43125 0.015625 0.0125
1 0.2578125 0.41875 0.01875 0.0265625
1 0.2734375 0.2796875 0.0234375 0.0296875
1 0.340625 0.315625 0.0109375 0.0078125
1 0.3890625 0.3390625 0.0125 0.0125
1 0.4109375 0.3453125 0.015625 0.0125
1 0.3703125 0.375 0.021875 0.025
1 0.3859375 0.3734375 0.0140625 0.0234375
1 0.378125 0.371875 0.0109375 0.0265625
1 0.38125 0.403125 0.0265625 0.0265625
1 0.3625 0.4828125 0.0171875 0.0234375
1 0.3671875 0.48125 0.0375 0.0125
1 0.38203125 0.490625 0.0328125 0.01875
1 0.43203125 0.4921875 0.0203125 0.015625
1 0.3890625 0.4671875 0.015625 0.0125
1 0.4296875 0.478125 0.021875 0.021875
1 0.428125 0.2203125 0.0203125 0.0171875
1 0.3875 0.1328125 0.015625 0.015625
1 0.39375 0.14375 0.021875 0.0203125
1 0.1703125 0.49140625 0.025 0.0171875
1 0.1890625 0.41875 0.015625 0.0234375
0 0.225 0.4875 0.171875 0.025
0 0.20859375 0.18359375 0.4171875 0.2359375
0 0.12421875 0.3953125 0.2484375 0.209375
1 0.015625 0.44375 0.021875 0.01875
1 0.1984375 0.3265625 0.0515625 0.0078125
1 0.1828125 0.303125 0.0234375 0.0140625
1 0.1859375 0.09375 0.0515625 0.0421875
1 0.0875 0.25 0.0296875 0.034375
1 0.7203125 0.271875 0.0421875 0.0390625
1 0.5 0.1734375 0.015625 0.0078125
1 0.6984375 0.1171875 0.0203125 0.0390625
1 0.9484375 0.0984375 0.015625 0.0234375
0 0.56328125 0.25234375 0.2078125 0.1046875
1 0.5625 0.234375 0.040625 0.046875
0 0.56875 0.1640625 0.1921875 0.2265625
0 0.5984375 0.08671875 0.165625 0.1734375
1 0.065625 0.5765625 0.0328125 0.0265625
1 0.1984375 0.5234375 0.059375 0.046875
1 0.0828125 0.7125 0.0625 0.103125
1 0.134375 0.7171875 0.025 0.0421875
1 0.1640625 0.7015625 0.0375 0.05625
0 0.38125 0.5140625 0.121875 0.028125
1 0.378125 0.540625 0.121875 0.078125
1 0.3265625 0.603125 0.078125 0.065625
1 0.178125 0.7625 0.0359375 0.05625
1 0.203125 0.80625 0.0375 0.0234375
0 0.38125 0.665625 0.1390625 0.11875
1 0.278125 0.6609375 0.0375 0.0390625
0 0.375 0.7546875 0.121875 0.096875
1 0.3265625 0.784375 0.0421875 0.0421875
1 0.3140625 0.7421875 0.0328125 0.025
1 0.1 0.65625 0.0359375 0.0265625
1 0.1109375 0.521875 0.0234375 0.0359375
1 0.1453125 0.5359375 0.0234375 0.0375
1 0.1796875 0.5875 0.0328125 0.021875
1 0.075 0.8828125 0.040625 0.0359375
1 0.025 0.865625 0.03125 0.0640625
1 0.0484375 0.7421875 0.025 0.03125
1 0.7 0.7734375 0.025 0.01875
1 0.9859375 0.7453125 0.028125 0.0125
1 0.9671875 0.7421875 0.00625 0.009375
1 0.95625 0.7078125 0.0125 0.0125
1 0.6609375 0.6390625 0.034375 0.0265625
1 0.8421875 0.5484375 0.0125 0.021875
1 0.9734375 0.5359375 0.015625 0.0171875
1 0.7921875 0.525 0.025 0.0265625
0 0.715625 0.7078125 0.0390625 0.103125
1 0.778125 0.653125 0.0234375 0.015625
1 0.7578125 0.625 0.0171875 0.021875
1 0.7703125 0.5859375 0.0203125 0.0203125
0 0.69375 0.5484375 0.1 0.090625
1 0.79375 0.671875 0.0171875 0.015625
1 0.99375 0.5265625 0.0125 0.015625