1 0.0828125 0.165625 0.021875 0.0171875
1 0.0890625 0.2828125 0.0328125 0.03125
1 0.453125 0.31875 0.0140625 0.0203125
1 0.609375 0.18125 0.009375 0.0140625
1 0.375 0.0703125 0.009375 0.0109375
0 0.4734375 0.1078125 0.221875 0.215625
0 0.4625 0.2828125 0.1921875 0.209375
0 0.49375 0.390625 0.034375 0.0390625
1 0.8046875 0.0703125 0.03125 0.0171875
1 0.8125 0.0953125 0.021875 0.025
1 0.890625 0.146875 0.040625 0.04375
1 0.778125 0.240625 0.0203125 0.025
1 0.7640625 0.2140625 0.0203125 0.0296875
1 0.70390625 0.14765625 0.0078125 0.0265625
1 0.784375 0.1421875 0.0890625 0.0828125
1 0.8265625 0.26875 0.028125 0.0359375
1 0.70703125 0.3484375 0.0140625 0.0375
1 0.815625 0.3234375 0.0203125 0.03125
1 0.815625 0.2984375 0.01875 0.025
1 0.728125 0.4671875 0.0328125 0.0640625
1 0.79375 0.4171875 0.025 0.0203125
1 0.8671875 0.5046875 0.0265625 0.0234375
1 0.9078125 0.4890625 0.04375 0.05
1 0.8953125 0.4515625 0.0390625 0.0421875
1 0.9375 0.384375 0.0234375 0.0234375
1 0.8890625 0.3921875 0.0453125 0.0515625
1 0.9578125 0.0921875 0.0546875 0.0375
1 0.9703125 0.0765625 0.059375 0.0328125
1 0.8984375 0.228125 0.028125 0.01875
1 0.940625 0.3109375 0.015625 0.0140625
1 0.971875 0.275 0.0375 0.0234375
1 0.98515625 0.396875 0.0296875 0.025
1 0.296875 0.671875 0.0078125 0.0078125
1 0.071875 0.684375 0.0078125 0.009375
0 0.50078125 0.70546875 0.2046875 0.1515625
0 0.490625 0.7375 0.18125 0.128125
0 0.71953125 0.82890625 0.0390625 0.1078125
1 0.7328125 0.84140625 0.065625 0.0734375
0 0.7234375 0.90234375 0.046875 0.0421875
1 0.90546875 0.65078125 0.0859375 0.0421875
1 0.7953125 0.6625 0.0375 0.028125
1 0.75 0.70625 0.0421875 0.0390625
1 0.8828125 0.784375 0.03125 0.0359375
1 0.8390625 0.7859375 0.0421875 0.0234375
1 0.93125 0.81875 0.05 0.071875
1 0.9828125 0.79765625 0.034375 0.0421875
1 0.8953125 0.734375 0.0328125 0.025