0 0.16953125 0.27265625 0.1984375 0.2796875
0 0.20078125 0.384375 0.1359375 0.1125
1 0.034375 0.1984375 0.0390625 0.0421875
1 0.0375 0.24375 0.028125 0.040625
1 0.1609375 0.1125 0.0390625 0.046875
1 0.01015625 0.00859375 0.0203125 0.0171875
1 0.2359375 0.23125 0.040625 0.0359375
1 0.2375 0.19375 0.03125 0.0359375
0 0.371875 0.109375 0.0859375 0.0609375
1 0.378125 0.1453125 0.021875 0.025
1 0.3875 0.171875 0.009375 0.0328125
1 0.328125 0.1875 0.09375 0.025
1 0.35625 0.465625 0.065625 0.05625
1 0.3796875 0.45 0.025 0.009375
1 0.4125 0.4515625 0.028125 0.0234375
1 0.3609375 0.34375 0.0265625 0.0328125
0 0.3515625 0.2140625 0.08125 0.121875
0 0.3671875 0.52734375 0.115625 0.0828125
1 0.3203125 0.4953125 0.021875 0.015625
1 0.4953125 0.1078125 0.0375 0.046875
1 0.5515625 0.209375 0.01875 0.0234375
1 0.55 0.2703125 0.0140625 0.01875
1 0.5109375 0.3859375 0.0359375 0.046875
1 0.50625 0.453125 0.028125 0.0125
1 0.6375 0.384375 0.03125 0.0265625
1 0.665625 0.3953125 0.0140625 0.0046875
1 0.6546875 0.421875 0.01875 0.009375
1 0.6609375 0.4421875 0.034375 0.0390625
1 0.6984375 0.134375 0.0140625 0.021875
1 0.6296875 0.1546875 0.00625 0.009375
1 0.6921875 0.10625 0.0265625 0.0296875
1 0.74375 0.0921875 0.015625 0.015625
1 0.7546875 0.0859375 0.01875 0.0109375
1 0.7703125 0.3234375 0.0140625 0.009375
1 0.8109375 0.3640625 0.0125 0.0078125
1 0.8171875 0.3765625 0.015625 0.0171875
0 0.8953125 0.5265625 0.0703125 0.0703125
1 0.925 0.090625 0.0234375 0.015625
1 0.8546875 0.09375 0.0421875 0.03125
0 0.8671875 0.134375 0.053125 0.09375
1 0.9328125 0.2375 0.0171875 0.015625
0 0.8765625 0.1859375 0.146875 0.09375
0 0.890625 0.2765625 0.078125 0.1265625
1 0.9765625 0.4796875 0.028125 0.01875
0 0.8796875 0.4578125 0.125 0.1375
1 0.95625 0.38125 0.0140625 0.015625
1 0.5171875 0.334375 0.01875 0.0203125
1 0.1828125 0.5984375 0.0484375 0.0296875
1 0.028125 0.703125 0.0546875 0.021875
1 0.03671875 0.60703125 0.0734375 0.0765625
1 0.09375 0.7515625 0.0078125 0.01875
1 0.1328125 0.6453125 0.0078125 0.0046875
0 0.43671875 0.5921875 0.1265625 0.046875
0 0.5 0.734375 0.0796875 0.0421875
0 0.9578125 0.6375 0.084375 0.0875
0 0.96171875 0.58671875 0.0765625 0.0359375
1 0.725 0.7484375 0.0390625 0.0453125
1 0.709375 0.8265625 0.03125 0.0359375
1 0.678125 0.8171875 0.0234375 0.040625
1 0.678125 0.7671875 0.0296875 0.03125
1 0.665625 0.715625 0.028125 0.021875
1 0.690625 0.73125 0.0140625 0.0203125
1 0.703125 0.6671875 0.025 0.03125
1 0.5953125 0.65625 0.03125 0.0234375
1 0.7828125 0.9046875 0.034375 0.021875
1 0.83125 0.9015625 0.0296875 0.0296875
1 0.75 0.915625 0.0296875 0.025
1 0.7 0.9359375 0.021875 0.025
1 0.671875 0.953125 0.0203125 0.025
1 0.60625 0.8046875 0.0203125 0.0203125
1 0.8578125 0.7265625 0.025 0.0328125
1 0.815625 0.703125 0.028125 0.03125
1 0.8390625 0.6453125 0.01875 0.01875
1 0.8859375 0.6234375 0.0171875 0.0234375
1 0.8765625 0.5890625 0.0203125 0.025
1 0.8015625 0.6296875 0.03125 0.0296875
1 0.76875 0.7953125 0.0296875 0.0265625
1 0.73125 0.7765625 0.0234375 0.009375
1 0.9015625 0.803125 0.01875 0.0328125
1 0.8421875 0.871875 0.015625 0.0234375
1 0.90390625 0.9859375 0.0265625 0.028125
1 0.88125 0.6734375 0.0203125 0.015625
1 0.4515625 0.834375 0.1875 0.1546875
0 0.45703125 0.9390625 0.0859375 0.121875
0 0.94296875 0.928125 0.1140625 0.13125
0 0.96328125 0.78671875 0.0734375 0.1640625
0 0.984375 0.72109375 0.03125 0.1109375