1 0.059375 0.3984375 0.03125 0.0296875
1 0.353125 0.50546875 0.028125 0.0265625
0 0.0984375 0.3234375 0.196875 0.290625
0 0.24375 0.309375 0.190625 0.275
0 0.3296875 0.3015625 0.1390625 0.209375
0 0.9640625 0.4875 0.071875 0.0625
1 0.9078125 0.134375 0.028125 0.03125
1 0.2484375 0.9640625 0.053125 0.071875
1 0.2109375 0.9484375 0.03125 0.0234375
1 0.4265625 0.9671875 0.046875 0.065625
1 0.315625 0.9625 0.025 0.009375
1 0.3046875 0.9140625 0.0125 0.0171875
1 0.315625 0.91875 0.0171875 0.0140625
1 0.2515625 0.8828125 0.034375 0.0234375
1 0.60625 0.94375 0.021875 0.0234375
1 0.5484375 0.9625 0.01875 0.0203125
1 0.515625 0.7921875 0.046875 0.0546875
1 0.4625 0.7875 0.021875 0.0484375
1 0.559375 0.76875 0.09375 0.10625
0 0.46875 0.8796875 0.0859375 0.1421875
0 0.5546875 0.8828125 0.128125 0.115625
1 0.4140625 0.915625 0.015625 0.021875
1 0.43125 0.89375 0.015625 0.021875
1 0.375 0.871875 0.01875 0.0109375
1 0.390625 0.7671875 0.06875 0.059375
1 0.3234375 0.775 0.0296875 0.0375
1 0.3453125 0.821875 0.046875 0.0234375
1 0.34375 0.8609375 0.046875 0.0640625
0 0.3953125 0.8640625 0.0640625 0.096875
1 0.4296875 0.759375 0.0203125 0.028125
1 0.4296875 0.7796875 0.0109375 0.0140625
1 0.44375 0.771875 0.0171875 0.015625
1 0.4421875 0.7984375 0.015625 0.0234375
1 0.5046875 0.828125 0.0140625 0.015625
1 0.484375 0.675 0.0375 0.0328125
1 0.4671875 0.7203125 0.0234375 0.0125
1 0.4984375 0.728125 0.0203125 0.015625
1 0.5109375 0.7078125 0.0171875 0.0296875
1 0.50625 0.715625 0.034375 0.015625
1 0.50625 0.740625 0.0203125 0.015625
1 0.51875 0.7265625 0.0109375 0.0109375
1 0.41875 0.728125 0.009375 0.0203125
1 0.4390625 0.7015625 0.028125 0.028125
1 0.3671875 0.709375 0.0640625 0.046875
1 0.25 0.74375 0.0171875 0.0234375
1 0.2828125 0.7453125 0.0625 0.0484375
1 0.3046875 0.7078125 0.0515625 0.046875
1 0.2890625 0.790625 0.040625 0.0359375
1 0.25 0.784375 0.03125 0.0296875
1 0.2734375 0.7921875 0.0140625 0.0140625
1 0.325 0.675 0.0171875 0.0140625
1 0.3390625 0.6734375 0.0078125 0.01875
1 0.275 0.6671875 0.025 0.0296875
0 0.2734375 0.84375 0.0875 0.084375
1 0.3171875 0.8375 0.021875 0.0140625
1 0.1953125 0.846875 0.071875 0.0828125
1 0.1734375 0.821875 0.021875 0.0140625
1 0.16875 0.7078125 0.028125 0.03125
1 0.175 0.7546875 0.0140625 0.01875
1 0.2015625 0.809375 0.025 0.0171875
1 0.153125 0.753125 0.0140625 0.0171875
1 0.1078125 0.7546875 0.0203125 0.021875
0 0.146875 0.8515625 0.0984375 0.159375
1 0.109375 0.70625 0.021875 0.025
1 0.146875 0.6484375 0.0234375 0.028125
1 0.1375 0.628125 0.0296875 0.021875
1 0.1125 0.6375 0.03125 0.03125
1 0.190625 0.578125 0.0265625 0.0171875
1 0.2171875 0.5484375 0.0546875 0.0375
1 0.16875 0.546875 0.0171875 0.0171875
1 0.2171875 0.6265625 0.0734375 0.0578125
1 0.228125 0.603125 0.0171875 0.015625
1 0.2421875 0.628125 0.0171875 0.0140625
1 0.2953125 0.60625 0.03125 0.059375
1 0.58359375 0.690625 0.0703125 0.121875
1 0.5609375 0.6078125 0.034375 0.0328125
1 0.5765625 0.621875 0.01875 0.009375
1 0.6 0.6296875 0.0125 0.0078125
1 0.5875 0.540625 0.021875 0.03125
1 0.5484375 0.5515625 0.0515625 0.0625
1 0.5234375 0.609375 0.0734375 0.065625
1 0.528125 0.6609375 0.009375 0.0140625
1 0.4875 0.6421875 0.009375 0.015625
1 0.4765625 0.6078125 0.0453125 0.0328125
1 0.509375 0.55546875 0.05625 0.0734375
1 0.4859375 0.5546875 0.0203125 0.01875
1 0.175 0.52421875 0.015625 0.0109375
1 0.25859375 0.53515625 0.0546875 0.0328125
1 0.33125 0.6609375 0.0125 0.0109375
1 0.3234375 0.60625 0.0265625 0.0421875
1 0.35625 0.5953125 0.065625 0.03125
1 0.3890625 0.6359375 0.05 0.028125
1 0.3578125 0.6640625 0.015625 0.015625
1 0.3765625 0.6484375 0.021875 0.03125
1 0.3609375 0.6515625 0.0140625 0.0140625
1 0.3578125 0.6296875 0.009375 0.0234375
0 0.90234375 0.53359375 0.0828125 0.0296875
1 0.8984375 0.559375 0.03125 0.0265625
1 0.9328125 0.55 0.03125 0.0453125
0 0.834375 0.5484375 0.078125 0.059375