1 0.0078125 0.17265625 0.015625 0.0203125
1 0.003125 0.19609375 0.00625 0.0140625
1 0.1703125 0.1703125 0.025 0.028125
1 0.046875 0.209375 0.01875 0.0125
1 0.0171875 0.23125 0.021875 0.01875
1 0.0015625 0.25234375 0.003125 0.0109375
1 0.065625 0.2359375 0.0453125 0.0578125
1 0.06875 0.2765625 0.015625 0.0171875
1 0.009375 0.3125 0.01875 0.0125
1 0.090625 0.3359375 0.0203125 0.021875
1 0.021875 0.4625 0.0265625 0.0125
1 0.0625 0.428125 0.0171875 0.009375
1 0.078125 0.45625 0.03125 0.040625
1 0.109375 0.4671875 0.01875 0.015625
1 0.08828125 0.53671875 0.0203125 0.0046875
1 0.2328125 0.4515625 0.034375 0.03125
1 0.2484375 0.453125 0.0203125 0.021875
1 0.25625 0.38125 0.03125 0.0359375
1 0.27890625 0.525 0.0234375 0.028125
1 0.3484375 0.4890625 0.00625 0.0125
1 0.2796875 0.2078125 0.015625 0.015625
1 0.3703125 0.16875 0.025 0.021875
1 0.3890625 0.1828125 0.0078125 0.0109375
1 0.403125 0.271875 0.015625 0.015625
0 0.39140625 0.3234375 0.0765625 0.165625
1 0.390625 0.4546875 0.0046875 0.009375
1 0.47109375 0.5328125 0.0359375 0.0125
1 0.475 0.5265625 0.0109375 0.00625
1 0.528125 0.4890625 0.0078125 0.0078125
1 0.5375 0.40625 0.028125 0.0328125
1 0.546875 0.459375 0.0421875 0.0203125
1 0.4875 0.3140625 0.0140625 0.0125
1 0.471875 0.271875 0.0390625 0.0484375
1 0.7046875 0.2796875 0.01875 0.0234375
1 0.7453125 0.25625 0.0328125 0.0515625
1 0.790625 0.2828125 0.06875 0.0515625
1 0.790625 0.365625 0.009375 0.0078125
1 0.8484375 0.3734375 0.040625 0.0265625
1 0.7125 0.44375 0.0171875 0.0140625
1 0.7859375 0.509375 0.065625 0.059375
1 0.775 0.471875 0.009375 0.0046875
1 0.97734375 0.52734375 0.0296875 0.0234375
1 0.9859375 0.4390625 0.028125 0.021875
0 0.6328125 0.31875 0.13125 0.1796875
0 0.61328125 0.45234375 0.2359375 0.1734375
1 0.228125 0.8109375 0.0203125 0.0234375
1 0.415625 0.6484375 0.01875 0.01875
0 0.3734375 0.63984375 0.1125 0.2015625
1 0.325 0.690625 0.0109375 0.0109375
1 0.3328125 0.5671875 0.0140625 0.009375
1 0.2140625 0.6984375 0.01875 0.01875
1 0.5296875 0.8265625 0.0078125 0.0109375
1 0.96875 0.8203125 0.0359375 0.0265625
0 0.8265625 0.8546875 0.315625 0.140625
1 0.871875 0.7734375 0.0125 0.0234375
1 0.9875 0.7421875 0.01875 0.0234375
1 0.5328125 0.6953125 0.0234375 0.0265625
1 0.99609375 0.6484375 0.0078125 0.025
1 0.78125 0.6375 0.046875 0.0140625
0 0.7125 0.7046875 0.4234375 0.1625
1 0.68125 0.625 0.0140625 0.0125
1 0.79375 0.59375 0.0078125 0.0078125
1 0.95625 0.5875 0.0109375 0.0109375
1 0.8390625 0.5796875 0.028125 0.03125
0 0.8203125 0.5765625 0.140625 0.075
1 0.5125 0.559375 0.025 0.034375
1 0.534375 0.553125 0.015625 0.025
1 0.4625 0.80625 0.025 0.0109375
1 0.7921875 0.7765625 0.0609375 0.0140625