0 0.0328125 0.0640625 0.0578125 0.0484375
1 0.3140625 0.0390625 0.015625 0.0140625
1 0.05859375 0.0265625 0.0640625 0.053125
1 0.5734375 0.184375 0.040625 0.0625
1 0.659375 0.146875 0.0390625 0.0390625
0 0.7125 0.146875 0.0921875 0.0546875
1 0.8671875 0.184375 0.0328125 0.071875
1 0.7609375 0.175 0.0515625 0.0578125
1 0.85703125 0.23515625 0.0328125 0.0296875
1 0.825 0.209375 0.0359375 0.034375
1 0.91875 0.2234375 0.0453125 0.0296875
1 0.95 0.1703125 0.0421875 0.0828125
1 0.0375 0.903125 0.05 0.028125
1 0.3859375 0.8875 0.0125 0.0234375
1 0.3609375 0.871875 0.0125 0.0171875
1 0.0484375 0.8609375 0.0171875 0.0234375
1 0.15625 0.7984375 0.0078125 0.0078125
1 0.0453125 0.7984375 0.0234375 0.028125
1 0.340625 0.78125 0.0140625 0.0171875
1 0.00078125 0.7484375 0.0015625 0.0125
0 0.07265625 0.734375 0.1453125 0.121875
1 0.0109375 0.64765625 0.021875 0.0453125
1 0.1640625 0.653125 0.0125 0.009375
1 0.0953125 0.653125 0.0328125 0.0203125
1 0.16875 0.6125 0.0109375 0.0046875
1 0.290625 0.5359375 0.0140625 0.015625
1 0.2359375 0.4546875 0.01875 0.009375
1 0.096875 0.815625 0.0328125 0.025
1 0.14375 0.56875 0.053125 0.0703125
1 0.084375 0.5609375 0.046875 0.0390625
1 0.0859375 0.590625 0.025 0.0234375
0 0.03671875 0.60546875 0.0734375 0.0609375
0 0.06875 0.459375 0.1296875 0.096875
0 0.078125 0.50078125 0.15625 0.1078125
1 0.3546875 0.503125 0.028125 0.0265625
1 0.328125 0.7203125 0.0171875 0.009375
1 0.1953125 0.68125 0.00625 0.009375
1 0.975 0.834375 0.0140625 0.0125
1 0.64375 0.609375 0.0296875 0.04375
1 0.50625 0.609375 0.028125 0.0421875
1 0.5671875 0.415625 0.0390625 0.01875
1 0.5484375 0.3453125 0.0234375 0.028125
1 0.4421875 0.775 0.021875 0.0421875
1 0.4515625 0.7453125 0.0640625 0.046875
1 0.425 0.7265625 0.03125 0.034375
1 0.4359375 0.6 0.0359375 0.053125
1 0.41796875 0.63359375 0.0171875 0.0578125
1 0.4265625 0.6671875 0.0296875 0.053125
1 0.49375 0.790625 0.0390625 0.028125
1 0.5375 0.7984375 0.115625 0.084375
1 0.5625 0.8046875 0.0125 0.021875
1 0.5875 0.803125 0.0171875 0.0140625
1 0.4703125 0.8234375 0.04375 0.034375
1 0.509375 0.8359375 0.021875 0.0109375
1 0.5546875 0.66875 0.0625 0.0359375
1 0.5421875 0.6984375 0.04375 0.034375
1 0.5703125 0.7 0.028125 0.0359375
1 0.6046875 0.709375 0.0265625 0.04375
1 0.61875 0.7234375 0.0171875 0.05
1 0.584375 0.575 0.040625 0.0203125
1 0.5921875 0.6125 0.0578125 0.06875
0 0.6859375 0.8171875 0.115625 0.046875
1 0.6453125 0.7765625 0.01875 0.028125
0 0.690625 0.7453125 0.0828125 0.11875
1 0.7171875 0.7546875 0.025 0.0203125
1 0.578125 0.46875 0.040625 0.025
1 0.525 0.4796875 0.078125 0.0515625
1 0.45 0.440625 0.025 0.034375
1 0.490625 0.45 0.0859375 0.0703125
1 0.4859375 0.5140625 0.03125 0.025
1 0.48125 0.39375 0.0296875 0.0296875
1 0.434375 0.36875 0.0375 0.0390625
1 0.49375 0.3265625 0.046875 0.025
1 0.5296875 0.371875 0.05 0.0578125
1 0.49375 0.371875 0.04375 0.046875
1 0.584375 0.3453125 0.0625 0.0625
0 0.7265625 0.3296875 0.0734375 0.0296875
0 0.6859375 0.353125 0.1765625 0.078125
1 0.7453125 0.3515625 0.0421875 0.0234375
0 0.703125 0.434375 0.0859375 0.1015625
0 0.69375 0.5328125 0.065625 0.0984375
1 0.74375 0.496875 0.046875 0.034375
1 0.78125 0.55 0.009375 0.015625
0 0.7046875 0.603125 0.0828125 0.10625
1 0.7453125 0.6046875 0.0296875 0.0265625
1 0.7046875 0.6546875 0.021875 0.0390625
1 0.8015625 0.334375 0.071875 0.040625
1 0.8671875 0.3484375 0.046875 0.06875
1 0.9078125 0.35 0.0265625 0.0234375
1 0.8171875 0.5265625 0.0328125 0.034375
1 0.821875 0.5765625 0.0265625 0.0265625
1 0.871875 0.6078125 0.0328125 0.0515625
1 0.8796875 0.5296875 0.0265625 0.040625
1 0.8875 0.559375 0.0140625 0.0265625
1 0.7671875 0.771875 0.0765625 0.0515625
1 0.7515625 0.7859375 0.025 0.0203125
1 0.753125 0.7078125 0.034375 0.028125
1 0.7921875 0.703125 0.0375 0.0359375
1 0.9046875 0.725 0.1015625 0.10625
1 0.8921875 0.6921875 0.021875 0.025
1 0.8265625 0.7609375 0.0921875 0.0984375
1 0.85625 0.825 0.0546875 0.0328125
1 0.8828125 0.8015625 0.0203125 0.0203125
1 0.9015625 0.8140625 0.03125 0.053125
1 0.996875 0.76015625 0.00625 0.0390625
1 0.9609375 0.6796875 0.025 0.0171875
1 0.97421875 0.6125 0.0515625 0.075
1 0.971875 0.6484375 0.05 0.0484375
1 0.9484375 0.5328125 0.0453125 0.05
1 0.9234375 0.4609375 0.028125 0.0140625
1 0.96875 0.3296875 0.034375 0.0296875
1 0.9421875 0.3671875 0.028125 0.0328125
1 0.9828125 0.409375 0.034375 0.0625
1 0.95625 0.4375 0.0328125 0.0125