0 0.95625 0.19375 0.0875 0.05
1 0.8828125 0.0875 0.0234375 0.0328125
1 0.7046875 0.0484375 0.03125 0.025
0 0.98515625 0.05078125 0.0296875 0.0421875
1 0.60625 0.0734375 0.0234375 0.0203125
1 0.6546875 0.121875 0.00625 0.0140625
1 0.62578125 0.003125 0.0203125 0.00625
1 0.61484375 0.0046875 0.0234375 0.009375
1 0.640625 0.0640625 0.0171875 0.015625
1 0.7375 0.0546875 0.021875 0.0171875
1 0.8234375 0.0734375 0.01875 0.0171875
1 0.825 0.0515625 0.0203125 0.0140625
0 0.9703125 0.159375 0.0359375 0.0859375
1 0.90625 0.0328125 0.0203125 0.0171875
1 0.93125 0.0265625 0.0265625 0.015625
1 0.934375 0.175 0.06875 0.05
1 0.9921875 0.10625 0.015625 0.015625
1 0.3453125 0.5828125 0.0203125 0.0390625
1 0.1921875 0.5421875 0.003125 0.0078125
1 0.0375 0.5375 0.021875 0.0265625
1 0.290625 0.3953125 0.015625 0.025
1 0.246875 0.4015625 0.0390625 0.0390625
1 0.234375 0.33125 0.0171875 0.01875
1 0.503125 0.2484375 0.0125 0.009375
0 0.2609375 0.25 0.0359375 0.0125
1 0.48125 0.621875 0.03125 0.0171875
1 0.4671875 0.6671875 0.0203125 0.0203125
1 0.484375 0.6546875 0.0265625 0.0203125
1 0.01015625 0.3640625 0.0203125 0.025
1 0.0046875 0.4234375 0.009375 0.04375
1 0.0140625 0.27734375 0.028125 0.0421875
1 0.0234375 0.246875 0.040625 0.00625
1 0.009375 0.56328125 0.01875 0.0390625
1 0.00859375 0.58515625 0.0171875 0.0234375
1 0.01875 0.5921875 0.025 0.0328125
1 0.05625 0.5984375 0.0296875 0.0453125
1 0.0203125 0.65 0.0328125 0.046875
1 0.00859375 0.7125 0.0171875 0.021875
0 0.2078125 0.70625 0.3046875 0.125
1 0.1234375 0.7046875 0.025 0.021875
0 0.1765625 0.6796875 0.3171875 0.1796875
1 0.14375 0.6296875 0.0328125 0.0359375
1 0.309375 0.6828125 0.0265625 0.0328125
1 0.1484375 0.5671875 0.0265625 0.021875
1 0.14375 0.584375 0.0125 0.00625
1 0.1890625 0.5671875 0.0265625 0.0375
1 0.1703125 0.5296875 0.0296875 0.0296875
1 0.1734375 0.5453125 0.0140625 0.0140625
1 0.1390625 0.6015625 0.0140625 0.0171875
1 0.159375 0.5109375 0.0515625 0.046875
1 0.109375 0.4890625 0.0296875 0.0234375
1 0.1234375 0.4875 0.009375 0.021875
1 0.165625 0.484375 0.03125 0.0234375
0 0.1375 0.553125 0.034375 0.0421875
0 0.128125 0.4390625 0.1609375 0.0921875
1 0.2109375 0.4359375 0.021875 0.028125
1 0.0796875 0.4234375 0.0296875 0.03125
1 0.1296875 0.384375 0.0375 0.0296875
1 0.1359375 0.34375 0.0578125 0.034375
0 0.1484375 0.3390625 0.1421875 0.1890625
1 0.2515625 0.6296875 0.028125 0.0234375
1 0.2640625 0.6453125 0.0484375 0.05
1 0.2578125 0.5984375 0.034375 0.0359375
1 0.284375 0.5859375 0.04375 0.040625
1 0.2984375 0.578125 0.015625 0.0171875
1 0.33125 0.628125 0.01875 0.0171875
1 0.334375 0.6390625 0.0171875 0.021875
1 0.465625 0.734375 0.021875 0.034375
1 0.4578125 0.71875 0.0234375 0.0171875
1 0.4734375 0.728125 0.01875 0.0171875
1 0.4578125 0.75625 0.0359375 0.0234375
1 0.4984375 0.759375 0.0296875 0.0234375
1 0.4875 0.7078125 0.03125 0.0296875
1 0.503125 0.70078125 0.03125 0.0609375
1 0.3953125 0.7375 0.025 0.021875
1 0.5078125 0.59765625 0.021875 0.0546875
1 0.4609375 0.565625 0.034375 0.03125
1 0.48125 0.553125 0.025 0.0296875
1 0.5 0.5625 0.0078125 0.0265625
1 0.4578125 0.4875 0.021875 0.021875
1 0.4796875 0.4171875 0.0171875 0.015625
1 0.4921875 0.4125 0.0203125 0.028125
1 0.5015625 0.3859375 0.021875 0.03125
1 0.45625 0.44375 0.03125 0.03125
1 0.48125 0.4453125 0.03125 0.01875
1 0.378125 0.49375 0.021875 0.01875
1 0.409375 0.4078125 0.0359375 0.03125
1 0.3953125 0.434375 0.028125 0.0390625
1 0.346875 0.4515625 0.0234375 0.01875
1 0.3703125 0.44375 0.0125 0.0203125
1 0.30625 0.2796875 0.0328125 0.021875
1 0.35625 0.2953125 0.021875 0.03125
1 0.38125 0.3296875 0.040625 0.0390625
1 0.3765625 0.3765625 0.04375 0.04375
1 0.2453125 0.5125 0.009375 0.0140625
1 0.278125 0.4625 0.0109375 0.0328125
1 0.2890625 0.4359375 0.028125 0.0234375
1 0.30625 0.43125 0.0359375 0.0296875
1 0.26875 0.371875 0.0328125 0.0328125
1 0.2625 0.3296875 0.0375 0.0296875
1 0.2875 0.3390625 0.0078125 0.03125
1 0.4578125 0.3484375 0.0171875 0.0203125
1 0.465625 0.3125 0.046875 0.0421875
1 0.50625 0.3171875 0.0234375 0.025
1 0.459375 0.3671875 0.0140625 0.003125
1 0.559375 0.5796875 0.0796875 0.053125
1 0.5828125 0.8453125 0.028125 0.0171875
1 0.6046875 0.7453125 0.0625 0.0234375
1 0.640625 0.8796875 0.053125 0.0484375
1 0.61875 0.8921875 0.009375 0.0296875
0 0.6875 0.8875 0.0328125 0.0484375
0 0.6828125 0.7859375 0.053125 0.134375
1 0.6546875 0.7640625 0.040625 0.0375
0 0.684375 0.703125 0.05 0.075
0 0.6953125 0.6234375 0.1375 0.1078125
1 0.6328125 0.559375 0.028125 0.028125
1 0.671875 0.56875 0.0546875 0.0140625
0 0.6640625 0.446875 0.1578125 0.11875
1 0.6796875 0.5140625 0.04375 0.0328125
1 0.7125 0.5234375 0.0421875 0.0453125
1 0.69375 0.540625 0.03125 0.0234375
1 0.7609375 0.553125 0.0609375 0.0390625
1 0.8203125 0.4640625 0.0625 0.0453125
1 0.8421875 0.4 0.04375 0.028125
1 0.8484375 0.4375 0.034375 0.0546875
1 0.8734375 0.4375 0.028125 0.025
1 0.853125 0.7578125 0.0296875 0.065625
1 0.7640625 0.803125 0.046875 0.078125
1 0.9140625 0.846875 0.06875 0.0515625
1 0.8890625 0.4015625 0.0078125 0.0234375
1 0.91875 0.3953125 0.015625 0.0171875
1 0.94375 0.5703125 0.0578125 0.0515625
1 0.9796875 0.6203125 0.040625 0.065625
1 0.971875 0.703125 0.0265625 0.03125
1 0.9828125 0.6609375 0.028125 0.0375
1 0.98359375 0.81328125 0.0328125 0.0484375
1 0.984375 0.84375 0.03125 0.03125
1 0.98125 0.884375 0.0375 0.05625
1 0.984375 0.5328125 0.03125 0.053125
1 0.6671875 0.8625 0.0265625 0.0234375