0 0.0671875 0.5484375 0.134375 0.0875
0 0.146875 0.5359375 0.0546875 0.0875
0 0.28359375 0.54140625 0.1890625 0.1171875
0 0.4078125 0.5328125 0.0484375 0.075
1 0.2234375 0.36875 0.0140625 0.0171875
1 0.4203125 0.2125 0.059375 0.0390625
1 0.2984375 0.2015625 0.0375 0.040625
0 0.41953125 0.04921875 0.1109375 0.0984375
0 0.334375 0.04609375 0.053125 0.0921875
0 0.24140625 0.0671875 0.1453125 0.134375
1 0.190625 0.134375 0.0328125 0.0296875
1 0.125 0.2125 0.015625 0.0296875
1 0.1125 0.1421875 0.015625 0.015625
1 0.203125 0.16875 0.0125 0.015625
0 0.0625 0.0421875 0.103125 0.0734375
1 0.00859375 0.03671875 0.0171875 0.0515625
1 0.1640625 0.0484375 0.03125 0.0203125
1 0.984375 0.2625 0.0140625 0.0078125
0 0.975 0.06796875 0.05 0.1046875
1 0.9578125 0.11875 0.0265625 0.0234375
1 0.9421875 0.00625 0.028125 0.0125
1 0.953125 0.353125 0.0703125 0.034375
1 0.8921875 0.38125 0.0203125 0.0171875
1 0.8609375 0.290625 0.0171875 0.0171875
1 0.8546875 0.3375 0.034375 0.04375
1 0.834375 0.2359375 0.0515625 0.034375
0 0.85546875 0.06328125 0.1078125 0.1265625
1 0.8125 0.328125 0.0296875 0.0171875
1 0.79375 0.190625 0.05625 0.0390625
1 0.7546875 0.209375 0.034375 0.0453125
1 0.703125 0.15625 0.00625 0.071875
1 0.97578125 0.50703125 0.0484375 0.0703125
0 0.92734375 0.5609375 0.1453125 0.078125
0 0.74921875 0.54921875 0.0984375 0.1015625
1 0.846875 0.5765625 0.053125 0.034375
1 0.88125 0.5375 0.0640625 0.10625
1 0.921875 0.471875 0.06875 0.05625
1 0.9171875 0.4296875 0.040625 0.040625
1 0.846875 0.196875 0.0375 0.0328125
1 0.8671875 0.1921875 0.0203125 0.0109375
1 0.7359375 0.284375 0.071875 0.134375
1 0.7640625 0.3078125 0.0328125 0.0375
1 0.7828125 0.265625 0.0125 0.0109375
1 0.959375 0.146875 0.0265625 0.0296875
1 0.9578125 0.2078125 0.0265625 0.025
1 0.96796875 0.17578125 0.0640625 0.0859375
0 0.71953125 0.05546875 0.0390625 0.0953125
1 0.5390625 0.9828125 0.00625 0.015625
1 0.5625 0.9671875 0.0140625 0.01875
1 0.59375 0.9515625 0.021875 0.025
1 0.578125 0.9359375 0.021875 0.01875
1 0.634375 0.9765625 0.01875 0.0078125
1 0.6390625 0.946875 0.0203125 0.0140625
1 0.6328125 0.9203125 0.025 0.028125
1 0.6203125 0.8734375 0.0125 0.015625
1 0.640625 0.8625 0.0171875 0.0234375
1 0.640625 0.859375 0.015625 0.0203125
1 0.471875 0.959375 0.034375 0.0359375
1 0.3140625 0.95625 0.0078125 0.015625
1 0.290625 0.9296875 0.015625 0.009375
1 0.196875 0.915625 0.0078125 0.0046875
1 0.2171875 0.896875 0.009375 0.015625
1 0.159375 0.9 0.0203125 0.021875
1 0.175 0.8703125 0.0171875 0.0234375
1 0.1828125 0.85 0.025 0.025
1 0.1984375 0.8453125 0.0484375 0.046875
1 0.2375 0.8328125 0.0234375 0.021875
1 0.203125 0.8046875 0.01875 0.01875
1 0.3359375 0.8671875 0.0203125 0.0203125
1 0.35 0.8765625 0.0234375 0.025
1 0.35625 0.8640625 0.015625 0.0109375
1 0.3609375 0.85625 0.009375 0.0140625
1 0.3609375 0.8171875 0.015625 0.0125
1 0.34375 0.8234375 0.021875 0.021875
1 0.34375 0.8421875 0.01875 0.01875
1 0.3578125 0.8296875 0.009375 0.0171875
1 0.3578125 0.7953125 0.0140625 0.015625
1 0.409375 0.815625 0.0546875 0.0390625
1 0.3359375 0.8546875 0.0046875 0.009375
1 0.521875 0.8046875 0.03125 0.034375
1 0.5203125 0.834375 0.0140625 0.015625
1 0.5125 0.8453125 0.134375 0.115625
0 0.45 0.796875 0.09375 0.2109375
1 0.56875 0.8015625 0.0171875 0.0171875
1 0.625 0.8 0.0234375 0.021875
1 0.1609375 0.740625 0.01875 0.0140625
1 0.1734375 0.746875 0.015625 0.009375
1 0.34375 0.71875 0.0234375 0.0171875
1 0.4265625 0.725 0.0203125 0.025
1 0.4546875 0.65625 0.0234375 0.0203125
1 0.4828125 0.715625 0.0125 0.015625
1 0.5015625 0.7109375 0.0328125 0.025
1 0.490625 0.6984375 0.028125 0.034375
1 0.534375 0.703125 0.015625 0.0078125
1 0.6359375 0.7296875 0.0234375 0.0296875
0 0.6328125 0.690625 0.03125 0.05
1 0.6234375 0.615625 0.0109375 0.0109375
1 0.61171875 0.603125 0.0234375 0.00625
0 0.63828125 0.603125 0.0203125 0.00625
1 0.4921875 0.615625 0.0171875 0.028125
1 0.48203125 0.603125 0.0140625 0.00625
1 0.48203125 0.60234375 0.0265625 0.0046875
1 0.459375 0.60859375 0.025 0.0171875
1 0.40078125 0.60546875 0.0234375 0.0109375
1 0.38125 0.609375 0.028125 0.01875
1 0.365625 0.6046875 0.015625 0.009375
1 0.3296875 0.628125 0.015625 0.0046875
1 0.33984375 0.60390625 0.0390625 0.0078125
1 0.2359375 0.6109375 0.015625 0.015625
1 0.21328125 0.60625 0.0265625 0.0125
1 0.1390625 0.6234375 0.0109375 0.0109375
0 0.29609375 0.76484375 0.3140625 0.3296875
0 0.25078125 0.77109375 0.2578125 0.3421875
1 0.134375 0.684375 0.015625 0.0078125
0 0.7546875 0.8265625 0.040625 0.06875
1 0.79375 0.771875 0.015625 0.0109375
1 0.94375 0.8859375 0.0984375 0.0703125
1 0.975 0.75625 0.0140625 0.00625
0 0.928125 0.9015625 0.14375 0.196875
0 0.75 0.7625 0.0296875 0.01875
1 0.759375 0.6953125 0.03125 0.0203125
1 0.825 0.60390625 0.025 0.0078125
1 0.8484375 0.6703125 0.0171875 0.0203125
1 0.884375 0.659375 0.025 0.034375
1 0.9484375 0.6890625 0.05 0.0359375
1 0.940625 0.90625 0.009375 0.015625