1 0.0625 0.540625 0.0453125 0.0484375
1 0.021875 0.484375 0.025 0.021875
1 0.01484375 0.46484375 0.0296875 0.0296875
1 0.04375 0.4296875 0.015625 0.009375
1 0.125 0.44375 0.03125 0.021875
1 0.046875 0.215625 0.021875 0.03125
1 0.140625 0.103125 0.01875 0.0234375
1 0.1640625 0.0609375 0.01875 0.0140625
1 0.1453125 0.175 0.0265625 0.025
1 0.1796875 0.1359375 0.034375 0.028125
1 0.1375 0.2859375 0.0203125 0.0125
1 0.2109375 0.275 0.025 0.025
1 0.1453125 0.3890625 0.03125 0.0296875
1 0.1546875 0.40625 0.028125 0.025
1 0.1625 0.421875 0.0328125 0.021875
1 0.1640625 0.43125 0.0296875 0.034375
1 0.1125 0.49375 0.021875 0.028125
1 0.15546875 0.56015625 0.0421875 0.0171875
1 0.203125 0.503125 0.0265625 0.025
1 0.203125 0.3875 0.021875 0.01875
1 0.265625 0.3046875 0.0140625 0.015625
1 0.24375 0.284375 0.0265625 0.028125
1 0.26875 0.2625 0.01875 0.0140625
1 0.2328125 0.21875 0.015625 0.0125
1 0.2484375 0.15625 0.025 0.0296875
1 0.265625 0.159375 0.025 0.0203125
1 0.2859375 0.1734375 0.025 0.0234375
1 0.2796875 0.14375 0.0203125 0.025
1 0.275 0.0671875 0.034375 0.0265625
1 0.24375 0.41875 0.034375 0.03125
1 0.2859375 0.4 0.0203125 0.021875
1 0.2453125 0.33125 0.01875 0.0171875
1 0.3796875 0.06875 0.025 0.0234375
1 0.3703125 0.0859375 0.0234375 0.0265625
1 0.409375 0.0921875 0.0265625 0.03125
1 0.390625 0.1015625 0.015625 0.015625
1 0.3734375 0.109375 0.01875 0.0140625
1 0.390625 0.08125 0.0140625 0.0171875
1 0.390625 0.1625 0.021875 0.01875
1 0.378125 0.184375 0.0265625 0.0375
1 0.2984375 0.159375 0.01875 0.015625
1 0.4046875 0.1859375 0.0328125 0.03125
1 0.421875 0.20625 0.01875 0.01875
1 0.41875 0.2234375 0.0234375 0.0203125
1 0.4734375 0.1875 0.015625 0.0265625
1 0.4296875 0.2453125 0.015625 0.0125
1 0.3921875 0.2453125 0.0296875 0.028125
1 0.3859375 0.26875 0.025 0.0203125
1 0.40625 0.2828125 0.0359375 0.0375
1 0.396875 0.2625 0.015625 0.0171875
1 0.39375 0.3046875 0.0234375 0.0234375
1 0.3703125 0.3125 0.0140625 0.009375
1 0.359375 0.3390625 0.0203125 0.0203125
1 0.4203125 0.3796875 0.021875 0.01875
1 0.4109375 0.3640625 0.0140625 0.0140625
1 0.4015625 0.359375 0.0296875 0.025
1 0.403125 0.4078125 0.0234375 0.0140625
1 0.409375 0.4171875 0.03125 0.0140625
1 0.428125 0.421875 0.0390625 0.0171875
1 0.3578125 0.4984375 0.0078125 0.0078125
1 0.3859375 0.5125 0.015625 0.015625
1 0.3921875 0.4859375 0.028125 0.01875
1 0.421875 0.4984375 0.025 0.0234375
1 0.4453125 0.515625 0.0171875 0.0140625
1 0.415625 0.5125 0.0234375 0.01875
1 0.3921875 0.5453125 0.034375 0.025
1 0.428125 0.5578125 0.034375 0.021875
1 0.55 0.4890625 0.0203125 0.0265625
1 0.5578125 0.509375 0.0203125 0.0109375
1 0.56875 0.5140625 0.0140625 0.015625
1 0.51875 0.4140625 0.0296875 0.0265625
1 0.53125 0.3390625 0.0140625 0.021875
1 0.5484375 0.3296875 0.03125 0.0328125
1 0.6234375 0.3296875 0.021875 0.0234375
1 0.546875 0.2640625 0.0140625 0.0125
1 0.5890625 0.2296875 0.009375 0.021875
1 0.6015625 0.23125 0.0234375 0.025
1 0.578125 0.1984375 0.015625 0.0140625
1 0.496875 0.1625 0.0140625 0.0171875
1 0.5625 0.1046875 0.0234375 0.0140625
1 0.5265625 0.134375 0.01875 0.0109375
1 0.61953125 0.06640625 0.0390625 0.0171875
1 0.5796875 0.05625 0.021875 0.0046875
1 0.2828125 0.4421875 0.025 0.0234375
0 0.1765625 0.4625 0.146875 0.2125
1 0.259375 0.56171875 0.03125 0.0140625
0 0.2171875 0.078125 0.06875 0.05
0 0.1921875 0.1734375 0.2078125 0.184375
1 0.1984375 0.2328125 0.0234375 0.015625
0 0.14375 0.396875 0.2234375 0.2578125
1 0.1859375 0.28125 0.021875 0.0203125
1 0.2078125 0.2875 0.009375 0.0109375
1 0.0046875 0.51796875 0.009375 0.0140625
1 0.765625 0.0296875 0.025 0.028125
1 0.646875 0.26328125 0.015625 0.0234375
1 0.7265625 0.190625 0.034375 0.0359375
1 0.775 0.1734375 0.03125 0.03125
1 0.85 0.1515625 0.0390625 0.0421875
1 0.8125 0.221875 0.021875 0.0328125
1 0.7890625 0.2125 0.0234375 0.03125
0 0.95078125 0.0625 0.0984375 0.103125
0 0.925 0.19921875 0.15 0.1515625
0 0.9484375 0.3078125 0.103125 0.090625
1 0.959375 0.275 0.040625 0.0296875
1 0.09296875 0.575 0.0078125 0.0125
1 0.0421875 0.6890625 0.034375 0.0453125
1 0.096875 0.684375 0.0328125 0.0328125
1 0.059375 0.7390625 0.034375 0.0296875
1 0.0859375 0.725 0.0203125 0.028125
1 0.059375 0.8484375 0.025 0.0234375
1 0.1125 0.865625 0.040625 0.0625
1 0.184375 0.8640625 0.1046875 0.1265625
1 0.28671875 0.58359375 0.0265625 0.0296875
1 0.325 0.5765625 0.0375 0.015625
1 0.41171875 0.5765625 0.0546875 0.015625
1 0.49609375 0.5734375 0.0359375 0.009375
1 0.3140625 0.603125 0.0390625 0.0546875
1 0.3 0.646875 0.0578125 0.0359375
1 0.3390625 0.6390625 0.040625 0.0390625
1 0.2703125 0.671875 0.03125 0.0296875
0 0.315625 0.603125 0.35 0.06875
0 0.3125 0.809375 0.3625 0.2390625
1 0.2765625 0.709375 0.0140625 0.009375
1 0.346875 0.76875 0.0421875 0.015625
1 0.428125 0.7921875 0.015625 0.01875
1 0.4375 0.8234375 0.015625 0.03125
1 0.4796875 0.8265625 0.0265625 0.01875
0 0.346875 0.903125 0.11875 0.0515625
0 0.259375 0.8796875 0.103125 0.0953125
1 0.521875 0.6140625 0.0328125 0.0484375
1 0.540625 0.6 0.0109375 0.0203125
1 0.55625 0.6046875 0.034375 0.0296875
1 0.625 0.62578125 0.028125 0.0265625
1 0.54375 0.721875 0.0234375 0.0328125
1 0.578125 0.7859375 0.04375 0.046875
1 0.5546875 0.8078125 0.0203125 0.0234375
0 0.93984375 0.9296875 0.1203125 0.140625
1 0.9828125 0.8671875 0.0265625 0.0203125
1 0.771875 0.7625 0.025 0.01875
0 0.96171875 0.828125 0.0765625 0.15