1 0.421875 0.165625 0.0078125 0.0078125
1 0.4578125 0.38125 0.009375 0.0125
0 0.45078125 0.4046875 0.0578125 0.24375
0 0.3421875 0.378125 0.153125 0.2359375
0 0.78515625 0.10390625 0.2109375 0.2078125
0 0.52265625 0.14609375 0.0859375 0.1828125
1 0.678125 0.2640625 0.034375 0.0453125
1 0.83125 0.340625 0.0375 0.04375
1 0.590625 0.1484375 0.03125 0.0359375
1 0.575 0.0234375 0.025 0.0234375
1 0.6546875 0.14375 0.021875 0.03125
1 0.6390625 0.184375 0.01875 0.028125
1 0.690625 0.415625 0.0296875 0.0375
1 0.721875 0.503125 0.0296875 0.05
1 0.7671875 0.51875 0.0421875 0.04375
1 0.6890625 0.603125 0.03125 0.0265625
1 0.84375 0.5703125 0.034375 0.0421875
1 0.884375 0.3796875 0.0171875 0.034375
1 0.8828125 0.18125 0.0203125 0.0359375
1 0.53125 0.6078125 0.0203125 0.028125
1 0.5921875 0.6171875 0.0234375 0.015625
1 0.6359375 0.5265625 0.0265625 0.0234375
1 0.64375 0.6203125 0.01875 0.028125
1 0.503125 0.58125 0.03125 0.0234375
1 0.5453125 0.3546875 0.025 0.0265625
1 0.55 0.58125 0.0125 0.0125
1 0.490625 0.375 0.021875 0.028125
1 0.60625 0.4328125 0.01875 0.040625
1 0.0296875 0.7828125 0.0203125 0.0265625
0 0.2265625 0.825 0.0359375 0.03125
1 0.0765625 0.996875 0.01875 0.00625
1 0.0421875 0.934375 0.0125 0.0171875
1 0.1890625 0.9359375 0.015625 0.015625
1 0.83828125 0.68203125 0.0390625 0.0640625
0 0.73046875 0.69453125 0.0390625 0.0890625