1 0.31015625 0.39140625 0.0671875 0.0171875
1 0.3484375 0.3828125 0.0265625 0.021875
1 0.434375 0.0875 0.04375 0.065625
1 0.390625 0.3 0.0375 0.05
1 0.4453125 0.35625 0.0234375 0.0265625
1 0.4125 0.3390625 0.0265625 0.0375
1 0.246875 0.325 0.0453125 0.053125
1 0.1984375 0.3140625 0.05625 0.040625
1 0.1359375 0.3078125 0.0546875 0.0375
1 0.2203125 0.36875 0.034375 0.01875
1 0.15625 0.38125 0.040625 0.0265625
1 0.2453125 0.23125 0.0359375 0.059375
1 0.259375 0.16875 0.053125 0.0328125
1 0.26875 0.0859375 0.03125 0.0359375
1 0.234375 0.075 0.0234375 0.0328125
1 0.34375 0.1046875 0.0265625 0.021875
1 0.3546875 0.040625 0.025 0.034375
0 0.1578125 0.05 0.296875 0.0890625
0 0.20625 0.38046875 0.184375 0.0390625
1 0.6375 0.1578125 0.0265625 0.0265625
1 0.9203125 0.171875 0.0234375 0.0125
0 0.546875 0.1546875 0.05625 0.0609375
1 0.5921875 0.171875 0.0453125 0.0546875
1 0.64375 0.1984375 0.03125 0.028125
1 0.6046875 0.2828125 0.0453125 0.0328125
1 0.73125 0.2875 0.0109375 0.0328125
1 0.7125 0.30625 0.028125 0.00625
1 0.98828125 0.340625 0.0234375 0.05
1 0.5453125 0.346875 0.040625 0.046875
1 0.9734375 0.34375 0.0234375 0.0359375
1 0.95 0.2625 0.0546875 0.059375
1 0.73828125 0.39375 0.0484375 0.0125
1 0.646875 0.38671875 0.040625 0.0265625
1 0.684375 0.39140625 0.0375 0.0171875
1 0.703125 0.3796875 0.0296875 0.040625
1 0.58359375 0.39140625 0.0390625 0.0171875
1 0.6578125 0.340625 0.0328125 0.03125
1 0.66875 0.33125 0.021875 0.028125
1 0.6328125 0.33125 0.0390625 0.0296875
1 0.6109375 0.3265625 0.0296875 0.04375
1 0.684375 0.25 0.0578125 0.0453125
1 0.6484375 0.284375 0.034375 0.028125
1 0.490625 0.340625 0.021875 0.028125
1 0.4875 0.1390625 0.015625 0.028125
0 0.40078125 0.93984375 0.1578125 0.1203125
1 0.43125 0.928125 0.09375 0.1078125
1 0.3953125 0.78125 0.08125 0.0734375
0 0.42109375 0.68203125 0.1171875 0.1609375
1 0.8828125 0.8140625 0.1109375 0.0921875
1 0.9125 0.8546875 0.0859375 0.0546875
1 0.98046875 0.8609375 0.0390625 0.1
1 0.97265625 0.9140625 0.0546875 0.08125
0 0.7640625 0.9203125 0.2484375 0.134375
1 0.73125 0.8875 0.128125 0.115625
1 0.66015625 0.97421875 0.0546875 0.0515625
0 0.809375 0.696875 0.2359375 0.1625
0 0.7890625 0.7390625 0.178125 0.1390625
1 0.66875 0.6828125 0.0671875 0.1015625
1 0.5296875 0.96875 0.0265625 0.025