1 0.259375 0.5125 0.0109375 0.0109375
0 0.3234375 0.196875 0.146875 0.259375
1 0.2390625 0.3484375 0.0171875 0.009375
1 0.0546875 0.39375 0.009375 0.009375
0 0.16875 0.2390625 0.328125 0.3234375
1 0.0078125 0.4265625 0.0140625 0.0140625
0 0.4671875 0.2 0.1109375 0.153125
0 0.02890625 0.125 0.0578125 0.125
1 0.99453125 0.52734375 0.0109375 0.0171875
1 0.96875 0.4375 0.0171875 0.0171875
1 0.9625 0.484375 0.034375 0.04375
1 0.9421875 0.3828125 0.0515625 0.034375
0 0.9546875 0.20546875 0.090625 0.1359375
1 0.9203125 0.475 0.0296875 0.0171875
1 0.8984375 0.0015625 0.015625 0.003125
1 0.8875 0.140625 0.015625 0.015625
1 0.9015625 0.3375 0.05625 0.0390625
1 0.8890625 0.09375 0.0453125 0.0234375
1 0.8625 0.35625 0.034375 0.0453125
1 0.85 0.0640625 0.0234375 0.0265625
1 0.8359375 0.1078125 0.0140625 0.021875
1 0.8390625 0.025 0.053125 0.05
1 0.8078125 0.303125 0.0125 0.071875
1 0.7921875 0.140625 0.0125 0.0078125
1 0.77734375 0.0125 0.0359375 0.025
1 0.7546875 0.2734375 0.025 0.0140625
1 0.771875 0.590625 0.071875 0.065625
1 0.7359375 0.259375 0.0125 0.01875
1 0.740625 0.540625 0.028125 0.03125
1 0.7625 0.05625 0.078125 0.05
1 0.721875 0.6734375 0.0125 0.0109375
1 0.7453125 0.4625 0.065625 0.0703125
1 0.7078125 0.553125 0.0125 0.0109375
1 0.7046875 0.371875 0.0078125 0.0125
1 0.7015625 0.640625 0.009375 0.015625
1 0.6953125 0.45 0.0203125 0.0140625
1 0.6890625 0.021875 0.040625 0.0265625
1 0.6609375 0.1125 0.0125 0.025
1 0.659375 0.5375 0.0265625 0.015625
1 0.640625 0.021875 0.0125 0.015625
1 0.6265625 0.028125 0.0203125 0.025
1 0.6234375 0.0578125 0.0140625 0.01875
1 0.63125 0.109375 0.0296875 0.0484375
1 0.6296875 0.33125 0.028125 0.0203125
1 0.6234375 0.5828125 0.015625 0.0296875
1 0.978125 0.65546875 0.04375 0.0484375
1 0.63125 0.5171875 0.015625 0.0109375
1 0.640625 0.4984375 0.0296875 0.040625
1 0.6625 0.3796875 0.05625 0.05625
1 0.6953125 0.3921875 0.0203125 0.01875
1 0.9546875 0.34375 0.0375 0.0328125
1 0.975 0.3390625 0.0203125 0.0109375
1 0.8296875 0.43125 0.1 0.134375
1 0.775 0.3859375 0.0328125 0.0328125
1 0.871875 0.4546875 0.0328125 0.0375
1 0.890625 0.4125 0.0125 0.0109375
1 0.8015625 0.1 0.025 0.01875
1 0.76875 0.134375 0.0359375 0.059375
1 0.734375 0.284375 0.01875 0.025
0 0.64375 0.2125 0.05625 0.1140625
0 0.7046875 0.146875 0.1015625 0.0796875
0 0.7328125 0.209375 0.153125 0.0921875
0 0.8171875 0.203125 0.059375 0.0953125
1 0.409375 0.934375 0.0078125 0.00625
1 0.403125 0.78125 0.009375 0.0078125
1 0.4 0.871875 0.028125 0.03125
1 0.2953125 0.8765625 0.0359375 0.0375
1 0.1953125 0.696875 0.05 0.034375
1 0.040625 0.9 0.0109375 0.009375
1 0.0046875 0.896875 0.0078125 0.00625
1 0.0765625 0.9609375 0.021875 0.028125
1 0.0234375 0.9578125 0.0171875 0.028125
1 0.0234375 0.93125 0.01875 0.0140625
1 0.021875 0.9140625 0.01875 0.0234375
0 0.3109375 0.815625 0.1703125 0.1453125
0 0.1859375 0.8453125 0.0640625 0.09375
1 0.159375 0.8328125 0.01875 0.0125
1 0.1734375 0.828125 0.009375 0.025
0 0.08515625 0.82734375 0.1703125 0.1078125
1 0.0203125 0.809375 0.015625 0.015625
1 0.028125 0.8203125 0.021875 0.0203125
1 0.00859375 0.68359375 0.0171875 0.0078125
1 0.03125 0.68515625 0.028125 0.0109375
1 0.9828125 0.8 0.034375 0.01875
1 0.9875 0.9296875 0.0125 0.0109375
1 0.93125 0.9546875 0.0265625 0.0265625
1 0.76875 0.9546875 0.00625 0.009375
0 0.85703125 0.76171875 0.2484375 0.1640625
1 0.9921875 0.7421875 0.015625 0.0375