1 0.415625 0.08125 0.0125 0.015625
1 0.140625 0.190625 0.0046875 0.0078125
1 0.0828125 0.1453125 0.0109375 0.00625
1 0.0296875 0.4953125 0.00625 0.0109375
1 0.0125 0.05625 0.0234375 0.025
1 0.0671875 0.00703125 0.01875 0.0140625
1 0.10234375 0.0078125 0.0453125 0.015625
1 0.340625 0.1453125 0.0328125 0.0328125
0 0.2875 0.44296875 0.303125 0.1515625
0 0.3796875 0.45234375 0.11875 0.1328125
1 0.165625 0.4421875 0.0265625 0.0515625
1 0.03359375 0.4296875 0.0671875 0.034375
1 0.0515625 0.478125 0.05 0.021875
0 0.9828125 0.175 0.0328125 0.05
1 0.953125 0.334375 0.0078125 0.009375
1 0.909375 0.2671875 0.009375 0.009375
1 0.903125 0.0953125 0.025 0.015625
1 0.9078125 0.4984375 0.0234375 0.0296875
1 0.8484375 0.3484375 0.0390625 0.034375
1 0.7984375 0.2421875 0.0265625 0.028125
0 0.8078125 0.146875 0.090625 0.125
1 0.60625 0.3234375 0.0140625 0.009375
1 0.609375 0.103125 0.0328125 0.0234375
1 0.565625 0.4234375 0.025 0.028125
1 0.553125 0.334375 0.0203125 0.0109375
1 0.4921875 0.4421875 0.0328125 0.0203125
0 0.5296875 0.15625 0.1109375 0.1421875
1 0.6125 0.1546875 0.0328125 0.046875
1 0.06875 0.8046875 0.0140625 0.0078125
0 0.3203125 0.62265625 0.2375 0.2078125
0 0.4203125 0.59765625 0.0375 0.1140625
0 0.24921875 0.6046875 0.2328125 0.171875
0 0.14375 0.58125 0.21875 0.125
1 0.03125 0.54765625 0.0375 0.0578125
1 0.7578125 0.6828125 0.0140625 0.01875
1 0.7453125 0.575 0.0203125 0.01875
1 0.7359375 0.7765625 0.0125 0.009375
1 0.7296875 0.8125 0.0078125 0.0109375
1 0.690625 0.921875 0.0109375 0.009375
1 0.678125 0.9609375 0.0109375 0.0078125
1 0.6671875 0.5671875 0.01875 0.015625
1 0.6375 0.9203125 0.0140625 0.009375
1 0.621875 0.9296875 0.0140625 0.0109375
1 0.6015625 0.690625 0.0125 0.0078125
1 0.5734375 0.6859375 0.0359375 0.0265625
1 0.546875 0.965625 0.0125 0.0171875
1 0.446875 0.5953125 0.015625 0.0078125
1 0.4484375 0.68515625 0.01875 0.0265625
0 0.5171875 0.93359375 0.15625 0.1328125
0 0.7640625 0.9109375 0.084375 0.103125
0 0.653125 0.921875 0.159375 0.15625
1 0.56875 0.6546875 0.0078125 0.0140625