0 0.2328125 0.2234375 0.103125 0.1375
0 0.346875 0.2359375 0.1140625 0.1203125
1 0.1578125 0.4546875 0.09375 0.09375
1 0.134375 0.3734375 0.0421875 0.040625
1 0.2421875 0.41875 0.021875 0.0234375
1 0.2953125 0.4375 0.0359375 0.040625
1 0.3484375 0.3953125 0.028125 0.0265625
1 0.365625 0.4171875 0.025 0.021875
1 0.3859375 0.3859375 0.0390625 0.040625
1 0.321875 0.303125 0.0203125 0.0296875
1 0.35625 0.29375 0.034375 0.034375
1 0.3375 0.446875 0.0328125 0.034375
1 0.359375 0.49375 0.0390625 0.0375
1 0.2109375 0.359375 0.0140625 0.034375
1 0.284375 0.259375 0.025 0.0171875
1 0.3484375 0.15625 0.0234375 0.021875
1 0.3796875 0.153125 0.025 0.03125
1 0.20625 0.0484375 0.015625 0.01875
1 0.1125 0.1546875 0.0390625 0.0375
1 0.1109375 0.1296875 0.05 0.03125
1 0.0875 0.103125 0.04375 0.0390625
1 0.009375 0.10625 0.01875 0.040625
0 0.025 0.24296875 0.05 0.0859375
0 0.1109375 0.2171875 0.1234375 0.1046875
1 0.015625 0.3515625 0.03125 0.03125
1 0.0421875 0.3125 0.03125 0.025
1 0.090625 0.43125 0.021875 0.01875
1 0.0765625 0.471875 0.0234375 0.034375
1 0.01796875 0.5125 0.0359375 0.05
1 0.02265625 0.421875 0.0453125 0.04375
1 0.1765625 0.4 0.03125 0.03125
1 0.0609375 0.4203125 0.021875 0.0203125
1 0.0953125 0.528125 0.0296875 0.0296875
1 0.2171875 0.4546875 0.0171875 0.025
1 0.2296875 0.4796875 0.01875 0.0140625
1 0.35234375 0.54296875 0.0453125 0.0140625
1 0.33125 0.521875 0.03125 0.0375
1 0.2984375 0.50625 0.0296875 0.0296875
1 0.3328125 0.471875 0.0234375 0.015625
1 0.0953125 0.5453125 0.034375 0.009375
1 0.0546875 0.1578125 0.0234375 0.0203125
0 0.16875 0.2484375 0.0734375 0.0890625
1 0.7359375 0.1890625 0.0171875 0.03125
1 0.79375 0.1703125 0.0234375 0.01875
1 0.834375 0.146875 0.015625 0.0078125
1 0.8546875 0.4296875 0.0125 0.01875
1 0.75625 0.0296875 0.0171875 0.015625
1 0.7640625 0.0734375 0.028125 0.028125
1 0.71796875 0.021875 0.0390625 0.04375
0 0.9015625 0.01484375 0.078125 0.0296875
1 0.9171875 0.0171875 0.021875 0.0046875
0 0.97109375 0.03671875 0.0578125 0.0734375
1 0.8671875 0.1828125 0.0296875 0.0296875
1 0.69765625 0.52421875 0.0953125 0.0515625
1 0.7796875 0.5265625 0.00625 0.0078125
1 0.6671875 0.265625 0.0234375 0.0328125
1 0.7953125 0.4171875 0.01875 0.015625
1 0.8328125 0.4125 0.0234375 0.0203125
1 0.9171875 0.44375 0.025 0.015625
1 0.9609375 0.4125 0.028125 0.034375
1 0.98828125 0.328125 0.0234375 0.01875
0 0.9765625 0.4875 0.046875 0.125
0 0.92109375 0.50859375 0.0921875 0.0828125
1 0.88515625 0.5359375 0.0359375 0.028125
0 0.834375 0.51875 0.134375 0.0625
1 0.8609375 0.4890625 0.0421875 0.046875
1 0.7609375 0.31875 0.0375 0.0234375
1 0.859375 0.2921875 0.025 0.015625
1 0.2140625 0.9484375 0.0078125 0.00625
1 0.4546875 0.684375 0.0125 0.0046875
1 0.45 0.63125 0.065625 0.053125
0 0.35 0.7578125 0.2671875 0.203125
0 0.471875 0.7890625 0.025 0.0328125
0 0.2546875 0.753125 0.2796875 0.353125
1 0.2359375 0.65625 0.046875 0.0484375
1 0.7328125 0.640625 0.0421875 0.01875
1 0.7125 0.734375 0.0078125 0.0078125
1 0.6859375 0.7296875 0.009375 0.0046875
1 0.64296875 0.71015625 0.0078125 0.0296875
1 0.640625 0.72734375 0.003125 0.0203125
1 0.6421875 0.740625 0.003125 0.0078125
1 0.746875 0.8 0.021875 0.015625
1 0.721875 0.83125 0.01875 0.01875
1 0.71875 0.8140625 0.015625 0.021875
1 0.696875 0.815625 0.021875 0.028125
1 0.7046875 0.7953125 0.01875 0.021875
1 0.65078125 0.80703125 0.0234375 0.0265625
1 0.728125 0.8609375 0.046875 0.046875
1 0.7234375 0.8453125 0.0171875 0.0171875
1 0.7015625 0.8890625 0.0234375 0.025
1 0.721875 0.8921875 0.0296875 0.021875
1 0.7484375 0.890625 0.0328125 0.0484375
1 0.7578125 0.8890625 0.0125 0.0234375
1 0.6828125 0.884375 0.0375 0.0359375
1 0.678125 0.9234375 0.0265625 0.0203125
1 0.6828125 0.9109375 0.009375 0.0078125
1 0.64375 0.90234375 0.009375 0.0140625
1 0.6625 0.859375 0.0296875 0.0546875
0 0.7734375 0.8796875 0.0421875 0.103125
1 0.71328125 0.9640625 0.0640625 0.071875
1 0.6984375 0.99609375 0.040625 0.0078125
1 0.690625 0.98984375 0.0375 0.0203125
1 0.69375 0.990625 0.01875 0.0125