1 0.5625 0.2625 0.00625 0.0140625
1 0.6140625 0.40625 0.015625 0.0359375
1 0.55 0.375 0.009375 0.0140625
1 0.55625 0.3421875 0.015625 0.0125
1 0.2 0.34375 0.0640625 0.04375
0 0.11875 0.12734375 0.2375 0.0484375
1 0.059375 0.25625 0.03125 0.034375
1 0.015625 0.171875 0.0265625 0.0375
0 0.15625 0.415625 0.3125 0.10625
0 0.103125 0.26328125 0.20625 0.2609375
1 0.8203125 0.3984375 0.021875 0.021875
1 0.7171875 0.4078125 0.025 0.0125
0 0.9921875 0.36015625 0.015625 0.1234375
1 0.771875 0.46328125 0.034375 0.0109375
0 0.971875 0.19140625 0.05625 0.1390625
0 0.9703125 0.13671875 0.059375 0.0421875
1 0.81640625 0.45703125 0.0328125 0.0234375
1 0.2609375 0.9390625 0.0984375 0.1015625
1 0.115625 0.95 0.040625 0.0375
1 0.1515625 0.940625 0.0296875 0.0390625
1 0.134375 0.8609375 0.0296875 0.0234375
1 0.5265625 0.9046875 0.0421875 0.028125
1 0.440625 0.871875 0.0421875 0.03125
1 0.4375 0.671875 0.0546875 0.0484375
1 0.2203125 0.715625 0.03125 0.0234375
1 0.3 0.825 0.0234375 0.0265625
0 0.403125 0.8734375 0.078125 0.0828125
1 0.409375 0.9515625 0.028125 0.034375
1 0.4421875 0.9234375 0.0265625 0.025
1 0.5015625 0.875 0.0359375 0.03125
0 0.4 0.696875 0.0765625 0.1078125
0 0.375 0.7609375 0.1015625 0.1015625
1 0.2828125 0.7 0.015625 0.0234375
1 0.2609375 0.8109375 0.0234375 0.028125
1 0.1796875 0.878125 0.0234375 0.025
1 0.3546875 0.8171875 0.025 0.03125
1 0.4515625 0.8421875 0.028125 0.025
1 0.275 0.88125 0.028125 0.0203125
1 0.3046875 0.8890625 0.0234375 0.0171875
1 0.5203125 0.6640625 0.01875 0.0171875
1 0.53046875 0.99375 0.0296875 0.0125
1 0.31015625 0.9890625 0.0265625 0.021875
1 0.99765625 0.63671875 0.0046875 0.0171875
1 0.971875 0.596875 0.0234375 0.0265625
1 0.953125 0.728125 0.0265625 0.021875
1 0.896875 0.678125 0.01875 0.0171875
1 0.9578125 0.6625 0.0234375 0.0453125
1 0.8796875 0.7578125 0.0390625 0.028125
1 0.8109375 0.753125 0.0484375 0.03125
1 0.759375 0.6578125 0.028125 0.0265625
1 0.7765625 0.6109375 0.021875 0.01875
1 0.8546875 0.53125 0.0203125 0.0375
1 0.709375 0.6796875 0.0359375 0.03125