1 0.00546875 0.50390625 0.0109375 0.0265625
1 0.0421875 0.425 0.0359375 0.0375
1 0.0109375 0.3796875 0.021875 0.034375
1 0.1796875 0.5328125 0.0140625 0.034375
1 0.18125 0.565625 0.021875 0.00625
1 0.18125 0.43125 0.028125 0.021875
1 0.171875 0.1671875 0.0265625 0.0265625
1 0.18125 0.2421875 0.0265625 0.0125
1 0.1671875 0.3265625 0.021875 0.0234375
1 0.221875 0.5609375 0.03125 0.015625
1 0.30625 0.4015625 0.0390625 0.0359375
1 0.290625 0.346875 0.0234375 0.021875
1 0.2171875 0.115625 0.04375 0.0375
1 0.2 0.159375 0.03125 0.0296875
1 0.215625 0.1625 0.01875 0.0203125
1 0.315625 0.1140625 0.0421875 0.0296875
1 0.378125 0.1296875 0.025 0.0203125
1 0.346875 0.1375 0.0234375 0.01875
1 0.3421875 0.1625 0.01875 0.015625
0 0.4125 0.196875 0.2765625 0.2265625
0 0.4375 0.4125 0.2984375 0.1828125
0 0.4109375 0.5125 0.25625 0.1125
1 0.68125 0.08828125 0.015625 0.0140625
1 0.6921875 0.30859375 0.00625 0.0234375
1 0.8734375 0.146875 0.01875 0.01875
0 0.88125 0.1203125 0.2109375 0.2375
1 0.7828125 0.1890625 0.0109375 0.0109375
1 0.790625 0.065625 0.0140625 0.009375
1 0.99609375 0.22265625 0.0078125 0.0109375
0 0.21875 0.7328125 0.1375 0.11875
0 0.221875 0.95 0.06875 0.1
1 0.2390625 0.846875 0.0875 0.0828125
1 0.65859375 0.82265625 0.0609375 0.0296875
1 0.6765625 0.89375 0.025 0.0625
1 0.66015625 0.77109375 0.0578125 0.0265625
1 0.396875 0.68125 0.0375 0.040625
1 0.515625 0.7546875 0.0296875 0.021875
1 0.625 0.8578125 0.025 0.0234375
1 0.4421875 0.81875 0.021875 0.01875
1 0.68125 0.97421875 0.015625 0.0390625
1 0.671875 0.9484375 0.0125 0.0140625
1 0.5609375 0.9140625 0.028125 0.0265625
1 0.6328125 0.95625 0.0203125 0.03125
1 0.6578125 0.665625 0.0296875 0.0234375
1 0.4125 0.865625 0.0140625 0.028125
1 0.5453125 0.6703125 0.0234375 0.025
1 0.7578125 0.9265625 0.0265625 0.0328125
1 0.9421875 0.7859375 0.0046875 0.009375
1 0.7609375 0.6328125 0.0453125 0.0375
0 0.89921875 0.96796875 0.2015625 0.0640625