1 0.06875 0.1890625 0.025 0.025
1 0.11875 0.15 0.025 0.015625
1 0.278125 0.2046875 0.0734375 0.0515625
1 0.3140625 0.1984375 0.0390625 0.0359375
1 0.2953125 0.2453125 0.025 0.0265625
1 0.26875 0.2546875 0.0234375 0.0203125
1 0.38125 0.1015625 0.0375 0.034375
1 0.3265625 0.0546875 0.0234375 0.0296875
1 0.403125 0.059375 0.03125 0.0546875
1 0.4265625 0.034375 0.0390625 0.0453125
0 0.4796875 0.0484375 0.0765625 0.084375
0 0.4640625 0.146875 0.10625 0.1234375
0 0.4765625 0.2421875 0.1015625 0.1171875
0 0.47265625 0.315625 0.0984375 0.0875
1 0.6203125 0.278125 0.0734375 0.0890625
1 0.65703125 0.2828125 0.0234375 0.065625
1 0.6109375 0.1484375 0.0375 0.03125
1 0.525 0.1125 0.028125 0.0265625
1 0.5921875 0.0453125 0.03125 0.021875
1 0.5515625 0.1796875 0.0296875 0.0203125
1 0.790625 0.35 0.015625 0.01875
1 0.73125 0.278125 0.0125 0.0109375
1 0.67421875 0.26328125 0.0109375 0.0203125
1 0.98671875 0.2703125 0.0265625 0.034375
1 0.99765625 0.21484375 0.0046875 0.0140625
1 0.7125 0.078125 0.0265625 0.0046875
1 0.8953125 0.0578125 0.0234375 0.0203125
1 0.728125 0.05625 0.025 0.0140625
1 0.778125 0.0328125 0.015625 0.015625
1 0.740625 0.2390625 0.01875 0.0203125
1 0.7234375 0.1765625 0.0234375 0.0171875
1 0.7078125 0.1765625 0.025 0.021875
1 0.75078125 0.35703125 0.0203125 0.0046875
1 0.775 0.2921875 0.01875 0.025
1 0.83125 0.35 0.021875 0.01875
0 0.8375 0.2890625 0.140625 0.1015625
1 0.809375 0.2609375 0.04375 0.0296875
1 0.8859375 0.2390625 0.0546875 0.05
0 0.821875 0.2046875 0.1 0.14375
0 0.825 0.0953125 0.0609375 0.1125
0 0.846875 0.0125 0.1 0.025
0 0.81953125 0.0390625 0.0859375 0.078125
1 0.98359375 0.00703125 0.0171875 0.0140625
1 0.9328125 0.065625 0.0125 0.0203125
1 0.9671875 0.1859375 0.015625 0.0171875
1 0.9453125 0.334375 0.015625 0.0203125
1 0.99375 0.35234375 0.0125 0.0140625
1 0.2765625 0.7296875 0.0734375 0.0390625
1 0.0140625 0.7046875 0.028125 0.034375
1 0.3765625 0.55625 0.0625 0.078125
0 0.075 0.3890625 0.146875 0.059375
1 0.1375 0.809375 0.0234375 0.025
1 0.021875 0.75703125 0.04375 0.0640625
1 0.0890625 0.7515625 0.0609375 0.0484375
0 0.04375 0.81328125 0.0875 0.0953125
1 0.0453125 0.8515625 0.090625 0.0375
1 0.175 0.6109375 0.0578125 0.0703125
0 0.0609375 0.6375 0.0875 0.1375
0 0.0875 0.5359375 0.153125 0.1390625
1 0.4859375 0.4 0.0234375 0.0203125
1 0.403125 0.409375 0.0140625 0.021875
0 0.5953125 0.7484375 0.11875 0.1203125
0 0.6046875 0.565625 0.128125 0.18125
0 0.6171875 0.40703125 0.103125 0.0953125
1 0.2609375 0.4390625 0.01875 0.0203125
1 0.984375 0.9890625 0.03125 0.021875
1 0.915625 0.9703125 0.015625 0.03125
1 0.9828125 0.9125 0.0203125 0.025
1 0.715625 0.859375 0.0171875 0.0203125
1 0.85 0.8515625 0.0359375 0.028125
1 0.765625 0.8171875 0.0140625 0.015625
1 0.99296875 0.7671875 0.0140625 0.01875
1 0.709375 0.7625 0.04375 0.05625
1 0.75 0.6171875 0.0390625 0.015625
1 0.67890625 0.5171875 0.0203125 0.03125
0 0.68828125 0.63359375 0.0390625 0.1078125
0 0.678125 0.7375 0.01875 0.084375
1 0.7046875 0.93359375 0.071875 0.1140625
1 0.69375 0.9609375 0.0421875 0.03125
1 0.69375 0.9265625 0.0390625 0.0265625
1 0.9265625 0.521875 0.0390625 0.0359375
1 0.9828125 0.5921875 0.025 0.034375
1 0.98515625 0.53046875 0.0296875 0.0484375