1 0.0125 0.459375 0.0125 0.0203125
1 0.059375 0.446875 0.01875 0.0203125
1 0.053125 0.425 0.0140625 0.009375
1 0.0546875 0.5 0.0109375 0.0078125
1 0.0828125 0.4984375 0.009375 0.0125
1 0.128125 0.428125 0.0203125 0.0359375
1 0.1421875 0.4703125 0.0109375 0.00625
1 0.1203125 0.4515625 0.0171875 0.01875
1 0.06875 0.28125 0.0078125 0.009375
1 0.0859375 0.2890625 0.009375 0.0078125
1 0.084375 0.140625 0.015625 0.0234375
1 0.1 0.14375 0.0203125 0.015625
1 0.1890625 0.1796875 0.021875 0.015625
1 0.2140625 0.209375 0.025 0.0109375
1 0.2015625 0.340625 0.01875 0.0125
1 0.2234375 0.346875 0.0203125 0.0234375
1 0.2015625 0.5328125 0.0265625 0.028125
1 0.23125 0.2453125 0.021875 0.01875
1 0.39296875 0.4984375 0.0140625 0.028125
1 0.259375 0.0921875 0.0171875 0.0078125
0 0.3078125 0.234375 0.0953125 0.140625
0 0.325 0.540625 0.08125 0.01875
1 0.30078125 0.5390625 0.0390625 0.021875
0 0.3078125 0.4125 0.1203125 0.1171875
0 0.3234375 0.3015625 0.1 0.11875
1 0.3828125 0.3296875 0.03125 0.03125
0 0.3328125 0.13671875 0.134375 0.0984375
0 0.309375 0.4875 0.1703125 0.11875
1 0.203125 0.1390625 0.0109375 0.0140625
1 0.7421875 0.46875 0.00625 0.0078125
1 0.65625 0.4578125 0.0234375 0.0171875
0 0.88203125 0.44296875 0.2359375 0.0890625
1 0.703125 0.3828125 0.0125 0.028125
1 0.434375 0.365625 0.0125 0.00625
1 0.6515625 0.3609375 0.00625 0.009375
1 0.675 0.3234375 0.0140625 0.0171875
1 0.671875 0.3015625 0.0140625 0.0140625
1 0.6328125 0.3140625 0.0546875 0.0515625
1 0.621875 0.26875 0.0265625 0.0125
1 0.48125 0.1046875 0.01875 0.009375
1 0.5625 0.0890625 0.0390625 0.0171875
1 0.4953125 0.0625 0.0421875 0.03125
1 0.8015625 0.0515625 0.0390625 0.03125
1 0.9125 0.0140625 0.0140625 0.0109375
1 0.83671875 0.0078125 0.0171875 0.015625
1 0.4296875 0.1828125 0.0265625 0.021875
1 0.4453125 0.209375 0.0109375 0.009375
1 0.4453125 0.2453125 0.021875 0.015625
1 0.65 0.2359375 0.04375 0.053125
1 0.903125 0.396875 0.034375 0.0328125
1 0.8796875 0.3890625 0.01875 0.0296875
1 0.8171875 0.3234375 0.0265625 0.040625
0 0.87734375 0.18515625 0.2453125 0.2546875
0 0.83828125 0.27578125 0.3234375 0.2421875
1 0.1875 0.78125 0.01875 0.0109375
1 0.0765625 0.5640625 0.0125 0.01875
0 0.2171875 0.69375 0.1796875 0.265625
0 0.2296875 0.8578125 0.1015625 0.09375
1 0.59296875 0.56015625 0.0359375 0.0203125
1 0.63125 0.6453125 0.0140625 0.0234375
1 0.44375 0.6421875 0.025 0.0234375
1 0.553125 0.9109375 0.0234375 0.03125
0 0.7578125 0.915625 0.0359375 0.0671875
1 0.8109375 0.9265625 0.0390625 0.046875
1 0.9484375 0.8703125 0.01875 0.0203125
1 0.8546875 0.7390625 0.0359375 0.021875
1 0.9515625 0.65625 0.0265625 0.03125
1 0.934375 0.740625 0.021875 0.021875
1 0.7453125 0.55703125 0.021875 0.0140625
1 0.884375 0.553125 0.021875 0.00625
0 0.81875 0.6875 0.259375 0.275
0 0.815625 0.7671875 0.1734375 0.2625