1 0.0328125 0.240625 0.0234375 0.0359375
1 0.0875 0.5421875 0.028125 0.015625
1 0.1015625 0.534375 0.015625 0.0109375
1 0.0796875 0.4609375 0.021875 0.015625
1 0.075 0.4046875 0.0203125 0.0203125
1 0.065625 0.3796875 0.0265625 0.0203125
1 0.115625 0.35625 0.03125 0.0234375
1 0.1671875 0.3046875 0.0265625 0.03125
1 0.1515625 0.296875 0.015625 0.0171875
1 0.190625 0.43125 0.01875 0.0171875
1 0.2390625 0.4515625 0.0328125 0.0453125
1 0.16875 0.2203125 0.040625 0.03125
1 0.1640625 0.24375 0.0140625 0.0171875
1 0.228125 0.203125 0.0296875 0.0125
1 0.265625 0.203125 0.0375 0.0109375
1 0.3015625 0.2421875 0.025 0.0328125
1 0.3015625 0.2515625 0.0203125 0.0140625
1 0.384375 0.315625 0.0234375 0.025
1 0.4234375 0.3109375 0.0125 0.0265625
1 0.409375 0.3375 0.03125 0.015625
0 0.4296875 0.290625 0.1796875 0.1859375
1 0.5125 0.2421875 0.021875 0.034375
0 0.3328125 0.3375 0.340625 0.2328125
1 0.3265625 0.43125 0.0125 0.03125
1 0.4171875 0.3890625 0.021875 0.0203125
1 0.48125 0.39375 0.0484375 0.05
1 0.4578125 0.4171875 0.0140625 0.0140625
1 0.4828125 0.421875 0.01875 0.015625
1 0.46875 0.4609375 0.034375 0.0171875
1 0.4640625 0.4421875 0.05625 0.0375
1 0.4484375 0.5234375 0.034375 0.015625
1 0.4203125 0.496875 0.04375 0.0515625
0 0.39375 0.46640625 0.2375 0.1671875
1 0.23125 0.546875 0.01875 0.00625
1 0.2421875 0.54296875 0.01875 0.0140625
1 0.2609375 0.5265625 0.0203125 0.015625
1 0.209375 0.53125 0.053125 0.0375
1 0.221875 0.503125 0.0125 0.0078125
1 0.2296875 0.3171875 0.0078125 0.0125
1 0.028125 0.509375 0.0234375 0.0109375
1 0.0546875 0.5421875 0.015625 0.0078125
1 0.7359375 0.05625 0.0390625 0.046875
1 0.8125 0.046875 0.0640625 0.0515625
0 0.90625 0.284375 0.1875 0.140625
1 0.43125 0.946875 0.0078125 0.0125
1 0.5390625 0.8671875 0.0078125 0.0078125
1 0.328125 0.83125 0.0140625 0.00625
1 0.4921875 0.8265625 0.01875 0.0171875
1 0.00234375 0.55703125 0.0046875 0.0140625
1 0.0296875 0.7296875 0.021875 0.025
0 0.24375 0.9546875 0.090625 0.0640625
0 0.33125 0.946875 0.1609375 0.078125
0 0.2453125 0.8015625 0.1140625 0.35625
1 0.259375 0.734375 0.0234375 0.025
0 0.4328125 0.98125 0.046875 0.009375
0 0.30390625 0.6265625 0.2765625 0.153125
0 0.59140625 0.56328125 0.0828125 0.0265625
1 0.6109375 0.6359375 0.01875 0.0203125
1 0.596875 0.771875 0.0140625 0.015625
0 0.571875 0.75390625 0.04375 0.0921875
1 0.5984375 0.959375 0.0203125 0.0171875
1 0.5890625 0.9734375 0.0171875 0.0234375
1 0.659375 0.98125 0.025 0.028125
1 0.7125 0.7265625 0.0109375 0.00625
1 0.74375 0.7546875 0.0171875 0.0109375
1 0.7859375 0.7484375 0.021875 0.0296875
1 0.7734375 0.7515625 0.0203125 0.015625
1 0.7890625 0.7765625 0.0171875 0.0171875
1 0.6984375 0.85625 0.03125 0.0296875
1 0.7421875 0.8375 0.0234375 0.025
1 0.7375 0.8609375 0.021875 0.025
1 0.815625 0.8390625 0.015625 0.0203125
1 0.821875 0.990625 0.03125 0.01875
1 0.80625 0.98125 0.025 0.025
1 0.828125 0.959375 0.0171875 0.021875
1 0.8390625 0.9671875 0.0296875 0.0234375
1 0.7765625 0.81875 0.03125 0.0234375
1 0.7859375 0.8203125 0.0109375 0.0328125
1 0.828125 0.809375 0.0125 0.0265625
1 0.840625 0.8109375 0.0234375 0.0328125
1 0.81875 0.7578125 0.0265625 0.0203125
1 0.846875 0.7390625 0.0203125 0.0203125
1 0.825 0.7421875 0.021875 0.0234375
1 0.828125 0.71875 0.021875 0.0140625
1 0.8375 0.6875 0.034375 0.0234375
1 0.884375 0.7046875 0.03125 0.028125
1 0.8546875 0.709375 0.0109375 0.0109375
1 0.8 0.7359375 0.021875 0.015625
1 0.8546875 0.8984375 0.0203125 0.0125
1 0.8390625 0.8828125 0.0171875 0.0140625
1 0.8546875 0.909375 0.0125 0.0171875
1 0.94375 0.9203125 0.01875 0.0234375
1 0.9484375 0.896875 0.0171875 0.0125
1 0.928125 0.8796875 0.0125 0.01875
1 0.9171875 0.8296875 0.0078125 0.0203125
1 0.8421875 0.640625 0.025 0.0234375
1 0.865625 0.640625 0.0203125 0.0203125
1 0.8546875 0.6234375 0.0203125 0.0171875
1 0.88125 0.61875 0.0265625 0.0265625
1 0.8828125 0.6046875 0.0125 0.0140625
1 0.8734375 0.6015625 0.0171875 0.0140625
1 0.834375 0.596875 0.0328125 0.0296875
1 0.8484375 0.5703125 0.034375 0.0171875
1 0.8625 0.5734375 0.0125 0.0359375
1 0.890625 0.5703125 0.03125 0.040625
1 0.9796875 0.721875 0.009375 0.009375
1 0.971875 0.7125 0.0109375 0.0125
1 0.9890625 0.71640625 0.021875 0.0359375
0 0.98125 0.92734375 0.0375 0.1109375
1 0.9859375 0.80625 0.0109375 0.0078125
0 0.99140625 0.84921875 0.0171875 0.0796875
0 0.9828125 0.6890625 0.034375 0.06875