0 0.1 0.209375 0.16875 0.175
1 0.2328125 0.2265625 0.0171875 0.0265625
1 0.3015625 0.2875 0.0234375 0.025
1 0.3421875 0.15 0.009375 0.0046875
1 0.3453125 0.3859375 0.046875 0.0359375
1 0.371875 0.253125 0.009375 0.021875
1 0.4171875 0.246875 0.0125 0.0328125
1 0.5140625 0.41328125 0.05625 0.0734375
0 0.1046875 0.1109375 0.1734375 0.2078125
0 0.64140625 0.2359375 0.1234375 0.3
0 0.7265625 0.284375 0.1125 0.1421875
0 0.771875 0.053125 0.015625 0.0921875
1 0.6140625 0.075 0.0328125 0.025
1 0.6015625 0.0390625 0.0296875 0.0203125
1 0.6734375 0.025 0.0328125 0.0265625
1 0.6671875 0.140625 0.0515625 0.05
1 0.70625 0.0828125 0.040625 0.0546875
1 0.71875 0.15625 0.034375 0.0546875
1 0.7390625 0.178125 0.0265625 0.025
1 0.7703125 0.1859375 0.0125 0.0296875
1 0.58671875 0.24453125 0.0140625 0.0640625
1 0.59921875 0.43828125 0.0265625 0.0234375
1 0.64296875 0.421875 0.0578125 0.05625
1 0.7546875 0.43203125 0.025 0.0359375
1 0.7109375 0.359375 0.021875 0.03125
1 0.653125 0.2859375 0.034375 0.0265625
1 0.6484375 0.2421875 0.025 0.0390625
1 0.7734375 0.3296875 0.015625 0.0453125
1 0.64375 0.1828125 0.015625 0.0296875
1 0.7078125 0.434375 0.03125 0.03125
1 0.72890625 0.44375 0.0484375 0.0125
0 0.1 0.821875 0.0328125 0.05
1 0.1296875 0.6625 0.0078125 0.009375
1 0.1734375 0.7296875 0.009375 0.009375
1 0.1796875 0.9015625 0.025 0.015625
1 0.175 0.4984375 0.0234375 0.0296875
1 0.234375 0.6484375 0.0390625 0.034375
1 0.284375 0.7546875 0.0265625 0.028125
0 0.275 0.85 0.090625 0.125
1 0.4765625 0.6734375 0.0140625 0.009375
1 0.4734375 0.89375 0.0328125 0.0234375
1 0.5171875 0.5734375 0.025 0.028125
1 0.5296875 0.6625 0.0203125 0.0109375
0 0.53828125 0.83984375 0.0828125 0.1421875
1 0.4703125 0.8421875 0.0328125 0.046875
1 0.7 0.9453125 0.0234375 0.021875
0 0.81640625 0.96953125 0.3046875 0.0609375
0 0.9796875 0.96875 0.0359375 0.028125
1 0.99453125 0.475 0.0109375 0.009375
1 0.99765625 0.525 0.0046875 0.028125
1 0.65 0.5109375 0.021875 0.028125