1 0.075 0.0265625 0.021875 0.01875
1 0.075 0.053125 0.0359375 0.0328125
1 0.0421875 0.04375 0.0328125 0.0203125
1 0.01015625 0.01015625 0.0203125 0.0203125
0 0.071875 0.47890625 0.14375 0.0953125
0 0.11875 0.340625 0.0484375 0.15
0 0.0578125 0.40859375 0.115625 0.1171875
1 0.075 0.225 0.040625 0.04375
1 0.8546875 0.10625 0.0078125 0.0109375
1 0.8640625 0.4359375 0.053125 0.0640625
1 0.7265625 0.2703125 0.015625 0.021875
1 0.7046875 0.2578125 0.0078125 0.00625
1 0.6875 0.2546875 0.0078125 0.0125
1 0.475 0.5359375 0.0234375 0.025
1 0.7171875 0.3859375 0.06875 0.103125
0 0.890625 0.1234375 0.0515625 0.0359375
1 0.871875 0.1578125 0.0125 0.00625
1 0.8078125 0.040625 0.0046875 0.00625
0 0.7609375 0.1375 0.059375 0.1890625
0 0.6265625 0.159375 0.1703125 0.146875
1 0.596875 0.21875 0.0140625 0.0109375
1 0.6296875 0.2046875 0.0078125 0.0078125
0 0.3234375 0.9890625 0.1125 0.021875
1 0.24375 0.8203125 0.0203125 0.0296875
1 0.11875 0.9203125 0.03125 0.028125
1 0.29375 0.7765625 0.0296875 0.0265625
1 0.1796875 0.7859375 0.0265625 0.0140625
1 0.1703125 0.7609375 0.028125 0.0328125
1 0.1890625 0.7515625 0.0203125 0.0171875
1 0.153125 0.7203125 0.0234375 0.01875
1 0.09375 0.709375 0.0328125 0.0296875
1 0.2453125 0.784375 0.0203125 0.0171875
1 0.1625 0.625 0.034375 0.0328125
1 0.3015625 0.625 0.025 0.021875
1 0.140625 0.6421875 0.0203125 0.015625
1 0.128125 0.6109375 0.0296875 0.0234375
1 0.25625 0.6171875 0.0203125 0.025
1 0.3359375 0.575 0.028125 0.0265625
1 0.1171875 0.7734375 0.0296875 0.0328125
0 0.1 0.5828125 0.0625 0.046875
0 0.16953125 0.56953125 0.0640625 0.0203125
0 0.25234375 0.57421875 0.1078125 0.0296875
1 0.784375 0.85625 0.009375 0.0078125
1 0.7703125 0.6015625 0.0125 0.009375
1 0.7640625 0.6375 0.0078125 0.0109375
1 0.725 0.746875 0.0109375 0.009375
1 0.7125 0.7859375 0.0109375 0.0078125
1 0.671875 0.7453125 0.0140625 0.009375
1 0.65625 0.7546875 0.0140625 0.0109375
1 0.58125 0.790625 0.0125 0.0171875
1 0.475 0.94375 0.0078125 0.0140625
1 0.4609375 0.8171875 0.0078125 0.0109375
1 0.4390625 0.99375 0.01875 0.0125
0 0.5046875 0.759375 0.25 0.134375
0 0.7984375 0.7359375 0.084375 0.103125
0 0.6875 0.7546875 0.159375 0.1703125