1 0.5375 0.1546875 0.0109375 0.0171875
0 0.43125 0.1453125 0.2046875 0.2125
1 0.33125 0.1109375 0.0390625 0.021875
0 0.2640625 0.228125 0.228125 0.246875
1 0.3515625 0.178125 0.0203125 0.03125
1 0.2921875 0.1609375 0.015625 0.0140625
1 0.20625 0.165625 0.015625 0.0140625
1 0.209375 0.1828125 0.0421875 0.0875
1 0.2015625 0.1953125 0.0296875 0.05625
0 0.0953125 0.2078125 0.1578125 0.25625
1 0.0625 0.44765625 0.01875 0.0046875
1 0.15625 0.43125 0.0296875 0.025
1 0.1828125 0.41875 0.03125 0.0359375
1 0.1796875 0.43828125 0.0375 0.0234375
1 0.4203125 0.3953125 0.009375 0.0125
1 0.3015625 0.384375 0.0234375 0.0234375
1 0.359375 0.2765625 0.015625 0.028125
1 0.3359375 0.2140625 0.028125 0.046875
1 0.809375 0.003125 0.0125 0.00625
1 0.965625 0.0765625 0.0078125 0.0140625
1 0.7671875 0.075 0.0046875 0.00625
1 0.715625 0.06875 0.0125 0.0109375
1 0.6765625 0.165625 0.084375 0.053125
1 0.7890625 0.1421875 0.06875 0.046875
1 0.9265625 0.1578125 0.0125 0.0140625
0 0.9609375 0.21328125 0.078125 0.1015625
0 0.98125 0.30859375 0.0375 0.0421875
1 0.97109375 0.215625 0.0578125 0.05625
0 0.765625 0.228125 0.2 0.128125
1 0.80625 0.1734375 0.021875 0.0125
0 0.665625 0.2859375 0.071875 0.225
1 0.96875 0.44921875 0.00625 0.0015625
0 0.9765625 0.2453125 0.046875 0.059375
1 0.8578125 0.29375 0.0125 0.009375
1 0.2140625 0.9390625 0.01875 0.028125
1 0.253125 0.9234375 0.0296875 0.0171875
1 0.20625 0.53125 0.259375 0.1625
1 0.1 0.45546875 0.025 0.0109375
1 0.2296875 0.46875 0.0390625 0.0328125
1 0.259375 0.4875 0.015625 0.015625
1 0.1671875 0.571875 0.0328125 0.03125
1 0.2 0.5421875 0.021875 0.021875
1 0.2296875 0.525 0.03125 0.025
1 0.3125 0.5625 0.0453125 0.0359375
1 0.4671875 0.578125 0.0703125 0.065625
1 0.0609375 0.6890625 0.0234375 0.021875
1 0.28125 0.7234375 0.00625 0.00625
1 0.271875 0.7125 0.015625 0.0078125
1 0.325 0.69375 0.0203125 0.0234375
1 0.5265625 0.728125 0.0265625 0.0390625
1 0.0953125 0.7171875 0.0125 0.01875
1 0.090625 0.940625 0.021875 0.0171875
0 0.05625 0.909375 0.078125 0.18125
1 0.1484375 0.9234375 0.0390625 0.0265625
1 0.1 0.8671875 0.0234375 0.0234375
1 0.1078125 0.9203125 0.00625 0.009375
1 0.121875 0.8796875 0.040625 0.05625
1 0.1390625 0.803125 0.028125 0.01875
1 0.1765625 0.8515625 0.028125 0.0421875
1 0.19375 0.8171875 0.015625 0.021875
1 0.2078125 0.81875 0.0109375 0.01875
1 0.2140625 0.871875 0.0234375 0.021875
1 0.21875 0.8953125 0.0234375 0.0140625
1 0.215625 0.90625 0.015625 0.0171875
1 0.2015625 0.9203125 0.0109375 0.015625
1 0.2390625 0.89375 0.015625 0.0375
1 0.2890625 0.890625 0.0203125 0.0203125
1 0.2875 0.9140625 0.0234375 0.0375
1 0.284375 0.940625 0.0265625 0.0171875
1 0.3109375 0.9265625 0.028125 0.0421875
1 0.3171875 0.9046875 0.009375 0.0140625
1 0.346875 0.8515625 0.021875 0.0296875
1 0.34375 0.834375 0.0109375 0.0078125
1 0.378125 0.8828125 0.0203125 0.0140625
1 0.3390625 0.93125 0.021875 0.0328125
1 0.35 0.909375 0.0140625 0.0171875
1 0.415625 0.91875 0.015625 0.015625
1 0.27109375 0.99375 0.0296875 0.0125
1 0.3171875 0.98125 0.028125 0.025
1 0.334375 0.978125 0.0203125 0.0265625
1 0.325 0.9609375 0.015625 0.00625
1 0.53515625 0.996875 0.0140625 0.00625
0 0.503125 0.92734375 0.08125 0.1453125
1 0.5203125 0.9515625 0.0140625 0.009375
0 0.35703125 0.94453125 0.1328125 0.1109375
1 0.384375 0.9859375 0.015625 0.0125
1 0.45859375 0.9859375 0.0234375 0.028125
1 0.4515625 0.99453125 0.028125 0.0109375
1 0.4359375 0.9953125 0.0125 0.009375
1 0.94765625 0.46640625 0.0890625 0.0328125
1 0.928125 0.790625 0.0140625 0.0078125
1 0.9125 0.878125 0.015625 0.01875
1 0.9453125 0.99765625 0.025 0.0046875
1 0.8546875 0.9984375 0.0125 0.003125
1 0.859375 0.925 0.01875 0.0203125
1 0.7375 0.978125 0.01875 0.0296875
0 0.6953125 0.94375 0.028125 0.0546875
0 0.7203125 0.928125 0.0796875 0.0703125
1 0.753125 0.9140625 0.0078125 0.0046875
0 0.890625 0.9203125 0.1578125 0.1171875
1 0.99609375 0.84609375 0.0078125 0.0359375
1 0.6859375 0.7375 0.0109375 0.0265625
1 0.734375 0.78125 0.0171875 0.0078125
1 0.7359375 0.6640625 0.015625 0.00625
1 0.7875 0.6765625 0.0125 0.0109375
1 0.8765625 0.65 0.015625 0.025