0 0.23359375 0.44140625 0.0921875 0.3859375
1 0.365625 0.7015625 0.0265625 0.0296875
1 0.346875 0.6625 0.0421875 0.084375
1 0.409375 0.4859375 0.0359375 0.046875
1 0.4296875 0.4875 0.01875 0.0140625
1 0.4734375 0.503125 0.084375 0.078125
0 0.4921875 0.5984375 0.1875 0.128125
1 0.5453125 0.684375 0.0625 0.0546875
1 0.540625 0.71015625 0.025 0.0171875
0 0.603125 0.6 0.075 0.1
1 0.6 0.5296875 0.0109375 0.025
1 0.6296875 0.55625 0.015625 0.0359375
1 0.725 0.6875 0.0484375 0.0421875
1 0.66875 0.5875 0.0234375 0.04375
1 0.6859375 0.55625 0.0421875 0.0390625
0 0.7609375 0.6015625 0.096875 0.1578125
1 0.7359375 0.54375 0.065625 0.05
1 0.7734375 0.5140625 0.0671875 0.0640625
1 0.8203125 0.49375 0.021875 0.0234375
1 0.328125 0.3984375 0.0390625 0.0640625
1 0.3671875 0.39375 0.021875 0.0234375
1 0.3546875 0.359375 0.0515625 0.034375
1 0.403125 0.3859375 0.0359375 0.034375
1 0.434375 0.428125 0.0546875 0.04375
1 0.4921875 0.4453125 0.0296875 0.03125
1 0.48125 0.4203125 0.015625 0.0421875
1 0.56875 0.446875 0.05625 0.0546875
1 0.5296875 0.3796875 0.053125 0.0296875
1 0.3484375 0.240625 0.078125 0.0984375
1 0.4578125 0.2140625 0.028125 0.028125
1 0.5046875 0.18125 0.046875 0.040625
1 0.5875 0.2546875 0.0421875 0.04375
1 0.5484375 0.278125 0.0609375 0.09375
1 0.509375 0.2734375 0.0640625 0.0625
1 0.5484375 0.16875 0.04375 0.053125
1 0.4359375 0.15 0.021875 0.053125
1 0.6375 0.43125 0.028125 0.025
1 0.65625 0.4109375 0.034375 0.0421875
1 0.7046875 0.3 0.0390625 0.040625
1 0.6234375 0.16875 0.0453125 0.0375
1 0.7546875 0.228125 0.034375 0.0390625
1 0.803125 0.3015625 0.0578125 0.075
1 0.771875 0.328125 0.0375 0.0453125
1 0.74375 0.2671875 0.0796875 0.0375
0 0.7953125 0.075 0.0796875 0.0953125
0 0.69375 0.0875 0.171875 0.171875
0 0.57265625 0.0796875 0.1140625 0.159375
0 0.38125 0.090625 0.0875 0.1515625
1 0.4359375 0.0765625 0.0328125 0.0359375
1 0.390625 0.0140625 0.03125 0.028125
0 0.49375 0.0765625 0.103125 0.103125
1 0.1921875 0.975 0.0390625 0.0421875
1 0.1625 0.98671875 0.053125 0.0265625
1 0.128125 0.9359375 0.034375 0.028125
1 0.0953125 0.9859375 0.0234375 0.015625
0 0.10625 0.803125 0.0984375 0.15
1 0.01015625 0.94375 0.0203125 0.03125
0 0.053125 0.98125 0.05625 0.0375
0 0.246875 0.775 0.065625 0.1125
1 0.02734375 0.809375 0.0546875 0.0625
0 0.015625 0.7546875 0.03125 0.046875
1 0.334375 0.8828125 0.009375 0.0234375
1 0.3421875 0.85625 0.0234375 0.0125
1 0.346875 0.890625 0.0265625 0.0203125
1 0.3671875 0.784375 0.01875 0.0375
1 0.38125 0.72421875 0.015625 0.0109375
1 0.403125 0.7234375 0.025 0.009375
1 0.3875 0.7609375 0.0265625 0.0359375
1 0.396875 0.8671875 0.0171875 0.0171875
1 0.4359375 0.821875 0.0359375 0.0296875
1 0.4125 0.76875 0.01875 0.0234375
1 0.43125 0.7546875 0.01875 0.025
1 0.75546875 0.9890625 0.0703125 0.021875
1 0.8453125 0.8703125 0.0234375 0.025
1 0.8359375 0.840625 0.0234375 0.04375
1 0.678125 0.9328125 0.0203125 0.021875
1 0.690625 0.89375 0.03125 0.0125
1 0.6578125 0.88125 0.0359375 0.0359375
1 0.6953125 0.934375 0.0109375 0.01875
1 0.615625 0.8859375 0.0203125 0.015625
1 0.6 0.878125 0.0203125 0.034375
1 0.60625 0.8421875 0.05 0.0546875
1 0.8296875 0.74375 0.0265625 0.015625
1 0.6859375 0.7671875 0.03125 0.0140625
1 0.665625 0.74375 0.040625 0.0484375
1 0.646875 0.746875 0.03125 0.0296875
1 0.68515625 0.73203125 0.0390625 0.0265625
1 0.684375 0.7375 0.0203125 0.015625
1 0.684375 0.7546875 0.028125 0.015625
1 0.6515625 0.728125 0.015625 0.015625
1 0.6625 0.72109375 0.01875 0.0046875
1 0.6265625 0.72421875 0.015625 0.0109375
1 0.63671875 0.72421875 0.0203125 0.0109375
1 0.6 0.7296875 0.046875 0.021875
1 0.59375 0.7546875 0.0125 0.009375
1 0.5921875 0.7453125 0.0140625 0.003125
1 0.578125 0.72265625 0.025 0.0078125
1 0.540625 0.74375 0.01875 0.015625
1 0.55078125 0.72109375 0.0171875 0.0046875
1 0.52578125 0.72578125 0.0203125 0.0140625
1 0.4859375 0.73125 0.01875 0.025
1 0.4828125 0.7234375 0.0375 0.009375
1 0.4546875 0.72265625 0.0125 0.0078125
1 0.47421875 0.72109375 0.0140625 0.0046875
1 0.484375 0.7671875 0.103125 0.06875
1 0.5125 0.7375 0.0140625 0.0140625
1 0.4828125 0.859375 0.015625 0.0171875
1 0.4640625 0.8953125 0.0125 0.01875
1 0.45625 0.878125 0.025 0.0296875
1 0.4921875 0.9140625 0.0359375 0.05
1 0.4890625 0.9640625 0.015625 0.025
1 0.5203125 0.8890625 0.01875 0.0140625