1 0.234375 0.25625 0.0078125 0.0109375
1 0.6734375 0.25 0.0359375 0.0265625
1 0.746875 0.240625 0.0234375 0.0203125
0 0.53125 0.284375 0.315625 0.140625
1 0.025 0.2296875 0.021875 0.0234375
1 0.0171875 0.2125 0.0125 0.009375
1 0.5765625 0.203125 0.0125 0.0234375
1 0.075 0.19375 0.034375 0.03125
1 0.6921875 0.171875 0.01875 0.0234375
1 0.028125 0.1375 0.0234375 0.0234375
1 0.2375 0.125 0.0234375 0.0265625
1 0.0890625 0.1140625 0.00625 0.0109375
1 0.7140625 0.078125 0.0328125 0.025
1 0.4859375 0.0671875 0.046875 0.0140625
0 0.4171875 0.134375 0.4234375 0.1625
1 0.7578125 0.0609375 0.01875 0.01875
1 0.3859375 0.0546875 0.0140625 0.0125
1 0.0921875 0.0296875 0.0125 0.0125
1 0.4984375 0.0234375 0.0078125 0.0078125
1 0.6609375 0.0171875 0.0109375 0.0109375
1 0.54375 0.0125 0.028125 0.025
0 0.525 0.021875 0.140625 0.04375
1 0.0484375 0.1046875 0.0390625 0.0265625
1 0.1671875 0.2359375 0.025 0.0109375
1 0.1 0.265625 0.0171875 0.0140625
1 0.1140625 0.0734375 0.0171875 0.0125
1 0.496875 0.20625 0.0609375 0.0140625
1 0.8578125 0.3984375 0.0625 0.0671875
1 0.85 0.3390625 0.0359375 0.0359375
1 0.9671875 0.028125 0.040625 0.0234375
1 0.990625 0.43125 0.01875 0.028125
1 0.9796875 0.3484375 0.0234375 0.04375
1 0.965625 0.325 0.025 0.028125
0 0.3875 0.8109375 0.03125 0.0359375
1 0.18125 0.925 0.028125 0.0203125
1 0.01328125 0.9859375 0.0265625 0.028125
1 0.5640625 0.9609375 0.0140625 0.01875
1 0.5890625 0.9984375 0.015625 0.003125
1 0.49609375 0.99453125 0.0171875 0.0109375
1 0.4984375 0.8484375 0.015625 0.015625
1 0.625 0.86875 0.015625 0.0171875
1 0.79765625 0.81640625 0.0171875 0.0828125
1 0.80859375 0.88984375 0.0390625 0.0859375
1 0.79140625 0.98671875 0.0046875 0.0078125
1 0.8140625 0.5703125 0.04375 0.021875
1 0.89765625 0.571875 0.0234375 0.025
1 0.95703125 0.5796875 0.0859375 0.040625
1 0.9546875 0.5984375 0.090625 0.046875
1 0.96953125 0.56171875 0.0234375 0.0046875