1 0.2671875 0.2828125 0.0109375 0.009375
1 0.2546875 0.3359375 0.009375 0.0078125
1 0.2515625 0.4265625 0.0140625 0.0328125
1 0.246875 0.1984375 0.0171875 0.0328125
1 0.22578125 0.45078125 0.0171875 0.0171875
1 0.2140625 0.4078125 0.015625 0.0265625
1 0.1828125 0.35 0.0171875 0.0171875
1 0.1765625 0.0171875 0.0171875 0.0125
1 0.153125 0.3765625 0.0234375 0.015625
1 0.1203125 0.3703125 0.03125 0.0234375
1 0.103125 0.33125 0.01875 0.025
1 0.0796875 0.1859375 0.015625 0.009375
1 0.08125 0.3109375 0.028125 0.025
1 0.071875 0.340625 0.025 0.0125
1 0.0703125 0.3109375 0.0234375 0.015625
1 0.05 0.2875 0.025 0.021875
1 0.2625 0.3703125 0.0109375 0.015625
1 0.290625 0.371875 0.034375 0.0265625
1 0.2671875 0.309375 0.0390625 0.028125
1 0.296875 0.3265625 0.0359375 0.0546875
1 0.284375 0.2828125 0.0203125 0.01875
1 0.028125 0.45 0.021875 0.015625
1 0.025 0.421875 0.0484375 0.04375
1 0.096875 0.4234375 0.0296875 0.028125
1 0.0984375 0.3953125 0.025 0.03125
1 0.196875 0.2171875 0.0109375 0.0125
1 0.1875 0.203125 0.0234375 0.0140625
1 0.0828125 0.2234375 0.0171875 0.0109375
1 0.103125 0.2546875 0.0234375 0.021875
1 0.10625 0.265625 0.00625 0.009375
1 0.0859375 0.2703125 0.028125 0.0328125
0 0.1453125 0.1421875 0.14375 0.078125
1 0.128125 0.1265625 0.0234375 0.0234375
1 0.0953125 0.1140625 0.0171875 0.021875
0 0.059375 0.1453125 0.0515625 0.0953125
0 0.021875 0.13828125 0.04375 0.1140625
1 0.2640625 0.184375 0.021875 0.0140625
0 0.2859375 0.1640625 0.0625 0.15625
1 0.284375 0.0421875 0.034375 0.0578125
1 0.29375 0.0125 0.0234375 0.0203125
1 0.08671875 0.040625 0.1140625 0.08125
1 0.98671875 0.44921875 0.0265625 0.0203125
0 0.9734375 0.1171875 0.053125 0.140625
0 0.9140625 0.1453125 0.1234375 0.19375
1 0.8546875 0.1515625 0.046875 0.0171875
0 0.759375 0.178125 0.090625 0.1046875
1 0.1828125 0.9234375 0.025 0.0359375
1 0.20625 0.928125 0.021875 0.0265625
1 0.225 0.884375 0.0140625 0.03125
1 0.1609375 0.7125 0.015625 0.015625
0 0.2453125 0.61875 0.0453125 0.0609375
0 0.2140625 0.6 0.1078125 0.0875
0 0.078125 0.5890625 0.1046875 0.1328125
0 0.1375 0.578125 0.1046875 0.1390625
0 0.02578125 0.603125 0.0515625 0.1125
1 0.028125 0.46328125 0.0375 0.0078125
1 0.1640625 0.5390625 0.0765625 0.078125
1 0.7765625 0.96875 0.0234375 0.0265625
1 0.7609375 0.928125 0.05 0.04375
1 0.7234375 0.940625 0.0421875 0.0390625
1 0.65625 0.8984375 0.0234375 0.0234375
1 0.6640625 0.946875 0.0515625 0.0453125
1 0.5 0.9375 0.01875 0.028125
1 0.5828125 0.8953125 0.0140625 0.015625
1 0.546875 0.8640625 0.0234375 0.0375
1 0.5328125 0.7703125 0.03125 0.0203125
0 0.5078125 0.746875 0.0375 0.11875
0 0.6296875 0.759375 0.1890625 0.1453125
0 0.6875 0.796875 0.0671875 0.08125
1 0.66875 0.85 0.025 0.03125
0 0.790625 0.7796875 0.1265625 0.1359375
1 0.7453125 0.7484375 0.0265625 0.028125
1 0.496875 0.6390625 0.015625 0.046875
1 0.6703125 0.4953125 0.034375 0.03125
1 0.7265625 0.5703125 0.015625 0.0171875
1 0.634375 0.521875 0.01875 0.01875