0 0.0046875 0.5109375 0.009375 0.090625
0 0.078125 0.3265625 0.15625 0.25625
1 0.1140625 0.4890625 0.03125 0.025
1 0.18125 0.38125 0.040625 0.01875
1 0.178125 0.5875 0.0640625 0.0578125
1 0.2578125 0.1859375 0.0203125 0.0171875
1 0.303125 0.6046875 0.0484375 0.046875
1 0.3125 0.496875 0.0296875 0.040625
1 0.3765625 0.5453125 0.0125 0.0078125
1 0.35546875 0.6546875 0.0546875 0.009375
1 0.4109375 0.190625 0.053125 0.046875
0 0.3640625 0.3296875 0.2859375 0.215625
1 0.68203125 0.4796875 0.0046875 0.028125
1 0.68359375 0.38515625 0.0078125 0.0234375
1 0.6953125 0.55078125 0.03125 0.0453125
1 0.6921875 0.4484375 0.025 0.053125
1 0.7015625 0.625 0.0265625 0.0203125
1 0.69765625 0.13671875 0.0359375 0.0359375
1 0.7734375 0.55625 0.0078125 0.0328125
0 0.7609375 0.246875 0.0328125 0.0453125
0 0.7453125 0.3296875 0.0640625 0.0703125
0 0.71484375 0.3171875 0.0703125 0.10625
1 0.746875 0.2796875 0.0125 0.0109375
1 0.7421875 0.5890625 0.0390625 0.053125
1 0.7703125 0.6375 0.015625 0.034375
1 0.7484375 0.6265625 0.0375 0.05
1 0.68515625 0.5890625 0.0109375 0.015625
1 0.6984375 0.590625 0.0125 0.0140625
1 0.68203125 0.61875 0.0046875 0.01875
1 0.69375 0.603125 0.0109375 0.0109375
1 0.68203125 0.65703125 0.0046875 0.0046875
1 0.08125 0.84375 0.034375 0.046875
1 0.1484375 0.95625 0.015625 0.0078125
0 0.11875 0.69375 0.090625 0.06875
1 0.1953125 0.7703125 0.0078125 0.015625
1 0.2140625 0.834375 0.0203125 0.021875
1 0.2296875 0.9328125 0.01875 0.015625
1 0.4828125 0.9390625 0.0265625 0.0390625
1 0.228125 0.66796875 0.021875 0.0171875
1 0.2796875 0.7171875 0.0234375 0.0140625
1 0.29140625 0.68359375 0.0609375 0.0484375
0 0.3546875 0.69140625 0.121875 0.0640625
0 0.42265625 0.703125 0.1453125 0.0875
1 0.7546875 0.6984375 0.0609375 0.0609375
1 0.7296875 0.8421875 0.0609375 0.06875
0 0.69609375 0.7765625 0.0328125 0.175
1 0.8515625 0.6984375 0.0296875 0.0265625
0 0.8203125 0.771875 0.0921875 0.125
1 0.8046875 0.7234375 0.0171875 0.0296875
0 0.909375 0.784375 0.1578125 0.1265625
0 0.9734375 0.81640625 0.053125 0.1484375