1 0.0875 0.0046875 0.021875 0.009375
1 0.00625 0.021875 0.0125 0.015625
0 0.0640625 0.1328125 0.078125 0.1015625
1 0.046875 0.1546875 0.0390625 0.0203125
0 0.146875 0.1625 0.1234375 0.140625
0 0.2421875 0.134375 0.1234375 0.19375
1 0.3015625 0.128125 0.046875 0.0171875
0 0.37578125 0.10078125 0.0484375 0.1046875
1 0.0609375 0.3359375 0.03125 0.0296875
1 0.153125 0.30625 0.0671875 0.0703125
1 0.2265625 0.375 0.028125 0.0453125
1 0.221875 0.4140625 0.0359375 0.0265625
1 0.2125 0.459375 0.028125 0.0453125
1 0.3546875 0.459375 0.078125 0.0671875
1 0.39375 0.38125 0.0125 0.040625
0 0.69921875 0.11796875 0.2390625 0.2359375
0 0.9046875 0.11484375 0.190625 0.2296875
0 0.975 0.12421875 0.05 0.2015625
1 0.7015625 0.0609375 0.0109375 0.00625
1 0.00234375 0.65703125 0.0046875 0.0171875
1 0.040625 0.775 0.015625 0.0078125
1 0.0734375 0.665625 0.0078125 0.0125
1 0.0890625 0.696875 0.0234375 0.03125
1 0.090625 0.746875 0.03125 0.03125
1 0.13125 0.8359375 0.028125 0.015625
1 0.1671875 0.8109375 0.021875 0.0453125
1 0.19375 0.884375 0.0171875 0.01875
1 0.20234375 0.51953125 0.0203125 0.0203125
1 0.0375 0.51640625 0.03125 0.0140625
1 0.0171875 0.528125 0.03125 0.0140625
1 0.0078125 0.5625 0.015625 0.025
1 0.0171875 0.628125 0.015625 0.021875
1 0.015625 0.6984375 0.03125 0.04375
1 0.08125 0.5390625 0.0375 0.0125
1 0.121875 0.53125 0.0140625 0.021875
1 0.1296875 0.5796875 0.0265625 0.040625
1 0.1421875 0.6046875 0.0140625 0.0140625
1 0.1109375 0.6046875 0.065625 0.0546875
1 0.06875 0.590625 0.021875 0.028125
1 0.0921875 0.5984375 0.0390625 0.03125
1 0.33828125 0.52578125 0.0265625 0.0328125
1 0.353125 0.5953125 0.025 0.0359375
1 0.2875 0.6 0.03125 0.0171875
1 0.23125 0.590625 0.025 0.0375
1 0.1921875 0.5734375 0.0140625 0.0140625
1 0.2578125 0.6171875 0.0109375 0.0203125
1 0.190625 0.6375 0.0625 0.075
1 0.134375 0.6703125 0.0171875 0.0203125
1 0.1640625 0.6734375 0.03125 0.046875
1 0.353125 0.7921875 0.0234375 0.025
1 0.28125 0.675 0.0328125 0.0296875
1 0.253125 0.709375 0.01875 0.025
1 0.215625 0.690625 0.0265625 0.015625
1 0.20625 0.70625 0.0265625 0.025
1 0.03125 0.7203125 0.0171875 0.0265625
1 0.0328125 0.7359375 0.0234375 0.0171875
1 0.1078125 0.66875 0.0421875 0.0390625
1 0.075 0.715625 0.0390625 0.01875
1 0.06875 0.69375 0.01875 0.015625
1 0.0078125 0.95 0.015625 0.03125
1 0.0046875 0.97421875 0.009375 0.0390625
1 0.0265625 0.859375 0.025 0.034375
1 0.0609375 0.8921875 0.034375 0.03125
0 0.0234375 0.89140625 0.046875 0.1109375
1 0.0640625 0.821875 0.0125 0.01875
1 0.0796875 0.8390625 0.04375 0.04375
1 0.0703125 0.859375 0.03125 0.021875
1 0.1265625 0.803125 0.01875 0.0234375
1 0.128125 0.884375 0.0328125 0.0171875
1 0.134375 0.90625 0.0296875 0.028125
1 0.1703125 0.9046875 0.0171875 0.0328125
1 0.159375 0.9140625 0.0140625 0.021875
1 0.1359375 0.940625 0.04375 0.0625
1 0.1984375 0.9125 0.0171875 0.015625
1 0.203125 0.9234375 0.0296875 0.01875
1 0.2015625 0.9625 0.0234375 0.0359375
1 0.23125 0.9671875 0.040625 0.04375
1 0.190625 0.9875 0.01875 0.0234375
1 0.2578125 0.9171875 0.0296875 0.03125
1 0.26875 0.840625 0.06875 0.0484375
0 0.2546875 0.903125 0.1046875 0.1015625
1 0.3328125 0.8875 0.01875 0.015625
1 0.3140625 0.85 0.0140625 0.0140625
1 0.3125 0.8859375 0.0140625 0.025
1 0.303125 0.9453125 0.0390625 0.03125
1 0.325 0.95625 0.015625 0.0203125
1 0.3421875 0.8828125 0.0140625 0.0171875
0 0.353125 0.909375 0.0234375 0.053125
1 0.334375 0.9125 0.0375 0.0515625
1 0.34375 0.9390625 0.0265625 0.0390625
1 0.3453125 0.9796875 0.0390625 0.0359375
1 0.0625 0.98515625 0.04375 0.0296875
1 0.32109375 0.99765625 0.0203125 0.0046875
1 0.57578125 0.5109375 0.0109375 0.003125
1 0.5703125 0.5109375 0.00625 0.0015625
1 0.559375 0.5359375 0.0265625 0.034375
1 0.67890625 0.52109375 0.0328125 0.0234375
1 0.6171875 0.5296875 0.0125 0.0140625
1 0.559375 0.5734375 0.0171875 0.0140625
1 0.759375 0.5796875 0.0203125 0.0234375
1 0.684375 0.55625 0.028125 0.03125
1 0.6734375 0.5921875 0.021875 0.01875
1 0.6640625 0.559375 0.0390625 0.0671875
1 0.5125 0.6109375 0.0203125 0.0140625
1 0.7171875 0.65625 0.021875 0.0109375
1 0.790625 0.628125 0.0359375 0.0375
1 0.7953125 0.646875 0.0125 0.021875
1 0.6109375 0.7609375 0.0125 0.0109375
1 0.546875 0.7765625 0.0109375 0.0140625
1 0.5671875 0.8328125 0.00625 0.0125
1 0.4546875 0.790625 0.05625 0.0578125
1 0.475 0.8 0.009375 0.021875
1 0.409375 0.76640625 0.01875 0.0296875
1 0.7484375 0.784375 0.0328125 0.034375
1 0.759375 0.765625 0.003125 0.0078125
1 0.7109375 0.7828125 0.0171875 0.0359375
1 0.6859375 0.80625 0.0265625 0.025
1 0.7671875 0.8265625 0.0125 0.0203125
1 0.746875 0.8484375 0.04375 0.0453125
1 0.4171875 0.9625 0.009375 0.009375
1 0.4359375 0.98125 0.028125 0.0375
1 0.7125 0.9671875 0.0109375 0.0109375
1 0.665625 0.9609375 0.03125 0.0234375
1 0.6625 0.940625 0.04375 0.025
0 0.7859375 0.7453125 0.0453125 0.09375
0 0.73125 0.7015625 0.096875 0.1421875
0 0.6484375 0.684375 0.1078125 0.13125
0 0.4671875 0.703125 0.134375 0.14375