1 0.015625 0.021875 0.0203125 0.021875
1 0.275 0.1703125 0.015625 0.0140625
1 0.2765625 0.0984375 0.015625 0.0125
1 0.303125 0.0578125 0.0234375 0.025
1 0.340625 0.225 0.0609375 0.0515625
1 0.36875 0.5109375 0.00625 0.009375
0 0.38828125 0.01640625 0.0234375 0.0328125
1 0.01875 0.49375 0.0375 0.071875
0 0.06640625 0.334375 0.1328125 0.278125
0 0.2421875 0.2671875 0.334375 0.5125
0 0.35234375 0.38046875 0.1109375 0.2984375
1 0.2578125 0.51640625 0.084375 0.0265625
1 0.99453125 0.03515625 0.0109375 0.0234375
0 0.93671875 0.21171875 0.1265625 0.3671875
1 0.98125 0.4796875 0.028125 0.028125
1 0.9625 0.459375 0.0265625 0.03125
1 0.9390625 0.3984375 0.0375 0.0390625
1 0.890625 0.4453125 0.021875 0.028125
1 0.921875 0.4515625 0.0234375 0.0328125
1 0.8578125 0.40625 0.0265625 0.0359375
0 0.85 0.240625 0.146875 0.3109375
1 0.00859375 0.98671875 0.0171875 0.0265625
1 0.059375 0.6484375 0.0203125 0.015625
1 0.0609375 0.628125 0.0109375 0.0078125
1 0.08984375 0.990625 0.0140625 0.01875
1 0.1828125 0.55625 0.009375 0.0046875
1 0.24375 0.5890625 0.028125 0.053125
1 0.2703125 0.54375 0.03125 0.028125
1 0.3421875 0.8015625 0.028125 0.021875
1 0.3734375 0.71875 0.009375 0.00625
1 0.38125 0.6921875 0.015625 0.0125
0 0.384375 0.8921875 0.065625 0.215625
0 0.4078125 0.7078125 0.0171875 0.046875
0 0.265625 0.7609375 0.196875 0.265625
0 0.1671875 0.725 0.184375 0.3578125
1 0.3375 0.703125 0.0234375 0.0171875
1 0.025 0.85 0.04375 0.0359375
1 0.06875 0.884375 0.05 0.034375
1 0.0859375 0.846875 0.0703125 0.065625
1 0.0765625 0.6921875 0.025 0.0078125
0 0.053125 0.765625 0.10625 0.353125
1 0.60625 0.8921875 0.0125 0.009375
0 0.60078125 0.81875 0.0234375 0.109375
1 0.6203125 0.81875 0.009375 0.0203125
1 0.6328125 0.975 0.0296875 0.03125
1 0.684375 0.7484375 0.009375 0.0171875
1 0.70625 0.771875 0.0125 0.028125
0 0.6921875 0.8 0.1078125 0.109375
1 0.753125 0.7734375 0.0390625 0.0296875
0 0.821875 0.7875 0.13125 0.0984375
1 0.878125 0.7515625 0.015625 0.025
1 0.9734375 0.7203125 0.01875 0.0234375
1 0.90703125 0.5390625 0.0265625 0.01875
1 0.8203125 0.53828125 0.021875 0.0171875
1 0.84765625 0.5375 0.0203125 0.015625
1 0.8984375 0.59375 0.0203125 0.0203125
1 0.890625 0.565625 0.0140625 0.0171875
1 0.853125 0.6234375 0.0203125 0.021875
1 0.890625 0.6265625 0.0265625 0.0296875
1 0.9484375 0.628125 0.025 0.0234375
1 0.871875 0.6828125 0.021875 0.0125
1 0.775 0.640625 0.0234375 0.0171875
1 0.940625 0.5703125 0.021875 0.01875
1 0.9484375 0.7859375 0.0234375 0.0546875
1 0.8921875 0.7421875 0.015625 0.021875
1 0.6890625 0.596875 0.015625 0.0234375
1 0.6625 0.6046875 0.021875 0.021875
1 0.725 0.578125 0.0125 0.0109375
1 0.7484375 0.621875 0.015625 0.0265625
1 0.6953125 0.7 0.0203125 0.0109375
1 0.5984375 0.75390625 0.01875 0.0359375
1 0.9546875 0.725 0.01875 0.01875
1 0.8921875 0.7734375 0.0125 0.015625
1 0.865625 0.8953125 0.01875 0.0171875
1 0.9296875 0.8796875 0.0109375 0.015625
1 0.91875 0.903125 0.009375 0.0234375
1 0.9640625 0.8328125 0.0203125 0.0203125
1 0.93125 0.9734375 0.0234375 0.021875
1 0.91640625 0.9921875 0.0234375 0.015625
1 0.8890625 0.99765625 0.0125 0.0046875
1 0.878125 0.9859375 0.015625 0.015625
1 0.85 0.996875 0.01875 0.00625
1 0.7875 0.96875 0.021875 0.0171875
1 0.784375 0.99140625 0.015625 0.0171875
1 0.7578125 0.98984375 0.025 0.0203125
1 0.74453125 0.9953125 0.0109375 0.009375
1 0.70625 0.996875 0.01875 0.00625
1 0.6859375 0.99453125 0.01875 0.0109375
1 0.66875 0.578125 0.0125 0.015625
1 0.64375 0.6109375 0.0125 0.0171875
1 0.715625 0.6390625 0.0171875 0.0203125
1 0.7234375 0.6546875 0.0265625 0.03125
1 0.8140625 0.603125 0.0203125 0.0265625
1 0.828125 0.6203125 0.0140625 0.021875
1 0.98984375 0.81953125 0.0203125 0.0453125
1 0.6265625 0.7671875 0.0390625 0.0515625