1 0.228125 0.59375 0.034375 0.0421875
1 0.2765625 0.009375 0.0140625 0.0109375
1 0.2578125 0.51875 0.06875 0.05625
1 0.3109375 0.1859375 0.00625 0.0125
1 0.3078125 0.4625 0.0140625 0.025
1 0.3125 0.1546875 0.0140625 0.0234375
1 0.30703125 0.37421875 0.0453125 0.0640625
1 0.2109375 0.4140625 0.053125 0.0546875
0 0.24296875 0.396875 0.1734375 0.309375
0 0.2484375 0.26640625 0.1625 0.2671875
0 0.1921875 0.3703125 0.1109375 0.25
1 0.1484375 0.6046875 0.015625 0.0140625
1 0.6109375 0.4703125 0.06875 0.1203125
1 0.609375 0.5671875 0.0203125 0.0296875
0 0.5625 0.4671875 0.10625 0.29375
1 0.59375 0.3609375 0.0171875 0.015625
1 0.6734375 0.3671875 0.0203125 0.0265625
0 0.8703125 0.409375 0.0359375 0.03125
1 0.75625 0.203125 0.0203125 0.028125
1 0.68828125 0.02421875 0.0390625 0.0484375
0 0.384375 0.4 0.0453125 0.19375
0 0.3828125 0.534375 0.0421875 0.0453125
1 0.5046875 0.5640625 0.0171875 0.0171875
1 0.41875 0.66015625 0.021875 0.0171875
1 0.5578125 0.65 0.01875 0.0140625
1 0.4625 0.6625 0.021875 0.0125
1 0.7203125 0.5859375 0.01875 0.0140625
1 0.6765625 0.6109375 0.015625 0.015625
1 0.5859375 0.565625 0.015625 0.01875
1 0.6859375 0.51875 0.0125 0.0171875
1 0.8328125 0.5203125 0.015625 0.015625
1 0.8125 0.646875 0.0171875 0.015625
0 0.1984375 0.8140625 0.2625 0.290625
0 0.1359375 0.7203125 0.134375 0.103125
1 0.2078125 0.7265625 0.03125 0.0296875
1 0.1109375 0.7859375 0.0421875 0.0265625
1 0.078125 0.8 0.0234375 0.0328125
1 0.1578125 0.89375 0.034375 0.0328125
1 0.19375 0.9203125 0.0546875 0.046875
1 0.2921875 0.6921875 0.028125 0.0296875
1 0.29375 0.771875 0.0328125 0.0296875
1 0.2921875 0.9671875 0.0421875 0.0359375
1 0.29375 0.9921875 0.028125 0.015625
1 0.17734375 0.98671875 0.0265625 0.0265625
0 0.7546875 0.8375 0.2171875 0.196875
0 0.809375 0.696875 0.109375 0.040625
0 0.51875 0.80703125 0.103125 0.2765625
0 0.4109375 0.84765625 0.140625 0.3046875