1 0.353125 0.271875 0.03125 0.01875
1 0.3 0.384375 0.021875 0.03125
1 0.3328125 0.4328125 0.0234375 0.0375
1 0.28046875 0.4671875 0.0171875 0.003125
0 0.06796875 0.4140625 0.1359375 0.109375
0 0.0703125 0.3609375 0.075 0.090625
1 0.4578125 0.33125 0.103125 0.090625
1 0.2578125 0.21875 0.0265625 0.034375
1 0.4484375 0.425 0.0234375 0.01875
1 0.434375 0.38125 0.0328125 0.01875
1 0.040625 0.2265625 0.04375 0.03125
0 0.1015625 0.2109375 0.0640625 0.0296875
1 0.134375 0.2375 0.0359375 0.0390625
1 0.1828125 0.2796875 0.1 0.0859375
1 0.1375 0.4328125 0.0265625 0.0203125
0 0.565625 0.31015625 0.1125 0.0796875
0 0.58359375 0.17734375 0.1484375 0.2203125
1 0.6546875 0.290625 0.0484375 0.053125
1 0.7125 0.303125 0.053125 0.0578125
1 0.6265625 0.2296875 0.028125 0.04375
1 0.6828125 0.2125 0.09375 0.09375
1 0.7125 0.15625 0.0484375 0.028125
1 0.7234375 0.184375 0.040625 0.0265625
1 0.8078125 0.1765625 0.0359375 0.025
1 0.89375 0.2640625 0.0375 0.0265625
1 0.96953125 0.19609375 0.0609375 0.0359375
1 0.9015625 0.0453125 0.040625 0.0609375
1 0.8578125 0.1 0.028125 0.03125
1 0.9109375 0.1234375 0.0390625 0.0375
1 0.9390625 0.1484375 0.0296875 0.025
1 0.7421875 0.0703125 0.1140625 0.0953125
1 0.6671875 0.053125 0.028125 0.0453125
1 0.69375 0.065625 0.0125 0.034375
1 0.59609375 0.04765625 0.0984375 0.0953125
1 0.50078125 0.625 0.0171875 0.06875
1 0.3421875 0.7546875 0.040625 0.0625
1 0.3109375 0.5359375 0.0265625 0.05
1 0.25625 0.7921875 0.0390625 0.0390625
0 0.203125 0.7921875 0.0921875 0.0546875
0 0.1703125 0.5671875 0.109375 0.196875
1 0.0484375 0.7546875 0.0328125 0.071875
1 0.328125 0.6125 0.0625 0.05625
1 0.1546875 0.7640625 0.0515625 0.0578125
1 0.0578125 0.6984375 0.0328125 0.0390625
1 0.090625 0.7296875 0.0359375 0.034375
1 0.009375 0.71484375 0.01875 0.0296875
1 0.803125 0.6734375 0.009375 0.0125
1 0.6296875 0.6796875 0.0375 0.0390625
1 0.6921875 0.7046875 0.0390625 0.05
0 0.8703125 0.6703125 0.14375 0.15
1 0.8484375 0.7515625 0.015625 0.009375
1 0.975 0.7640625 0.0234375 0.0203125
1 0.9 0.775 0.0078125 0.0125
1 0.6421875 0.759375 0.0421875 0.046875
1 0.51328125 0.7984375 0.0078125 0.021875
1 0.9875 0.803125 0.0125 0.0171875
1 0.7296875 0.7984375 0.0234375 0.03125
1 0.85 0.8046875 0.028125 0.0359375
1 0.5953125 0.8265625 0.034375 0.046875
1 0.8765625 0.8578125 0.0234375 0.0140625
1 0.75 0.9171875 0.0171875 0.0328125
1 0.9265625 0.9578125 0.0234375 0.01875
1 0.578125 0.971875 0.0125 0.0140625
1 0.7578125 0.98125 0.034375 0.0265625
1 0.58203125 0.996875 0.0078125 0.00625
1 0.80625 0.9125 0.015625 0.015625
0 0.853125 0.8984375 0.0375 0.0546875