1 0.01484375 0.06171875 0.0296875 0.0359375
1 0.04453125 0.00390625 0.0234375 0.0078125
1 0.0875 0.065625 0.03125 0.025
1 0.1046875 0.0359375 0.034375 0.0265625
1 0.11953125 0.01171875 0.0390625 0.0234375
1 0.01328125 0.265625 0.0265625 0.028125
1 0.1390625 0.1953125 0.0453125 0.0265625
0 0.3375 0.2328125 0.08125 0.109375
1 0.3640625 0.303125 0.025 0.0265625
0 0.4015625 0.3671875 0.3328125 0.1625
1 0.4859375 0.253125 0.01875 0.021875
1 0.5453125 0.321875 0.0203125 0.0203125
1 0.671875 0.253125 0.025 0.03125
1 0.60625 0.2953125 0.025 0.0234375
1 0.69609375 0.3015625 0.0078125 0.03125
1 0.1640625 0.3890625 0.021875 0.0234375
1 0.325 0.1140625 0.01875 0.015625
1 0.365625 0.0953125 0.025 0.025
0 0.453125 0.0828125 0.325 0.165625
1 0.6171875 0.01796875 0.034375 0.0359375
1 0.6484375 0.0125 0.021875 0.025
1 0.6828125 0.00546875 0.034375 0.0109375
1 0.6546875 0.11875 0.034375 0.0265625
1 0.615625 0.1859375 0.0296875 0.028125
1 0.640625 0.2140625 0.021875 0.0171875
1 0.56875 0.0515625 0.0203125 0.0171875
1 0.509375 0.0421875 0.0234375 0.0359375
1 0.9609375 0.5265625 0.0234375 0.01875
1 0.928125 0.5109375 0.0359375 0.046875
1 0.803125 0.4796875 0.040625 0.0296875
1 0.975 0.4515625 0.0296875 0.0328125
1 0.95625 0.440625 0.0171875 0.025
1 0.8515625 0.4140625 0.028125 0.03125
1 0.99765625 0.425 0.0046875 0.028125
1 0.9109375 0.3890625 0.00625 0.009375
1 0.790625 0.378125 0.0234375 0.025
1 0.96875 0.38125 0.05 0.0578125
1 0.7078125 0.353125 0.015625 0.040625
1 0.8390625 0.3359375 0.01875 0.0171875
1 0.784375 0.3359375 0.03125 0.0359375
1 0.99453125 0.325 0.0109375 0.0375
1 0.71875 0.284375 0.015625 0.0078125
1 0.9515625 0.2609375 0.025 0.0140625
1 0.978125 0.2578125 0.0203125 0.0078125
1 0.70546875 0.2609375 0.0109375 0.021875
1 0.990625 0.24140625 0.01875 0.0234375
1 0.7109375 0.190625 0.021875 0.025
1 0.990625 0.18515625 0.01875 0.0265625
1 0.9078125 0.1296875 0.009375 0.009375
1 0.70703125 0.11015625 0.0140625 0.0234375
1 0.825 0.1125 0.03125 0.03125
1 0.8546875 0.109375 0.0234375 0.0328125
1 0.940625 0.09375 0.0203125 0.0328125
1 0.99296875 0.565625 0.0140625 0.021875
1 0.7890625 0.240625 0.0125 0.0234375
1 0.79375 0.2125 0.01875 0.0234375
1 0.7671875 0.303125 0.034375 0.0265625
1 0.796875 0.3 0.0234375 0.0375
1 0.81875 0.2828125 0.0375 0.0390625
1 0.9453125 0.13125 0.0390625 0.0375
1 0.94375 0.1609375 0.0421875 0.0390625
1 0.8078125 0.1546875 0.0390625 0.03125
1 0.8171875 0.1296875 0.01875 0.0125
1 0.86875 0.1609375 0.028125 0.034375
1 0.8609375 0.1890625 0.0265625 0.03125
0 0.4046875 0.90390625 0.3 0.1921875
0 0.453125 0.7859375 0.1421875 0.1125
0 0.221875 0.740625 0.0921875 0.015625
1 0.1828125 0.98203125 0.0375 0.0359375
1 0.1015625 0.98671875 0.034375 0.0265625
1 0.2765625 0.996875 0.034375 0.00625
1 0.24375 0.8984375 0.025 0.0328125
1 0.2078125 0.9109375 0.0203125 0.0296875
1 0.19375 0.8390625 0.0265625 0.0328125
1 0.309375 0.8453125 0.05 0.0515625
1 0.2515625 0.80625 0.0546875 0.040625
1 0.325 0.79375 0.0546875 0.034375
1 0.346875 0.7734375 0.025 0.0265625
1 0.3546875 0.7421875 0.0296875 0.0125
1 0.4140625 0.9390625 0.0640625 0.0421875
1 0.49375 0.97578125 0.040625 0.0484375
1 0.6875 0.96640625 0.025 0.0234375
1 0.6890625 0.92265625 0.021875 0.0265625
1 0.5828125 0.9890625 0.034375 0.021875
1 0.615625 0.9125 0.040625 0.0265625
1 0.5953125 0.86875 0.0640625 0.0578125
1 0.603125 0.7578125 0.040625 0.025
1 0.528125 0.8015625 0.03125 0.021875
1 0.4546875 0.859375 0.0265625 0.034375
1 0.4109375 0.8640625 0.0390625 0.025
1 0.4984375 0.7390625 0.0453125 0.015625
1 0.3515625 0.86875 0.0296875 0.015625
1 0.6046875 0.8046875 0.0328125 0.03125
1 0.6296875 0.7828125 0.0453125 0.0484375
1 0.6890625 0.81875 0.015625 0.0265625
1 0.69375 0.80625 0.0078125 0.0296875
1 0.678125 0.7859375 0.0203125 0.015625
1 0.69140625 0.775 0.0171875 0.025
1 0.6828125 0.753125 0.0328125 0.025
1 0.6328125 0.734375 0.0203125 0.00625
0 0.72734375 0.7703125 0.0546875 0.071875
1 0.94375 0.6828125 0.015625 0.00625