1 0.0421875 0.415625 0.015625 0.01875
1 0.096875 0.1546875 0.028125 0.0296875
1 0.1671875 0.028125 0.0546875 0.0140625
1 0.2765625 0.378125 0.0625 0.059375
1 0.45 0.2953125 0.034375 0.0453125
1 0.4734375 0.2359375 0.053125 0.03125
1 0.58125 0.3609375 0.0234375 0.0171875
1 0.5875 0.35 0.0203125 0.0296875
0 0.86640625 0.39296875 0.2234375 0.0734375
1 0.7125 0.3359375 0.0296875 0.0140625
1 0.71875 0.325 0.0296875 0.009375
0 0.8328125 0.3234375 0.2953125 0.2
1 0.7 0.24375 0.0234375 0.0265625
1 0.828125 0.2671875 0.015625 0.0328125
1 0.85625 0.240625 0.0359375 0.0359375
1 0.915625 0.2671875 0.0171875 0.0140625
1 0.965625 0.246875 0.0375 0.040625
1 0.9328125 0.3140625 0.0625 0.0578125
1 0.9421875 0.3546875 0.04375 0.065625
1 0.953125 0.384375 0.0390625 0.0328125
1 0.85390625 0.41953125 0.0203125 0.0203125
1 0.00234375 0.81640625 0.0046875 0.0078125
1 0.009375 0.8171875 0.015625 0.0125
1 0.003125 0.9828125 0.00625 0.015625
1 0.059375 0.9265625 0.0109375 0.0078125
1 0.121875 0.9875 0.015625 0.0171875
1 0.078125 0.9171875 0.0171875 0.0203125
1 0.0953125 0.9171875 0.0140625 0.0125
1 0.0859375 0.884375 0.0234375 0.003125
1 0.1203125 0.9 0.0390625 0.03125
1 0.1046875 0.74375 0.028125 0.0234375
1 0.1609375 0.815625 0.01875 0.0234375
1 0.0984375 0.6671875 0.025 0.015625
1 0.115625 0.6828125 0.01875 0.015625
1 0.1265625 0.6828125 0.0140625 0.0140625
1 0.1078125 0.7046875 0.03125 0.0296875
1 0.1625 0.9265625 0.025 0.0296875
1 0.146875 0.9140625 0.0140625 0.0125
1 0.178125 0.915625 0.0078125 0.0125
1 0.215625 0.928125 0.025 0.028125
1 0.20625 0.8921875 0.0375 0.0328125
1 0.225 0.9078125 0.0234375 0.0234375
1 0.2140625 0.9046875 0.025 0.0140625
1 0.1828125 0.8484375 0.0140625 0.009375
1 0.2109375 0.8640625 0.01875 0.021875
1 0.24375 0.8734375 0.028125 0.0203125
1 0.18125 0.7234375 0.0109375 0.0171875
1 0.2484375 0.7671875 0.0171875 0.015625
1 0.215625 0.7515625 0.0203125 0.015625
1 0.2125 0.7609375 0.0328125 0.01875
1 0.2109375 0.678125 0.0359375 0.028125
1 0.2359375 0.6828125 0.0171875 0.015625
1 0.253125 0.6890625 0.0171875 0.0328125
1 0.2734375 0.6859375 0.0140625 0.0109375
1 0.2328125 0.690625 0.0171875 0.0171875
0 0.2140625 0.6828125 0.021875 0.0453125
1 0.25 0.8234375 0.021875 0.015625
0 0.23203125 0.95625 0.1546875 0.0875
0 0.18203125 0.809375 0.2546875 0.253125
1 0.29375 0.6859375 0.021875 0.0125
1 0.30234375 0.71484375 0.0140625 0.0359375
1 0.2953125 0.78359375 0.028125 0.0390625
0 0.534375 0.7390625 0.1578125 0.0953125
1 0.5265625 0.653125 0.0703125 0.046875
1 0.5453125 0.6140625 0.1234375 0.040625
1 0.5515625 0.7984375 0.0609375 0.0890625
1 0.5125 0.8359375 0.0328125 0.03125
0 0.5203125 0.921875 0.1640625 0.121875
0 0.5359375 0.9875 0.084375 0.025
1 0.7546875 0.821875 0.0359375 0.0296875
1 0.846875 0.8671875 0.0546875 0.046875
1 0.821875 0.9328125 0.05625 0.059375
1 0.8734375 0.8203125 0.0359375 0.0375
1 0.9390625 0.8 0.0265625 0.0296875
1 0.9546875 0.996875 0.046875 0.00625
0 0.984375 0.81796875 0.03125 0.0671875
1 0.846875 0.60625 0.0375 0.0390625
1 0.8859375 0.5796875 0.0375 0.03125
1 0.9421875 0.5578125 0.0296875 0.03125
1 0.5484375 0.5328125 0.0421875 0.0234375