1 0.275 0.14375 0.015625 0.0078125
0 0.1734375 0.1 0.0953125 0.16875
1 0.140625 0.1921875 0.01875 0.025
1 0.3328125 0.2125 0.015625 0.015625
1 0.1078125 0.3171875 0.0328125 0.015625
0 0.1625 0.25546875 0.325 0.1796875
1 0.4234375 0.378125 0.0203125 0.0171875
1 0.3328125 0.415625 0.0171875 0.0171875
1 0.159375 0.4234375 0.08125 0.075
1 0.34375 0.446875 0.0296875 0.0265625
0 0.1890625 0.4875 0.0765625 0.109375
1 0.39375 0.13125 0.040625 0.040625
1 0.4109375 0.0734375 0.015625 0.021875
1 0.4078125 0.0984375 0.0265625 0.021875
0 0.0546875 0.03984375 0.109375 0.0484375
0 0.103125 0.1046875 0.1171875 0.121875
1 0.1375 0.3734375 0.11875 0.0203125
0 0.1375 0.496875 0.046875 0.090625
1 0.10625 0.4921875 0.03125 0.0390625
1 0.5359375 0.2234375 0.0109375 0.0078125
1 0.865625 0.2140625 0.0640625 0.053125
1 0.7 0.3515625 0.021875 0.015625
1 0.6875 0.3734375 0.00625 0.0078125
1 0.684375 0.390625 0.0125 0.0078125
1 0.815625 0.3609375 0.103125 0.06875
0 0.553125 0.1875 0.0359375 0.0515625
1 0.5875 0.20625 0.00625 0.0125
1 0.4703125 0.2703125 0.00625 0.0046875
0 0.5671875 0.3171875 0.1890625 0.059375
0 0.5890625 0.4515625 0.146875 0.1703125
1 0.6484375 0.48125 0.0109375 0.0140625
1 0.634375 0.4484375 0.0078125 0.0078125
1 0.0828125 0.65 0.01875 0.0234375
0 0.3359375 0.63125 0.09375 0.103125
1 0.34375 0.6859375 0.0265625 0.0234375
1 0.2578125 0.696875 0.021875 0.021875
1 0.23125 0.775 0.0203125 0.0265625
0 0.33125 0.81875 0.09375 0.1
1 0.0734375 0.6203125 0.0234375 0.028125
1 0.015625 0.78125 0.0234375 0.0203125
1 0.00390625 0.75 0.0078125 0.03125
1 0.55 0.584375 0.009375 0.009375
1 0.675 0.58671875 0.025 0.0140625
1 0.940625 0.5875 0.0140625 0.0078125
1 0.85078125 0.58671875 0.0203125 0.0140625
1 0.88046875 0.58828125 0.0359375 0.0171875
1 0.7046875 0.590625 0.0125 0.021875
1 0.675 0.590625 0.015625 0.021875
1 0.94375 0.603125 0.0296875 0.0234375
1 0.6515625 0.6109375 0.021875 0.025
1 0.896875 0.6265625 0.021875 0.0078125
1 0.6421875 0.678125 0.0203125 0.021875
1 0.75625 0.6921875 0.0234375 0.015625
1 0.6421875 0.71875 0.009375 0.00625
1 0.7328125 0.7265625 0.0078125 0.0140625
1 0.8328125 0.7234375 0.0328125 0.0203125
1 0.5828125 0.71875 0.0390625 0.03125
1 0.8546875 0.759375 0.021875 0.0078125
1 0.784375 0.7765625 0.015625 0.0171875
1 0.80625 0.7578125 0.0671875 0.05
1 0.7609375 0.7890625 0.0265625 0.01875
1 0.59375 0.809375 0.0203125 0.0203125
1 0.8671875 0.8140625 0.015625 0.01875
1 0.5671875 0.84375 0.0078125 0.015625
1 0.8 0.84375 0.028125 0.0296875
1 0.94375 0.8421875 0.0421875 0.0359375
0 0.5125 0.8578125 0.0671875 0.0234375
1 0.9171875 0.63125 0.0140625 0.0109375
1 0.97421875 0.6015625 0.0359375 0.04375
1 0.915625 0.8171875 0.015625 0.015625
1 0.8140625 0.6328125 0.015625 0.021875
1 0.7859375 0.6359375 0.04375 0.0484375
1 0.9 0.684375 0.0171875 0.0171875
1 0.909375 0.703125 0.0109375 0.0171875
1 0.9 0.715625 0.01875 0.0125
1 0.8828125 0.6953125 0.0234375 0.0328125
1 0.865625 0.7046875 0.009375 0.0109375
1 0.58671875 0.5828125 0.0109375 0.00625
1 0.63359375 0.584375 0.0328125 0.009375
1 0.615625 0.6921875 0.0078125 0.0203125
1 0.6515625 0.7359375 0.0296875 0.0234375
1 0.64375 0.75 0.0390625 0.0453125
0 0.51796875 0.77578125 0.1171875 0.0984375
1 0.571875 0.69375 0.021875 0.034375
1 0.475 0.7203125 0.0234375 0.0265625
1 0.46484375 0.7296875 0.0109375 0.03125
0 0.50859375 0.603125 0.0953125 0.046875
0 0.509375 0.66875 0.1 0.103125