1 0.09140625 0.0015625 0.0109375 0.003125
1 0.11015625 0.44375 0.0390625 0.0125
1 0.2671875 0.053125 0.0125 0.00625
1 0.25625 0.075 0.0328125 0.0453125
1 0.30078125 0.0640625 0.0171875 0.028125
0 0.19453125 0.28671875 0.2296875 0.2609375
0 0.1421875 0.3 0.1875 0.26875
0 0.8578125 0.2734375 0.06875 0.1453125
0 0.5578125 0.321875 0.190625 0.0859375
0 0.4875 0.2703125 0.0546875 0.025
1 0.7859375 0.0390625 0.15 0.078125
0 0.034375 0.55703125 0.06875 0.2140625
1 0.065625 0.7640625 0.0375 0.0328125
1 0.14375 0.703125 0.0203125 0.01875
0 0.08359375 0.55625 0.1671875 0.2125
0 0.2140625 0.54375 0.190625 0.1875
0 0.290625 0.61796875 0.0375 0.0796875
1 0.13125 0.534375 0.0203125 0.0171875
1 0.0625 0.8390625 0.0421875 0.05
1 0.15 0.9328125 0.03125 0.03125
1 0.1515625 0.865625 0.1109375 0.1109375
1 0.14375 0.790625 0.0171875 0.0125
0 0.575 0.665625 0.14375 0.1515625
0 0.465625 0.6703125 0.0671875 0.13125
0 0.4125 0.678125 0.0671875 0.1859375
0 0.71875 0.646875 0.1390625 0.1484375
1 0.83125 0.671875 0.0703125 0.0578125
1 0.48046875 0.47578125 0.0609375 0.0515625
1 0.56640625 0.45390625 0.0765625 0.0078125
1 0.684375 0.4609375 0.053125 0.021875
1 0.7921875 0.46953125 0.053125 0.0390625
1 0.4875 0.5890625 0.0703125 0.1015625
1 0.396875 0.54375 0.0359375 0.0625
1 0.3890625 0.490625 0.0234375 0.0234375
1 0.6125 0.5703125 0.04375 0.0265625
1 0.6546875 0.559375 0.0390625 0.04375
1 0.859375 0.521875 0.025 0.034375
1 0.659375 0.6359375 0.0375 0.0234375
1 0.74375 0.5734375 0.015625 0.0234375
1 0.4953125 0.8984375 0.0609375 0.090625
1 0.478125 0.7828125 0.0203125 0.05
1 0.5625 0.9609375 0.0265625 0.034375
1 0.47265625 0.98515625 0.0265625 0.0296875
1 0.8078125 0.78125 0.03125 0.05625
1 0.7453125 0.746875 0.0546875 0.046875
1 0.80625 0.740625 0.028125 0.046875
1 0.8625 0.7375 0.0390625 0.025
1 0.7828125 0.9546875 0.0375 0.046875
1 0.8765625 0.95 0.05 0.05
1 0.809375 0.9140625 0.025 0.028125
1 0.7734375 0.8640625 0.0328125 0.03125
1 0.4328125 0.784375 0.0328125 0.0328125
1 0.4265625 0.73125 0.028125 0.034375
1 0.6328125 0.834375 0.021875 0.028125
1 0.7484375 0.83125 0.009375 0.015625
1 0.7203125 0.471875 0.01875 0.015625