0 0.115625 0.128125 0.20625 0.196875
0 0.1203125 0.3515625 0.240625 0.221875
0 0.1328125 0.3859375 0.2390625 0.1515625
0 0.6109375 0.3078125 0.284375 0.290625
0 0.659375 0.51796875 0.38125 0.0640625
1 0.5796875 0.4796875 0.0484375 0.071875
0 0.62265625 0.496875 0.1109375 0.10625
1 0.7984375 0.2921875 0.0203125 0.01875
1 0.740625 0.2234375 0.0125 0.015625
1 0.7640625 0.2125 0.015625 0.021875
1 0.0515625 0.921875 0.015625 0.0234375
1 0.2734375 0.903125 0.01875 0.0328125
1 0.08125 0.8734375 0.0125 0.0234375
1 0.284375 0.8234375 0.0265625 0.0296875
1 0.01171875 0.8046875 0.0234375 0.0125
1 0.25 0.7921875 0.0359375 0.046875
1 0.0625 0.7703125 0.025 0.0453125
1 0.1953125 0.7109375 0.0140625 0.0234375
1 0.428125 0.684375 0.021875 0.0359375
1 0.2984375 0.6609375 0.0296875 0.0296875
1 0.159375 0.65625 0.0234375 0.015625
1 0.371875 0.6484375 0.0171875 0.0296875
1 0.421875 0.6109375 0.0125 0.0125
1 0.45625 0.61640625 0.025 0.0265625
1 0.43125 0.5609375 0.0265625 0.01875
1 0.0171875 0.90625 0.034375 0.05625
1 0.16875 0.590625 0.01875 0.025
1 0.159375 0.60625 0.028125 0.0171875
1 0.1765625 0.65 0.0171875 0.0125
1 0.2796875 0.75 0.0125 0.0140625
1 0.38125 0.875 0.015625 0.0234375
1 0.3125 0.5796875 0.0390625 0.0375
1 0.3984375 0.58125 0.015625 0.0125
1 0.371875 0.915625 0.0171875 0.025
1 0.421875 0.903125 0.0390625 0.021875
1 0.4390625 0.7625 0.0203125 0.021875
1 0.3828125 0.746875 0.0125 0.021875
0 0.41328125 0.8546875 0.1109375 0.259375
1 0.44375 0.69375 0.025 0.03125
1 0.459375 0.6796875 0.01875 0.028125
0 0.40703125 0.64140625 0.1234375 0.1484375
0 0.50625 0.64765625 0.075 0.1296875
0 0.50546875 0.8515625 0.0734375 0.125
1 0.559375 0.846875 0.0296875 0.0296875
1 0.8203125 0.590625 0.025 0.028125
1 0.6796875 0.5625 0.03125 0.025
1 0.696875 0.825 0.0265625 0.0234375
1 0.78125 0.7515625 0.034375 0.0359375
1 0.8296875 0.734375 0.03125 0.03125
1 0.9046875 0.7125 0.0390625 0.0421875
1 0.8671875 0.7828125 0.021875 0.0328125
1 0.84375 0.7734375 0.0234375 0.03125
0 0.978125 0.6234375 0.04375 0.103125
0 0.95234375 0.76015625 0.0953125 0.1515625
0 0.97578125 0.86875 0.0484375 0.090625