1 0.559375 0.0203125 0.01875 0.040625
1 0.1203125 0.1625 0.0703125 0.1171875
0 0.0984375 0.0546875 0.0359375 0.059375
1 0.390625 0.2796875 0.03125 0.04375
1 0.459375 0.26875 0.03125 0.0453125
1 0.4375 0.2171875 0.021875 0.01875
1 0.4375 0.1875 0.03125 0.0234375
1 0.51875 0.25625 0.0234375 0.03125
1 0.5390625 0.328125 0.0203125 0.009375
1 0.5078125 0.3953125 0.04375 0.040625
1 0.1578125 0.365625 0.034375 0.040625
1 0.10625 0.5 0.0515625 0.0328125
1 0.190625 0.5078125 0.01875 0.01875
1 0.54453125 0.50625 0.0390625 0.025
0 0.5046875 0.08515625 0.128125 0.1546875
1 0.5296875 0.11875 0.059375 0.0859375
1 0.428125 0.1046875 0.0515625 0.115625
1 0.403125 0.0484375 0.0609375 0.0859375
0 0.3578125 0.0796875 0.0984375 0.1328125
0 0.28828125 0.08515625 0.0984375 0.1703125
1 0.284375 0.1875 0.046875 0.075
0 0.1875 0.0953125 0.13125 0.190625
1 0.1421875 0.0640625 0.05625 0.08125
1 0.975 0.3515625 0.04375 0.025
1 0.8890625 0.334375 0.0359375 0.021875
1 0.728125 0.321875 0.0359375 0.0515625
1 0.759375 0.38125 0.01875 0.0265625
1 0.81875 0.30625 0.0359375 0.021875
1 0.7609375 0.2421875 0.0328125 0.0265625
1 0.71875 0.39375 0.0203125 0.0265625
1 0.6609375 0.3984375 0.0546875 0.059375
1 0.65 0.3546875 0.025 0.0390625
1 0.721875 0.175 0.021875 0.028125
1 0.734375 0.1328125 0.0234375 0.0265625
1 0.8296875 0.15 0.025 0.025
1 0.803125 0.1265625 0.0234375 0.021875
1 0.7625 0.14375 0.01875 0.015625
1 0.78125 0.084375 0.0328125 0.0265625
1 0.7453125 0.0625 0.0203125 0.0203125
1 0.9640625 0.228125 0.0671875 0.059375
1 0.7640625 0.009375 0.021875 0.01875
1 0.86875 0.015625 0.0234375 0.03125
1 0.9453125 0.009375 0.021875 0.01875
1 0.809375 0.3671875 0.0171875 0.01875
1 0.8953125 0.4171875 0.025 0.025
1 0.890625 0.440625 0.0203125 0.01875
0 0.63125 0.4765625 0.11875 0.084375
0 0.709375 0.46484375 0.078125 0.1078125
0 0.825 0.484375 0.109375 0.06875
1 0.7828125 0.4671875 0.0171875 0.0359375
1 0.8296875 0.45 0.04375 0.0125
1 0.6 0.421875 0.0203125 0.015625
0 0.94921875 0.46484375 0.0765625 0.1078125
0 0.96484375 0.49453125 0.0703125 0.0484375
1 0.21875 0.9296875 0.03125 0.0296875
0 0.33125 0.9671875 0.15 0.065625
0 0.22578125 0.9296875 0.2921875 0.140625
0 0.06484375 0.940625 0.1296875 0.11875
0 0.5984375 0.5890625 0.059375 0.096875
0 0.6296875 0.56796875 0.121875 0.0984375
0 0.7265625 0.5765625 0.0921875 0.0984375
1 0.69375 0.65 0.0453125 0.071875
1 0.59140625 0.6796875 0.0453125 0.03125
1 0.6046875 0.659375 0.0546875 0.0453125
1 0.6171875 0.76796875 0.096875 0.1171875
1 0.684375 0.815625 0.028125 0.0234375
1 0.6890625 0.925 0.0390625 0.028125
1 0.7890625 0.98359375 0.021875 0.0328125
1 0.7203125 0.971875 0.0265625 0.0234375