1 0.3046875 0.340625 0.0578125 0.0515625
1 0.4578125 0.203125 0.021875 0.025
0 0.19453125 0.25390625 0.3203125 0.2703125
0 0.16328125 0.15625 0.3265625 0.178125
1 0.86484375 0.37109375 0.0796875 0.0359375
0 0.625 0.2109375 0.0265625 0.084375
0 0.7125 0.2453125 0.2421875 0.153125
0 0.70625 0.315625 0.290625 0.146875
1 0.490625 0.4984375 0.015625 0.0234375
1 0.4390625 0.609375 0.0234375 0.021875
1 0.428125 0.4734375 0.025 0.021875
1 0.3859375 0.7953125 0.0328125 0.021875
1 0.3140625 0.784375 0.0171875 0.0140625
1 0.3359375 0.7640625 0.0625 0.040625
1 0.334375 0.7921875 0.0265625 0.0203125
1 0.40625 0.684375 0.04375 0.028125
1 0.334375 0.6171875 0.0359375 0.025
1 0.30625 0.559375 0.015625 0.0203125
1 0.2765625 0.5203125 0.021875 0.0140625
1 0.284375 0.5578125 0.0171875 0.0140625
1 0.3890625 0.421875 0.028125 0.01875
1 0.3859375 0.4 0.01875 0.015625
0 0.3125 0.43671875 0.203125 0.0953125
0 0.29140625 0.5234375 0.1609375 0.26875
1 0.2765625 0.5890625 0.025 0.021875
0 0.2203125 0.709375 0.1109375 0.196875
1 0.3078125 0.6609375 0.021875 0.0234375
1 0.2015625 0.7359375 0.0203125 0.03125
1 0.046875 0.740625 0.021875 0.021875
1 0.00703125 0.67734375 0.0140625 0.0203125
1 0.0671875 0.58125 0.05625 0.03125
1 0.0546875 0.609375 0.0125 0.015625
1 0.04375 0.4234375 0.025 0.0296875
1 0.0140625 0.4734375 0.021875 0.0234375
1 0.00859375 0.51015625 0.0171875 0.0265625
1 0.0515625 0.496875 0.0265625 0.021875
1 0.1296875 0.7734375 0.025 0.015625
1 0.1859375 0.771875 0.01875 0.015625
1 0.9171875 0.5578125 0.0328125 0.0234375
1 0.9578125 0.6125 0.0203125 0.0234375
1 0.6390625 0.5875 0.0171875 0.0109375
1 0.628125 0.578125 0.0203125 0.0140625
1 0.5375 0.96171875 0.015625 0.0328125
1 0.884375 0.825 0.0375 0.025
1 0.890625 0.71875 0.03125 0.0328125
1 0.9234375 0.734375 0.046875 0.0625
1 0.7828125 0.7890625 0.0328125 0.021875
0 0.8828125 0.8 0.2296875 0.275
0 0.87421875 0.93125 0.1421875 0.1375
1 0.978125 0.5703125 0.021875 0.015625
0 0.93046875 0.55390625 0.1390625 0.0703125