1 0.353125 0.046875 0.0078125 0.0109375
0 0.10703125 0.04453125 0.2140625 0.0890625
1 0.56015625 0.07265625 0.0171875 0.0234375
1 0.56640625 0.090625 0.0046875 0.009375
1 0.0109375 0.1 0.0125 0.0234375
1 0.5125 0.109375 0.034375 0.03125
1 0.5578125 0.16484375 0.021875 0.0234375
1 0.35 0.178125 0.0234375 0.0265625
1 0.4984375 0.1890625 0.00625 0.0109375
1 0.1015625 0.2359375 0.046875 0.0140625
0 0.190625 0.16875 0.38125 0.1625
1 0.2015625 0.2484375 0.0140625 0.0125
1 0.4953125 0.2734375 0.0125 0.0125
1 0.0890625 0.2796875 0.0078125 0.0078125
1 0.04375 0.29375 0.028125 0.03125
1 0.521875 0.328125 0.015625 0.0109375
1 0.009375 0.346875 0.009375 0.0046875
1 0.4734375 0.3625 0.03125 0.025
1 0.5625 0.39921875 0.0125 0.0265625
1 0.521875 0.4140625 0.0171875 0.0109375
1 0.5265625 0.4421875 0.0078125 0.0078125
1 0.2984375 0.459375 0.00625 0.009375
0 0.0203125 0.4625 0.009375 0.0234375
0 0.06640625 0.3671875 0.1328125 0.215625
1 0.546875 0.409375 0.0203125 0.015625
1 0.459375 0.3859375 0.0109375 0.009375
1 0.3703125 0.3140625 0.025 0.034375
1 0.3484375 0.3203125 0.015625 0.025
1 0.5390625 0.1984375 0.0390625 0.0265625
1 0.4203125 0.0671875 0.025 0.0109375
1 0.4875 0.0375 0.0171875 0.0140625
1 0.4734375 0.2296875 0.0171875 0.0125
1 0.090625 0.096875 0.0609375 0.0140625
1 0.14375 0.4328125 0.0171875 0.009375
1 0.14375 0.41875 0.0140625 0.0078125
1 0.9796875 0.2953125 0.025 0.0140625
1 0.996875 0.19453125 0.00625 0.0234375
1 0.9921875 0.14296875 0.015625 0.0484375
1 0.909375 0.2578125 0.0265625 0.04375
1 0.90625 0.203125 0.0546875 0.0546875
1 0.9140625 0.0875 0.021875 0.01875
1 0.8828125 0.034375 0.0171875 0.01875
1 0.946875 0.1171875 0.0234375 0.021875
1 0.7921875 0.278125 0.01875 0.01875
1 0.715625 0.2578125 0.0203125 0.021875
1 0.6953125 0.2921875 0.025 0.021875
1 0.7046875 0.3234375 0.0109375 0.003125
1 0.8078125 0.184375 0.0125 0.0375
1 0.7515625 0.1796875 0.0359375 0.01875
1 0.7078125 0.1703125 0.0375 0.0234375
1 0.66875 0.1546875 0.0125 0.03125
1 0.765625 0.1109375 0.0359375 0.0328125
1 0.728125 0.04375 0.0328125 0.0359375
1 0.6984375 0.025 0.0234375 0.021875
1 0.80703125 0.00625 0.0296875 0.0125
1 0.77109375 0.00703125 0.0390625 0.0140625
1 0.6796875 0.2171875 0.0171875 0.0296875
0 0.66015625 0.2640625 0.1828125 0.125
1 0.6484375 0.3 0.053125 0.053125
1 0.5734375 0.225 0.009375 0.0375
1 0.5734375 0.1328125 0.009375 0.04375
1 0.609375 0.0953125 0.021875 0.04375
1 0.58046875 0.07890625 0.0234375 0.0234375
1 0.609375 0.084375 0.04375 0.0296875
1 0.6046875 0.0203125 0.009375 0.0140625
0 0.65546875 0.1078125 0.1734375 0.215625
0 0.5203125 0.92578125 0.096875 0.0953125
1 0.534375 0.8671875 0.0609375 0.0890625
1 0.5625 0.8296875 0.0125 0.03125
0 0.52578125 0.74375 0.0859375 0.121875
0 0.53828125 0.65625 0.0609375 0.06875
1 0.33125 0.84375 0.0359375 0.0296875
1 0.2390625 0.7984375 0.0546875 0.046875
1 0.2640625 0.7328125 0.05625 0.059375
1 0.2125 0.8453125 0.0359375 0.0375
1 0.146875 0.865625 0.0265625 0.0296875
1 0.13125 0.6609375 0.046875 0.021875
0 0.04375 0.665625 0.0875 0.084375
0 0.0546875 0.71015625 0.109375 0.0515625
0 0.0484375 0.7640625 0.096875 0.096875
0 0.05859375 0.84609375 0.1171875 0.0671875
0 0.0515625 0.95 0.103125 0.1
1 0.9953125 0.74296875 0.009375 0.0453125
1 0.98125 0.9921875 0.0375 0.0109375
1 0.9453125 0.953125 0.025 0.0328125
1 0.9453125 0.94375 0.0203125 0.0140625
1 0.8625 0.8796875 0.0234375 0.025
1 0.8234375 0.884375 0.0125 0.0265625
1 0.8375 0.8578125 0.03125 0.015625
0 0.8171875 0.9046875 0.1796875 0.1859375
1 0.734375 0.953125 0.021875 0.034375
0 0.871875 0.85703125 0.25625 0.2328125
1 0.9203125 0.7640625 0.0125 0.03125
1 0.8296875 0.80625 0.021875 0.0203125
1 0.765625 0.8015625 0.0484375 0.05
1 0.7890625 0.778125 0.0140625 0.0140625
1 0.7640625 0.7734375 0.01875 0.015625
1 0.778125 0.734375 0.034375 0.0171875
1 0.7828125 0.753125 0.05625 0.0375
1 0.7984375 0.671875 0.034375 0.015625
1 0.8265625 0.6984375 0.04375 0.0515625
0 0.853125 0.6953125 0.2375 0.234375
1 0.99765625 0.6515625 0.0046875 0.015625
1 0.9859375 0.66875 0.0203125 0.015625
1 0.8671875 0.5609375 0.0359375 0.04375
1 0.84765625 0.5484375 0.0109375 0.01875
1 0.77109375 0.5578125 0.0328125 0.0375
1 0.821875 0.6109375 0.05 0.0265625
1 0.79375 0.6046875 0.0234375 0.0234375
0 0.8609375 0.5578125 0.23125 0.0375
1 0.7203125 0.55625 0.01875 0.015625
1 0.703125 0.5515625 0.0140625 0.015625
1 0.6796875 0.653125 0.034375 0.0140625
1 0.596875 0.609375 0.01875 0.021875
1 0.59375 0.6296875 0.025 0.01875
1 0.6296875 0.646875 0.0265625 0.028125
1 0.6125 0.6453125 0.0078125 0.028125
1 0.590625 0.6453125 0.028125 0.0171875
1 0.5765625 0.6359375 0.015625 0.01875
1 0.578125 0.66328125 0.01875 0.0296875
1 0.57421875 0.68125 0.0109375 0.01875
1 0.684375 0.73125 0.028125 0.015625
1 0.6859375 0.759375 0.0265625 0.028125
1 0.6625 0.7625 0.0109375 0.01875
1 0.675 0.79375 0.025 0.015625
1 0.671875 0.7796875 0.0125 0.009375
1 0.6140625 0.81875 0.0171875 0.0171875
1 0.57109375 0.8421875 0.0046875 0.015625
1 0.58203125 0.87109375 0.0265625 0.0234375
1 0.603125 0.934375 0.03125 0.01875
1 0.58203125 0.984375 0.0265625 0.021875
1 0.6640625 0.9875 0.0375 0.021875