1 0.096875 0.0125 0.0140625 0.0203125
1 0.1328125 0.025 0.0359375 0.0359375
1 0.0484375 0.0828125 0.0234375 0.01875
1 0.0234375 0.0859375 0.028125 0.046875
1 0.2390625 0.14375 0.0078125 0.0078125
1 0.096875 0.18125 0.0171875 0.0296875
1 0.01015625 0.1859375 0.0203125 0.08125
1 0.171875 0.1875 0.096875 0.1359375
1 0.25546875 0.26484375 0.0671875 0.0609375
1 0.225 0.3734375 0.0171875 0.0234375
1 0.2140625 0.3953125 0.0203125 0.034375
1 0.1984375 0.40625 0.01875 0.0078125
1 0.00234375 0.4125 0.0046875 0.0125
1 0.0125 0.45625 0.0203125 0.025
1 0.0671875 0.4671875 0.009375 0.0265625
1 0.1359375 0.4796875 0.015625 0.01875
1 0.1546875 0.4890625 0.0078125 0.0109375
1 0.14375 0.4984375 0.0203125 0.015625
1 0.3203125 0.159375 0.01875 0.0234375
1 0.6140625 0.246875 0.01875 0.01875
1 0.3671875 0.3 0.0203125 0.01875
1 0.378125 0.38125 0.0375 0.0265625
1 0.5875 0.4484375 0.01875 0.0203125
1 0.453125 0.4578125 0.021875 0.0265625
1 0.8484375 0.4796875 0.0140625 0.015625
0 0.75625 0.5953125 0.159375 0.065625
0 0.78125 0.565625 0.140625 0.125
1 0.85 0.5078125 0.0921875 0.0578125
1 0.7765625 0.50625 0.015625 0.01875
0 0.7890625 0.4609375 0.11875 0.065625
1 0.790625 0.4 0.01875 0.025
1 0.6078125 0.59375 0.09375 0.0671875
1 0.540625 0.4625 0.03125 0.0203125
1 0.5125 0.621875 0.025 0.0125
1 0.503125 0.6 0.0265625 0.0328125
1 0.471875 0.5859375 0.0234375 0.01875
1 0.6375 0.25625 0.0171875 0.0171875
1 0.6296875 0.1578125 0.028125 0.0234375
1 0.8359375 0.3421875 0.021875 0.015625
0 0.790625 0.3140625 0.1390625 0.0984375
0 0.775 0.2171875 0.1515625 0.1078125
1 0.8953125 0.20625 0.015625 0.025
1 0.8484375 0.209375 0.0125 0.0109375
0 0.8046875 0.1484375 0.178125 0.0921875
1 0.7640625 0.159375 0.078125 0.040625
1 0.29921875 0.546875 0.0203125 0.028125
1 0.3125 0.5375 0.015625 0.0203125
1 0.3671875 0.50625 0.0234375 0.0265625
1 0.3875 0.48125 0.0265625 0.021875
1 0.3203125 0.1890625 0.015625 0.01875
1 0.30625 0.3015625 0.034375 0.0390625
1 0.2 0.73125 0.046875 0.0515625
1 0.0234375 0.7 0.0234375 0.0421875
1 0.01953125 0.65390625 0.0328125 0.0484375
1 0.5046875 0.63125 0.009375 0.003125
1 0.659375 0.646875 0.0234375 0.025
1 0.578125 0.6875 0.0140625 0.0125
1 0.4828125 0.709375 0.0234375 0.0203125
1 0.5671875 0.871875 0.0234375 0.0203125
1 0.3859375 0.6515625 0.0375 0.0390625
1 0.35625 0.653125 0.0171875 0.021875
1 0.31171875 0.64375 0.0421875 0.028125
1 0.2953125 0.65546875 0.0125 0.0296875
1 0.29296875 0.8 0.0078125 0.05625
1 0.3109375 0.7765625 0.0203125 0.0203125
1 0.30234375 0.71171875 0.0265625 0.0515625
1 0.4359375 0.8359375 0.0703125 0.053125
1 0.384375 0.8453125 0.0265625 0.03125
1 0.3828125 0.7953125 0.0265625 0.015625
1 0.6140625 0.825 0.03125 0.028125
1 0.55 0.8328125 0.01875 0.0203125
1 0.565625 0.85 0.0140625 0.0125
1 0.521875 0.828125 0.0140625 0.0109375
1 0.5484375 0.7078125 0.03125 0.021875
1 0.6234375 0.7640625 0.059375 0.078125
1 0.684375 0.7796875 0.0296875 0.0171875
1 0.7125 0.7609375 0.0671875 0.0640625
1 0.653125 0.75 0.0765625 0.0859375
0 0.578125 0.7828125 0.0515625 0.1328125
1 0.5359375 0.671875 0.0203125 0.0453125
1 0.553125 0.6578125 0.0234375 0.0203125
1 0.5625 0.671875 0.0484375 0.028125
1 0.59375 0.6640625 0.021875 0.0203125
1 0.609375 0.640625 0.03125 0.021875
1 0.53828125 0.64140625 0.0296875 0.0234375
0 0.596875 0.646875 0.09375 0.034375
1 0.6484375 0.63828125 0.040625 0.0171875
1 0.490625 0.6703125 0.0359375 0.021875
1 0.4734375 0.65 0.0375 0.0375
1 0.446875 0.6359375 0.025 0.0125
1 0.90625 0.6578125 0.0421875 0.0359375
1 0.921875 0.71875 0.059375 0.053125
1 0.7703125 0.6546875 0.0109375 0.0109375
1 0.7640625 0.7515625 0.01875 0.0140625
1 0.7734375 0.740625 0.021875 0.0171875
1 0.8 0.7171875 0.0703125 0.053125
1 0.834375 0.765625 0.015625 0.0171875
1 0.76875 0.8375 0.0390625 0.0296875