1 0.0171875 0.25625 0.015625 0.046875
1 0.125 0.5046875 0.0265625 0.0296875
1 0.409375 0.4515625 0.03125 0.028125
1 0.1109375 0.35 0.025 0.0234375
1 0.140625 0.3484375 0.0234375 0.025
1 0.103125 0.4109375 0.0390625 0.0203125
1 0.1171875 0.4 0.021875 0.0265625
1 0.446875 0.09921875 0.00625 0.0171875
1 0.6515625 0.1546875 0.0234375 0.009375
1 0.671875 0.1578125 0.0265625 0.021875
1 0.98671875 0.20703125 0.0265625 0.0234375
1 0.865625 0.225 0.01875 0.021875
1 0.6484375 0.234375 0.01875 0.0234375
1 0.75625 0.3015625 0.0203125 0.0171875
1 0.615625 0.346875 0.0140625 0.015625
1 0.7421875 0.359375 0.0203125 0.0203125
1 0.9359375 0.4515625 0.0234375 0.0234375
1 0.828125 0.4796875 0.03125 0.0234375
1 0.9453125 0.1546875 0.021875 0.0171875
1 0.9859375 0.309375 0.0265625 0.021875
1 0.934375 0.3765625 0.0234375 0.0234375
1 0.971875 0.5234375 0.015625 0.021875
1 0.9390625 0.515625 0.015625 0.0171875
1 0.9578125 0.25625 0.06875 0.0546875
1 0.971875 0.278125 0.025 0.0296875
1 0.9796875 0.334375 0.0203125 0.0109375
1 0.85 0.165625 0.0203125 0.0234375
1 0.790625 0.2140625 0.0265625 0.0234375
1 0.7703125 0.1796875 0.03125 0.034375
1 0.65625 0.3234375 0.0171875 0.015625
1 0.6765625 0.3078125 0.01875 0.0203125
1 0.7203125 0.3203125 0.0171875 0.009375
1 0.80625 0.2625 0.021875 0.0109375
1 0.80625 0.3109375 0.0234375 0.028125
1 0.790625 0.303125 0.0265625 0.0234375
1 0.76875 0.3875 0.0265625 0.021875
1 0.753125 0.3828125 0.0203125 0.0234375
1 0.8109375 0.384375 0.021875 0.015625
1 0.83125 0.4421875 0.009375 0.0203125
1 0.821875 0.425 0.015625 0.0125
1 0.78125 0.44375 0.015625 0.0140625
1 0.775 0.45625 0.021875 0.0203125
1 0.7671875 0.471875 0.015625 0.0234375
1 0.6875 0.19375 0.0234375 0.028125
1 0.6375 0.240625 0.015625 0.0140625
1 0.64375 0.2671875 0.0265625 0.025
1 0.71875 0.3296875 0.0140625 0.0125
1 0.659375 0.4265625 0.01875 0.015625
1 0.665625 0.4390625 0.015625 0.0140625
1 0.66875 0.478125 0.009375 0.021875
1 0.6640625 0.4984375 0.0265625 0.025
1 0.6328125 0.54375 0.0125 0.0171875
1 0.64375 0.528125 0.0140625 0.009375
1 0.6421875 0.5109375 0.0125 0.015625
1 0.646875 0.5 0.0125 0.0140625
1 0.67890625 0.56484375 0.0234375 0.0078125
1 0.6140625 0.5625 0.015625 0.0125
1 0.575 0.528125 0.0203125 0.0265625
1 0.51875 0.5171875 0.0296875 0.0328125
1 0.5125 0.5078125 0.0140625 0.03125
1 0.553125 0.3515625 0.0234375 0.0296875
1 0.5359375 0.378125 0.015625 0.0125
1 0.5421875 0.36875 0.015625 0.0171875
1 0.5546875 0.3875 0.021875 0.0125
1 0.4734375 0.2359375 0.0234375 0.01875
1 0.48203125 0.565625 0.0265625 0.00625
0 0.553125 0.2453125 0.1390625 0.134375
0 0.5734375 0.159375 0.1359375 0.065625
0 0.5703125 0.4125 0.0875 0.103125
0 0.5875 0.465625 0.1171875 0.109375
0 0.5609375 0.5546875 0.134375 0.028125
1 0.80625 0.5625 0.00625 0.009375
1 0.403125 0.98984375 0.025 0.0203125
1 0.409375 0.9171875 0.015625 0.0140625
1 0.42890625 0.57109375 0.0171875 0.0046875
1 0.41640625 0.57265625 0.0140625 0.0078125
1 0.4 0.6125 0.0125 0.01875
1 0.00390625 0.7296875 0.0078125 0.025
1 0.0796875 0.9484375 0.028125 0.03125
1 0.0921875 0.878125 0.0375 0.0265625
1 0.059375 0.8890625 0.025 0.0265625
1 0.0859375 0.8078125 0.015625 0.01875
1 0.3515625 0.81953125 0.196875 0.1671875
1 0.38046875 0.6625 0.1390625 0.1875
0 0.30234375 0.67734375 0.1828125 0.2171875
1 0.265625 0.7953125 0.0109375 0.015625
0 0.303125 0.8453125 0.2140625 0.2203125
1 0.3421875 0.79375 0.0375 0.0125
1 0.3953125 0.878125 0.0421875 0.015625
1 0.628125 0.7875 0.009375 0.0125
0 0.7015625 0.7703125 0.109375 0.046875
1 0.7015625 0.8015625 0.0203125 0.009375
1 0.5453125 0.8140625 0.03125 0.0296875
1 0.490625 0.8640625 0.0078125 0.0125
1 0.771875 0.865625 0.0171875 0.009375
1 0.7484375 0.8875 0.028125 0.0125
0 0.7203125 0.8734375 0.109375 0.1078125
1 0.746875 0.934375 0.0296875 0.0390625
1 0.5125 0.9671875 0.0109375 0.01875
1 0.9953125 0.9890625 0.009375 0.0125
0 0.73203125 0.96875 0.0984375 0.0625
1 0.98515625 0.9953125 0.0265625 0.009375
1 0.8796875 0.95625 0.0171875 0.0234375
1 0.9234375 0.8703125 0.0234375 0.015625
1 0.915625 0.84375 0.021875 0.021875
1 0.9421875 0.90625 0.0109375 0.0125
1 0.8984375 0.9296875 0.0265625 0.015625
1 0.8203125 0.8765625 0.0109375 0.0203125
1 0.765625 0.76875 0.0359375 0.040625
1 0.5515625 0.96875 0.0171875 0.021875
1 0.528125 0.965625 0.0171875 0.015625
1 0.528125 0.9390625 0.0234375 0.025
1 0.5234375 0.9265625 0.0125 0.0109375
1 0.490625 0.94375 0.025 0.015625
1 0.5171875 0.8875 0.0171875 0.01875
1 0.5 0.8828125 0.015625 0.015625
1 0.521875 0.8671875 0.0171875 0.01875
1 0.45234375 0.75703125 0.0046875 0.0203125
1 0.453125 0.86171875 0.00625 0.0171875
1 0.9421875 0.85 0.015625 0.0125
1 0.909375 0.825 0.0171875 0.0125
1 0.88125 0.896875 0.0203125 0.0171875
1 0.865625 0.9046875 0.03125 0.0265625
1 0.91640625 0.9921875 0.0265625 0.015625
1 0.753125 0.8078125 0.0515625 0.0390625