1 0.4359375 0.371875 0.046875 0.0296875
1 0.3046875 0.2765625 0.034375 0.0328125
1 0.1953125 0.2796875 0.0203125 0.0203125
1 0.165625 0.1421875 0.0265625 0.0265625
1 0.35 0.35625 0.01875 0.025
1 0.2515625 0.4375 0.021875 0.0234375
1 0.1171875 0.3390625 0.01875 0.03125
0 0.00859375 0.0796875 0.0171875 0.06875
0 0.065625 0.10234375 0.13125 0.1734375
1 0.1609375 0.0234375 0.071875 0.040625
1 0.334375 0.1953125 0.015625 0.028125
0 0.2015625 0.0921875 0.1515625 0.0921875
0 0.31875 0.0875 0.209375 0.175
0 0.43359375 0.10234375 0.1171875 0.2046875
1 0.9515625 0.0671875 0.00625 0.0234375
0 0.878125 0.0796875 0.153125 0.121875
0 0.71328125 0.07734375 0.3390625 0.1546875
1 0.696875 0.3296875 0.0234375 0.0140625
1 0.7515625 0.3578125 0.0390625 0.0203125
1 0.5296875 0.234375 0.05 0.103125
1 0.7234375 0.00390625 0.015625 0.0078125
1 0.4109375 0.503125 0.05625 0.0328125
1 0.0328125 0.615625 0.0140625 0.0109375
1 0.3765625 0.6890625 0.0234375 0.0375
1 0.3671875 0.7109375 0.0359375 0.0484375
0 0.4453125 0.86015625 0.109375 0.0703125
1 0.39375 0.8859375 0.0171875 0.0078125
1 0.378125 0.8609375 0.0109375 0.0078125
1 0.2046875 0.8375 0.025 0.0359375
0 0.096875 0.81875 0.140625 0.1875
1 0.1 0.9375 0.03125 0.040625
0 0.0890625 0.753125 0.1234375 0.06875
0 0.0453125 0.8265625 0.0359375 0.01875
0 0.05625 0.8375 0.059375 0.0390625
1 0.5640625 0.48125 0.0125 0.0125
1 0.55859375 0.453125 0.0171875 0.00625
1 0.96953125 0.46484375 0.0609375 0.0296875
1 0.89375 0.4921875 0.0203125 0.0171875
1 0.859375 0.5078125 0.0171875 0.0109375
1 0.8390625 0.5015625 0.0109375 0.0046875
1 0.7921875 0.478125 0.009375 0.009375
1 0.78125 0.4953125 0.0203125 0.025
1 0.5625 0.55 0.0296875 0.046875
0 0.5265625 0.5734375 0.046875 0.0375
1 0.6421875 0.575 0.0203125 0.021875
1 0.6984375 0.5515625 0.0171875 0.0109375
1 0.6859375 0.553125 0.01875 0.0234375
1 0.8515625 0.5765625 0.0296875 0.0234375
1 0.95625 0.5875 0.0078125 0.0203125
1 0.9796875 0.59375 0.015625 0.0109375
0 0.953125 0.5453125 0.09375 0.09375
1 0.9921875 0.5609375 0.015625 0.01875
0 0.78125 0.553125 0.0859375 0.065625
0 0.7328125 0.575 0.046875 0.065625
1 0.76875 0.5203125 0.0125 0.0140625
0 0.6828125 0.55 0.0578125 0.0765625
0 0.58125 0.559375 0.1265625 0.04375
1 0.5109375 0.603125 0.0125 0.015625
1 0.5625 0.5984375 0.0296875 0.03125
1 0.575 0.61875 0.0109375 0.0140625
1 0.5890625 0.59375 0.0078125 0.0125
1 0.5859375 0.6328125 0.0171875 0.0203125
1 0.6140625 0.628125 0.015625 0.015625
1 0.9625 0.66875 0.0109375 0.0109375
1 0.9421875 0.690625 0.0109375 0.0140625
1 0.784375 0.690625 0.009375 0.009375
1 0.7296875 0.725 0.0234375 0.0375
1 0.6640625 0.721875 0.0484375 0.0578125
1 0.5671875 0.678125 0.0125 0.0046875
1 0.5109375 0.6359375 0.003125 0.0078125
1 0.6796875 0.778125 0.046875 0.0328125
1 0.9671875 0.8328125 0.015625 0.0140625
1 0.959375 0.8234375 0.025 0.0125
1 0.915625 0.85 0.0625 0.065625
1 0.8109375 0.834375 0.0234375 0.0234375
1 0.853125 0.9375 0.04375 0.0265625
1 0.584375 0.99609375 0.015625 0.0078125
1 0.6078125 0.9703125 0.015625 0.0125
1 0.6359375 0.9546875 0.0328125 0.0421875
1 0.625 0.940625 0.0109375 0.0078125
1 0.565625 0.928125 0.028125 0.01875
1 0.66875 0.8640625 0.0171875 0.0203125
1 0.7015625 0.865625 0.025 0.0234375
1 0.575 0.8640625 0.0078125 0.0015625