1 0.096875 0.003125 0.015625 0.00625
1 0.1375 0.034375 0.0203125 0.0265625
1 0.42109375 0.00546875 0.0265625 0.0109375
1 0.3984375 0.065625 0.0625 0.0328125
1 0.3515625 0.0546875 0.0125 0.0109375
1 0.290625 0.05 0.01875 0.0125
1 0.2171875 0.0296875 0.0265625 0.0265625
1 0.1796875 0.0484375 0.0328125 0.0171875
1 0.1484375 0.1546875 0.0125 0.0125
1 0.265625 0.0796875 0.0546875 0.0640625
1 0.35 0.084375 0.0125 0.0140625
1 0.30625 0.090625 0.0734375 0.046875
1 0.2828125 0.1015625 0.0328125 0.0171875
1 0.14375 0.121875 0.0171875 0.015625
1 0.3703125 0.1046875 0.0390625 0.040625
1 0.44375 0.18125 0.0171875 0.0109375
1 0.4234375 0.175 0.0109375 0.0046875
1 0.3765625 0.1515625 0.009375 0.009375
1 0.365625 0.16875 0.0203125 0.025
1 0.146875 0.2234375 0.0296875 0.046875
0 0.1109375 0.246875 0.046875 0.0375
1 0.2265625 0.2484375 0.0203125 0.021875
1 0.2828125 0.225 0.0171875 0.0109375
1 0.2703125 0.2265625 0.01875 0.0234375
1 0.4359375 0.25 0.0296875 0.0234375
0 0.365625 0.2265625 0.0859375 0.065625
0 0.3171875 0.2484375 0.046875 0.065625
1 0.353125 0.19375 0.0125 0.0140625
0 0.2671875 0.2234375 0.0578125 0.0765625
0 0.165625 0.2328125 0.1265625 0.04375
1 0.0953125 0.2765625 0.0125 0.015625
1 0.146875 0.271875 0.0296875 0.03125
1 0.159375 0.2921875 0.0109375 0.0140625
1 0.1734375 0.2671875 0.0078125 0.0125
1 0.1703125 0.30625 0.0171875 0.0203125
1 0.1984375 0.3015625 0.015625 0.015625
1 0.0953125 0.309375 0.003125 0.0078125
0 0.859375 0.1046875 0.265625 0.190625
0 0.68125 0.08359375 0.225 0.1671875
0 0.9765625 0.1328125 0.046875 0.265625
1 0.753125 0.234375 0.046875 0.0421875
1 0.1046875 0.4140625 0.0328125 0.0203125
1 0.184375 0.440625 0.0140625 0.0125
1 0.4 0.3625 0.034375 0.0625
1 0.28125 0.375 0.03125 0.090625
1 0.33125 0.35 0.0359375 0.0390625
1 0.290625 0.35625 0.0375 0.0421875
0 0.353125 0.7546875 0.203125 0.475
0 0.4453125 0.7625 0.01875 0.0078125
0 0.409375 0.7578125 0.0890625 0.078125
0 0.4375 0.8125 0.034375 0.0203125
0 0.43125 0.890625 0.0453125 0.15625
1 0.2984375 0.9171875 0.0140625 0.0203125
1 0.44375 0.98828125 0.021875 0.0234375
1 0.1359375 0.953125 0.0453125 0.0203125
0 0.1328125 0.8078125 0.25625 0.3078125
0 0.03125 0.7875 0.0625 0.278125
1 0.5234375 0.6375 0.0203125 0.0171875
1 0.5296875 0.5203125 0.021875 0.034375
0 0.640625 0.8484375 0.0921875 0.10625
1 0.8046875 0.4046875 0.0140625 0.015625
1 0.8390625 0.546875 0.015625 0.0125
0 0.771875 0.865625 0.1484375 0.10625
1 0.8390625 0.5859375 0.046875 0.046875
0 0.9015625 0.871875 0.0421875 0.109375
1 0.4921875 0.615625 0.028125 0.0234375
1 0.546875 0.4890625 0.015625 0.015625
0 0.4859375 0.346875 0.053125 0.034375
1 0.515625 0.3390625 0.06875 0.01875
0 0.56328125 0.35390625 0.0765625 0.0484375
1 0.6453125 0.34765625 0.040625 0.0359375
1 0.8515625 0.36796875 0.134375 0.0765625
1 0.6875 0.9640625 0.0109375 0.0125
1 0.8640625 0.7875 0.0296875 0.0265625