1 0.246875 0.2171875 0.0546875 0.0578125
1 0.47890625 0.0265625 0.0203125 0.046875
1 0.425 0.1421875 0.0296875 0.0375
1 0.3734375 0.0765625 0.01875 0.015625
1 0.340625 0.084375 0.028125 0.0359375
1 0.2859375 0.0859375 0.0359375 0.03125
1 0.0421875 0.0109375 0.046875 0.021875
1 0.075 0.10625 0.021875 0.0234375
1 0.0203125 0.1546875 0.0359375 0.0625
1 0.2296875 0.390625 0.03125 0.04375
1 0.0234375 0.2515625 0.0140625 0.025
1 0.0671875 0.31875 0.0265625 0.03125
1 0.2859375 0.278125 0.0234375 0.0234375
1 0.34375 0.371875 0.0140625 0.015625
1 0.4046875 0.321875 0.03125 0.0234375
1 0.1109375 0.2140625 0.0234375 0.0234375
1 0.31875 0.040625 0.021875 0.028125
0 0.3421875 0.3 0.075 0.1
0 0.315625 0.165625 0.0890625 0.1234375
0 0.334375 0.23125 0.1203125 0.109375
1 0.78515625 0.0015625 0.0171875 0.003125
1 0.5171875 0.003125 0.015625 0.00625
1 0.53671875 0.0109375 0.0234375 0.021875
1 0.5375 0.0421875 0.015625 0.025
1 0.96875 0.0265625 0.0625 0.046875
1 0.725 0.065625 0.025 0.0109375
1 0.559375 0.0640625 0.021875 0.0171875
1 0.7546875 0.071875 0.0171875 0.0125
1 0.6890625 0.0734375 0.009375 0.0140625
1 0.8296875 0.134375 0.053125 0.0265625
1 0.5390625 0.1828125 0.028125 0.0171875
1 0.5125 0.184375 0.0140625 0.015625
1 0.5859375 0.178125 0.028125 0.0421875
1 0.515625 0.228125 0.0453125 0.0703125
1 0.93125 0.26875 0.0375 0.0421875
1 0.5265625 0.3109375 0.0109375 0.0171875
1 0.8453125 0.321875 0.025 0.0234375
1 0.8015625 0.3328125 0.03125 0.034375
1 0.49296875 0.37578125 0.0078125 0.0140625
1 0.5390625 0.396875 0.0234375 0.0125
1 0.49609375 0.40234375 0.0140625 0.0359375
1 0.7875 0.409375 0.0359375 0.04375
0 0.678125 0.4765625 0.0453125 0.0328125
1 0.93125 0.3453125 0.0390625 0.0125
1 0.96875 0.2265625 0.0265625 0.03125
1 0.7796875 0.3296875 0.01875 0.0265625
1 0.775 0.303125 0.040625 0.046875
1 0.75625 0.31875 0.0140625 0.015625
1 0.7484375 0.30625 0.0109375 0.0203125
0 0.5953125 0.4609375 0.0703125 0.0640625
1 0.5390625 0.1546875 0.0125 0.0171875
0 0.6078125 0.39375 0.10625 0.1453125
1 0.6453125 0.4625 0.0109375 0.0125
0 0.6328125 0.00703125 0.084375 0.0140625
0 0.65390625 0.0265625 0.1265625 0.053125
0 0.6203125 0.0734375 0.0828125 0.0796875
0 0.6703125 0.134375 0.14375 0.0828125
0 0.6671875 0.3625 0.078125 0.059375
0 0.6484375 0.30625 0.0828125 0.05625
0 0.6390625 0.1953125 0.078125 0.0625
0 0.6359375 0.2703125 0.1671875 0.0921875
1 0.5984375 0.2234375 0.021875 0.025
1 0.2953125 0.7796875 0.03125 0.0296875
1 0.1734375 0.8375 0.0125 0.0203125
1 0.2578125 0.8453125 0.03125 0.009375
0 0.1203125 0.8671875 0.1203125 0.1015625
1 0.43125 0.909375 0.0390625 0.03125
1 0.0359375 0.9265625 0.0453125 0.034375
1 0.1546875 0.9265625 0.0140625 0.0140625
1 0.4359375 0.946875 0.040625 0.0203125
1 0.0859375 0.946875 0.0375 0.053125
1 0.134375 0.98125 0.0171875 0.01875
1 0.23515625 0.9765625 0.0546875 0.046875
1 0.3734375 0.99375 0.025 0.0125
1 0.4796875 0.89375 0.01875 0.040625
1 0.48125 0.840625 0.015625 0.084375
1 0.4171875 0.8234375 0.059375 0.040625
1 0.23125 0.7984375 0.028125 0.040625
1 0.18125 0.7921875 0.0390625 0.021875
1 0.98203125 0.725 0.0359375 0.053125
1 0.9921875 0.68203125 0.015625 0.0296875
1 0.903125 0.8859375 0.06875 0.046875
1 0.884375 0.7109375 0.0296875 0.0359375
1 0.853125 0.6265625 0.0484375 0.0578125
1 0.8453125 0.9421875 0.059375 0.0296875
1 0.9796875 0.784375 0.0234375 0.0265625
1 0.915625 0.84375 0.0265625 0.0234375
1 0.73125 0.621875 0.0765625 0.0546875
1 0.6359375 0.60390625 0.04375 0.0296875
1 0.696875 0.66875 0.0453125 0.0390625
1 0.6765625 0.7015625 0.046875 0.0328125
1 0.759375 0.66875 0.0265625 0.04375
1 0.746875 0.7203125 0.0375 0.0546875
1 0.7078125 0.778125 0.0515625 0.0640625
1 0.7546875 0.78125 0.0390625 0.0234375
1 0.7203125 0.8421875 0.1015625 0.065625
1 0.596875 0.7671875 0.0359375 0.0296875
0 0.55078125 0.63671875 0.1234375 0.0953125
0 0.5375 0.709375 0.096875 0.06875
1 0.525 0.8046875 0.0359375 0.0375
1 0.6453125 0.8203125 0.0375 0.0703125
1 0.603125 0.83125 0.04375 0.0578125
1 0.6296875 0.915625 0.1078125 0.0890625
1 0.69375 0.9078125 0.040625 0.0734375
1 0.6671875 0.95 0.0671875 0.0203125
0 0.5421875 0.8875 0.10625 0.146875
1 0.759375 0.903125 0.0671875 0.0453125
1 0.521875 0.9515625 0.0359375 0.0171875