1 0.21640625 0.653125 0.0140625 0.0125
1 0.328125 0.6421875 0.0234375 0.01875
1 0.2203125 0.58125 0.0125 0.0125
1 0.2359375 0.5765625 0.0125 0.015625
1 0.259375 0.546875 0.0203125 0.03125
1 0.265625 0.590625 0.0140625 0.0296875
1 0.3015625 0.5609375 0.0125 0.021875
1 0.33125 0.5765625 0.0203125 0.0078125
1 0.321875 0.55 0.0078125 0.01875
1 0.34375 0.5390625 0.0078125 0.01875
1 0.3625 0.565625 0.0203125 0.028125
1 0.3375 0.5 0.015625 0.0125
1 0.4109375 0.5234375 0.015625 0.01875
1 0.4203125 0.5703125 0.0234375 0.03125
1 0.4171875 0.596875 0.0125 0.015625
1 0.25625 0.58125 0.0109375 0.00625
1 0.2140625 0.596875 0.009375 0.0109375
1 0.384375 0.478125 0.009375 0.0125
1 0.4 0.484375 0.0125 0.01875
1 0.43125 0.546875 0.0171875 0.0125
1 0.4421875 0.5765625 0.0125 0.009375
1 0.2203125 0.49375 0.0203125 0.025
1 0.2265625 0.4625 0.0125 0.0234375
1 0.275 0.4375 0.0109375 0.021875
1 0.4296875 0.43125 0.0140625 0.025
1 0.44765625 0.4203125 0.0046875 0.015625
1 0.221875 0.3046875 0.0140625 0.015625
1 0.240625 0.3015625 0.0203125 0.015625
1 0.21875 0.2515625 0.01875 0.0140625
1 0.2625 0.296875 0.03125 0.0390625
1 0.2734375 0.328125 0.015625 0.025
1 0.2640625 0.3890625 0.0109375 0.0109375
1 0.2796875 0.2421875 0.015625 0.01875
1 0.271875 0.1890625 0.021875 0.025
1 0.28125 0.165625 0.0125 0.0125
1 0.215625 0.1671875 0.0109375 0.0265625
1 0.2359375 0.121875 0.0234375 0.015625
1 0.3203125 0.303125 0.0265625 0.0140625
1 0.3078125 0.26875 0.0171875 0.0265625
1 0.3265625 0.1921875 0.0171875 0.0109375
1 0.340625 0.2890625 0.0421875 0.01875
1 0.34375 0.309375 0.0125 0.0078125
1 0.3296875 0.26875 0.00625 0.0203125
1 0.3640625 0.2453125 0.0203125 0.0125
1 0.35625 0.2734375 0.03125 0.0375
1 0.4265625 0.2359375 0.0234375 0.015625
1 0.35 0.140625 0.0109375 0.0140625
1 0.3421875 0.125 0.0140625 0.0125
1 0.3609375 0.1171875 0.0296875 0.0171875
1 0.384375 0.16875 0.0140625 0.021875
1 0.4453125 0.18515625 0.009375 0.0328125
1 0.4453125 0.1609375 0.009375 0.025
1 0.2140625 0.0953125 0.00625 0.009375
1 0.2171875 0.021875 0.0109375 0.01875
1 0.26171875 0.0046875 0.0171875 0.009375
1 0.259375 0.078125 0.021875 0.0203125
1 0.271875 0.0984375 0.0375 0.040625
1 0.3046875 0.08125 0.01875 0.0265625
1 0.3265625 0.1125 0.0125 0.015625
1 0.3015625 0.04375 0.025 0.0171875
1 0.35 0.071875 0.0125 0.0140625
1 0.378125 0.0953125 0.0234375 0.0171875
1 0.3328125 0.0609375 0.034375 0.0328125
1 0.390625 0.025 0.028125 0.0296875
1 0.43359375 0.0453125 0.0328125 0.046875
1 0.378125 0.5203125 0.0125 0.0125
1 0.4203125 0.121875 0.003125 0.0078125
1 0.40625 0.1234375 0.0109375 0.009375
1 0.434375 0.1390625 0.0109375 0.0078125
0 0.55625 0.203125 0.096875 0.0859375
1 0.625 0.165625 0.0375 0.0609375
1 0.6453125 0.196875 0.04375 0.040625
0 0.7140625 0.1953125 0.075 0.1640625
1 0.8109375 0.275 0.0265625 0.025
0 0.871875 0.2203125 0.125 0.1125
1 0.834375 0.2296875 0.015625 0.015625
0 0.928125 0.2078125 0.0671875 0.1359375
1 0.9171875 0.5015625 0.05625 0.0390625
1 0.928125 0.4359375 0.0359375 0.0359375
1 0.8640625 0.5015625 0.0328125 0.0546875
1 0.834375 0.528125 0.0640625 0.0578125
1 0.8234375 0.4 0.0328125 0.0296875
1 0.875 0.4203125 0.0234375 0.025
1 0.77421875 0.64453125 0.0453125 0.0296875
1 0.6671875 0.4953125 0.028125 0.0265625
1 0.653125 0.509375 0.028125 0.0328125
1 0.6140625 0.4875 0.03125 0.0140625
1 0.5796875 0.4765625 0.0265625 0.03125
1 0.6359375 0.465625 0.021875 0.01875
1 0.5796875 0.4125 0.025 0.0328125
1 0.615625 0.4015625 0.0234375 0.01875
1 0.465625 0.33515625 0.03125 0.0328125
1 0.46015625 0.48515625 0.0203125 0.0328125
1 0.7046875 0.4046875 0.025 0.0296875
1 0.6609375 0.39375 0.0171875 0.0234375
1 0.2515625 0.9875 0.0625 0.025
1 0.146875 0.9765625 0.0171875 0.034375
1 0.38125 0.9734375 0.0484375 0.0390625
1 0.1703125 0.946875 0.021875 0.021875
1 0.44609375 0.86796875 0.0078125 0.0421875
1 0.43828125 0.925 0.0234375 0.04375
1 0.415625 0.853125 0.034375 0.040625
1 0.4015625 0.9 0.0453125 0.053125
1 0.371875 0.725 0.0515625 0.0421875
1 0.425 0.696875 0.0453125 0.0640625
1 0.3296875 0.6828125 0.0234375 0.04375
1 0.2421875 0.7671875 0.0421875 0.046875
1 0.1390625 0.746875 0.0125 0.0296875
0 0.240625 0.8828125 0.14375 0.1109375
0 0.1703125 0.86875 0.071875 0.15
0 0.33125 0.8921875 0.1515625 0.121875
1 0.2828125 0.7734375 0.0328125 0.0234375
1 0.20625 0.6765625 0.0296875 0.034375
1 0.4171875 0.8015625 0.0453125 0.0453125
1 0.334375 0.7359375 0.0234375 0.0390625
1 0.84375 0.7359375 0.0328125 0.0421875
0 0.8125 0.878125 0.1140625 0.2
1 0.7515625 0.7015625 0.0125 0.0171875
1 0.746875 0.784375 0.0359375 0.0140625
1 0.678125 0.846875 0.0234375 0.025
1 0.6265625 0.6671875 0.05625 0.015625
1 0.575 0.740625 0.021875 0.0203125
1 0.453125 0.70234375 0.00625 0.0171875
1 0.7484375 0.8703125 0.1109375 0.16875
1 0.6859375 0.8859375 0.034375 0.040625
0 0.50546875 0.87578125 0.1109375 0.1609375
0 0.6 0.8828125 0.1296875 0.1828125