1 0.2671875 0.2734375 0.0171875 0.0125
1 0.5046875 0.35 0.009375 0.0140625
1 0.3609375 0.325 0.0234375 0.0265625
0 0.7515625 0.3203125 0.134375 0.178125
0 0.803125 0.2671875 0.046875 0.0703125
1 0.096875 0.79375 0.015625 0.0234375
1 0.3140625 0.77421875 0.009375 0.0328125
1 0.00859375 0.7625 0.0171875 0.015625
1 0.1265625 0.7453125 0.0125 0.0234375
1 0.0484375 0.6765625 0.040625 0.0125
1 0.2953125 0.6640625 0.0359375 0.046875
1 0.1078125 0.6421875 0.025 0.0453125
1 0.240625 0.5828125 0.0140625 0.0234375
1 0.2046875 0.528125 0.0234375 0.015625
1 0.0359375 0.46875 0.01875 0.0375
1 0.00703125 0.4828125 0.0140625 0.040625
1 0.053125 0.778125 0.053125 0.05625
1 0.2140625 0.4625 0.01875 0.025
1 0.2046875 0.478125 0.028125 0.0171875
1 0.221875 0.521875 0.0171875 0.0125
1 0.94375 0.809375 0.0234375 0.0203125
0 0.471875 0.8921875 0.175 0.05625
0 0.478125 0.834375 0.103125 0.096875
0 0.475 0.7234375 0.1703125 0.1671875
0 0.4890625 0.6046875 0.0609375 0.090625
0 0.521875 0.521875 0.1 0.109375
0 0.4796875 0.44140625 0.090625 0.0640625
1 0.5734375 0.75625 0.021875 0.015625
1 0.7234375 0.8671875 0.0375 0.028125
1 0.7390625 0.7109375 0.0203125 0.025
1 0.7046875 0.7203125 0.0265625 0.015625
1 0.671875 0.725 0.0171875 0.021875
1 0.646875 0.6515625 0.0140625 0.015625
1 0.61875 0.5796875 0.0125 0.0234375
1 0.6265625 0.58125 0.0109375 0.015625
1 0.640625 0.584375 0.0125 0.01875
1 0.81875 0.48125 0.025 0.021875
1 0.8125 0.5125 0.0234375 0.025
1 0.825 0.521875 0.015625 0.0234375
1 0.784375 0.553125 0.0265625 0.03125
1 0.7890625 0.584375 0.028125 0.015625
1 0.7921875 0.5921875 0.0328125 0.0203125
1 0.8078125 0.6046875 0.034375 0.0234375
1 0.8328125 0.5921875 0.0203125 0.01875
1 0.8703125 0.628125 0.01875 0.0109375
1 0.81875 0.6578125 0.04375 0.04375
1 0.7765625 0.6390625 0.0296875 0.0296875
1 0.7765625 0.7609375 0.021875 0.0234375
1 0.825 0.775 0.015625 0.015625
1 0.8125 0.759375 0.015625 0.015625
1 0.98359375 0.5140625 0.0328125 0.14375
0 0.97578125 0.6796875 0.0484375 0.0625
0 0.98125 0.746875 0.0375 0.08125
1 0.9578125 0.7421875 0.0125 0.0140625
0 0.98515625 0.8390625 0.0296875 0.0875
0 0.97578125 0.89375 0.0484375 0.05
1 0.984375 0.44375 0.0296875 0.0203125