1 0.32265625 0.3921875 0.0140625 0.040625
1 0.30625 0.5109375 0.0359375 0.0421875
1 0.296875 0.55 0.021875 0.0265625
1 0.2953125 0.5734375 0.0234375 0.0140625
1 0.2296875 0.578125 0.0421875 0.0359375
1 0.2546875 0.5375 0.021875 0.0203125
1 0.121875 0.5875 0.0203125 0.0203125
1 0.175 0.5078125 0.0375 0.01875
1 0.2015625 0.4421875 0.028125 0.0359375
1 0.15 0.4203125 0.05625 0.0640625
1 0.103125 0.4109375 0.0296875 0.034375
1 0.0875 0.503125 0.0421875 0.03125
1 0.1046875 0.4640625 0.0265625 0.0265625
1 0.2484375 0.3734375 0.0171875 0.025
1 0.26875 0.4421875 0.0203125 0.034375
1 0.3265625 0.5625 0.00625 0.025
1 0.28203125 0.0109375 0.0140625 0.021875
1 0.325 0.0234375 0.009375 0.015625
1 0.21875 0.071875 0.0203125 0.0171875
1 0.11875 0.0953125 0.0171875 0.025
0 0.31015625 0.18828125 0.0390625 0.1640625
0 0.253125 0.1953125 0.096875 0.1359375
1 0.1625 0.1453125 0.09375 0.046875
0 0.1703125 0.203125 0.140625 0.0765625
1 0.0890625 0.1265625 0.05 0.028125
0 0.090625 0.1734375 0.0546875 0.1203125
1 0.1109375 0.2328125 0.05625 0.0796875
1 0.4203125 0.334375 0.01875 0.0203125
1 0.390625 0.4234375 0.0859375 0.10625
1 0.4703125 0.4203125 0.0203125 0.021875
1 0.421875 0.2625 0.140625 0.1453125
1 0.5046875 0.534375 0.0328125 0.0203125
1 0.4953125 0.346875 0.0265625 0.04375
1 0.5203125 0.5859375 0.00625 0.0265625
1 0.5078125 0.55625 0.0515625 0.0234375
1 0.571875 0.559375 0.028125 0.0171875
1 0.5453125 0.334375 0.065625 0.06875
1 0.5984375 0.23125 0.015625 0.009375
1 0.6109375 0.4890625 0.01875 0.0296875
1 0.6140625 0.278125 0.0390625 0.0546875
1 0.715625 0.503125 0.025 0.01875
1 0.7578125 0.0328125 0.0171875 0.0203125
1 0.765625 0.2390625 0.0265625 0.028125
1 0.7875 0.36875 0.0125 0.0203125
1 0.8078125 0.090625 0.0140625 0.0125
1 0.7765625 0.43125 0.08125 0.0625
1 0.8125 0.4 0.0265625 0.0390625
1 0.81875 0.5078125 0.0296875 0.0296875
1 0.8171875 0.471875 0.0359375 0.0390625
0 0.39609375 0.09609375 0.1328125 0.1859375
1 0.4703125 0.115625 0.028125 0.03125
1 0.8 0.1421875 0.0203125 0.0265625
1 0.8203125 0.225 0.0296875 0.053125
0 0.8203125 0.16875 0.028125 0.0734375
0 0.7328125 0.11875 0.1765625 0.1984375
0 0.5984375 0.103125 0.128125 0.121875
1 0.60625 0.3671875 0.0125 0.01875
1 0.3859375 0.3390625 0.0203125 0.028125
1 0.4484375 0.3375 0.028125 0.0140625
1 0.46875 0.2953125 0.021875 0.0171875
1 0.4828125 0.246875 0.009375 0.015625
1 0.51875 0.2546875 0.0140625 0.00625
1 0.5390625 0.4203125 0.05 0.04375
1 0.634375 0.459375 0.0234375 0.0234375
1 0.6796875 0.4359375 0.01875 0.021875
1 0.33359375 0.3140625 0.0078125 0.040625
1 0.6953125 0.478125 0.0171875 0.0234375
1 0.6625 0.4703125 0.0390625 0.059375
1 0.6828125 0.4765625 0.015625 0.0109375
1 0.775 0.5515625 0.028125 0.0171875
1 0.75 0.58125 0.0203125 0.0171875
1 0.7390625 0.5703125 0.0234375 0.05625
1 0.71953125 0.59140625 0.0546875 0.0171875
0 0.28828125 0.65546875 0.0828125 0.1109375
1 0.3 0.76328125 0.059375 0.0734375
1 0.21875 0.6234375 0.01875 0.046875
1 0.26875 0.69375 0.0515625 0.0390625
1 0.2484375 0.7109375 0.0390625 0.05
1 0.2484375 0.771875 0.078125 0.09375
1 0.221875 0.646875 0.025 0.028125
1 0.2375 0.66875 0.0390625 0.034375
1 0.2140625 0.675 0.009375 0.0203125
1 0.2515625 0.6640625 0.025 0.0265625
1 0.27734375 0.99140625 0.0453125 0.0171875
1 0.2953125 0.83125 0.0125 0.03125
1 0.240625 0.8421875 0.0625 0.071875
1 0.2234375 0.934375 0.028125 0.0375
1 0.2203125 0.9609375 0.0234375 0.0234375
1 0.2234375 0.9765625 0.028125 0.025
1 0.2953125 0.8765625 0.0328125 0.0125
1 0.22421875 0.9953125 0.0328125 0.009375
1 0.2640625 0.9640625 0.0484375 0.04375
1 0.25 0.896875 0.021875 0.0171875
1 0.2546875 0.9234375 0.0265625 0.0296875
1 0.2875 0.896875 0.0640625 0.05
1 0.29140625 0.90859375 0.0765625 0.1046875
1 0.296875 0.8890625 0.021875 0.0125
1 0.28125 0.8296875 0.0234375 0.009375
1 0.9859375 0.66875 0.028125 0.034375
1 0.9859375 0.715625 0.028125 0.05
1 0.978125 0.61171875 0.01875 0.0234375
1 0.9703125 0.6234375 0.0265625 0.01875
1 0.9265625 0.6421875 0.0453125 0.0453125
1 0.88125 0.6296875 0.0828125 0.059375
1 0.896875 0.609375 0.1125 0.01875
1 0.93359375 0.6078125 0.0140625 0.015625
1 0.74296875 0.61875 0.0484375 0.0375
1 0.65625 0.746875 0.03125 0.0265625
0 0.60625 0.7296875 0.084375 0.084375
0 0.5703125 0.78125 0.0125 0.025
1 0.796875 0.6625 0.021875 0.015625
1 0.703125 0.6984375 0.059375 0.0859375
1 0.7796875 0.76875 0.0390625 0.0515625
0 0.7359375 0.759375 0.1234375 0.20625
1 0.9875 0.74453125 0.025 0.0484375
1 0.9453125 0.8296875 0.0171875 0.0078125
1 0.93125 0.8515625 0.0234375 0.0234375
0 0.9390625 0.7640625 0.0453125 0.096875
1 0.98984375 0.86015625 0.0203125 0.0453125
1 0.98828125 0.91796875 0.0234375 0.0328125
1 0.96875 0.921875 0.0375 0.0171875
1 0.9640625 0.8921875 0.046875 0.0421875
1 0.928125 0.8890625 0.034375 0.046875
1 0.9109375 0.921875 0.078125 0.059375
1 0.8765625 0.95625 0.0203125 0.015625
1 0.9046875 0.959375 0.0796875 0.0421875
1 0.809375 0.9421875 0.1265625 0.0984375
1 0.796875 0.8859375 0.0796875 0.0921875
1 0.740625 0.9125 0.0453125 0.0359375
1 0.7484375 0.940625 0.03125 0.0171875
1 0.7046875 0.9234375 0.0125 0.015625
1 0.7140625 0.97421875 0.03125 0.0515625
1 0.70078125 0.990625 0.0171875 0.01875
1 0.74375 0.9875 0.046875 0.025
1 0.6296875 0.86875 0.0234375 0.0171875
1 0.603125 0.890625 0.025 0.0453125
1 0.5796875 0.8984375 0.0328125 0.0578125
0 0.8453125 0.7875 0.1046875 0.0875
0 0.8796875 0.7453125 0.1359375 0.090625