1 0.1828125 0.3390625 0.025 0.03125
1 0.153125 0.45625 0.05 0.059375
1 0.1875 0.203125 0.0171875 0.028125
1 0.25 0.1703125 0.034375 0.028125
1 0.421875 0.346875 0.0125 0.0125
1 0.4140625 0.4046875 0.0453125 0.0390625
1 0.5921875 0.48125 0.0171875 0.0140625
1 0.509375 0.3546875 0.0640625 0.021875
1 0.465625 0.1703125 0.0140625 0.015625
0 0.3828125 0.440625 0.325 0.35625
0 0.47421875 0.55703125 0.2703125 0.1234375
0 0.45546875 0.20625 0.3078125 0.128125
0 0.4359375 0.159375 0.0953125 0.0328125
0 0.5 0.1578125 0.0140625 0.0296875
0 0.525 0.153125 0.0125 0.021875
1 0.48125 0.3046875 0.0390625 0.015625
1 0.290625 0.215625 0.0359375 0.0140625
1 0.8125 0.146875 0.0359375 0.0328125
1 0.809375 0.0984375 0.01875 0.0140625
1 0.790625 0.059375 0.025 0.015625
1 0.8546875 0.0265625 0.01875 0.01875
1 0.890625 0.025 0.0203125 0.0140625
1 0.85 0.2375 0.0140625 0.0234375
1 0.6625 0.234375 0.025 0.0234375
1 0.771875 0.503125 0.0234375 0.03125
0 0.9765625 0.5078125 0.0359375 0.0671875
1 0.9640625 0.146875 0.021875 0.0203125
0 0.9828125 0.07890625 0.034375 0.1265625
0 0.95390625 0.2578125 0.0921875 0.31875
0 0.9734375 0.359375 0.053125 0.2625
1 0.5390625 0.771875 0.015625 0.01875
0 0.45078125 0.82890625 0.1921875 0.3421875
1 0.2484375 0.6921875 0.034375 0.0390625
1 0.1703125 0.6796875 0.01875 0.0375
1 0.3703125 0.9875 0.040625 0.025
1 0.05625 0.659375 0.040625 0.0296875
1 0.05 0.6828125 0.028125 0.0203125
0 0.8703125 0.753125 0.259375 0.121875
0 0.91796875 0.828125 0.1640625 0.13125
0 0.93046875 0.9671875 0.1390625 0.065625
1 0.6859375 0.7703125 0.0296875 0.021875
1 0.71875 0.821875 0.0296875 0.0171875
1 0.9859375 0.9046875 0.0125 0.015625