1 0.0828125 0.003125 0.021875 0.00625
1 0.34375 0.0203125 0.0234375 0.021875
1 0.365625 0.1078125 0.0234375 0.0265625
1 0.2546875 0.1140625 0.0265625 0.028125
1 0.203125 0.0171875 0.0171875 0.025
1 0.121875 0.025 0.0203125 0.0171875
1 0.1203125 0.1171875 0.021875 0.021875
1 0.0953125 0.13125 0.021875 0.0171875
1 0.0828125 0.1125 0.0234375 0.015625
1 0.0640625 0.1234375 0.0203125 0.025
1 0.028125 0.1015625 0.0234375 0.028125
1 0.04375 0.1296875 0.0375 0.034375
1 0.009375 0.125 0.015625 0.0171875
1 0.0046875 0.13203125 0.009375 0.0171875
1 0.3671875 0.1921875 0.01875 0.0171875
1 0.340625 0.3015625 0.0234375 0.021875
1 0.375 0.3 0.021875 0.021875
1 0.3828125 0.315625 0.0203125 0.0140625
1 0.3515625 0.3546875 0.009375 0.0140625
1 0.275 0.2234375 0.01875 0.0203125
1 0.20625 0.1859375 0.0234375 0.028125
1 0.15625 0.2953125 0.015625 0.015625
1 0.0890625 0.2 0.021875 0.0140625
1 0.38125 0.3234375 0.0234375 0.0140625
0 0.37421875 0.365625 0.0359375 0.046875
0 0.31640625 0.3703125 0.0703125 0.0375
0 0.2421875 0.3609375 0.0625 0.05625
0 0.15625 0.35703125 0.09375 0.0640625
0 0.07734375 0.353125 0.1015625 0.071875
1 0.1265625 0.36796875 0.03125 0.0421875
1 0.046875 0.36875 0.0484375 0.034375
1 0.2484375 0.1828125 0.0125 0.0203125
1 0.171875 0.1828125 0.01875 0.0125
1 0.953125 0.08125 0.03125 0.025
1 0.875 0.025 0.03125 0.03125
1 0.8484375 0.0328125 0.0140625 0.0203125
1 0.8375 0.1 0.0328125 0.040625
1 0.8140625 0.16875 0.0234375 0.01875
1 0.88125 0.2546875 0.015625 0.015625
1 0.8828125 0.290625 0.0265625 0.015625
1 0.85 0.2890625 0.025 0.0296875
1 0.8296875 0.309375 0.01875 0.0234375
1 0.8671875 0.3421875 0.040625 0.0375
1 0.71796875 0.37109375 0.0328125 0.0359375
1 0.9671875 0.340625 0.065625 0.059375
1 0.9703125 0.3765625 0.025 0.025
1 0.8125 0.2265625 0.015625 0.0234375
1 0.728125 0.2859375 0.0734375 0.05625
1 0.7125 0.259375 0.01875 0.0171875
1 0.68125 0.2625 0.0578125 0.0328125
0 0.6890625 0.178125 0.0859375 0.2015625
1 0.7671875 0.0828125 0.05 0.08125
1 0.99765625 0.378125 0.0046875 0.021875
0 0.859375 0.184375 0.103125 0.1265625
0 0.93125 0.21875 0.0796875 0.09375
1 0.05 0.61875 0.0078125 0.00625
1 0.0609375 0.5328125 0.0171875 0.0234375
0 0.07421875 0.8203125 0.0890625 0.359375
1 0.1359375 0.5796875 0.028125 0.0125
1 0.1578125 0.528125 0.009375 0.00625
1 0.1375 0.99140625 0.053125 0.0171875
1 0.1984375 0.95625 0.0078125 0.009375
1 0.1953125 0.5515625 0.0171875 0.0140625
1 0.2171875 0.5484375 0.0140625 0.0140625
1 0.2046875 0.509375 0.0515625 0.0546875
1 0.25 0.4984375 0.0125 0.0265625
1 0.3078125 0.9921875 0.03125 0.015625
1 0.321875 0.890625 0.015625 0.0140625
1 0.3578125 0.9375 0.065625 0.053125
1 0.425 0.43828125 0.009375 0.0390625
1 0.2828125 0.5265625 0.053125 0.04375
1 0.121875 0.7796875 0.0328125 0.034375
1 0.1296875 0.75625 0.0296875 0.01875
1 0.1953125 0.69375 0.040625 0.0265625
0 0.3171875 0.7546875 0.225 0.246875
0 0.2421875 0.7625 0.2421875 0.41875
0 0.7625 0.9015625 0.0875 0.1296875
1 0.925 0.8296875 0.0109375 0.0109375
0 0.8859375 0.8953125 0.1265625 0.1328125
1 0.8109375 0.68125 0.0203125 0.025
1 0.8359375 0.684375 0.021875 0.0359375
1 0.7734375 0.69375 0.0203125 0.025
1 0.7078125 0.775 0.028125 0.0203125
1 0.8078125 0.83125 0.028125 0.0234375
1 0.7125 0.625 0.025 0.0265625
1 0.8625 0.6921875 0.01875 0.015625
1 0.896875 0.7203125 0.0265625 0.025
1 0.778125 0.640625 0.0125 0.025
1 0.8828125 0.5 0.025 0.025
1 0.54375 0.6359375 0.0390625 0.0296875
1 0.5578125 0.696875 0.01875 0.0296875
1 0.534375 0.715625 0.025 0.0234375
0 0.6109375 0.9078125 0.0890625 0.134375
0 0.5234375 0.9109375 0.10625 0.1671875
1 0.46875 0.90625 0.028125 0.0234375
0 0.4875 0.40859375 0.115625 0.0390625
0 0.5875 0.4078125 0.159375 0.0375
0 0.809375 0.43828125 0.240625 0.0984375