1 0.140625 0.6234375 0.040625 0.06875
1 0.17421875 0.6515625 0.0328125 0.034375
0 0.1328125 0.5078125 0.0234375 0.06875
0 0.2109375 0.5546875 0.115625 0.1953125
0 0.234375 0.5578125 0.0890625 0.0796875
1 0.2625 0.64375 0.0171875 0.0203125
0 0.315625 0.55 0.1 0.2078125
1 0.38125 0.53125 0.0125 0.021875
1 0.3890625 0.5765625 0.0078125 0.0234375
1 0.3734375 0.609375 0.0265625 0.05
0 0.40625 0.58515625 0.046875 0.1078125
1 0.2375 0.359375 0.0390625 0.034375
1 0.2890625 0.365625 0.0140625 0.0171875
1 0.3046875 0.3609375 0.0234375 0.0234375
1 0.3203125 0.2703125 0.0640625 0.0625
1 0.3921875 0.278125 0.0296875 0.03125
1 0.42109375 0.3171875 0.0171875 0.0125
1 0.21875 0.13125 0.0234375 0.0125
1 0.246875 0.1359375 0.0234375 0.028125
1 0.315625 0.0828125 0.0203125 0.015625
1 0.346875 0.0859375 0.03125 0.0265625
1 0.42109375 0.1453125 0.0171875 0.01875
1 0.4109375 0.1265625 0.034375 0.0265625
1 0.1859375 0.0171875 0.0140625 0.0296875
0 0.2390625 0.03671875 0.140625 0.0734375
1 0.275 0.0078125 0.0265625 0.015625
1 0.2953125 0.0171875 0.0234375 0.0078125
0 0.1921875 0.0578125 0.09375 0.0921875
0 0.3265625 0.040625 0.1046875 0.0640625
0 0.38984375 0.05234375 0.0796875 0.1046875
0 0.40234375 0.0296875 0.0546875 0.059375
1 0.49375 0.65 0.03125 0.009375
1 0.5921875 0.634375 0.0171875 0.0296875
1 0.64375 0.5859375 0.028125 0.0265625
1 0.765625 0.559375 0.0203125 0.0265625
1 0.65 0.4390625 0.0265625 0.0109375
1 0.596875 0.43125 0.021875 0.0171875
1 0.703125 0.540625 0.028125 0.0140625
1 0.8421875 0.4 0.0515625 0.0703125
1 0.89140625 0.65 0.0234375 0.0375
1 0.9265625 0.50625 0.025 0.0203125
1 0.921875 0.4859375 0.0203125 0.0234375
1 0.8390625 0.5625 0.021875 0.0234375
1 0.8546875 0.5484375 0.025 0.025
1 0.9 0.6328125 0.0125 0.0265625
1 0.5234375 0.328125 0.028125 0.0125
1 0.659375 0.321875 0.0359375 0.0421875
1 0.69375 0.2921875 0.0296875 0.0140625
1 0.796875 0.2515625 0.0484375 0.0296875
1 0.80625 0.346875 0.015625 0.0203125
1 0.915625 0.2265625 0.0390625 0.025
1 0.5453125 0.23125 0.0171875 0.0078125
1 0.6546875 0.259375 0.0203125 0.0171875
1 0.8421875 0.2578125 0.0234375 0.0234375
1 0.85625 0.309375 0.0375 0.034375
1 0.9171875 0.4046875 0.059375 0.090625
1 0.8859375 0.334375 0.0484375 0.0390625
1 0.828125 0.203125 0.0203125 0.021875
1 0.43671875 0.16171875 0.0140625 0.0328125
0 0.44296875 0.1140625 0.0265625 0.065625
1 0.4625 0.1234375 0.0234375 0.0296875
1 0.48125 0.1078125 0.0203125 0.03125
0 0.5046875 0.1140625 0.06875 0.1484375
1 0.578125 0.0328125 0.0296875 0.025
1 0.58125 0.1421875 0.059375 0.06875
0 0.5890625 0.084375 0.1109375 0.0875
1 0.546875 0.1640625 0.015625 0.0171875
0 0.684375 0.1375 0.1109375 0.128125
1 0.7453125 0.125 0.0640625 0.040625
1 0.7875 0.1609375 0.021875 0.015625
1 0.778125 0.121875 0.0203125 0.015625
1 0.753125 0.1 0.0484375 0.0390625
0 0.8203125 0.115625 0.1453125 0.1125
1 0.828125 0.0640625 0.015625 0.028125
1 0.875 0.0515625 0.034375 0.0328125
1 0.86875 0.0296875 0.0171875 0.015625
0 0.8890625 0.1109375 0.115625 0.115625
0 0.321875 0.825 0.1890625 0.090625
0 0.18515625 0.70625 0.1328125 0.075
1 0.3203125 0.690625 0.046875 0.040625
1 0.334375 0.746875 0.065625 0.0671875
1 0.3484375 0.875 0.053125 0.0515625
1 0.3515625 0.9625 0.04375 0.0265625
1 0.3140625 0.9234375 0.021875 0.03125
1 0.253125 0.890625 0.0171875 0.040625
1 0.22265625 0.98125 0.0390625 0.0375
1 0.178125 0.9703125 0.0546875 0.0484375
1 0.0203125 0.95234375 0.040625 0.0890625
1 0.403125 0.884375 0.028125 0.0359375
1 0.0890625 0.69296875 0.046875 0.0484375
1 0.109375 0.7453125 0.0484375 0.028125
1 0.1859375 0.7546875 0.0390625 0.0390625
1 0.03125 0.67265625 0.025 0.0078125
1 0.00703125 0.68203125 0.0140625 0.0265625
1 0.1359375 0.95 0.03125 0.025
0 0.2015625 0.821875 0.0734375 0.140625
0 0.09375 0.8265625 0.1609375 0.1375
1 0.9109375 0.96875 0.025 0.015625
1 0.9 0.8046875 0.034375 0.03125
1 0.8828125 0.834375 0.046875 0.0359375
1 0.871875 0.946875 0.05625 0.05625
1 0.8359375 0.8015625 0.0265625 0.025
1 0.8296875 0.85 0.0484375 0.0421875
1 0.73671875 0.6734375 0.0234375 0.009375
1 0.7 0.840625 0.01875 0.01875
0 0.696875 0.7171875 0.0671875 0.0484375
1 0.575 0.9328125 0.0359375 0.0171875
1 0.5484375 0.8328125 0.04375 0.059375
1 0.4921875 0.68125 0.00625 0.025
1 0.80625 0.9015625 0.0359375 0.0296875
1 0.828125 0.784375 0.0140625 0.0109375
1 0.8703125 0.78125 0.01875 0.01875
1 0.909375 0.7875 0.0234375 0.021875
1 0.9671875 0.8609375 0.01875 0.0125
1 0.69453125 0.98046875 0.0296875 0.0390625
1 0.6875 0.9390625 0.0359375 0.0578125
1 0.6609375 0.8375 0.0421875 0.065625
1 0.634375 0.8390625 0.025 0.034375
1 0.7546875 0.853125 0.015625 0.0125
1 0.609375 0.9671875 0.0140625 0.0109375
1 0.9890625 0.8015625 0.015625 0.015625
0 0.98828125 0.72109375 0.0234375 0.1046875
1 0.9046875 0.675 0.009375 0.0125
1 0.88203125 0.6703125 0.0203125 0.003125
0 0.940625 0.721875 0.109375 0.084375
1 0.83515625 0.67421875 0.0296875 0.0109375
0 0.765625 0.715625 0.1078125 0.05625
1 0.5484375 0.7296875 0.0203125 0.0265625
0 0.6296875 0.7203125 0.0453125 0.053125
0 0.565625 0.7234375 0.11875 0.046875
1 0.50390625 0.675 0.0328125 0.0125