0 0.075 0.0625 0.00625 0.0234375
1 0.0828125 0.371875 0.0234375 0.04375
1 0.0859375 0.3234375 0.028125 0.021875
1 0.1078125 0.0078125 0.0203125 0.0078125
1 0.1015625 0.1 0.0421875 0.0375
1 0.19375 0.315625 0.0234375 0.0234375
1 0.203125 0.375 0.0265625 0.0296875
1 0.2 0.040625 0.025 0.0203125
1 0.2171875 0.2484375 0.0140625 0.0078125
1 0.2171875 0.09375 0.0390625 0.021875
1 0.265625 0.103125 0.009375 0.021875
1 0.2734375 0.425 0.0390625 0.0296875
1 0.2859375 0.3453125 0.0328125 0.0265625
1 0.31796875 0.25234375 0.0234375 0.0640625
1 0.2828125 0.03125 0.0484375 0.0453125
0 0.2046875 0.01484375 0.165625 0.0296875
1 0.1484375 0.140625 0.025 0.034375
1 0.2015625 0.228125 0.01875 0.0234375
1 0.184375 0.2375 0.046875 0.040625
1 0.1171875 0.253125 0.04375 0.0421875
1 0.1078125 0.21875 0.0296875 0.03125
0 0.22109375 0.46953125 0.1390625 0.0796875
1 0.3234375 0.01640625 0.0125 0.0234375
1 0.32421875 0.12265625 0.0109375 0.0203125
1 0.2984375 0.20625 0.01875 0.021875
1 0.2984375 0.1796875 0.0171875 0.01875
1 0.28125 0.375 0.0390625 0.025
1 0.20625 0.41875 0.0203125 0.0296875
1 0.0796875 0.49453125 0.015625 0.0296875
1 0.5328125 0.23125 0.0234375 0.0203125
1 0.6375 0.384375 0.0171875 0.01875
1 0.675 0.4265625 0.0140625 0.0140625
1 0.7015625 0.4859375 0.0203125 0.0140625
1 0.7515625 0.371875 0.0171875 0.0296875
1 0.8015625 0.3359375 0.0078125 0.01875
1 0.803125 0.38125 0.0375 0.028125
1 0.8609375 0.4171875 0.0140625 0.0140625
1 0.90625 0.2421875 0.0265625 0.025
1 0.56875 0.0015625 0.009375 0.003125
1 0.5734375 0.0703125 0.090625 0.0734375
0 0.5234375 0.184375 0.1484375 0.15625
1 0.521875 0.121875 0.075 0.0515625
1 0.6796875 0.2359375 0.0265625 0.0234375
1 0.609375 0.18125 0.015625 0.025
0 0.6390625 0.1609375 0.0875 0.1265625
1 0.6671875 0.1203125 0.053125 0.0984375
1 0.7265625 0.1046875 0.090625 0.0453125
1 0.721875 0.1453125 0.028125 0.021875
1 0.784375 0.10625 0.0515625 0.05
0 0.6890625 0.196875 0.01875 0.04375
0 0.796875 0.14375 0.1828125 0.175
1 0.9453125 0.078125 0.04375 0.0796875
0 0.91875 0.1640625 0.0953125 0.1890625
1 0.2796875 0.56875 0.0625 0.05625
1 0.2578125 0.6296875 0.0234375 0.046875
1 0.21875 0.7765625 0.0265625 0.0328125
1 0.2828125 0.946875 0.05 0.0640625
1 0.32265625 0.7265625 0.0140625 0.015625
1 0.809375 0.525 0.034375 0.03125
1 0.6859375 0.5640625 0.0078125 0.0234375
1 0.725 0.6390625 0.0734375 0.0390625
1 0.521875 0.51953125 0.025 0.0203125
1 0.4328125 0.6359375 0.0125 0.0140625
1 0.3703125 0.640625 0.04375 0.053125
0 0.75703125 0.82890625 0.1609375 0.3421875
0 0.6671875 0.8515625 0.325 0.2828125
0 0.4796875 0.87734375 0.3 0.2453125
0 0.42890625 0.88125 0.1984375 0.2375
1 0.390625 0.8 0.015625 0.015625
1 0.4640625 0.7671875 0.021875 0.015625
1 0.6890625 0.79375 0.034375 0.0171875
1 0.646875 0.79375 0.009375 0.0234375
1 0.6453125 0.753125 0.009375 0.00625