0 0.2015625 0.0625 0.128125 0.125
0 0.0875 0.078125 0.175 0.15625
1 0.0078125 0.05546875 0.015625 0.0203125
0 0.4890625 0.0640625 0.16875 0.0953125
1 0.58125 0.096875 0.025 0.01875
1 0.70625 0.1296875 0.015625 0.0328125
0 0.64453125 0.1625 0.1796875 0.325
1 0.8125 0.078125 0.075 0.08125
0 0.8765625 0.0484375 0.109375 0.0765625
0 0.4296875 0.203125 0.0484375 0.15
0 0.49375 0.134375 0.121875 0.1171875
1 0.7046875 0.2453125 0.015625 0.0078125
1 0.6609375 0.2921875 0.0171875 0.0109375
1 0.7625 0.1 0.0203125 0.11875
0 0.8859375 0.1 0.090625 0.046875
1 0.88125 0.13125 0.0390625 0.03125
1 0.4734375 0.31875 0.040625 0.04375
1 0.21796875 0.4140625 0.0296875 0.009375
1 0.1984375 0.4671875 0.009375 0.0046875
1 0.190625 0.534375 0.0140625 0.009375
1 0.2671875 0.534375 0.0078125 0.0109375
1 0.26875 0.5625 0.0125 0.009375
1 0.234375 0.68125 0.028125 0.0265625
1 0.2109375 0.73125 0.0140625 0.0140625
1 0.26875 0.8828125 0.028125 0.0328125
1 0.25625 0.9203125 0.0109375 0.0140625
0 0.19375 0.8046875 0.0828125 0.08125
1 0.2265625 0.78125 0.025 0.0390625
0 0.2546875 0.78828125 0.06875 0.1703125
1 0.2078125 0.503125 0.009375 0.0125
1 0.3828125 0.4171875 0.04375 0.015625
0 0.7703125 0.5984375 0.1609375 0.3640625
0 0.6796875 0.609375 0.325 0.2828125
0 0.484375 0.6671875 0.3171875 0.3078125
0 0.4328125 0.653125 0.215625 0.2640625
1 0.403125 0.5578125 0.015625 0.015625
1 0.4765625 0.525 0.021875 0.015625
1 0.7015625 0.5515625 0.034375 0.0171875
1 0.659375 0.5515625 0.009375 0.0234375
1 0.6578125 0.5109375 0.009375 0.00625
1 0.84375 0.94375 0.015625 0.025
1 0.8390625 0.8765625 0.00625 0.0125
1 0.634375 0.884375 0.0296875 0.0359375
1 0.6546875 0.859375 0.015625 0.021875
1 0.6625 0.8875 0.03125 0.025
1 0.63125 0.9515625 0.01875 0.015625
1 0.7265625 0.98125 0.0328125 0.0375
1 0.434375 0.9109375 0.0859375 0.121875
1 0.4015625 0.9234375 0.015625 0.0125
1 0.50625 0.99296875 0.078125 0.0140625
1 0.54375 0.98203125 0.0375 0.0359375