0 0.08125 0.0203125 0.059375 0.0109375
1 0.121875 0.171875 0.01875 0.0203125
1 0.1125 0.1734375 0.0046875 0.0078125
1 0.0921875 0.2015625 0.021875 0.021875
1 0.1609375 0.209375 0.015625 0.0109375
1 0.1625 0.21875 0.0328125 0.0234375
1 0.075 0.2015625 0.065625 0.04375
1 0.0984375 0.359375 0.0828125 0.0453125
1 0.04375 0.3359375 0.05625 0.0234375
1 0.0875 0.3359375 0.040625 0.0140625
1 0.0703125 0.3 0.00625 0.034375
1 0.115625 0.4265625 0.0171875 0.03125
1 0.0703125 0.428125 0.0171875 0.0140625
1 0.0484375 0.4140625 0.01875 0.0171875
1 0.19609375 0.5109375 0.0578125 0.015625
1 0.20625 0.4828125 0.03125 0.01875
1 0.234375 0.475 0.015625 0.009375
1 0.28125 0.490625 0.0296875 0.0234375
1 0.2828125 0.4734375 0.00625 0.0140625
1 0.3109375 0.4796875 0.04375 0.0484375
1 0.3234375 0.465625 0.0296875 0.025
1 0.3328125 0.49375 0.0265625 0.015625
1 0.24375 0.428125 0.021875 0.01875
1 0.2828125 0.4046875 0.0203125 0.01875
1 0.321875 0.39375 0.0203125 0.0421875
1 0.2 0.396875 0.05625 0.034375
1 0.203125 0.3828125 0.003125 0.0046875
1 0.1890625 0.31875 0.028125 0.0234375
1 0.1984375 0.2078125 0.0296875 0.0234375
1 0.2703125 0.2109375 0.0078125 0.0171875
1 0.1984375 0.228125 0.0234375 0.0265625
1 0.2390625 0.246875 0.0484375 0.0578125
1 0.284375 0.2796875 0.00625 0.009375
1 0.3078125 0.259375 0.01875 0.0203125
1 0.290625 0.1296875 0.0078125 0.015625
1 0.3453125 0.1375 0.0109375 0.0125
1 0.2109375 0.1609375 0.0140625 0.028125
1 0.19375 0.13125 0.0078125 0.0078125
1 0.159375 0.0875 0.00625 0.0140625
1 0.3421875 0.071875 0.0265625 0.05625
1 0.3609375 0.31875 0.0203125 0.015625
1 0.434375 0.409375 0.01875 0.034375
1 0.440625 0.3828125 0.0140625 0.015625
1 0.41875 0.375 0.04375 0.0421875
1 0.40625 0.20625 0.0546875 0.01875
1 0.4421875 0.2109375 0.0265625 0.04375
1 0.465625 0.3390625 0.028125 0.05625
0 0.07109375 0.25703125 0.1421875 0.0765625
0 0.03359375 0.46796875 0.0671875 0.1015625
0 0.06640625 0.4984375 0.0859375 0.040625
1 0.0515625 0.153125 0.0265625 0.046875
1 0.065625 0.1609375 0.0125 0.0171875
1 0.06875 0.1671875 0.0140625 0.015625
0 0.06953125 0.109375 0.1390625 0.125
0 0.528125 0.04375 0.096875 0.0875
1 0.5765625 0.334375 0.0375 0.021875
1 0.5859375 0.33125 0.0171875 0.034375
1 0.628125 0.334375 0.0171875 0.01875
0 0.54296875 0.01640625 0.1171875 0.0328125
1 0.6421875 0.040625 0.0140625 0.015625
1 0.7 0.1078125 0.0375 0.03125
0 0.5390625 0.209375 0.090625 0.0578125
0 0.515625 0.2734375 0.071875 0.121875
0 0.52578125 0.1296875 0.0921875 0.121875
1 0.5828125 0.0921875 0.015625 0.00625
1 0.58125 0.1 0.0203125 0.015625
1 0.503125 0.084375 0.0265625 0.0203125
1 0.5328125 0.1375 0.10625 0.0625
1 0.525 0.16875 0.0109375 0.025
1 0.5234375 0.4 0.0875 0.11875
1 0.5390625 0.3859375 0.0109375 0.0234375
1 0.671875 0.3734375 0.0234375 0.0171875
1 0.6796875 0.3765625 0.015625 0.034375
1 0.6546875 0.3734375 0.01875 0.0125
1 0.7484375 0.4140625 0.0296875 0.021875
1 0.7671875 0.025 0.0375 0.0265625
1 0.8 0.0140625 0.0203125 0.0125
1 0.7703125 0.1046875 0.00625 0.0125
1 0.7796875 0.146875 0.0125 0.0203125
1 0.7453125 0.2109375 0.0484375 0.06875
1 0.7265625 0.225 0.025 0.015625
1 0.8140625 0.190625 0.0296875 0.01875
1 0.7671875 0.203125 0.0171875 0.0171875
1 0.7765625 0.1765625 0.01875 0.015625
1 0.7171875 0.2953125 0.0203125 0.0234375
1 0.753125 0.2875 0.0296875 0.0203125
1 0.7859375 0.346875 0.01875 0.0203125
1 0.8203125 0.409375 0.034375 0.0265625
1 0.8359375 0.4296875 0.0265625 0.015625
1 0.809375 0.446875 0.0171875 0.01875
1 0.8265625 0.4375 0.015625 0.0171875
1 0.8421875 0.3703125 0.025 0.0125
1 0.8625 0.3703125 0.025 0.015625
1 0.8671875 0.215625 0.028125 0.03125
1 0.8546875 0.178125 0.0453125 0.034375
1 0.834375 0.1796875 0.028125 0.01875
1 0.86875 0.1375 0.0109375 0.0140625
1 0.8609375 0.0171875 0.0140625 0.0140625
1 0.8859375 0.0328125 0.0140625 0.0078125
1 0.8859375 0.0578125 0.0125 0.015625
1 0.9171875 0.0078125 0.0625 0.015625
1 0.9109375 0.04375 0.0359375 0.040625
1 0.95625 0.1796875 0.0296875 0.0390625
1 0.9796875 0.1578125 0.0125 0.0125
1 0.9109375 0.2546875 0.015625 0.0078125
1 0.9828125 0.4265625 0.01875 0.0234375
1 0.9671875 0.0328125 0.0125 0.0109375
1 0.7796875 0.4328125 0.009375 0.0109375
0 0.225 0.7875 0.090625 0.1890625
0 0.36875 0.6515625 0.125 0.1328125
1 0.359375 0.7859375 0.040625 0.046875
1 0.303125 0.8 0.0671875 0.065625
1 0.4265625 0.765625 0.0484375 0.0375
1 0.175 0.8140625 0.0515625 0.053125
1 0.0875 0.8171875 0.0265625 0.04375
1 0.1265625 0.7796875 0.03125 0.021875
1 0.159375 0.71875 0.040625 0.0171875
1 0.059375 0.6890625 0.0546875 0.0390625
1 0.0796875 0.64375 0.0484375 0.0546875
1 0.0265625 0.63203125 0.053125 0.0765625
1 0.0328125 0.853125 0.0453125 0.053125
1 0.165625 0.86875 0.0359375 0.028125
1 0.434375 0.578125 0.0796875 0.04375
1 0.3578125 0.5546875 0.05 0.046875
1 0.3046875 0.575 0.028125 0.0484375
1 0.2953125 0.6515625 0.0390625 0.0390625
1 0.47265625 0.6171875 0.0140625 0.040625
1 0.4328125 0.6765625 0.0484375 0.0484375
1 0.4328125 0.625 0.0484375 0.0328125
1 0.1 0.6015625 0.025 0.03125
0 0.228125 0.6671875 0.140625 0.0734375
0 0.43203125 0.8484375 0.0953125 0.06875
0 0.45625 0.78515625 0.046875 0.1046875
0 0.2234375 0.57890625 0.1375 0.1203125
1 0.5671875 0.8515625 0.0109375 0.0125
1 0.5828125 0.915625 0.0140625 0.0109375
1 0.6390625 0.8953125 0.0125 0.00625
1 0.59609375 0.98984375 0.0578125 0.0203125
1 0.60625 0.9875 0.021875 0.009375
1 0.590625 0.7140625 0.034375 0.0328125
1 0.571875 0.703125 0.0078125 0.003125
1 0.5890625 0.7515625 0.0359375 0.0171875
1 0.6125 0.7765625 0.025 0.0265625
1 0.6328125 0.6953125 0.0203125 0.0125
1 0.6546875 0.715625 0.0453125 0.04375
1 0.7734375 0.75 0.0109375 0.0109375
1 0.7671875 0.796875 0.0234375 0.03125
1 0.746875 0.8 0.025 0.04375
1 0.840625 0.709375 0.009375 0.01875
1 0.8640625 0.7359375 0.0171875 0.0203125
1 0.8828125 0.7625 0.0078125 0.009375
1 0.86875 0.778125 0.015625 0.015625
1 0.878125 0.775 0.0109375 0.0140625
0 0.5515625 0.6765625 0.09375 0.0453125
0 0.52890625 0.73125 0.0984375 0.096875
0 0.51796875 0.81328125 0.0765625 0.1078125
0 0.53046875 0.9640625 0.1015625 0.071875
1 0.8859375 0.9640625 0.0296875 0.03125
1 0.90625 0.9921875 0.0125 0.0109375
1 0.95625 0.9625 0.0171875 0.0171875
1 0.81875 0.8359375 0.0140625 0.0125
1 0.8703125 0.865625 0.01875 0.0109375
1 0.9421875 0.746875 0.0109375 0.0140625
1 0.86875 0.7921875 0.0203125 0.01875