1 0.1078125 0.3890625 0.03125 0.025
1 0.296875 0.3609375 0.0234375 0.0265625
0 0.46796875 0.35703125 0.1234375 0.0921875
1 0.0984375 0.3171875 0.0171875 0.015625
1 0.0796875 0.3 0.0078125 0.0203125
1 0.3140625 0.296875 0.0390625 0.0203125
1 0.1703125 0.265625 0.0421875 0.034375
1 0.4296875 0.240625 0.01875 0.021875
1 0.1234375 0.171875 0.0171875 0.00625
1 0.1359375 0.1671875 0.0140625 0.015625
1 0.203125 0.1671875 0.01875 0.0265625
1 0.225 0.125 0.0546875 0.0546875
1 0.3078125 0.0984375 0.0296875 0.0375
1 0.3859375 0.075 0.0203125 0.0234375
1 0.38125 0.0328125 0.034375 0.015625
1 0.253125 0.0125 0.0171875 0.015625
1 0.228125 0.0125 0.0234375 0.021875
1 0.43125 0.00625 0.034375 0.0125
1 0.19453125 0.0171875 0.0359375 0.034375
1 0.01328125 0.196875 0.0265625 0.015625
1 0.0078125 0.18125 0.015625 0.01875
1 0.003125 0.14921875 0.00625 0.0171875
1 0.0140625 0.1390625 0.0125 0.0171875
1 0.0640625 0.13125 0.034375 0.040625
1 0.0125 0.075 0.015625 0.028125
1 0.00234375 0.01015625 0.0046875 0.0203125
1 0.084375 0.025 0.0140625 0.01875
1 0.1375 0.0125 0.025 0.0234375
1 0.14296875 0.003125 0.0109375 0.00625
1 0.1484375 0.23125 0.0359375 0.0296875
1 0.2703125 0.171875 0.03125 0.03125
1 0.2671875 0.1546875 0.009375 0.015625
1 0.384375 0.14375 0.00625 0.0109375
1 0.3875 0.153125 0.0140625 0.0125
1 0.3 0.2421875 0.0359375 0.0140625
1 0.2796875 0.2390625 0.0234375 0.0140625
1 0.228125 0.23125 0.03125 0.0328125
1 0.271875 0.259375 0.0671875 0.0546875
1 0.4375 0.2640625 0.0234375 0.015625
1 0.4546875 0.265625 0.0078125 0.0140625
1 0.4578125 0.2796875 0.0296875 0.03125
1 0.409375 0.209375 0.021875 0.0171875
0 0.4734375 0.0640625 0.1125 0.10625
1 0.453125 0.1046875 0.0296875 0.0203125
0 0.47890625 0.1453125 0.1015625 0.1
1 0.5140625 0.2 0.03125 0.053125
1 0.5171875 0.2390625 0.01875 0.0296875
1 0.74453125 0.4171875 0.0578125 0.04375
1 0.7953125 0.3625 0.0265625 0.0328125
1 0.746875 0.1734375 0.0671875 0.0421875
0 0.84609375 0.32265625 0.2796875 0.2328125
0 0.8625 0.2046875 0.2734375 0.2734375
0 0.89453125 0.0328125 0.2109375 0.065625
1 0.7765625 0.1 0.015625 0.03125
1 0.9328125 0.1046875 0.028125 0.0453125
1 0.8453125 0.121875 0.01875 0.0390625
0 0.165625 0.7765625 0.0234375 0.00625
1 0.475 0.76875 0.04375 0.0234375
1 0.4265625 0.765625 0.021875 0.028125
1 0.1109375 0.74375 0.0078125 0.0203125
1 0.203125 0.75 0.0375 0.0421875
1 0.0578125 0.728125 0.0125 0.015625
1 0.41875 0.6578125 0.0234375 0.0234375
1 0.478125 0.6484375 0.0296875 0.0265625
1 0.14375 0.6515625 0.0203125 0.025
1 0.3515625 0.634375 0.0078125 0.0140625
1 0.196875 0.634375 0.021875 0.0390625
1 0.00703125 0.6046875 0.0140625 0.025
1 0.20625 0.5859375 0.021875 0.009375
1 0.52109375 0.57734375 0.0171875 0.0390625
1 0.4484375 0.565625 0.0265625 0.0328125
1 0.403125 0.48125 0.0171875 0.0234375
1 0.35625 0.50625 0.0640625 0.0765625
1 0.4421875 0.475 0.034375 0.0296875
1 0.3625 0.44453125 0.01875 0.0109375
1 0.31484375 0.44765625 0.0359375 0.0171875
0 0.0953125 0.47578125 0.121875 0.0734375
1 0.009375 0.46953125 0.01875 0.0515625
1 0.134375 0.56875 0.0453125 0.0484375
1 0.0921875 0.73125 0.025 0.03125
0 0.09375 0.646875 0.0796875 0.165625
1 0.03828125 0.63984375 0.0765625 0.0703125
1 0.24375 0.703125 0.034375 0.025
1 0.090625 0.7578125 0.0109375 0.015625
0 0.0703125 0.765625 0.0625 0.0296875
1 0.040625 0.7671875 0.0140625 0.0078125
1 0.33125 0.65 0.0234375 0.01875
1 0.340625 0.6671875 0.040625 0.046875
1 0.35625 0.734375 0.0421875 0.04375
1 0.321875 0.74375 0.03125 0.0296875
1 0.425 0.4515625 0.0375 0.025
1 0.090625 0.534375 0.0171875 0.0125
1 0.1203125 0.5265625 0.0234375 0.0140625
1 0.2265625 0.521875 0.0203125 0.0203125
1 0.29375 0.4953125 0.0140625 0.021875
1 0.309375 0.553125 0.021875 0.01875
1 0.2828125 0.553125 0.01875 0.0171875
1 0.4734375 0.503125 0.01875 0.025
1 0.478125 0.5703125 0.025 0.0390625
1 0.51796875 0.64453125 0.0234375 0.0203125
0 0.54609375 0.84140625 0.0328125 0.1359375
1 0.7046875 0.8265625 0.0359375 0.025
1 0.7 0.85 0.0265625 0.021875
1 0.74375 0.86875 0.03125 0.0140625
1 0.53515625 0.7828125 0.0109375 0.01875
1 0.915625 0.8046875 0.015625 0.015625
0 0.9890625 0.88828125 0.021875 0.0453125
0 0.9859375 0.72109375 0.028125 0.1046875
0 0.984375 0.65390625 0.03125 0.0828125
1 0.875 0.4828125 0.0453125 0.021875
1 0.5453125 0.7109375 0.0265625 0.0296875
1 0.54375 0.59609375 0.028125 0.0328125
1 0.7140625 0.5296875 0.0203125 0.0234375
1 0.809375 0.534375 0.021875 0.0203125
1 0.815625 0.571875 0.0203125 0.025
1 0.784375 0.615625 0.025 0.0171875