1 0.4046875 0.3515625 0.0140625 0.0171875
1 0.5015625 0.309375 0.03125 0.0359375
1 0.4546875 0.203125 0.128125 0.128125
1 0.5 0.08828125 0.0375 0.0515625
1 0.01171875 0.45546875 0.0234375 0.0453125
0 0.10625 0.409375 0.2125 0.140625
0 0.121875 0.2484375 0.2140625 0.1390625
1 0.078125 0.146875 0.0234375 0.01875
1 0.028125 0.1140625 0.05 0.0609375
0 0.1359375 0.0734375 0.271875 0.146875
0 0.12109375 0.0546875 0.1828125 0.109375
1 0.215625 0.0296875 0.0296875 0.028125
1 0.9703125 0.06875 0.0109375 0.0125
1 0.953125 0.25625 0.0109375 0.0078125
1 0.728125 0.33125 0.0078125 0.0109375
0 0.98046875 0.37265625 0.0390625 0.0921875
0 0.95703125 0.196875 0.0859375 0.234375
0 0.5421875 0.3140625 0.046875 0.0625
1 0.52265625 0.284375 0.0078125 0.04375
0 0.5359375 0.21171875 0.034375 0.1203125
1 0.3375 0.8671875 0.021875 0.05
1 0.3515625 0.79375 0.0296875 0.0453125
1 0.50078125 0.9765625 0.0359375 0.021875
1 0.41875 0.940625 0.0328125 0.0328125
1 0.2984375 0.809375 0.021875 0.0265625
1 0.2 0.784375 0.0375 0.0296875
1 0.2140625 0.8796875 0.028125 0.0265625
1 0.14375 0.884375 0.03125 0.0171875
1 0.134375 0.921875 0.0265625 0.0265625
1 0.1921875 0.9703125 0.028125 0.0296875
1 0.2375 0.95625 0.021875 0.028125
1 0.30859375 0.9921875 0.0359375 0.015625
1 0.46875 0.88125 0.0109375 0.0171875
1 0.4640625 0.95 0.0140625 0.009375
1 0.3546875 0.95 0.0375 0.0390625
1 0.3828125 0.9328125 0.0484375 0.05
1 0.3515625 0.9828125 0.034375 0.01875
1 0.34921875 0.99140625 0.0296875 0.0171875
0 0.04453125 0.81171875 0.0890625 0.0890625
0 0.06875 0.903125 0.09375 0.115625
0 0.0640625 0.95859375 0.128125 0.0828125
1 0.9859375 0.596875 0.00625 0.0125
1 0.9890625 0.92890625 0.021875 0.0265625
1 0.9421875 0.740625 0.01875 0.0171875
0 0.984375 0.790625 0.0234375 0.034375
0 0.971875 0.97734375 0.05625 0.0453125
1 0.984375 0.996875 0.015625 0.00625
1 0.9015625 0.821875 0.009375 0.0078125
1 0.7890625 0.6421875 0.0125 0.0078125
1 0.7796875 0.659375 0.009375 0.00625
1 0.828125 0.61875 0.04375 0.028125
1 0.6640625 0.9703125 0.0125 0.0125
1 0.721875 0.8734375 0.0140625 0.01875
1 0.7375 0.7875 0.0125 0.0109375
1 0.7484375 0.6390625 0.0109375 0.028125
1 0.725 0.653125 0.0203125 0.0171875
1 0.7265625 0.6484375 0.0234375 0.025
1 0.615625 0.7703125 0.021875 0.0140625
1 0.5859375 0.9515625 0.0140625 0.015625