1 0.3671875 0.340625 0.009375 0.015625
1 0.34375 0.325 0.009375 0.009375
1 0.3421875 0.5 0.0296875 0.03125
1 0.065625 0.4640625 0.0140625 0.0078125
1 0.0671875 0.2375 0.0265625 0.0234375
1 0.4328125 0.3046875 0.0234375 0.0203125
1 0.4515625 0.309375 0.0125 0.0203125
1 0.5453125 0.4625 0.0203125 0.0546875
0 0.4296875 0.353125 0.28125 0.3453125
0 0.22421875 0.32109375 0.3140625 0.4359375
0 0.115625 0.3421875 0.1421875 0.215625
1 0.6875 0.45625 0.0078125 0.0453125
1 0.703125 0.371875 0.0109375 0.0390625
1 0.778125 0.371875 0.040625 0.03125
1 0.753125 0.48125 0.0171875 0.03125
1 0.7890625 0.46875 0.0171875 0.01875
1 0.821875 0.409375 0.0265625 0.025
1 0.9046875 0.48125 0.0546875 0.0578125
1 0.8 0.5234375 0.0328125 0.021875
1 0.81328125 0.534375 0.0234375 0.009375
1 0.921875 0.29375 0.01875 0.025
1 0.915625 0.26875 0.025 0.0515625
1 0.9765625 0.19375 0.0109375 0.0140625
1 0.9859375 0.165625 0.0109375 0.025
0 0.96796875 0.059375 0.0640625 0.078125
0 0.9140625 0.1109375 0.08125 0.1453125
1 0.871875 0.0265625 0.0390625 0.028125
1 0.98359375 0.0046875 0.0203125 0.009375
1 0.6390625 0.2265625 0.0421875 0.0390625
1 0.7265625 0.2859375 0.021875 0.03125
1 0.7796875 0.24375 0.01875 0.021875
1 0.7171875 0.2421875 0.034375 0.0328125
1 0.71875 0.2171875 0.025 0.01875
1 0.7546875 0.2171875 0.021875 0.04375
1 0.740625 0.1921875 0.028125 0.0265625
1 0.7375 0.2109375 0.0234375 0.0109375
1 0.8515625 0.0890625 0.0640625 0.0625
0 0.78515625 0.08046875 0.0953125 0.1609375
0 0.6171875 0.0390625 0.015625 0.065625
0 0.671875 0.05390625 0.125 0.0921875
0 0.70625 0.096875 0.096875 0.096875
1 0.746875 0.084375 0.075 0.0859375
1 0.8265625 0.0328125 0.025 0.0140625
0 0.23203125 0.98671875 0.0484375 0.0265625
0 0.34296875 0.9765625 0.0609375 0.046875
1 0.103125 0.7828125 0.0375 0.04375
1 0.31875 0.8359375 0.021875 0.021875
1 0.284375 0.7703125 0.021875 0.040625
1 0.3390625 0.7078125 0.015625 0.0203125
1 0.3015625 0.8640625 0.03125 0.021875
1 0.1921875 0.628125 0.0234375 0.0171875
1 0.09140625 0.54296875 0.0296875 0.0078125
1 0.140625 0.7890625 0.0265625 0.0296875
1 0.746875 0.9203125 0.0390625 0.034375
1 0.7546875 0.928125 0.0140625 0.028125
1 0.7703125 0.8828125 0.021875 0.021875
1 0.7046875 0.88125 0.0234375 0.03125
1 0.8515625 0.8796875 0.0234375 0.021875
1 0.85 0.8578125 0.015625 0.0390625
1 0.8359375 0.8671875 0.021875 0.0171875
1 0.8171875 0.9125 0.015625 0.0109375
0 0.7875 0.97421875 0.175 0.0515625
0 0.93125 0.98203125 0.11875 0.0359375
1 0.934375 0.9453125 0.115625 0.1015625
1 0.934375 0.9421875 0.0234375 0.0046875
1 0.953125 0.8921875 0.0171875 0.0203125
1 0.7734375 0.821875 0.0171875 0.0171875
1 0.74375 0.8015625 0.03125 0.034375
1 0.7265625 0.771875 0.0390625 0.046875
1 0.6953125 0.8171875 0.0078125 0.0140625
1 0.7515625 0.771875 0.015625 0.0171875
1 0.80625 0.778125 0.0078125 0.0109375
1 0.8078125 0.7875 0.0265625 0.0234375
1 0.90625 0.8359375 0.021875 0.0234375
1 0.8921875 0.78125 0.021875 0.0328125
1 0.8640625 0.803125 0.0390625 0.046875
1 0.8671875 0.765625 0.0125 0.0140625
1 0.9640625 0.853125 0.01875 0.0046875
1 0.98125 0.8359375 0.034375 0.025
1 0.98125 0.7859375 0.025 0.0265625
1 0.9828125 0.7546875 0.015625 0.025
1 0.965625 0.728125 0.053125 0.0671875
1 0.9359375 0.7265625 0.0140625 0.0140625
1 0.9421875 0.675 0.01875 0.0171875
1 0.9 0.7 0.0125 0.0234375
1 0.9 0.678125 0.034375 0.0359375
1 0.9140625 0.6796875 0.0078125 0.015625
1 0.7671875 0.7015625 0.025 0.0171875
1 0.80625 0.71875 0.04375 0.0515625
1 0.7828125 0.7 0.0203125 0.0234375
1 0.809375 0.7265625 0.009375 0.009375
1 0.8171875 0.7125 0.015625 0.0078125
1 0.9921875 0.6828125 0.015625 0.021875
1 0.99453125 0.65078125 0.0109375 0.0140625
1 0.909375 0.625 0.0515625 0.03125
1 0.865625 0.571875 0.0109375 0.0125
1 0.928125 0.5671875 0.021875 0.0296875
1 0.9296875 0.5765625 0.0265625 0.015625
1 0.9453125 0.5671875 0.0140625 0.0296875
1 0.98125 0.5640625 0.0375 0.0375
1 0.9828125 0.584375 0.0296875 0.0359375
1 0.99765625 0.5640625 0.0046875 0.021875
1 0.775 0.659375 0.0234375 0.0296875
1 0.7828125 0.6390625 0.025 0.021875
1 0.8015625 0.6296875 0.028125 0.0234375
1 0.7984375 0.640625 0.015625 0.0109375
1 0.8171875 0.653125 0.015625 0.015625
1 0.765625 0.584375 0.015625 0.0234375
1 0.7890625 0.54375 0.028125 0.009375
1 0.69375 0.546875 0.0046875 0.0109375
1 0.7359375 0.55625 0.0109375 0.0109375
1 0.753125 0.64375 0.0109375 0.0078125