1 0.43359375 0.34375 0.0109375 0.071875
1 0.421875 0.1828125 0.0171875 0.0140625
1 0.4359375 0.6984375 0.00625 0.009375
1 0.3453125 0.4671875 0.0171875 0.0109375
1 0.371875 0.43125 0.0296875 0.0265625
1 0.39375 0.5109375 0.0578125 0.034375
1 0.4015625 0.5921875 0.009375 0.0125
1 0.4109375 0.55390625 0.05625 0.0640625
1 0.3625 0.25625 0.021875 0.0171875
1 0.26875 0.3 0.0078125 0.0234375
1 0.2703125 0.278125 0.021875 0.015625
0 0.30625 0.2 0.0453125 0.046875
1 0.2296875 0.253125 0.0140625 0.021875
1 0.2109375 0.2671875 0.0078125 0.015625
1 0.2296875 0.1890625 0.009375 0.025
1 0.184375 0.2015625 0.021875 0.0234375
1 0.29375 0.428125 0.03125 0.0328125
1 0.215625 0.4234375 0.04375 0.0421875
1 0.2265625 0.365625 0.0234375 0.025
0 0.2796875 0.365625 0.09375 0.0703125
1 0.240625 0.49375 0.021875 0.0265625
0 0.271875 0.4578125 0.090625 0.109375
0 0.26875 0.509375 0.0375 0.0625
1 0.3078125 0.484375 0.03125 0.0578125
0 0.26875 0.5875 0.06875 0.1328125
0 0.275 0.690625 0.0578125 0.025
1 0.30625 0.6734375 0.0421875 0.0578125
1 0.2328125 0.5625 0.0203125 0.0203125
1 0.228125 0.58125 0.0140625 0.015625
1 0.196875 0.56875 0.0203125 0.0171875
1 0.1625 0.528125 0.0234375 0.0265625
1 0.14375 0.659375 0.0265625 0.021875
1 0.0875 0.609375 0.01875 0.0171875
1 0.1484375 0.59375 0.0234375 0.0453125
1 0.0703125 0.6890625 0.0390625 0.028125
1 0.0125 0.684375 0.025 0.03125
1 0.0453125 0.4625 0.0203125 0.0375
1 0.0609375 0.2765625 0.0296875 0.0203125
1 0.0078125 0.2859375 0.015625 0.046875
1 0.084375 0.2390625 0.015625 0.0234375
0 0.80390625 0.70234375 0.1109375 0.0328125
1 0.865625 0.334375 0.0984375 0.0625
1 0.903125 0.45625 0.0171875 0.0171875
0 0.796875 0.246875 0.125 0.0609375
1 0.715625 0.2359375 0.0546875 0.040625
1 0.75625 0.3859375 0.03125 0.05
1 0.30625 0.728125 0.028125 0.01875
1 0.2078125 0.72578125 0.021875 0.0140625
1 0.18515625 0.72578125 0.0234375 0.0140625
1 0.3921875 0.7328125 0.0171875 0.028125
1 0.3484375 0.784375 0.015625 0.009375
1 0.3046875 0.7984375 0.03125 0.025
1 0.36875 0.8171875 0.0328125 0.0203125
0 0.046875 0.771875 0.09375 0.10625
1 0.3375 0.815625 0.03125 0.0234375
0 0.0546875 0.8203125 0.0484375 0.0234375
1 0.11875 0.81875 0.0265625 0.028125
1 0.309375 0.8234375 0.01875 0.0171875
1 0.165625 0.81875 0.0296875 0.0265625
1 0.1265625 0.775 0.0265625 0.0359375
1 0.1015625 0.771875 0.025 0.0390625
0 0.5875 0.96953125 0.20625 0.0609375
0 0.56015625 0.803125 0.1671875 0.16875
0 0.54296875 0.7453125 0.1796875 0.053125
1 0.4609375 0.75 0.028125 0.0421875