0 0.13046875 0.346875 0.2015625 0.34375
0 0.3734375 0.41015625 0.3625 0.2171875
1 0.18125 0.284375 0.028125 0.0078125
0 0.47734375 0.37265625 0.1578125 0.2921875
1 0.08984375 0.00703125 0.0234375 0.0140625
1 0.303125 0.021875 0.025 0.0359375
1 0.35390625 0.009375 0.0734375 0.01875
1 0.546875 0.1859375 0.0171875 0.053125
1 0.534375 0.153125 0.04375 0.0328125
1 0.2328125 0.03125 0.0234375 0.0234375
1 0.9296875 0.109375 0.0203125 0.01875
1 0.8984375 0.3703125 0.015625 0.0140625
0 0.7828125 0.278125 0.065625 0.159375
0 0.8125 0.303125 0.125 0.140625
1 0.8703125 0.371875 0.0578125 0.0921875
1 0.871875 0.2984375 0.01875 0.015625
0 0.9171875 0.3109375 0.065625 0.11875
1 0.978125 0.3125 0.025 0.01875
1 0.784375 0.1296875 0.0671875 0.09375
1 0.915625 0.0625 0.0203125 0.03125
1 0.75625 0.034375 0.0125 0.025
1 0.778125 0.025 0.0328125 0.0265625
1 0.7921875 0.00234375 0.01875 0.0046875
1 0.296875 0.915625 0.028125 0.0234375
1 0.2328125 0.8953125 0.028125 0.0609375
1 0.12734375 0.52734375 0.0296875 0.0171875
1 0.128125 0.771875 0.034375 0.04375
1 0.059375 0.8640625 0.0109375 0.0140625
1 0.0109375 0.9921875 0.0109375 0.0109375
1 0.059375 0.9765625 0.015625 0.0234375
1 0.3078125 0.946875 0.0265625 0.0203125
1 0.3640625 0.921875 0.05 0.0328125
1 0.3703125 0.934375 0.025 0.0203125
1 0.00390625 0.9109375 0.0078125 0.0125
1 0.2078125 0.8359375 0.053125 0.046875
1 0.18125 0.815625 0.0390625 0.053125
1 0.1953125 0.775 0.040625 0.046875
1 0.2828125 0.7203125 0.0109375 0.0078125
1 0.30625 0.6921875 0.0515625 0.05625
0 0.35 0.5859375 0.075 0.134375
0 0.2609375 0.6265625 0.1109375 0.11875
0 0.2015625 0.6078125 0.1265625 0.14375
0 0.1359375 0.6046875 0.03125 0.0453125
1 0.1671875 0.565625 0.0296875 0.0359375
0 0.0921875 0.696875 0.096875 0.0609375
0 0.04140625 0.60078125 0.0828125 0.1640625
1 0.08828125 0.53359375 0.0296875 0.0296875
1 0.00234375 0.5921875 0.0046875 0.03125
1 0.8078125 0.9953125 0.0109375 0.0078125
1 0.86875 0.9484375 0.0109375 0.0109375
1 0.8890625 0.9265625 0.0109375 0.0140625
1 0.8078125 0.7921875 0.0078125 0.0140625
1 0.8640625 0.784375 0.015625 0.0140625
1 0.871875 0.79375 0.025 0.0125
1 0.915625 0.7671875 0.0625 0.065625
1 0.978125 0.6796875 0.04375 0.0265625
1 0.9046875 0.575 0.028125 0.0375