1 0.415625 0.2234375 0.0171875 0.015625
1 0.40234375 0.30390625 0.0109375 0.0109375
1 0.35625 0.184375 0.0140625 0.0265625
1 0.234375 0.0421875 0.00625 0.009375
1 0.2046875 0.2671875 0.0234375 0.021875
1 0.19375 0.103125 0.0203125 0.0234375
1 0.1875 0.0125 0.009375 0.009375
1 0.1484375 0.0265625 0.0125 0.0078125
1 0.0546875 0.2015625 0.0171875 0.0125
1 0.0125 0.00703125 0.025 0.0140625
1 0.9375 0.0703125 0.0078125 0.015625
1 0.86875 0.128125 0.015625 0.015625
0 0.82421875 0.06015625 0.1796875 0.1203125
1 0.703125 0.21875 0.0171875 0.0203125
1 0.665625 0.128125 0.0171875 0.0171875
1 0.634375 0.1390625 0.0265625 0.0296875
1 0.5734375 0.26875 0.015625 0.0125
0 0.59375 0.0109375 0.109375 0.021875
1 0.95 0.1890625 0.040625 0.040625
1 0.9828125 0.203125 0.021875 0.0265625
1 0.9359375 0.265625 0.015625 0.0171875
1 0.8875 0.29921875 0.015625 0.0203125
1 0.2203125 0.98125 0.021875 0.0140625
1 0.4546875 0.9953125 0.028125 0.009375
1 0.03828125 0.996875 0.0234375 0.00625
1 0.04375 0.96875 0.0140625 0.0171875
1 0.071875 0.9703125 0.040625 0.05
1 0.1921875 0.94375 0.0140625 0.009375
1 0.0578125 0.95 0.021875 0.0359375
1 0.0375 0.953125 0.015625 0.0265625
1 0.0140625 0.8671875 0.0140625 0.046875
1 0.0671875 0.8828125 0.015625 0.021875
1 0.0734375 0.9 0.0140625 0.015625
1 0.0828125 0.875 0.0265625 0.025
1 0.1 0.884375 0.0296875 0.01875
1 0.1984375 0.8546875 0.0171875 0.01875
1 0.44375 0.8671875 0.0265625 0.021875
1 0.4 0.721875 0.009375 0.00625
1 0.3171875 0.8015625 0.0140625 0.009375
1 0.1203125 0.7703125 0.015625 0.0109375
1 0.0578125 0.80625 0.028125 0.0390625
1 0.0765625 0.709375 0.015625 0.0125
1 0.1609375 0.6828125 0.0234375 0.015625
1 0.128125 0.7359375 0.0375 0.0234375
1 0.2671875 0.721875 0.015625 0.0109375
1 0.2765625 0.678125 0.0140625 0.0140625
1 0.4390625 0.690625 0.009375 0.0140625
1 0.196875 0.6109375 0.0125 0.01875
1 0.134375 0.571875 0.05 0.0875
1 0.065625 0.4953125 0.0078125 0.0140625
1 0.0765625 0.4984375 0.0078125 0.00625
1 0.2265625 0.5046875 0.01875 0.01875
1 0.2375 0.5109375 0.015625 0.009375
1 0.24375 0.5734375 0.028125 0.03125
1 0.275 0.509375 0.0125 0.015625
1 0.2828125 0.3921875 0.015625 0.00625
1 0.209375 0.3546875 0.0375 0.03125
0 0.0328125 0.540625 0.053125 0.04375
0 0.1234375 0.571875 0.128125 0.346875
0 0.2109375 0.6546875 0.38125 0.2703125
0 0.38046875 0.5546875 0.1765625 0.18125
1 0.4546875 0.4515625 0.0078125 0.00625
1 0.4484375 0.4 0.0375 0.009375
1 0.425 0.5734375 0.025 0.0125