1 0.3546875 0.1671875 0.009375 0.0125
1 0.18125 0.1734375 0.0375 0.0390625
1 0.24375 0.1984375 0.0390625 0.05
0 0.421875 0.1640625 0.14375 0.15
1 0.4 0.2453125 0.015625 0.009375
1 0.5265625 0.2578125 0.0234375 0.0203125
1 0.4515625 0.26875 0.0078125 0.0125
1 0.19375 0.253125 0.0421875 0.046875
1 0.0265625 0.265625 0.0171875 0.0265625
1 0.059375 0.2921875 0.0203125 0.021875
1 0.5390625 0.296875 0.0125 0.0171875
1 0.28125 0.2921875 0.0234375 0.03125
1 0.4015625 0.2984375 0.028125 0.0359375
1 0.146875 0.3203125 0.034375 0.046875
1 0.428125 0.3515625 0.0234375 0.0140625
1 0.3015625 0.4109375 0.0171875 0.0328125
1 0.478125 0.4515625 0.0234375 0.01875
1 0.1296875 0.465625 0.0125 0.0140625
1 0.309375 0.475 0.034375 0.0265625
1 0.134375 0.49375 0.0078125 0.0109375
1 0.0734375 0.5109375 0.009375 0.015625
1 0.1421875 0.5203125 0.0125 0.0171875
0 0.44296875 0.51875 0.1015625 0.040625
1 0.228125 0.5265625 0.034375 0.025
1 0.025 0.1453125 0.0296875 0.0375
1 0.3578125 0.40625 0.015625 0.015625
0 0.4046875 0.3921875 0.0375 0.0546875
1 0.91875 0.4890625 0.0421875 0.0625
1 0.921875 0.4484375 0.0375 0.0140625
1 0.88125 0.403125 0.06875 0.05
1 0.971875 0.3234375 0.0421875 0.0609375
1 0.871875 0.325 0.1 0.053125
1 0.85625 0.253125 0.04375 0.0359375
1 0.7671875 0.2359375 0.046875 0.0390625
1 0.778125 0.0859375 0.1078125 0.128125
1 0.6921875 0.3078125 0.04375 0.05625
1 0.7 0.4984375 0.0375 0.05
1 0.5921875 0.43125 0.0359375 0.0421875
0 0.603125 0.33984375 0.10625 0.1140625
1 0.6234375 0.2890625 0.0671875 0.0625
0 0.59921875 0.1953125 0.0984375 0.1
1 0.6515625 0.01875 0.0453125 0.0234375
1 0.60078125 0.0328125 0.1015625 0.05625
1 0.7453125 0.29375 0.0375 0.028125
0 0.59140625 0.5078125 0.0828125 0.0375
1 0.49609375 0.54765625 0.0484375 0.0171875
1 0.20390625 0.5484375 0.0234375 0.01875
1 0.2578125 0.575 0.021875 0.0359375
1 0.53984375 0.59921875 0.0203125 0.0265625
1 0.53515625 0.64609375 0.0296875 0.0609375
1 0.334375 0.709375 0.0078125 0.009375
1 0.3328125 0.79375 0.009375 0.0125
1 0.5234375 0.8671875 0.0296875 0.021875
0 0.0515625 0.82421875 0.103125 0.1265625
0 0.153125 0.7140625 0.30625 0.35
0 0.10546875 0.57578125 0.2109375 0.0734375
1 0.896875 0.9796875 0.025 0.03125
1 0.953125 0.9015625 0.03125 0.03125
1 0.9453125 0.875 0.0203125 0.0140625
1 0.878125 0.8640625 0.040625 0.0328125
1 0.809375 0.840625 0.01875 0.0234375
1 0.7234375 0.9078125 0.015625 0.015625
1 0.6875 0.909375 0.015625 0.0265625
1 0.6890625 0.8765625 0.0296875 0.025
1 0.66875 0.85625 0.0234375 0.01875
1 0.6359375 0.89375 0.0375 0.040625
1 0.6 0.7453125 0.05 0.0328125
1 0.6375 0.98046875 0.059375 0.0390625
1 0.59765625 0.9921875 0.0296875 0.015625
1 0.5625 0.959375 0.0203125 0.0375
1 0.5640625 0.9046875 0.025 0.0265625
1 0.5546875 0.934375 0.009375 0.028125
1 0.571875 0.834375 0.0203125 0.0265625
1 0.7515625 0.8390625 0.0234375 0.015625
1 0.6921875 0.7546875 0.05625 0.0734375
1 0.71875 0.7390625 0.0171875 0.01875
1 0.715625 0.7078125 0.0328125 0.0578125
0 0.8 0.715625 0.2015625 0.0859375
1 0.8953125 0.79375 0.08125 0.05
0 0.79375 0.8859375 0.1265625 0.103125
0 0.759375 0.9578125 0.09375 0.0796875