1 0.278125 0.6375 0.01875 0.0171875
1 0.4125 0.290625 0.015625 0.00625
0 0.37890625 0.1734375 0.3015625 0.2
0 0.2421875 0.1703125 0.0953125 0.178125
1 0.259375 0.4140625 0.0296875 0.025
1 0.278125 0.403125 0.0234375 0.034375
1 0.2875 0.44375 0.0234375 0.025
1 0.30546875 0.65078125 0.0140625 0.0171875
1 0.3875 0.5890625 0.0265625 0.0265625
1 0.3375 0.64140625 0.03125 0.0359375
1 0.36484375 0.65078125 0.0171875 0.0171875
1 0.484375 0.6515625 0.025 0.015625
1 0.446875 0.565625 0.01875 0.0234375
1 0.9609375 0.0484375 0.0109375 0.0171875
1 0.9609375 0.071875 0.0109375 0.0078125
1 0.81953125 0.00390625 0.0234375 0.0078125
1 0.8296875 0.078125 0.0234375 0.0203125
1 0.775 0.03125 0.0328125 0.0328125
1 0.6375 0.015625 0.0171875 0.0203125
1 0.6796875 0.0609375 0.0390625 0.0140625
1 0.9546875 0.3265625 0.015625 0.0171875
1 0.884375 0.3046875 0.0265625 0.0203125
1 0.846875 0.309375 0.0234375 0.028125
1 0.7421875 0.2734375 0.0265625 0.03125
1 0.7203125 0.2890625 0.0109375 0.015625
1 0.6859375 0.26875 0.025 0.021875
1 0.665625 0.346875 0.0234375 0.03125
1 0.6546875 0.3828125 0.025 0.021875
1 0.615625 0.33125 0.0234375 0.0203125
1 0.6109375 0.346875 0.0421875 0.0328125
1 0.5875 0.29375 0.034375 0.03125
1 0.6828125 0.284375 0.025 0.01875
1 0.68125 0.303125 0.025 0.0265625
1 0.6234375 0.28125 0.0234375 0.0109375
1 0.6390625 0.1640625 0.028125 0.01875
1 0.6296875 0.11875 0.0109375 0.0328125
1 0.628125 0.096875 0.025 0.01875
0 0.57109375 0.45234375 0.0828125 0.3796875
0 0.86875 0.4203125 0.196875 0.0765625
1 0.840625 0.4078125 0.0203125 0.0109375
1 0.8609375 0.4671875 0.0375 0.034375
1 0.865625 0.4546875 0.0125 0.015625
1 0.8515625 0.5125 0.0328125 0.034375
1 0.9328125 0.4609375 0.0375 0.01875
1 0.93125 0.478125 0.028125 0.021875
1 0.8140625 0.453125 0.021875 0.0171875
1 0.78125 0.4546875 0.0203125 0.03125
1 0.790625 0.4953125 0.015625 0.01875
1 0.7859375 0.5171875 0.03125 0.0203125
0 0.9078125 0.5296875 0.1171875 0.0609375
1 0.83125 0.5453125 0.040625 0.0421875
1 0.8046875 0.5578125 0.0265625 0.0140625
1 0.6890625 0.5234375 0.0390625 0.0453125
1 0.725 0.5390625 0.021875 0.03125
0 0.671875 0.48984375 0.284375 0.2078125
1 0.7 0.384375 0.0140625 0.0109375
1 0.5453125 0.5015625 0.0203125 0.0171875
1 0.9375 0.6296875 0.0453125 0.0375
1 0.9453125 0.63125 0.0265625 0.0484375
1 0.95625 0.6328125 0.0203125 0.0234375
1 0.953125 0.6515625 0.028125 0.015625
1 0.95390625 0.65625 0.0234375 0.00625
1 0.9046875 0.6171875 0.0203125 0.0421875
1 0.9109375 0.6015625 0.0171875 0.034375
1 0.85703125 0.6453125 0.0234375 0.028125
1 0.9 0.6328125 0.0234375 0.0328125
1 0.8859375 0.6265625 0.0171875 0.0203125
1 0.878125 0.615625 0.0078125 0.0203125
1 0.89375 0.64921875 0.0375 0.0203125
1 0.8796875 0.6453125 0.0265625 0.025
1 0.665625 0.628125 0.028125 0.01875
1 0.83515625 0.653125 0.0234375 0.0125
1 0.5734375 0.65625 0.03125 0.00625
1 0.2765625 0.734375 0.0203125 0.015625
1 0.278125 0.7140625 0.0109375 0.0078125
1 0.4609375 0.68046875 0.028125 0.0421875
0 0.45703125 0.846875 0.1453125 0.265625
0 0.384375 0.82421875 0.184375 0.3296875
1 0.2421875 0.9359375 0.04375 0.0359375
1 0.2859375 0.9703125 0.05 0.034375
1 0.303125 0.9328125 0.0703125 0.065625
1 0.29375 0.778125 0.025 0.0078125
0 0.1296875 0.70625 0.04375 0.05625
0 0.21484375 0.8375 0.2171875 0.325
1 0.65625 0.93125 0.0421875 0.0359375
1 0.740625 0.75625 0.028125 0.0390625
1 0.9109375 0.953125 0.015625 0.0125
1 0.9234375 0.715625 0.0125 0.03125
1 0.9234375 0.934375 0.01875 0.0125
0 0.5859375 0.7359375 0.1125 0.13125
1 0.5546875 0.8421875 0.05 0.0875
1 0.5421875 0.91796875 0.025 0.0765625
1 0.5703125 0.9640625 0.065625 0.071875
1 0.5609375 0.9703125 0.0203125 0.0140625
1 0.53359375 0.94921875 0.0078125 0.0265625
0 0.659375 0.7359375 0.121875 0.1421875
1 0.63125 0.68046875 0.034375 0.0421875
0 0.790625 0.7421875 0.08125 0.165625
1 0.828125 0.740625 0.028125 0.015625
1 0.70625 0.8359375 0.090625 0.0921875
0 0.9078125 0.7625 0.0828125 0.0984375
1 0.7109375 0.990625 0.065625 0.01875
1 0.6890625 0.9546875 0.0578125 0.078125
1 0.7078125 0.9734375 0.01875 0.025
1 0.7375 0.953125 0.0328125 0.05625
1 0.86875 0.8453125 0.14375 0.1453125
1 0.91875 0.99375 0.0625 0.0125
1 0.82734375 0.9453125 0.1796875 0.109375
1 0.784375 0.871875 0.090625 0.146875
1 0.765625 0.8390625 0.01875 0.0359375