1 0.3421875 0.01875 0.0421875 0.0375
1 0.34375 0.071875 0.0171875 0.0328125
1 0.334375 0.0640625 0.015625 0.0109375
1 0.3078125 0.028125 0.0265625 0.0234375
1 0.2984375 0.0203125 0.009375 0.0109375
1 0.25078125 0.0046875 0.0421875 0.009375
1 0.2140625 0.0421875 0.028125 0.021875
1 0.109375 0.059375 0.0203125 0.021875
1 0.0953125 0.075 0.0421875 0.028125
1 0.103125 0.090625 0.0125 0.0234375
1 0.46875 0.065625 0.0171875 0.01875
1 0.475 0.0078125 0.0203125 0.015625
1 0.4890625 0.0140625 0.0171875 0.0078125
1 0.503125 0.06875 0.0125 0.015625
1 0.4421875 0.0546875 0.021875 0.009375
1 0.434375 0.05625 0.0296875 0.0296875
1 0.428125 0.015625 0.01875 0.03125
1 0.375 0.00546875 0.034375 0.0109375
1 0.3984375 0.040625 0.025 0.025
1 0.403125 0.0625 0.01875 0.025
1 0.396875 0.1203125 0.0328125 0.021875
1 0.4421875 0.14375 0.0609375 0.0515625
1 0.4328125 0.1109375 0.03125 0.025
1 0.434375 0.1296875 0.025 0.0125
1 0.4234375 0.0125 0.028125 0.025
1 0.45 0.0125 0.025 0.0234375
1 0.446875 0.03125 0.034375 0.0171875
1 0.478125 0.0828125 0.0140625 0.015625
1 0.1734375 0.190625 0.0296875 0.040625
1 0.2125 0.190625 0.0234375 0.0203125
1 0.203125 0.2390625 0.0265625 0.0234375
1 0.18125 0.2234375 0.028125 0.021875
1 0.1359375 0.2515625 0.0359375 0.034375
1 0.10625 0.2484375 0.028125 0.021875
1 0.0953125 0.215625 0.03125 0.021875
1 0.05625 0.196875 0.0171875 0.0234375
1 0.059375 0.2234375 0.0203125 0.021875
1 0.071875 0.2375 0.0375 0.01875
1 0.0703125 0.259375 0.0296875 0.0375
1 0.284375 0.19375 0.0421875 0.034375
1 0.309375 0.2375 0.0234375 0.021875
1 0.290625 0.2265625 0.025 0.0234375
1 0.2640625 0.23125 0.0296875 0.0390625
1 0.28125 0.26875 0.028125 0.03125
1 0.30625 0.2796875 0.0203125 0.015625
1 0.30625 0.33125 0.0421875 0.03125
1 0.3390625 0.246875 0.034375 0.040625
1 0.28125 0.240625 0.0296875 0.0234375
1 0.24375 0.25 0.025 0.0203125
1 0.3734375 0.1828125 0.0234375 0.01875
1 0.4171875 0.2390625 0.04375 0.0375
1 0.4328125 0.2671875 0.0203125 0.028125
1 0.44375 0.275 0.025 0.0265625
1 0.425 0.371875 0.03125 0.046875
1 0.3859375 0.365625 0.028125 0.028125
1 0.353125 0.378125 0.0171875 0.0296875
1 0.36875 0.384375 0.034375 0.0296875
1 0.3859375 0.38125 0.025 0.0125
1 0.3921875 0.215625 0.0234375 0.025
1 0.4 0.240625 0.0296875 0.025
1 0.384375 0.2421875 0.0484375 0.04375
1 0.3640625 0.2203125 0.021875 0.0171875
1 0.34375 0.228125 0.021875 0.015625
1 0.05625 0.41875 0.0109375 0.0140625
1 0.0546875 0.43125 0.0125 0.0171875
1 0.05234375 0.4421875 0.0171875 0.015625
0 0.40703125 0.38828125 0.2046875 0.1234375
0 0.171875 0.365625 0.290625 0.16875
1 0.1640625 0.365625 0.01875 0.021875
1 0.3578125 0.4359375 0.034375 0.028125
0 0.628125 0.3359375 0.0328125 0.05
1 0.6578125 0.1765625 0.0078125 0.009375
1 0.7015625 0.24375 0.009375 0.009375
1 0.7078125 0.415625 0.025 0.015625
1 0.70234375 0.01328125 0.0234375 0.0265625
1 0.7625 0.1625 0.0390625 0.034375
1 0.8125 0.26875 0.0265625 0.028125
0 0.803125 0.3640625 0.090625 0.125
1 0.9984375 0.1875 0.003125 0.009375
1 0.9921875 0.40703125 0.015625 0.0234375
1 0.990625 0.35625 0.01875 0.046875
1 0.1734375 0.478125 0.0453125 0.0375
0 0.07265625 0.640625 0.1453125 0.38125
0 0.1734375 0.68125 0.2484375 0.28125
1 0.578125 0.4578125 0.0375 0.015625
1 0.55 0.5359375 0.0265625 0.025
1 0.6109375 0.5609375 0.0390625 0.0234375
1 0.83046875 0.45859375 0.0359375 0.0171875
1 0.86875 0.5234375 0.09375 0.0375
1 0.7625 0.4828125 0.0203125 0.025
1 0.5421875 0.7078125 0.0484375 0.05625
1 0.5140625 0.60859375 0.009375 0.0296875
0 0.52890625 0.640625 0.0390625 0.24375
1 0.53359375 0.8015625 0.0484375 0.103125
1 0.6578125 0.790625 0.053125 0.0671875
1 0.6578125 0.95625 0.0328125 0.0296875
1 0.83203125 0.9875 0.0296875 0.025
1 0.77265625 0.98671875 0.0328125 0.0265625
0 0.7609375 0.62578125 0.309375 0.3515625
1 0.5171875 0.559375 0.015625 0.01875