1 0.22890625 0.659375 0.0140625 0.01875
1 0.27578125 0.6515625 0.0546875 0.034375
1 0.3765625 0.6578125 0.03125 0.021875
1 0.4515625 0.65078125 0.028125 0.0359375
1 0.4953125 0.65234375 0.009375 0.0234375
1 0.48671875 0.47734375 0.0265625 0.0609375
1 0.49375 0.60859375 0.0125 0.0234375
1 0.3734375 0.5921875 0.0234375 0.015625
1 0.3953125 0.4828125 0.059375 0.0484375
1 0.440625 0.5015625 0.01875 0.03125
1 0.4625 0.459375 0.034375 0.0375
1 0.309375 0.50625 0.0265625 0.025
1 0.3234375 0.4515625 0.03125 0.0265625
1 0.384375 0.440625 0.0375 0.028125
1 0.4578125 0.35625 0.05625 0.053125
1 0.4828125 0.4109375 0.021875 0.0140625
1 0.409375 0.359375 0.0296875 0.034375
1 0.3921875 0.3328125 0.0171875 0.0171875
1 0.4578125 0.225 0.0609375 0.0515625
1 0.4828125 0.2703125 0.034375 0.09375
1 0.4796875 0.1140625 0.0390625 0.034375
1 0.4796875 0.0484375 0.025 0.0609375
1 0.2703125 0.009375 0.0625 0.01875
1 0.38046875 0.0171875 0.0890625 0.034375
1 0.42578125 0.0171875 0.0265625 0.034375
1 0.45390625 0.01484375 0.0234375 0.0296875
1 0.309375 0.115625 0.0765625 0.0578125
1 0.409375 0.13125 0.015625 0.025
1 0.3625 0.209375 0.05 0.0828125
1 0.3390625 0.2640625 0.0359375 0.021875
1 0.2921875 0.25625 0.0265625 0.028125
0 0.325 0.203125 0.2046875 0.321875
1 0.2421875 0.515625 0.0234375 0.01875
1 0.7703125 0.575 0.025 0.0265625
1 0.81875 0.5328125 0.0296875 0.028125
1 0.74375 0.4625 0.015625 0.0234375
1 0.6890625 0.446875 0.028125 0.0296875
1 0.6125 0.440625 0.034375 0.034375
0 0.7859375 0.325 0.25 0.2015625
1 0.828125 0.3921875 0.01875 0.01875
1 0.896875 0.3265625 0.0109375 0.0203125
1 0.871875 0.2421875 0.034375 0.021875
1 0.8890625 0.0921875 0.034375 0.0640625
1 0.84375 0.1078125 0.03125 0.025
1 0.80625 0.1125 0.0171875 0.0234375
1 0.83125 0.0390625 0.0296875 0.025
1 0.9234375 0.003125 0.01875 0.00625
1 0.725 0.0859375 0.0328125 0.015625
1 0.68125 0.078125 0.01875 0.0328125
1 0.5109375 0.09375 0.021875 0.021875
1 0.51875 0.071875 0.0234375 0.0265625
1 0.5609375 0.0921875 0.0484375 0.0796875
1 0.596875 0.1078125 0.0234375 0.0359375
1 0.6109375 0.0765625 0.03125 0.0328125
1 0.678125 0.2296875 0.0171875 0.0265625
1 0.728125 0.225 0.0171875 0.0265625
1 0.5890625 0.3921875 0.015625 0.0203125
1 0.50703125 0.43046875 0.0140625 0.0359375
0 0.52421875 0.309375 0.0484375 0.284375
1 0.5546875 0.58125 0.03125 0.0296875
1 0.5265625 0.4765625 0.015625 0.01875
1 0.753125 0.4484375 0.015625 0.0203125
1 0.740625 0.05 0.015625 0.0171875
0 0.6359375 0.2921875 0.1796875 0.1453125
1 0.5515625 0.3515625 0.103125 0.078125
0 0.8828125 0.3515625 0.11875 0.0875
1 0.8625 0.3421875 0.015625 0.015625
1 0.4609375 0.98125 0.0375 0.0359375
1 0.4078125 0.7421875 0.00625 0.009375
1 0.4078125 0.75625 0.0296875 0.0171875
1 0.359375 0.75625 0.028125 0.028125
1 0.340625 0.8359375 0.0359375 0.0265625
1 0.296875 0.721875 0.0234375 0.0234375
1 0.2546875 0.7703125 0.01875 0.025
1 0.2296875 0.875 0.021875 0.0703125
1 0.38203125 0.990625 0.0296875 0.01875
1 0.3625 0.9703125 0.028125 0.01875
1 0.353125 0.9515625 0.015625 0.01875
1 0.31953125 0.97890625 0.0484375 0.0421875
1 0.3125 0.965625 0.0140625 0.028125
1 0.24453125 0.9953125 0.0171875 0.009375
1 0.26015625 0.99453125 0.0203125 0.0109375
1 0.265625 0.9734375 0.0375 0.028125
1 0.2265625 0.9703125 0.0140625 0.025
1 0.240625 0.95625 0.015625 0.01875
1 0.225 0.940625 0.0140625 0.0265625
1 0.48828125 0.8578125 0.0234375 0.040625
1 0.475 0.846875 0.0234375 0.0234375
1 0.49453125 0.9765625 0.0109375 0.028125
1 0.4859375 0.9515625 0.021875 0.03125
1 0.3046875 0.753125 0.0109375 0.025
1 0.3203125 0.75 0.015625 0.021875
1 0.3359375 0.70625 0.0296875 0.034375
1 0.328125 0.68125 0.0234375 0.025
1 0.2578125 0.70625 0.028125 0.0234375
0 0.265625 0.6828125 0.096875 0.028125
1 0.4515625 0.7453125 0.03125 0.040625
1 0.45078125 0.72421875 0.0984375 0.1109375
1 0.8140625 0.7671875 0.0140625 0.03125
1 0.8109375 0.8640625 0.015625 0.021875
1 0.809375 0.7015625 0.0203125 0.0375
1 0.79375 0.809375 0.0234375 0.0265625
1 0.79921875 0.99296875 0.0234375 0.0140625
1 0.78125 0.75 0.0234375 0.0203125
1 0.7734375 0.784375 0.0078125 0.0109375
1 0.7671875 0.7078125 0.015625 0.021875
1 0.734375 0.7765625 0.021875 0.01875
1 0.7390625 0.8859375 0.0375 0.0421875
1 0.7359375 0.8109375 0.05 0.05
1 0.703125 0.728125 0.028125 0.0109375
1 0.6875 0.821875 0.034375 0.0359375
1 0.671875 0.98203125 0.025 0.0359375
1 0.6578125 0.8296875 0.0234375 0.0265625
1 0.65625 0.7484375 0.0171875 0.0203125
1 0.6328125 0.7203125 0.0296875 0.0375
1 0.61875 0.7765625 0.025 0.01875
1 0.6 0.896875 0.0125 0.01875
1 0.584375 0.9609375 0.03125 0.03125
1 0.51484375 0.790625 0.0296875 0.025
1 0.76328125 0.99296875 0.0390625 0.0140625
1 0.7375 0.9734375 0.0125 0.0234375
1 0.6515625 0.8109375 0.0203125 0.009375
1 0.721875 0.7875 0.0140625 0.0234375
1 0.5921875 0.7296875 0.0234375 0.0171875