1 0.2578125 0.30625 0.03125 0.0390625
1 0.2359375 0.334375 0.01875 0.0109375
1 0.0015625 0.37734375 0.003125 0.0171875
1 0.1359375 0.4734375 0.05625 0.046875
1 0.171875 0.559375 0.03125 0.01875
1 0.00703125 0.6390625 0.0140625 0.021875
1 0.090625 0.3015625 0.0484375 0.0453125
1 0.0765625 0.425 0.021875 0.021875
1 0.0359375 0.4109375 0.05625 0.0546875
0 0.478125 0.56796875 0.24375 0.1640625
0 0.4234375 0.4546875 0.2609375 0.359375
0 0.4109375 0.3375 0.26875 0.1875
1 0.6984375 0.45625 0.0140625 0.0234375
1 0.665625 0.425 0.01875 0.021875
0 0.8 0.3125 0.4 0.171875
0 0.8234375 0.5921875 0.234375 0.115625
0 0.81015625 0.4828125 0.2484375 0.334375
1 0.475 0.7546875 0.0796875 0.0703125
1 0.3796875 0.70625 0.0375 0.04375
1 0.3953125 0.653125 0.03125 0.00625
0 0.31875 0.7109375 0.046875 0.121875
0 0.325 0.771875 0.1265625 0.0796875
1 0.178125 0.78125 0.0671875 0.04375
1 0.1453125 0.7875 0.021875 0.025
1 0.1140625 0.79375 0.0234375 0.028125
1 0.1015625 0.7109375 0.0296875 0.025
1 0.20703125 0.65625 0.0390625 0.0125
1 0.0640625 0.7265625 0.0265625 0.046875
1 0.021875 0.76015625 0.04375 0.0484375
1 0.0203125 0.796875 0.021875 0.0265625
1 0.1296875 0.665625 0.0265625 0.021875
1 0.171875 0.65234375 0.021875 0.0046875
1 0.1953125 0.734375 0.0265625 0.0265625
1 0.240625 0.709375 0.0203125 0.0140625
1 0.2546875 0.784375 0.0390625 0.034375
1 0.3 0.7546875 0.0359375 0.0328125
1 0.8828125 0.85 0.025 0.0171875
1 0.946875 0.9546875 0.03125 0.015625
1 0.75 0.9734375 0.009375 0.0125
1 0.98203125 0.7359375 0.0359375 0.078125
0 0.978125 0.7109375 0.04375 0.028125
1 0.975 0.7390625 0.0296875 0.0296875
1 0.7265625 0.8421875 0.015625 0.0140625
1 0.765625 0.9328125 0.009375 0.0171875
1 0.70625 0.990625 0.0625 0.01875
1 0.78984375 0.99609375 0.0296875 0.0078125
1 0.965625 0.778125 0.0265625 0.021875
0 0.95546875 0.81640625 0.0890625 0.0953125
1 0.9359375 0.8515625 0.090625 0.0578125
0 0.93828125 0.89609375 0.1234375 0.0890625
1 0.8921875 0.9453125 0.03125 0.021875
1 0.875 0.909375 0.04375 0.0359375
1 0.8125 0.85 0.10625 0.1203125
1 0.8390625 0.878125 0.0484375 0.053125
1 0.603125 0.7125 0.00625 0.025
1 0.6296875 0.8609375 0.01875 0.021875
1 0.60625 0.8421875 0.0125 0.03125
1 0.60703125 0.96640625 0.0140625 0.0171875