1 0.03046875 0.209375 0.0609375 0.046875
1 0.015625 0.14609375 0.03125 0.0484375
1 0.0359375 0.134375 0.0265625 0.015625
1 0.13125 0.1109375 0.021875 0.01875
1 0.1140625 0.103125 0.015625 0.03125
1 0.1140625 0.128125 0.0265625 0.025
1 0.146875 0.01484375 0.04375 0.0296875
1 0.1984375 0.0578125 0.0265625 0.034375
1 0.2171875 0.00625 0.034375 0.0125
1 0.146875 0.2171875 0.015625 0.021875
0 0.4078125 0.1859375 0.1421875 0.13125
1 0.3359375 0.1703125 0.021875 0.03125
1 0.5265625 0.2234375 0.025 0.046875
1 0.484375 0.2265625 0.0140625 0.021875
0 0.44375 0.090625 0.1078125 0.0890625
0 0.39609375 0.04765625 0.1578125 0.0953125
1 0.284375 0.1375 0.0125 0.009375
1 0.6875 0.4640625 0.0375 0.009375
1 0.75234375 0.45859375 0.0515625 0.0203125
1 0.63125 0.4546875 0.01875 0.0171875
1 0.903125 0.3140625 0.015625 0.009375
1 0.9015625 0.2828125 0.046875 0.05
1 0.6296875 0.2640625 0.04375 0.03125
1 0.99609375 0.25234375 0.0078125 0.0328125
0 0.571875 0.25703125 0.065625 0.0421875
0 0.07109375 0.9453125 0.1421875 0.109375
0 0.0578125 0.86875 0.115625 0.0875
1 0.00859375 0.90703125 0.0171875 0.0140625
0 0.04453125 0.803125 0.0890625 0.06875
0 0.0640625 0.728125 0.1265625 0.0734375
1 0.1375 0.7828125 0.0515625 0.0671875
0 0.078125 0.6609375 0.1234375 0.0953125
1 0.0671875 0.621875 0.134375 0.078125
1 0.1703125 0.828125 0.0359375 0.0140625
1 0.1796875 0.9203125 0.0828125 0.0546875
1 0.2140625 0.6265625 0.0390625 0.0265625
1 0.2203125 0.6875 0.015625 0.028125
1 0.3171875 0.665625 0.0359375 0.028125
1 0.4625 0.625 0.0265625 0.03125
1 0.4265625 0.7734375 0.0203125 0.0265625
1 0.4984375 0.8125 0.040625 0.0453125
1 0.53046875 0.85703125 0.0171875 0.0203125
1 0.52265625 0.88828125 0.0328125 0.0484375
1 0.53125 0.91875 0.015625 0.021875
1 0.3375 0.5890625 0.0234375 0.0125
1 0.35 0.609375 0.03125 0.028125
1 0.3015625 0.6515625 0.015625 0.0171875
1 0.3765625 0.803125 0.0140625 0.0140625
1 0.98515625 0.8625 0.0296875 0.028125
1 0.9265625 0.85625 0.034375 0.0390625
1 0.8765625 0.8296875 0.0125 0.034375
1 0.8875 0.8 0.0171875 0.0171875
1 0.99765625 0.7890625 0.0046875 0.015625
1 0.54296875 0.765625 0.0078125 0.034375
1 0.99375 0.70703125 0.0125 0.0171875
1 0.54296875 0.70078125 0.0078125 0.0265625
1 0.8203125 0.675 0.0171875 0.0171875
1 0.8203125 0.61875 0.0140625 0.01875
1 0.99375 0.6109375 0.0125 0.015625
1 0.9703125 0.596875 0.015625 0.0234375
1 0.6671875 0.603125 0.0203125 0.0234375
1 0.98125 0.54375 0.028125 0.0234375
0 0.61875 0.5625 0.0484375 0.0671875
1 0.9859375 0.496875 0.025 0.01875
1 0.896875 0.4796875 0.0140625 0.015625
1 0.5515625 0.69375 0.0109375 0.0140625
1 0.5546875 0.7359375 0.01875 0.01875
1 0.54921875 0.77421875 0.0203125 0.0234375
1 0.540625 0.8546875 0.003125 0.015625
0 0.6234375 0.8609375 0.1234375 0.0375
1 0.6609375 0.7703125 0.0140625 0.009375
1 0.6671875 0.7484375 0.0078125 0.0203125
0 0.6140625 0.80625 0.084375 0.109375
1 0.6625 0.7015625 0.0125 0.0296875
1 0.6875 0.6875 0.0109375 0.0171875
0 0.6203125 0.63125 0.05625 0.1078125
0 0.615625 0.4953125 0.053125 0.0453125
1 0.721875 0.821875 0.0203125 0.015625
1 0.7671875 0.509375 0.0203125 0.021875
1 0.7515625 0.6234375 0.0234375 0.0265625
1 0.7609375 0.80625 0.034375 0.053125
1 0.765625 0.8328125 0.0109375 0.0171875
1 0.7734375 0.8484375 0.0203125 0.0375
1 0.7828125 0.775 0.015625 0.021875
1 0.8078125 0.7609375 0.009375 0.0109375
1 0.9296875 0.5359375 0.04375 0.0453125
1 0.8625 0.6421875 0.009375 0.015625
1 0.859375 0.7703125 0.0171875 0.0265625
1 0.9859375 0.6765625 0.015625 0.0171875