1 0.3703125 0.284375 0.0078125 0.0078125
1 0.4078125 0.2828125 0.0078125 0.009375
1 0.303125 0.225 0.0203125 0.028125
1 0.3375 0.203125 0.0125 0.0078125
1 0.0234375 0.1890625 0.0296875 0.0234375
1 0.315625 0.1453125 0.0171875 0.0203125
1 0.084375 0.134375 0.0265625 0.0203125
1 0.3515625 0.1203125 0.03125 0.025
1 0.0046875 0.090625 0.009375 0.015625
1 0.44375 0.071875 0.046875 0.0265625
1 0.359375 0.0453125 0.028125 0.0203125
1 0.1609375 0.04375 0.028125 0.028125
0 0.4359375 0.26796875 0.0875 0.0390625
1 0.3046875 0.2015625 0.0171875 0.0171875
1 0.2859375 0.2265625 0.025 0.0375
0 0.4359375 0.2015625 0.0875 0.171875
1 0.05625 0.246875 0.0453125 0.0328125
1 0.065625 0.1984375 0.03125 0.028125
1 0.0953125 0.165625 0.021875 0.0140625
1 0.46796875 0.1625 0.0234375 0.03125
1 0.4671875 0.134375 0.0171875 0.0140625
1 0.47578125 0.14140625 0.0078125 0.0203125
0 0.4296875 0.1296875 0.1 0.259375
1 0.1265625 0.0296875 0.0265625 0.0234375
1 0.103125 0.00546875 0.028125 0.0109375
1 0.134375 0.1421875 0.0421875 0.034375
1 0.159375 0.128125 0.01875 0.025
1 0.1921875 0.146875 0.034375 0.0390625
1 0.1828125 0.1234375 0.0171875 0.025
1 0.08125 0.06875 0.0203125 0.0203125
1 0.2875 0.0234375 0.0234375 0.040625
1 0.2828125 0.053125 0.034375 0.025
1 0.2703125 0.09375 0.0390625 0.0234375
1 0.309375 0.0671875 0.0265625 0.0328125
1 0.321875 0.090625 0.0390625 0.0328125
1 0.33125 0.0671875 0.015625 0.0203125
1 0.54453125 0.00859375 0.0484375 0.0171875
1 0.5984375 0.0265625 0.0109375 0.0125
1 0.5828125 0.303125 0.015625 0.0140625
1 0.6234375 0.3 0.0109375 0.0140625
0 0.8046875 0.0609375 0.215625 0.121875
0 0.87109375 0.009375 0.1140625 0.01875
1 0.9484375 0.065625 0.0234375 0.0203125
1 0.8109375 0.109375 0.0078125 0.0125
1 0.6921875 0.184375 0.0234375 0.021875
1 0.7359375 0.184375 0.0203125 0.0140625
1 0.803125 0.18125 0.0703125 0.04375
0 0.8265625 0.2828125 0.178125 0.153125
1 0.65625 0.115625 0.0140625 0.0109375
1 0.00625 0.95546875 0.0125 0.0109375
1 0.0171875 0.790625 0.0140625 0.0234375
1 0.1125 0.6203125 0.0203125 0.0140625
1 0.115625 0.6578125 0.0265625 0.0359375
1 0.109375 0.6546875 0.01875 0.0125
1 0.1234375 0.675 0.0296875 0.0125
1 0.125 0.6828125 0.0109375 0.0140625
1 0.1140625 0.690625 0.015625 0.0171875
1 0.134375 0.6890625 0.0140625 0.0140625
1 0.0984375 0.709375 0.01875 0.021875
1 0.0875 0.7078125 0.0140625 0.0125
1 0.0625 0.7453125 0.0109375 0.0265625
1 0.0515625 0.7390625 0.0140625 0.021875
1 0.0875 0.7859375 0.009375 0.0125
1 0.084375 0.803125 0.015625 0.0078125
1 0.09375 0.9 0.0234375 0.021875
1 0.1140625 0.8859375 0.0234375 0.0203125
1 0.096875 0.9578125 0.021875 0.0203125
1 0.1015625 0.99765625 0.01875 0.0046875
1 0.1515625 0.98125 0.021875 0.03125
1 0.1421875 0.93125 0.0234375 0.0265625
1 0.15625 0.9171875 0.00625 0.0140625
1 0.1390625 0.9 0.034375 0.0390625
1 0.165625 0.884375 0.0125 0.0140625
1 0.1859375 0.8203125 0.015625 0.01875
1 0.1703125 0.8078125 0.0265625 0.021875
1 0.1390625 0.7609375 0.0203125 0.0125
1 0.1640625 0.7734375 0.03125 0.025
1 0.1859375 0.7578125 0.0171875 0.015625
1 0.1765625 0.6484375 0.0296875 0.021875
1 0.14375 0.584375 0.015625 0.015625
1 0.1625 0.5984375 0.0140625 0.0109375
1 0.1828125 0.609375 0.015625 0.015625
1 0.19375 0.66875 0.0265625 0.0265625
1 0.20625 0.959375 0.0140625 0.0125
1 0.2796875 0.8640625 0.0578125 0.0484375
1 0.2875 0.853125 0.025 0.028125
1 0.2609375 0.7515625 0.03125 0.0234375
1 0.3296875 0.65625 0.0140625 0.021875
1 0.29375 0.6671875 0.0171875 0.0140625
1 0.33125 0.6859375 0.028125 0.0234375
1 0.321875 0.709375 0.0171875 0.0140625
1 0.3046875 0.7921875 0.078125 0.071875
1 0.3296875 0.8015625 0.0375 0.046875
1 0.3390625 0.878125 0.0078125 0.0125
1 0.3921875 0.8953125 0.015625 0.0125
1 0.44375 0.8421875 0.0234375 0.01875
1 0.446875 0.86875 0.0171875 0.0203125
1 0.425 0.8109375 0.021875 0.01875
1 0.4484375 0.7734375 0.0203125 0.0234375
1 0.4671875 0.7609375 0.0140625 0.015625
1 0.4328125 0.75 0.0125 0.0109375
1 0.4 0.7578125 0.0140625 0.0234375
1 0.390625 0.7390625 0.025 0.0265625
1 0.415625 0.6984375 0.009375 0.0109375
1 0.4609375 0.584375 0.0171875 0.0234375
1 0.47421875 0.59140625 0.0109375 0.0171875
0 0.365625 0.934375 0.0859375 0.075
1 0.315625 0.9078125 0.0375 0.0171875
1 0.3828125 0.953125 0.025 0.0203125
0 0.3640625 0.584375 0.0984375 0.0234375
1 0.3140625 0.6296875 0.01875 0.0078125
0 0.36875 0.6359375 0.1328125 0.084375
0 0.3578125 0.7953125 0.0859375 0.15
0 0.34765625 0.98046875 0.0984375 0.0390625
1 0.565625 0.6328125 0.0234375 0.0265625
1 0.58125 0.6703125 0.015625 0.015625
1 0.5359375 0.709375 0.0390625 0.046875
1 0.5046875 0.75390625 0.05 0.0203125
1 0.4890625 0.8765625 0.009375 0.0078125
1 0.5890625 0.5640625 0.021875 0.0359375
1 0.6140625 0.559375 0.0390625 0.0484375
1 0.625 0.7765625 0.0375 0.034375
1 0.6234375 0.8421875 0.021875 0.0328125
1 0.53203125 0.9796875 0.1046875 0.040625
1 0.51875 0.6875 0.078125 0.284375
1 0.50859375 0.8 0.0578125 0.1
1 0.784375 0.55 0.0234375 0.046875
1 0.80625 0.559375 0.0296875 0.034375
1 0.8609375 0.6515625 0.0140625 0.0359375
1 0.753125 0.76875 0.24375 0.1328125
1 0.8625 0.9921875 0.0140625 0.015625
0 0.8921875 0.9515625 0.125 0.096875
1 0.8640625 0.9203125 0.015625 0.0171875
1 0.7296875 0.8796875 0.2796875 0.1390625
1 0.665625 0.896875 0.0171875 0.0078125
1 0.74375 0.9765625 0.009375 0.0078125
0 0.88203125 0.64296875 0.2359375 0.2703125
0 0.915625 0.7578125 0.16875 0.246875
1 0.95 0.84375 0.0140625 0.009375
0 0.91484375 0.8890625 0.1703125 0.221875
1 0.9609375 0.7125 0.025 0.028125
1 0.9515625 0.7125 0.0140625 0.0234375