1 0.3390625 0.4828125 0.03125 0.015625
1 0.2640625 0.48125 0.0453125 0.01875
0 0.2828125 0.3671875 0.1328125 0.096875
1 0.4078125 0.16875 0.0140625 0.0140625
1 0.215625 0.2078125 0.01875 0.0203125
1 0.240625 0.23125 0.03125 0.0234375
0 0.303125 0.240625 0.13125 0.1390625
0 0.340625 0.184375 0.084375 0.121875
1 0.296875 0.125 0.0578125 0.109375
0 0.296875 0.06796875 0.184375 0.1359375
1 0.40625 0.0546875 0.0203125 0.01875
1 0.1203125 0.4109375 0.03125 0.01875
1 0.1484375 0.2171875 0.0484375 0.034375
1 0.0921875 0.11875 0.009375 0.0140625
1 0.0671875 0.1203125 0.025 0.015625
1 0.00234375 0.10859375 0.0046875 0.0171875
1 0.10078125 0.01796875 0.0890625 0.0359375
1 0.071875 0.0296875 0.0578125 0.0390625
1 0.0921875 0.0046875 0.025 0.009375
1 0.03359375 0.00390625 0.0140625 0.0078125
1 0.003125 0.24140625 0.00625 0.0109375
1 0.00546875 0.16875 0.0109375 0.034375
1 0.99296875 0.4828125 0.0140625 0.01875
1 0.984375 0.3109375 0.0265625 0.01875
1 0.95625 0.2671875 0.0640625 0.071875
1 0.9171875 0.23125 0.071875 0.0734375
1 0.875 0.315625 0.025 0.040625
0 0.64375 0.3015625 0.1140625 0.0484375
0 0.646875 0.190625 0.1609375 0.0609375
1 0.7171875 0.2046875 0.05625 0.0640625
0 0.6515625 0.4421875 0.0515625 0.1359375
0 0.66953125 0.54765625 0.0421875 0.0234375
1 0.69140625 0.5515625 0.0609375 0.015625
1 0.84609375 0.546875 0.0203125 0.025
1 0.8671875 0.425 0.0265625 0.025
1 0.478125 0.2328125 0.01875 0.03125
1 0.34375 0.7296875 0.0265625 0.0328125
1 0.3671875 0.6640625 0.01875 0.0203125
1 0.4078125 0.6640625 0.0296875 0.01875
1 0.396875 0.621875 0.01875 0.0140625
1 0.325 0.6015625 0.01875 0.01875
1 0.2984375 0.6078125 0.0125 0.0125
1 0.2625 0.615625 0.0125 0.01875
1 0.2609375 0.63125 0.0171875 0.0109375
1 0.26875 0.665625 0.0171875 0.0109375
1 0.34375 0.584375 0.0125 0.0171875
1 0.353125 0.6109375 0.0203125 0.0265625
1 0.390625 0.584375 0.0203125 0.009375
1 0.309375 0.8078125 0.0296875 0.0203125
0 0.253125 0.796875 0.0703125 0.0421875
1 0.2046875 0.7953125 0.028125 0.00625
0 0.2515625 0.7125 0.128125 0.1265625
1 0.2203125 0.7390625 0.034375 0.0234375
1 0.2015625 0.628125 0.0203125 0.015625
1 0.1421875 0.6578125 0.053125 0.03125
0 0.2578125 0.5765625 0.0390625 0.0328125
1 0.1890625 0.5921875 0.0515625 0.040625
1 0.3109375 0.571875 0.0171875 0.0125
1 0.06796875 0.565625 0.0140625 0.0125
1 0.0203125 0.578125 0.025 0.025
1 0.00234375 0.5828125 0.0046875 0.009375
1 0.103125 0.6109375 0.04375 0.0296875
1 0.10625 0.6296875 0.0203125 0.00625
1 0.096875 0.665625 0.01875 0.0140625
1 0.071875 0.75 0.0296875 0.015625
1 0.0625 0.7328125 0.01875 0.015625
1 0.0421875 0.76875 0.0234375 0.0125
1 0.0625 0.7984375 0.040625 0.040625
1 0.0171875 0.815625 0.021875 0.00625
1 0.9171875 0.6921875 0.0296875 0.04375
1 0.5171875 0.75625 0.034375 0.00625
1 0.5125 0.790625 0.0171875 0.0265625
1 0.98671875 0.8859375 0.0265625 0.01875
1 0.49375 0.9796875 0.0109375 0.015625
1 0.9875 0.63203125 0.025 0.0359375
1 0.98828125 0.60078125 0.0234375 0.0359375
1 0.95625 0.5921875 0.0265625 0.04375
1 0.94140625 0.58125 0.0171875 0.04375
1 0.9765625 0.7265625 0.040625 0.0203125
1 0.96875 0.6890625 0.0578125 0.06875
0 0.86953125 0.5875 0.0828125 0.05625
1 0.98125 0.8328125 0.0375 0.025
1 0.97265625 0.95625 0.0546875 0.0625
0 0.834375 0.971875 0.0734375 0.0296875
0 0.875 0.9484375 0.1765625 0.078125
1 0.815625 0.95 0.0421875 0.0234375
0 0.8578125 0.8671875 0.0859375 0.1015625
0 0.8671875 0.76875 0.065625 0.0984375
1 0.8171875 0.8046875 0.046875 0.034375
1 0.7796875 0.7515625 0.009375 0.015625
0 0.85625 0.6984375 0.0828125 0.10625
1 0.815625 0.696875 0.0296875 0.0265625
1 0.85625 0.646875 0.021875 0.0390625
1 0.759375 0.9671875 0.071875 0.040625
1 0.69375 0.953125 0.046875 0.06875
1 0.653125 0.9515625 0.0265625 0.0234375
1 0.74375 0.775 0.0328125 0.034375
1 0.7390625 0.725 0.0265625 0.0265625
1 0.6890625 0.69375 0.0328125 0.0515625
1 0.68125 0.771875 0.0265625 0.040625
1 0.6734375 0.7421875 0.0140625 0.0265625
1 0.8078125 0.59375 0.034375 0.028125
1 0.76875 0.5984375 0.0375 0.0359375
1 0.65546875 0.59453125 0.1015625 0.0703125
1 0.66875 0.609375 0.021875 0.025
1 0.73359375 0.57421875 0.0921875 0.0296875
1 0.515625 0.5671875 0.00625 0.015625
1 0.6 0.621875 0.025 0.0171875
1 0.4796875 0.66875 0.021875 0.065625
0 0.48671875 0.69296875 0.0359375 0.1421875
1 0.534375 0.61875 0.0375 0.034375
1 0.521875 0.6421875 0.03125 0.0171875
1 0.5796875 0.6890625 0.065625 0.075
1 0.5890625 0.653125 0.05 0.0484375
1 0.6125 0.76875 0.0453125 0.05
1 0.5109375 0.74375 0.01875 0.0140625
1 0.4890625 0.7328125 0.01875 0.0234375
1 0.478125 0.74375 0.00625 0.0078125
1 0.4984375 0.7640625 0.0234375 0.009375
1 0.6375 0.840625 0.028125 0.0140625
1 0.5921875 0.971875 0.034375 0.0296875
1 0.61875 0.934375 0.028125 0.0328125
1 0.5734375 0.8921875 0.0421875 0.0625
1 0.6046875 0.8640625 0.0328125 0.0125
1 0.50625 0.925 0.05 0.025
1 0.49453125 0.92890625 0.0515625 0.0765625
1 0.4921875 0.8828125 0.046875 0.078125
1 0.49921875 0.8171875 0.0609375 0.11875