1 0.0375 0.0125 0.0203125 0.015625
1 0.1578125 0.05 0.009375 0.0140625
1 0.2625 0.3421875 0.0078125 0.0078125
0 0.28125 0.16171875 0.196875 0.2953125
0 0.29375 0.0265625 0.171875 0.053125
1 0.4109375 0.3578125 0.00625 0.0171875
1 0.821875 0.43125 0.0375 0.0390625
1 0.6296875 0.4875 0.0171875 0.0171875
1 0.525 0.4953125 0.0078125 0.0078125
1 0.6546875 0.5 0.021875 0.05
1 0.6109375 0.5421875 0.0125 0.0125
1 0.42578125 0.5546875 0.0546875 0.028125
1 0.759375 0.5453125 0.05 0.046875
1 0.8875 0.503125 0.0421875 0.046875
1 0.8296875 0.5453125 0.0328125 0.03125
1 0.8140625 0.5 0.01875 0.0203125
1 0.771875 0.4140625 0.025 0.0265625
1 0.76875 0.446875 0.0203125 0.0265625
1 0.8078125 0.328125 0.0390625 0.009375
1 0.803125 0.29375 0.028125 0.028125
1 0.83125 0.2625 0.046875 0.028125
1 0.7109375 0.4578125 0.0265625 0.040625
1 0.515625 0.24375 0.0171875 0.025
1 0.4265625 0.2640625 0.0328125 0.0265625
1 0.409375 0.50625 0.0265625 0.0234375
1 0.3984375 0.46875 0.0234375 0.0609375
1 0.5703125 0.38125 0.025 0.0234375
1 0.6359375 0.2890625 0.0125 0.025
1 0.6015625 0.3015625 0.04375 0.0359375
0 0.6171875 0.36875 0.0671875 0.11875
1 0.6578125 0.3296875 0.0484375 0.046875
0 0.5984375 0.2609375 0.0546875 0.059375
1 0.6171875 0.503125 0.0359375 0.06875
1 0.4796875 0.525 0.0328125 0.015625
1 0.03984375 0.5875 0.0578125 0.0375
1 0.21875 0.7421875 0.0359375 0.0328125
0 0.1296875 0.74375 0.1796875 0.0390625
1 0.053125 0.7203125 0.03125 0.0234375
0 0.1546875 0.665625 0.1796875 0.09375
1 0.1109375 0.6046875 0.0421875 0.0328125
0 0.15703125 0.5875 0.1265625 0.0375
1 0.2671875 0.65 0.0390625 0.040625
1 0.3203125 0.725 0.03125 0.028125
1 0.328125 0.6421875 0.03125 0.0296875
1 0.37109375 0.68515625 0.0171875 0.0359375
0 0.9671875 0.98125 0.046875 0.0234375
1 0.8796875 0.95625 0.01875 0.0265625
1 0.8671875 0.9375 0.0203125 0.0203125
1 0.8828125 0.9046875 0.028125 0.0203125
1 0.8265625 0.884375 0.028125 0.021875
1 0.8 0.8640625 0.015625 0.0203125
1 0.9265625 0.9625 0.0109375 0.01875
1 0.96875 0.96875 0.0234375 0.0203125
0 0.94453125 0.9046875 0.1109375 0.09375
1 0.8984375 0.8625 0.0421875 0.046875
0 0.95234375 0.821875 0.0953125 0.13125
1 0.915625 0.7703125 0.025 0.0265625
1 0.871875 0.7796875 0.03125 0.025
1 0.79375 0.7796875 0.0296875 0.034375
1 0.859375 0.740625 0.078125 0.0703125
1 0.8265625 0.68125 0.0421875 0.040625
1 0.878125 0.69375 0.0390625 0.0265625
1 0.896875 0.675 0.028125 0.025
1 0.8984375 0.7 0.0203125 0.0171875
1 0.9296875 0.703125 0.0234375 0.015625
1 0.9578125 0.7703125 0.025 0.0203125
1 0.95625 0.7234375 0.0609375 0.03125
0 0.95390625 0.62578125 0.0921875 0.1140625
1 0.95546875 0.5734375 0.0265625 0.009375
1 0.76953125 0.57734375 0.0296875 0.0171875
1 0.7453125 0.6171875 0.04375 0.046875
1 0.6953125 0.6375 0.0203125 0.0234375
1 0.746875 0.7671875 0.04375 0.0609375
1 0.7609375 0.815625 0.0203125 0.015625
1 0.6953125 0.7109375 0.0375 0.025
1 0.6921875 0.690625 0.025 0.025
1 0.6953125 0.665625 0.0296875 0.0296875
1 0.6828125 0.65 0.0140625 0.0234375
1 0.659375 0.71875 0.0359375 0.0515625
1 0.6421875 0.7015625 0.015625 0.0234375
1 0.5890625 0.590625 0.0421875 0.0328125
1 0.553125 0.6171875 0.0265625 0.01875
1 0.6671875 0.8375 0.0234375 0.01875
1 0.628125 0.8734375 0.015625 0.03125
1 0.7109375 0.878125 0.0296875 0.0359375
1 0.7390625 0.8671875 0.0203125 0.0203125
1 0.709375 0.9390625 0.028125 0.0234375
1 0.6875 0.925 0.015625 0.03125
1 0.6875 0.9453125 0.015625 0.0109375
1 0.6609375 0.9546875 0.028125 0.015625
1 0.578125 0.96875 0.04375 0.0234375
1 0.5765625 0.99453125 0.025 0.0109375
1 0.61953125 0.99453125 0.0421875 0.0109375
1 0.67578125 0.9859375 0.0421875 0.028125
1 0.6984375 0.99296875 0.015625 0.0140625
1 0.5078125 0.9484375 0.01875 0.0171875
0 0.44921875 0.9359375 0.1390625 0.128125
1 0.4921875 0.8328125 0.0328125 0.0359375
0 0.43984375 0.79140625 0.1203125 0.1578125
1 0.5328125 0.7203125 0.0390625 0.0265625
1 0.5890625 0.7375 0.0171875 0.021875
1 0.39765625 0.759375 0.0359375 0.05625
1 0.4125 0.728125 0.0234375 0.025
1 0.4 0.6171875 0.03125 0.01875
1 0.4359375 0.6 0.0296875 0.028125
1 0.4875 0.6171875 0.0390625 0.0375
1 0.4953125 0.6515625 0.0390625 0.034375
1 0.490625 0.5796875 0.04375 0.021875
0 0.45234375 0.66484375 0.1453125 0.1484375