1 0.05546875 0.45078125 0.0171875 0.0171875
1 0.3453125 0.4484375 0.021875 0.0171875
1 0.00546875 0.30390625 0.0109375 0.0234375
1 0.040625 0.3328125 0.0203125 0.0359375
1 0.0546875 0.2921875 0.0125 0.0390625
1 0.196875 0.3015625 0.0421875 0.046875
1 0.3375 0.3125 0.01875 0.0109375
1 0.3296875 0.2171875 0.015625 0.015625
1 0.36875 0.26875 0.015625 0.009375
1 0.2125 0.225 0.0140625 0.021875
1 0.1484375 0.2078125 0.0203125 0.009375
1 0.065625 0.1640625 0.0171875 0.01875
1 0.0421875 0.1546875 0.015625 0.025
1 0.0171875 0.178125 0.0203125 0.0125
1 0.025 0.1453125 0.0390625 0.0234375
1 0.1265625 0.075 0.0140625 0.0171875
1 0.190625 0.0765625 0.0125 0.021875
1 0.309375 0.1375 0.025 0.015625
1 0.1671875 0.1421875 0.015625 0.0171875
1 0.2984375 0.196875 0.0171875 0.0140625
1 0.3078125 0.0953125 0.040625 0.0390625
1 0.2390625 0.3984375 0.0203125 0.0203125
0 0.35078125 0.11796875 0.1046875 0.2359375
0 0.1453125 0.1328125 0.2453125 0.2265625
0 0.06171875 0.12109375 0.1234375 0.2421875
1 0.1921875 0.2 0.021875 0.0109375
1 0.996875 0.359375 0.00625 0.0125
1 0.990625 0.3296875 0.0171875 0.0171875
1 0.9734375 0.19375 0.0125 0.03125
0 0.98125 0.153125 0.0375 0.071875
1 0.8953125 0.2859375 0.015625 0.021875
1 0.8703125 0.1875 0.015625 0.0140625
1 0.85625 0.2421875 0.0234375 0.0140625
0 0.884375 0.15 0.103125 0.065625
1 0.8296875 0.265625 0.0234375 0.025
1 0.790625 0.13125 0.009375 0.015625
1 0.7796875 0.078125 0.0265625 0.0125
1 0.7546875 0.45078125 0.028125 0.0171875
1 0.71875 0.434375 0.0234375 0.0140625
1 0.6859375 0.3703125 0.01875 0.01875
1 0.6875 0.2609375 0.025 0.021875
1 0.665625 0.2328125 0.0265625 0.015625
0 0.6796875 0.146875 0.0796875 0.125
1 0.6328125 0.2078125 0.0109375 0.01875
1 0.6390625 0.375 0.0234375 0.025
1 0.7984375 0.4046875 0.0296875 0.0203125
1 0.790625 0.3421875 0.0328125 0.034375
1 0.70625 0.3109375 0.0265625 0.0234375
1 0.803125 0.253125 0.03125 0.0328125
1 0.753125 0.225 0.028125 0.0359375
1 0.653125 0.2765625 0.025 0.0296875
1 0.6515625 0.084375 0.01875 0.0265625
1 0.6921875 0.0609375 0.025 0.0203125
1 0.690625 0.01875 0.0296875 0.0203125
1 0.8234375 0.1296875 0.021875 0.0328125
1 0.746875 0.1875 0.01875 0.0171875
1 0.7484375 0.13125 0.015625 0.015625
1 0.8171875 0.2140625 0.025 0.015625
1 0.8328125 0.1921875 0.025 0.021875
1 0.8140625 0.1921875 0.03125 0.04375
1 0.85 0.0859375 0.0203125 0.015625
1 0.9390625 0.21875 0.0234375 0.0234375
1 0.953125 0.15625 0.015625 0.028125
1 0.940625 0.128125 0.01875 0.0203125
1 0.9953125 0.24609375 0.009375 0.0234375
1 0.99609375 0.22109375 0.0078125 0.0265625
1 0.43125 0.509375 0.01875 0.015625
0 0.40859375 0.59609375 0.1828125 0.1921875
0 0.2359375 0.609375 0.01875 0.0921875
0 0.240625 0.6765625 0.0265625 0.0203125
1 0.3515625 0.8 0.0390625 0.034375
1 0.3390625 0.878125 0.0375 0.01875
1 0.31796875 0.9859375 0.0296875 0.028125
1 0.34140625 0.9921875 0.0203125 0.015625
1 0.7171875 0.5296875 0.0390625 0.0546875
1 0.5453125 0.54375 0.0375 0.0296875
1 0.5296875 0.534375 0.0390625 0.025
1 0.578125 0.5078125 0.0484375 0.0421875
1 0.54140625 0.471875 0.0453125 0.025
1 0.6078125 0.5875 0.046875 0.0359375
1 0.671875 0.7484375 0.034375 0.0234375
1 0.68125 0.66875 0.0296875 0.028125
1 0.5578125 0.6703125 0.03125 0.046875
1 0.596875 0.7484375 0.05 0.0328125
1 0.6046875 0.890625 0.03125 0.0375
1 0.6859375 0.9578125 0.025 0.021875
1 0.69296875 0.98984375 0.0203125 0.0203125
1 0.50703125 0.95 0.0140625 0.03125
1 0.7296875 0.9515625 0.021875 0.021875
1 0.59375 0.953125 0.0375 0.04375
1 0.6359375 0.75 0.021875 0.009375
1 0.534375 0.6390625 0.040625 0.04375
1 0.525 0.55625 0.0390625 0.028125
1 0.50390625 0.665625 0.0078125 0.0375
1 0.5875 0.671875 0.0109375 0.0203125