1 0.103125 0.6015625 0.0203125 0.00625
1 0.1296875 0.6015625 0.0140625 0.0078125
1 0.2796875 0.5703125 0.0109375 0.015625
1 0.309375 0.559375 0.0390625 0.034375
1 0.56796875 0.56328125 0.0421875 0.0421875
1 0.146875 0.5234375 0.03125 0.0453125
1 0.08125 0.565625 0.0515625 0.078125
1 0.2390625 0.51875 0.0109375 0.009375
1 0.415625 0.50625 0.0296875 0.0453125
1 0.540625 0.4953125 0.0515625 0.034375
1 0.0359375 0.43125 0.01875 0.009375
1 0.2625 0.3890625 0.0078125 0.0109375
1 0.246875 0.2890625 0.0171875 0.015625
1 0.0453125 0.2734375 0.05 0.0328125
1 0.225 0.171875 0.0328125 0.003125
1 0.175 0.1140625 0.0390625 0.04375
1 0.315625 0.090625 0.0046875 0.015625
1 0.203125 0.6015625 0.0140625 0.00625
1 0.2125 0.403125 0.0296875 0.015625
1 0.8578125 0.396875 0.0296875 0.0171875
1 0.603125 0.30703125 0.028125 0.0390625
1 0.965625 0.20625 0.0140625 0.0078125
1 0.6390625 0.1421875 0.0296875 0.021875
0 0.9703125 0.23671875 0.059375 0.2234375
1 0.6453125 0.440625 0.0078125 0.009375
0 0.90078125 0.45 0.1984375 0.31875
1 0.084375 0.634375 0.0171875 0.0171875
1 0.0109375 0.6890625 0.015625 0.025
1 0.1109375 0.7359375 0.0171875 0.021875
1 0.078125 0.7828125 0.015625 0.015625
1 0.246875 0.728125 0.0109375 0.01875
1 0.3421875 0.7203125 0.015625 0.015625
1 0.290625 0.759375 0.009375 0.015625
1 0.421875 0.7 0.015625 0.025
1 0.5796875 0.6953125 0.015625 0.015625
1 0.584375 0.703125 0.009375 0.025
1 0.3625 0.6890625 0.0140625 0.0171875
1 0.4640625 0.6984375 0.0390625 0.040625
1 0.1609375 0.6296875 0.0203125 0.0203125
0 0.44375 0.7421875 0.240625 0.1046875
1 0.6078125 0.671875 0.0296875 0.0234375
1 0.659375 0.74375 0.009375 0.0171875
1 0.6015625 0.753125 0.0171875 0.0234375
1 0.60546875 0.71171875 0.0328125 0.0390625
1 0.63125 0.703125 0.0375 0.0484375
1 0.8046875 0.6421875 0.0203125 0.025
1 0.69921875 0.61171875 0.0328125 0.0046875
1 0.7578125 0.6171875 0.0375 0.015625
1 0.796875 0.75 0.01875 0.0203125
1 0.853125 0.65625 0.0453125 0.053125
1 0.9046875 0.71875 0.0328125 0.0328125
1 0.9140625 0.74375 0.0671875 0.01875
1 0.90625 0.615625 0.003125 0.0125
0 0.95859375 0.65234375 0.0828125 0.0859375
0 0.97578125 0.72109375 0.0484375 0.1078125