0 0.4046875 0.3984375 0.115625 0.175
0 0.303125 0.39375 0.1109375 0.14375
0 0.1890625 0.378125 0.1546875 0.1796875
0 0.065625 0.3734375 0.1203125 0.1484375
0 0.01015625 0.40234375 0.0203125 0.1109375
1 0.0453125 0.3265625 0.0265625 0.0328125
1 0.040625 0.290625 0.0328125 0.05625
1 0.0359375 0.225 0.0171875 0.015625
1 0.0390625 0.159375 0.059375 0.0328125
1 0.0375 0.1171875 0.0359375 0.0375
1 0.1328125 0.109375 0.0484375 0.0515625
1 0.2 0.078125 0.0328125 0.03125
1 0.140625 0.1625 0.0484375 0.0359375
1 0.103125 0.1796875 0.0359375 0.034375
1 0.234375 0.1359375 0.0390625 0.0375
1 0.2453125 0.1 0.021875 0.0328125
1 0.2640625 0.1171875 0.0234375 0.0296875
1 0.28125 0.09375 0.0375 0.0453125
1 0.275 0.1484375 0.0296875 0.0234375
1 0.253125 0.1875 0.0546875 0.0484375
1 0.3359375 0.078125 0.0484375 0.0484375
1 0.375 0.0734375 0.0390625 0.0171875
1 0.3546875 0.1265625 0.0328125 0.028125
1 0.3671875 0.1734375 0.0609375 0.0484375
1 0.3890625 0.1265625 0.025 0.03125
1 0.415625 0.1359375 0.021875 0.0296875
1 0.409375 0.09375 0.028125 0.0328125
1 0.446875 0.0765625 0.0296875 0.0390625
1 0.4265625 0.1703125 0.0296875 0.03125
1 0.4015625 0.190625 0.0234375 0.0390625
1 0.3125 0.1921875 0.0359375 0.0484375
1 0.28125 0.2234375 0.0234375 0.0484375
1 0.2359375 0.2515625 0.03125 0.0296875
1 0.234375 0.215625 0.0328125 0.040625
1 0.25625 0.23125 0.0171875 0.0265625
1 0.2421875 0.28125 0.0328125 0.0265625
1 0.2890625 0.2875 0.028125 0.0515625
1 0.215625 0.3 0.0578125 0.0390625
1 0.15 0.284375 0.0453125 0.0375
1 0.1109375 0.2875 0.034375 0.0375
1 0.1828125 0.228125 0.0140625 0.015625
1 0.2890625 0.3515625 0.021875 0.03125
1 0.421875 0.2375 0.015625 0.0234375
1 0.04375 0.00859375 0.0375 0.0171875
1 0.0984375 0.053125 0.0171875 0.028125
0 0.96171875 0.0640625 0.0765625 0.128125
1 0.8234375 0.140625 0.0203125 0.0171875
1 0.8203125 0.4640625 0.03125 0.025
1 0.7609375 0.3828125 0.0234375 0.0390625
1 0.715625 0.4625 0.0171875 0.0125
1 0.6703125 0.1359375 0.053125 0.046875
1 0.621875 0.425 0.025 0.0515625
0 0.7296875 0.05234375 0.259375 0.1046875
0 0.575 0.97734375 0.009375 0.0453125
0 0.53984375 0.51171875 0.0796875 0.0453125
1 0.453125 0.821875 0.040625 0.0375
1 0.4140625 0.796875 0.0234375 0.0203125
1 0.2796875 0.875 0.025 0.01875
1 0.2171875 0.834375 0.0484375 0.0296875
1 0.165625 0.5640625 0.0234375 0.0296875
0 0.08046875 0.49921875 0.0546875 0.0203125
0 0.4234375 0.96796875 0.071875 0.0640625
0 0.31328125 0.9671875 0.1390625 0.065625
0 0.125 0.9734375 0.09375 0.053125
1 0.20859375 0.959375 0.0890625 0.08125
1 0.421875 0.9328125 0.025 0.021875
1 0.4375 0.9171875 0.0140625 0.021875
1 0.2046875 0.7953125 0.015625 0.0296875
1 0.21875 0.8 0.01875 0.0125
1 0.1375 0.7859375 0.0140625 0.0140625
0 0.43125 0.52265625 0.11875 0.0671875
0 0.19765625 0.515625 0.1140625 0.053125
0 0.30078125 0.50703125 0.1046875 0.0359375
1 0.065625 0.55 0.025 0.04375
1 0.078125 0.5515625 0.0125 0.0328125
1 0.9921875 0.946875 0.0125 0.0125
1 0.9796875 0.9703125 0.0078125 0.0078125
1 0.95625 0.9078125 0.028125 0.015625
1 0.940625 0.509375 0.0109375 0.0125
1 0.9359375 0.7484375 0.0296875 0.0171875
1 0.90625 0.7171875 0.009375 0.0109375
1 0.9109375 0.7515625 0.0390625 0.0296875
1 0.8875 0.815625 0.0109375 0.009375
1 0.8703125 0.5421875 0.028125 0.021875
0 0.8515625 0.85 0.0375 0.0375
1 0.8359375 0.73125 0.0140625 0.01875
1 0.8 0.9015625 0.0140625 0.015625
1 0.7796875 0.96875 0.0109375 0.009375
1 0.7921875 0.7625 0.04375 0.0515625
1 0.784375 0.9375 0.0265625 0.0265625
1 0.75625 0.7984375 0.0234375 0.0171875
1 0.753125 0.70625 0.0234375 0.01875
1 0.7390625 0.884375 0.025 0.0125
1 0.6390625 0.9453125 0.03125 0.021875
1 0.6421875 0.69375 0.0328125 0.03125
0 0.65 0.58125 0.0546875 0.1203125
1 0.6515625 0.9671875 0.0078125 0.0171875
1 0.728125 0.9703125 0.0109375 0.0125
1 0.8875 0.9578125 0.0125 0.0203125
1 0.903125 0.975 0.0125 0.021875
0 0.803125 0.8453125 0.040625 0.05
1 0.7171875 0.91875 0.01875 0.0140625
1 0.778125 0.8046875 0.0203125 0.015625
0 0.6625 0.76875 0.0390625 0.0203125
0 0.6625 0.8421875 0.0796875 0.109375
1 0.6265625 0.503125 0.009375 0.015625
0 0.815625 0.5859375 0.109375 0.1578125
0 0.74375 0.6015625 0.1109375 0.0984375
0 0.9109375 0.6125 0.075 0.1359375
0 0.96171875 0.60625 0.0765625 0.146875