1 0.346875 0.2328125 0.0640625 0.0859375
1 0.19375 0.2 0.0484375 0.0390625
1 0.2625 0.275 0.015625 0.009375
1 0.26875 0.1109375 0.0484375 0.0625
1 0.234375 0.09375 0.0625 0.059375
1 0.01640625 0.103125 0.0328125 0.046875
1 0.015625 0.128125 0.0125 0.0140625
1 0.44375 0.0234375 0.0109375 0.009375
1 0.34375 0.1046875 0.0125 0.0171875
1 0.078125 0.03203125 0.090625 0.0640625
1 0.078125 0.0484375 0.0421875 0.0359375
0 0.04375 0.1125 0.046875 0.115625
0 0.0953125 0.11875 0.084375 0.14375
1 0.171875 0.0203125 0.0125 0.009375
0 0.4140625 0.1171875 0.1046875 0.10625
0 0.4578125 0.1046875 0.01875 0.1625
1 0.89375 0.1296875 0.0421875 0.04375
1 0.8265625 0.0359375 0.071875 0.0453125
1 0.8296875 0.065625 0.04375 0.0234375
1 0.83125 0.003125 0.025 0.00625
1 0.8359375 0.10625 0.034375 0.0375
1 0.80625 0.1265625 0.0359375 0.04375
1 0.7796875 0.1671875 0.053125 0.0625
1 0.725 0.0140625 0.103125 0.028125
1 0.6765625 0.0234375 0.0359375 0.0375
1 0.6734375 0.0640625 0.0296875 0.0421875
1 0.6859375 0.103125 0.0546875 0.05625
1 0.703125 0.15625 0.05625 0.03125
1 0.690625 0.209375 0.046875 0.040625
1 0.74375 0.065625 0.0375 0.0328125
1 0.9890625 0.26328125 0.021875 0.0328125
1 0.9015625 0.2703125 0.0375 0.01875
1 0.8484375 0.2484375 0.0765625 0.0625
1 0.884375 0.1984375 0.0578125 0.0546875
0 0.93984375 0.20390625 0.1203125 0.1515625
1 0.8015625 0.27578125 0.034375 0.0078125
1 0.7734375 0.27578125 0.021875 0.0078125
1 0.565625 0.5859375 0.01875 0.021875
1 0.4328125 0.3171875 0.0109375 0.0140625
1 0.4546875 0.3609375 0.0140625 0.0078125
1 0.2453125 0.303125 0.0125 0.00625
1 0.2640625 0.30625 0.0109375 0.0109375
1 0.25625 0.4375 0.009375 0.0171875
0 0.25625 0.646875 0.2390625 0.290625
0 0.4875 0.6578125 0.24375 0.25625
0 0.5578125 0.68046875 0.103125 0.2015625
1 0.2328125 0.428125 0.0109375 0.009375
1 0.2453125 0.49375 0.00625 0.0046875
1 0.2421875 0.546875 0.0203125 0.0125
1 0.2578125 0.6171875 0.0109375 0.00625
1 0.3625 0.5390625 0.0125 0.0046875
1 0.340625 0.4078125 0.009375 0.0078125
0 0.94375 0.6390625 0.1125 0.434375
1 0.9953125 0.8171875 0.009375 0.034375
1 0.9953125 0.86015625 0.009375 0.0359375
1 0.871875 0.9140625 0.103125 0.075
1 0.8015625 0.8796875 0.0796875 0.084375
0 0.8421875 0.653125 0.2359375 0.14375
0 0.75 0.534375 0.053125 0.0578125
1 0.9265625 0.6609375 0.0234375 0.0234375
1 0.996875 0.315625 0.00625 0.028125