1 0.525 0.34609375 0.028125 0.0390625
1 0.4828125 0.4359375 0.0625 0.0453125
1 0.4609375 0.5 0.04375 0.028125
1 0.4546875 0.4625 0.034375 0.0546875
1 0.4296875 0.4625 0.028125 0.025
1 0.45 0.1421875 0.0296875 0.065625
1 0.52734375 0.096875 0.0234375 0.078125
1 0.3890625 0.053125 0.06875 0.0515625
1 0.4140625 0.4984375 0.0078125 0.0234375
1 0.384375 0.5046875 0.015625 0.0171875
1 0.359375 0.3296875 0.0578125 0.0515625
1 0.315625 0.2796875 0.0546875 0.065625
1 0.33125 0.196875 0.0265625 0.03125
1 0.3203125 0.2390625 0.028125 0.0375
1 0.3078125 0.0859375 0.0546875 0.0484375
1 0.271875 0.04609375 0.05 0.0921875
1 0.3140625 0.05625 0.0390625 0.03125
1 0.2125 0.034375 0.096875 0.06875
1 0.3109375 0.021875 0.059375 0.04375
1 0.3140625 0.3671875 0.0390625 0.053125
1 0.253125 0.346875 0.0453125 0.0546875
1 0.2171875 0.3703125 0.05 0.0296875
1 0.2390625 0.4421875 0.0578125 0.046875
1 0.2265625 0.403125 0.015625 0.0171875
1 0.2171875 0.403125 0.0203125 0.021875
1 0.225 0.39375 0.025 0.021875
1 0.171875 0.0953125 0.0203125 0.015625
0 0.0890625 0.0921875 0.071875 0.14375
1 0.0984375 0.0265625 0.0390625 0.0203125
1 0.046875 0.0140625 0.078125 0.028125
1 0.175 0.215625 0.0671875 0.06875
0 0.0875 0.23125 0.11875 0.1140625
0 0.096875 0.3515625 0.1578125 0.128125
1 0.1546875 0.4203125 0.121875 0.10625
1 0.065625 0.190625 0.0453125 0.028125
1 0.00703125 0.21171875 0.0140625 0.0296875
1 0.01328125 0.1421875 0.0265625 0.05
1 0.00625 0.140625 0.0125 0.053125
1 0.04375 0.2203125 0.0328125 0.0328125
0 0.0609375 0.4265625 0.121875 0.11875
1 0.1 0.496875 0.059375 0.034375
1 0.078125 0.48125 0.059375 0.040625
1 0.0421875 0.503125 0.0515625 0.021875
1 0.01953125 0.45625 0.0390625 0.06875
1 0.0203125 0.49375 0.040625 0.0375
1 0.0265625 0.31875 0.053125 0.071875
1 0.0109375 0.296875 0.021875 0.0625
1 0.9296875 0.2265625 0.0109375 0.028125
0 0.9421875 0.2546875 0.115625 0.08125
1 0.9265625 0.4078125 0.021875 0.015625
1 0.8671875 0.3671875 0.0234375 0.0234375
1 0.934375 0.3828125 0.0125 0.015625
1 0.94375 0.403125 0.01875 0.0125
1 0.934375 0.3640625 0.015625 0.0109375
1 0.9375 0.4765625 0.028125 0.021875
1 0.878125 0.49375 0.03125 0.03125
0 0.946875 0.40625 0.0921875 0.1609375
1 0.9890625 0.5515625 0.0046875 0.009375
1 0.990625 0.521875 0.01875 0.015625
1 0.9859375 0.459375 0.009375 0.0078125
1 0.9390625 0.525 0.015625 0.0078125
0 0.95390625 0.5734375 0.0921875 0.071875
0 0.93125 0.5046875 0.125 0.0765625
1 0.840625 0.48125 0.0078125 0.015625
1 0.7875 0.2578125 0.0109375 0.0046875
1 0.7640625 0.2765625 0.0546875 0.040625
1 0.78125 0.4015625 0.0078125 0.00625
1 0.7421875 0.49375 0.009375 0.0078125
1 0.80703125 0.5953125 0.0390625 0.028125
1 0.6890625 0.4953125 0.0109375 0.0046875
1 0.6328125 0.259375 0.03125 0.0203125
1 0.61875 0.215625 0.0265625 0.015625
1 0.58125 0.515625 0.0234375 0.04375
1 0.5609375 0.5875 0.01875 0.028125
1 0.5609375 0.215625 0.0046875 0.0125
1 0.5875 0.4359375 0.0140625 0.00625
1 0.275 0.63125 0.0203125 0.0234375
1 0.3734375 0.6390625 0.0390625 0.021875
1 0.4171875 0.6359375 0.0203125 0.021875
1 0.425 0.6515625 0.0171875 0.0140625
1 0.1015625 0.653125 0.0390625 0.046875
1 0.1578125 0.678125 0.0203125 0.028125
1 0.45625 0.696875 0.0453125 0.034375
1 0.3203125 0.7203125 0.0203125 0.01875
1 0.178125 0.7296875 0.04375 0.0296875
1 0.00703125 0.7546875 0.0140625 0.015625
1 0.1875 0.83125 0.0234375 0.0109375
1 0.165625 0.8375 0.015625 0.015625
1 0.215625 0.85625 0.01875 0.0078125
1 0.2515625 0.9 0.025 0.0328125
1 0.128125 0.9 0.0890625 0.05
1 0.23125 0.9046875 0.0390625 0.0390625
1 0.30625 0.9140625 0.0296875 0.021875
1 0.4 0.91875 0.0234375 0.0125
1 0.44375 0.9171875 0.0078125 0.0140625
1 0.3453125 0.6453125 0.0234375 0.028125
1 0.36875 0.740625 0.034375 0.053125
1 0.3765625 0.809375 0.0359375 0.0375
1 0.428125 0.7703125 0.08125 0.0765625
1 0.3296875 0.790625 0.0203125 0.03125
1 0.453125 0.8265625 0.0421875 0.0640625
1 0.421875 0.8625 0.021875 0.0609375
1 0.409375 0.840625 0.0078125 0.03125
1 0.2984375 0.7015625 0.01875 0.009375
1 0.309375 0.8765625 0.0578125 0.0328125
1 0.296875 0.8671875 0.03125 0.0234375
1 0.2765625 0.8875 0.0359375 0.0203125
1 0.2828125 0.8296875 0.0171875 0.0140625
1 0.24375 0.846875 0.01875 0.021875
1 0.2359375 0.8671875 0.0328125 0.0265625
0 0.23125 0.6859375 0.1015625 0.134375
1 0.2203125 0.6640625 0.10625 0.0265625
1 0.0578125 0.6609375 0.034375 0.0578125
1 0.021875 0.6609375 0.0203125 0.0125
1 0.05546875 0.625 0.0390625 0.03125
1 0.1796875 0.6265625 0.0234375 0.01875
1 0.23984375 0.61171875 0.0171875 0.0046875
1 0.175 0.778125 0.0234375 0.0171875
1 0.246875 0.753125 0.0625 0.0234375
0 0.240625 0.796875 0.065625 0.0484375
1 0.2171875 0.80625 0.034375 0.04375
1 0.13125 0.78125 0.0265625 0.0515625
1 0.1015625 0.7765625 0.0484375 0.03125
1 0.0609375 0.8046875 0.0953125 0.125
1 0.0234375 0.62578125 0.046875 0.0328125
1 0.1859375 0.9078125 0.040625 0.0328125
1 0.059375 0.8921875 0.0703125 0.065625
1 0.096875 0.89375 0.03125 0.015625
1 0.0109375 0.90234375 0.021875 0.0421875
1 0.9234375 0.96953125 0.075 0.0609375
1 0.9875 0.9390625 0.0171875 0.0125
0 0.921875 0.934375 0.053125 0.0828125
1 0.940625 0.8875 0.0390625 0.0359375
0 0.896875 0.8765625 0.10625 0.1578125
0 0.9453125 0.753125 0.0703125 0.1421875
0 0.88671875 0.69609375 0.0859375 0.1734375
1 0.8390625 0.7421875 0.0203125 0.0296875
1 0.9734375 0.703125 0.05 0.0578125
1 0.959375 0.7515625 0.0359375 0.0484375
1 0.75 0.878125 0.0234375 0.025
1 0.71328125 0.6109375 0.0171875 0.003125
1 0.7328125 0.6703125 0.03125 0.028125
1 0.6921875 0.6984375 0.0328125 0.0296875
1 0.821875 0.99375 0.01875 0.0125