1 0.00234375 0.12265625 0.0046875 0.0265625
1 0.0078125 0.1875 0.015625 0.034375
1 0.3921875 0.303125 0.0265625 0.0171875
1 0.46640625 0.3453125 0.0171875 0.009375
1 0.43359375 0.3453125 0.0234375 0.009375
1 0.421875 0.065625 0.0265625 0.05
1 0.44140625 0.01484375 0.0546875 0.0296875
0 0.41171875 0.1203125 0.2140625 0.240625
1 0.49375 0.15625 0.01875 0.01875
1 0.4046875 0.0328125 0.0171875 0.0140625
1 0.4578125 0.1453125 0.0046875 0.028125
0 0.39609375 0.24921875 0.2453125 0.2015625
1 0.15 0.0828125 0.025 0.0234375
1 0.721875 0.303125 0.025 0.0234375
1 0.9734375 0.2890625 0.028125 0.025
1 0.746875 0.2953125 0.0359375 0.04375
1 0.7546875 0.2 0.034375 0.0140625
1 0.8875 0.1765625 0.0390625 0.0296875
1 0.9515625 0.153125 0.0484375 0.0421875
1 0.98984375 0.125 0.0203125 0.028125
1 0.896875 0.109375 0.015625 0.009375
0 0.90703125 0.28046875 0.1859375 0.1390625
1 0.8671875 0.1921875 0.0109375 0.0140625
1 0.878125 0.2 0.015625 0.0140625
1 0.940625 0.1203125 0.0171875 0.0171875
1 0.9609375 0.1265625 0.028125 0.0171875
1 0.909375 0.1125 0.0203125 0.0140625
1 0.9953125 0.32421875 0.009375 0.0171875
1 0.5640625 0.29375 0.03125 0.0375
1 0.55 0.325 0.0234375 0.028125
1 0.5375 0.34140625 0.028125 0.0171875
1 0.5765625 0.234375 0.03125 0.0234375
1 0.6046875 0.2125 0.0375 0.0296875
1 0.553125 0.1125 0.0234375 0.0140625
1 0.5890625 0.1953125 0.0296875 0.028125
1 0.7328125 0.134375 0.0421875 0.0328125
1 0.74375 0.11875 0.0375 0.01875
1 0.7765625 0.11875 0.0375 0.0265625
1 0.7109375 0.19375 0.0125 0.0171875
1 0.7359375 0.171875 0.0359375 0.021875
0 0.2078125 0.85625 0.1171875 0.1625
0 0.178125 0.6734375 0.0734375 0.10625
1 0.1921875 0.5921875 0.05 0.0625
1 0.178125 0.7625 0.0578125 0.021875
1 0.1921875 0.734375 0.034375 0.0390625
1 0.2796875 0.7515625 0.040625 0.03125
0 0.1609375 0.97890625 0.13125 0.0421875
1 0.45625 0.6953125 0.0375 0.0328125
1 0.5 0.8296875 0.0203125 0.028125
1 0.4078125 0.76875 0.03125 0.025
1 0.39375 0.8125 0.03125 0.03125
1 0.3703125 0.703125 0.0265625 0.03125
1 0.278125 0.603125 0.028125 0.0265625
1 0.3484375 0.5609375 0.03125 0.025
1 0.384375 0.5640625 0.034375 0.0234375
1 0.296875 0.5609375 0.0234375 0.0203125
1 0.4609375 0.5671875 0.021875 0.0265625
1 0.4890625 0.73125 0.034375 0.0296875
1 0.4765625 0.9453125 0.01875 0.0359375
1 0.475 0.996875 0.028125 0.00625
1 0.265625 0.834375 0.028125 0.01875
1 0.90625 0.5828125 0.0671875 0.078125
0 0.64375 0.8078125 0.2453125 0.334375
0 0.65 0.9078125 0.1140625 0.134375
0 0.66875 0.6890625 0.2234375 0.2328125
0 0.7 0.5828125 0.190625 0.21875
1 0.7109375 0.4703125 0.0796875 0.0375