1 0.0640625 0.14375 0.03125 0.0375
1 0.521875 0.21875 0.0078125 0.0171875
0 0.4375 0.1953125 0.1453125 0.2328125
1 0.2078125 0.25 0.0109375 0.0140625
1 0.3390625 0.2453125 0.0109375 0.0109375
0 0.390625 0.2734375 0.425 0.190625
1 0.88984375 0.35078125 0.0421875 0.0359375
1 0.934375 0.321875 0.0078125 0.0078125
1 0.721875 0.2984375 0.025 0.05
1 0.884375 0.278125 0.028125 0.0390625
1 0.790625 0.2515625 0.015625 0.015625
1 0.953125 0.2296875 0.0265625 0.015625
1 0.665625 0.23125 0.0390625 0.0203125
1 0.903125 0.2234375 0.0171875 0.03125
1 0.859375 0.184375 0.028125 0.01875
1 0.8203125 0.1890625 0.03125 0.03125
1 0.7875 0.1546875 0.0203125 0.0375
1 0.828125 0.1515625 0.0328125 0.034375
0 0.6515625 0.17890625 0.04375 0.0671875
1 0.8765625 0.134375 0.0078125 0.009375
1 0.7890625 0.1296875 0.015625 0.0125
1 0.7328125 0.1140625 0.0328125 0.0078125
1 0.678125 0.0984375 0.04375 0.01875
0 0.9703125 0.3359375 0.059375 0.065625
0 0.9703125 0.25625 0.059375 0.10625
0 0.96015625 0.14609375 0.0796875 0.1171875
1 0.740625 0.2578125 0.0328125 0.040625
1 0.71875 0.2640625 0.0171875 0.015625
1 0.7078125 0.0921875 0.0203125 0.009375
1 0.846875 0.1359375 0.015625 0.0296875
1 0.8546875 0.1421875 0.0265625 0.03125
1 0.8765625 0.1515625 0.01875 0.0140625
1 0.00703125 0.59375 0.0140625 0.03125
1 0.021875 0.59375 0.009375 0.0125
1 0.0671875 0.590625 0.034375 0.025
1 0.05 0.5875 0.0078125 0.0171875
1 0.0921875 0.5828125 0.01875 0.009375
1 0.1078125 0.584375 0.0109375 0.0125
1 0.0125 0.77734375 0.025 0.0421875
1 0.059375 0.7765625 0.0328125 0.0171875
1 0.0515625 0.7859375 0.0109375 0.015625
1 0.015625 0.8125 0.0234375 0.0265625
1 0.0078125 0.821875 0.0109375 0.009375
1 0.0296875 0.90625 0.021875 0.028125
1 0.053125 0.6515625 0.01875 0.0171875
1 0.0015625 0.64453125 0.003125 0.0203125
1 0.00234375 0.63046875 0.0046875 0.0171875
1 0.05625 0.6125 0.015625 0.0203125
1 0.06875 0.5984375 0.0171875 0.0109375
1 0.0421875 0.678125 0.009375 0.021875
1 0.04375 0.6859375 0.0296875 0.0296875
1 0.009375 0.6921875 0.01875 0.01875
1 0.028125 0.721875 0.025 0.025
1 0.05 0.7171875 0.025 0.01875
1 0.1078125 0.7234375 0.021875 0.0328125
1 0.13125 0.678125 0.0515625 0.0609375
1 0.0984375 0.6875 0.025 0.03125
1 0.1171875 0.6859375 0.0125 0.025
1 0.00625 0.696875 0.0125 0.028125
1 0.00546875 0.6703125 0.0109375 0.025
1 0.01875 0.6734375 0.0171875 0.034375
1 0.0703125 0.6421875 0.015625 0.0140625
1 0.178125 0.946875 0.040625 0.0296875
1 0.178125 0.9078125 0.0203125 0.0234375
1 0.2265625 0.9171875 0.0234375 0.0265625
1 0.2109375 0.9390625 0.021875 0.028125
1 0.2390625 0.9828125 0.034375 0.034375
1 0.18125 0.8359375 0.034375 0.0421875
1 0.225 0.8109375 0.021875 0.0234375
1 0.2140625 0.8296875 0.0234375 0.025
1 0.21875 0.85625 0.0390625 0.0296875
1 0.25625 0.8390625 0.03125 0.028125
1 0.2671875 0.8140625 0.015625 0.0203125
1 0.31875 0.8140625 0.03125 0.0421875
1 0.234375 0.78125 0.040625 0.034375
1 0.228125 0.8390625 0.0234375 0.0296875
1 0.2375 0.8765625 0.0203125 0.025
1 0.1703125 0.746875 0.01875 0.0234375
1 0.2265625 0.703125 0.0375 0.04375
1 0.2546875 0.6875 0.028125 0.0203125
1 0.2625 0.6765625 0.0265625 0.025
1 0.359375 0.6953125 0.046875 0.03125
1 0.353125 0.734375 0.028125 0.028125
1 0.365625 0.7671875 0.0296875 0.0171875
1 0.371875 0.7515625 0.0296875 0.034375
1 0.36875 0.734375 0.0125 0.025
1 0.2578125 0.590625 0.0203125 0.025
1 0.203125 0.728125 0.025 0.0234375
1 0.228125 0.7203125 0.025 0.0296875
1 0.2296875 0.7359375 0.04375 0.0484375
1 0.2078125 0.75625 0.0171875 0.021875
1 0.215625 0.7765625 0.015625 0.021875
1 0.4375 0.6 0.0390625 0.0375
1 0.4515625 0.5921875 0.0296875 0.028125
1 0.4640625 0.6171875 0.01875 0.0234375
1 0.4828125 0.6265625 0.0421875 0.034375
1 0.45625 0.7921875 0.0234375 0.0234375
1 0.471875 0.7890625 0.015625 0.015625
1 0.4828125 0.8015625 0.0203125 0.0328125
1 0.48125 0.8 0.0390625 0.0125
1 0.4546875 0.86875 0.0203125 0.025
1 0.465625 0.8875 0.03125 0.028125
1 0.465625 0.8578125 0.0125 0.0234375
1 0.521875 0.875 0.01875 0.0203125
1 0.4875 0.8421875 0.0640625 0.05
1 0.49375 0.7609375 0.0203125 0.0203125
1 0.4796875 0.7328125 0.0203125 0.025
1 0.465625 0.65 0.021875 0.0109375
1 0.6046875 0.6296875 0.015625 0.0203125
1 0.6 0.628125 0.0046875 0.0203125
1 0.584375 0.621875 0.0359375 0.028125
1 0.5828125 0.7640625 0.025 0.0203125
1 0.6015625 0.7671875 0.0203125 0.01875
1 0.584375 0.796875 0.01875 0.015625
1 0.5828125 0.809375 0.0140625 0.0203125
1 0.58203125 0.9859375 0.0328125 0.028125
1 0.5609375 0.9234375 0.0359375 0.03125
1 0.578125 0.928125 0.0203125 0.0234375
1 0.578125 0.94375 0.015625 0.0125
1 0.5953125 0.93125 0.01875 0.0265625
1 0.6109375 0.7921875 0.0234375 0.0296875
1 0.5078125 0.99765625 0.025 0.0046875
1 0.5265625 0.93125 0.015625 0.0234375
0 0.471875 0.69609375 0.315625 0.2359375
0 0.42734375 0.9015625 0.3171875 0.196875
1 0.353125 0.95625 0.021875 0.01875
1 0.5359375 0.8390625 0.0515625 0.0078125
1 0.5203125 0.815625 0.0234375 0.0140625
1 0.5234375 0.60625 0.0515625 0.0421875
1 0.425 0.7625 0.0296875 0.034375
1 0.640625 0.6171875 0.0171875 0.021875
1 0.69375 0.6265625 0.0609375 0.04375
1 0.6609375 0.6703125 0.040625 0.03125
1 0.671875 0.7015625 0.03125 0.03125
1 0.70625 0.646875 0.0234375 0.03125
0 0.7984375 0.6703125 0.146875 0.2015625
0 0.7828125 0.5453125 0.0765625 0.1
0 0.79375 0.4625 0.09375 0.10625
1 0.728125 0.4546875 0.03125 0.0375
1 0.7140625 0.515625 0.0359375 0.0625
1 0.6765625 0.5546875 0.0703125 0.040625
1 0.64609375 0.5046875 0.0328125 0.046875
1 0.6515625 0.4359375 0.040625 0.0640625
1 0.6609375 0.4703125 0.0515625 0.0546875
1 0.7015625 0.4578125 0.04375 0.040625
1 0.69375 0.4015625 0.0203125 0.0203125
1 0.6984375 0.375 0.028125 0.0125
1 0.6546875 0.37734375 0.03125 0.0171875
0 0.82265625 0.390625 0.1671875 0.04375
1 0.965625 0.403125 0.06875 0.0375
1 0.8828125 0.428125 0.090625 0.0921875
1 0.9203125 0.3796875 0.028125 0.021875
1 0.9359375 0.5 0.046875 0.0515625
1 0.884375 0.515625 0.0484375 0.078125
1 0.846875 0.4890625 0.034375 0.0375
1 0.9625 0.4421875 0.075 0.059375
1 0.915625 0.5578125 0.078125 0.05
1 0.98671875 0.54765625 0.0265625 0.0484375
1 0.965625 0.6 0.06875 0.053125
1 0.9484375 0.6546875 0.103125 0.1
1 0.853125 0.6015625 0.01875 0.03125
1 0.96640625 0.73984375 0.0671875 0.0578125
1 0.996875 0.503125 0.00625 0.03125