1 0.28359375 0.271875 0.0109375 0.021875
0 0.2578125 0.2828125 0.0625 0.10625
0 0.2546875 0.1890625 0.05625 0.0171875
1 0.28046875 0.05703125 0.0171875 0.0421875
1 0.715625 0.3765625 0.025 0.0265625
1 0.7640625 0.334375 0.0296875 0.028125
1 0.6890625 0.2640625 0.015625 0.0234375
1 0.634375 0.2484375 0.028125 0.0296875
1 0.5578125 0.2421875 0.034375 0.034375
0 0.73125 0.1265625 0.25 0.2015625
1 0.7734375 0.19375 0.01875 0.01875
1 0.8421875 0.128125 0.0109375 0.0203125
1 0.8171875 0.04375 0.034375 0.021875
1 0.6234375 0.03125 0.0171875 0.0265625
1 0.6734375 0.0265625 0.0171875 0.0265625
1 0.534375 0.19375 0.015625 0.0203125
1 0.44375 0.2328125 0.03125 0.0359375
0 0.428125 0.1265625 0.13125 0.253125
1 0.3765625 0.390625 0.0234375 0.0390625
1 0.4046875 0.4078125 0.021875 0.028125
1 0.5 0.3828125 0.03125 0.0296875
1 0.471875 0.278125 0.015625 0.01875
1 0.6984375 0.25 0.015625 0.0203125
0 0.58125 0.09375 0.1796875 0.1453125
1 0.4921875 0.153125 0.1140625 0.078125
0 0.828125 0.153125 0.11875 0.0875
1 0.8078125 0.14375 0.015625 0.015625
1 0.1578125 0.8484375 0.0140625 0.009375
1 0.13203125 0.98984375 0.0265625 0.0203125
0 0.1640625 0.6015625 0.25 0.134375
0 0.075 0.55 0.0703125 0.046875
1 0.85 0.7140625 0.0359375 0.0328125
1 0.8125 0.5828125 0.021875 0.021875
1 0.8078125 0.8625 0.025 0.028125
1 0.825 0.99140625 0.0375 0.0171875
1 0.7671875 0.4984375 0.021875 0.01875
1 0.7796875 0.959375 0.021875 0.0421875
1 0.7625 0.5859375 0.021875 0.0234375
1 0.7625 0.55 0.01875 0.0125
1 0.7109375 0.5984375 0.01875 0.0171875
1 0.70625 0.5640625 0.0328125 0.0390625
1 0.6875 0.8171875 0.0171875 0.0234375
1 0.653125 0.7171875 0.0171875 0.015625
1 0.609375 0.7109375 0.028125 0.0265625
1 0.6015625 0.6890625 0.0171875 0.009375
1 0.5796875 0.56875 0.0296875 0.0125
1 0.5765625 0.6984375 0.01875 0.01875
1 0.5609375 0.5390625 0.0265625 0.028125
1 0.515625 0.7609375 0.0390625 0.0484375
1 0.4953125 0.746875 0.0234375 0.01875
1 0.446875 0.9546875 0.0171875 0.0421875
1 0.8703125 0.9453125 0.046875 0.0546875
1 0.8421875 0.9484375 0.01875 0.015625
1 0.9109375 0.95 0.03125 0.0453125
1 0.73515625 0.99453125 0.0359375 0.0109375
1 0.76171875 0.4828125 0.0171875 0.00625
1 0.8359375 0.56875 0.0203125 0.021875
1 0.840625 0.59375 0.025 0.0265625
1 0.8140625 0.8171875 0.04375 0.0421875
1 0.7390625 0.7359375 0.0328125 0.034375
1 0.8734375 0.825 0.015625 0.015625
1 0.896875 0.834375 0.0453125 0.0609375
1 0.7078125 0.9296875 0.025 0.025
1 0.7078125 0.90625 0.0203125 0.0171875
1 0.7265625 0.9296875 0.015625 0.015625
1 0.653125 0.9671875 0.0171875 0.0296875
1 0.659375 0.9515625 0.0234375 0.0171875
1 0.646875 0.9296875 0.0328125 0.0375
1 0.6171875 0.846875 0.0328125 0.021875
1 0.6125 0.7921875 0.0265625 0.0171875
1 0.6359375 0.8203125 0.028125 0.0203125
1 0.5734375 0.9328125 0.034375 0.040625
1 0.546875 0.91875 0.0140625 0.021875
1 0.49375 0.9078125 0.0234375 0.015625
1 0.4671875 0.8734375 0.025 0.03125
1 0.446875 0.896875 0.0171875 0.028125
1 0.4734375 0.759375 0.0109375 0.015625
1 0.453125 0.6921875 0.0265625 0.01875
0 0.884375 0.7828125 0.1578125 0.38125
0 0.8109375 0.6703125 0.30625 0.3296875
0 0.853125 0.6640625 0.2234375 0.0625
0 0.578125 0.696875 0.28125 0.2484375
0 0.5390625 0.665625 0.203125 0.0796875