1 0.05546875 0.3875 0.0578125 0.04375
1 0.134375 0.40390625 0.08125 0.0109375
1 0.1828125 0.3328125 0.078125 0.090625
0 0.26328125 0.32734375 0.1078125 0.1640625
1 0.33125 0.3671875 0.0484375 0.03125
1 0.3765625 0.3875 0.0390625 0.03125
1 0.159375 0.246875 0.040625 0.034375
1 0.1625 0.19375 0.0546875 0.0578125
1 0.1953125 0.234375 0.046875 0.0390625
1 0.2578125 0.2484375 0.040625 0.046875
1 0.215625 0.1 0.04375 0.0390625
0 0.28125 0.128125 0.1125 0.09375
0 0.2796875 0.20625 0.134375 0.078125
1 0.2796875 0.053125 0.046875 0.04375
1 0.16875 0.040625 0.0375 0.0453125
1 0.06875 0.015625 0.05 0.03125
1 0.0984375 0.1171875 0.034375 0.0515625
1 0.1453125 0.1046875 0.01875 0.0203125
1 0.084375 0.240625 0.046875 0.028125
1 0.0453125 0.2109375 0.028125 0.03125
1 0.04375 0.303125 0.0640625 0.0515625
0 0.27109375 0.025 0.1515625 0.05
1 0.3796875 0.059375 0.0390625 0.04375
1 0.39375 0.07890625 0.0125 0.0359375
1 0.38359375 0.29921875 0.0328125 0.0265625
1 0.39375 0.3328125 0.0125 0.01875
1 0.19375 0.1515625 0.0484375 0.028125
1 0.196875 0.184375 0.028125 0.05
1 0.3125 0.075 0.0328125 0.0203125
1 0.50625 0.2359375 0.0234375 0.01875
1 0.7234375 0.1953125 0.0234375 0.0359375
1 0.5609375 0.1734375 0.0125 0.0203125
1 0.99765625 0.1671875 0.0046875 0.025
1 0.4703125 0.159375 0.0140625 0.0078125
1 0.4421875 0.153125 0.015625 0.0109375
1 0.55 0.1203125 0.025 0.0328125
1 0.7046875 0.121875 0.0109375 0.0078125
1 0.6609375 0.1234375 0.0296875 0.015625
1 0.7328125 0.11875 0.028125 0.01875
1 0.546875 0.0859375 0.0203125 0.0171875
1 0.9890625 0.0609375 0.01875 0.015625
1 0.7296875 0.0546875 0.009375 0.0125
1 0.4921875 0.05625 0.0421875 0.040625
1 0.5296875 0.0171875 0.021875 0.01875
1 0.71796875 0.00859375 0.0421875 0.0171875
1 0.5046875 0.1453125 0.0203125 0.01875
1 0.521875 0.1625 0.028125 0.0375
1 0.59375 0.153125 0.0125 0.0125
1 0.434375 0.2296875 0.0375 0.021875
1 0.4125 0.23984375 0.025 0.0203125
1 0.6203125 0.090625 0.0203125 0.015625
1 0.778125 0.10625 0.034375 0.0140625
1 0.796875 0.0890625 0.03125 0.0125
1 0.6421875 0.01875 0.0265625 0.0140625
1 0.67890625 0.0109375 0.0390625 0.021875
0 0.8828125 0.1890625 0.1125 0.121875
0 0.8734375 0.1171875 0.0640625 0.0890625
1 0.8875 0.0625 0.015625 0.03125
1 0.8390625 0.06875 0.075 0.021875
1 0.81484375 0.01015625 0.0390625 0.0203125
0 0.878125 0.03515625 0.115625 0.0703125
1 0.975 0.1 0.0203125 0.0234375
1 0.9859375 0.0234375 0.0140625 0.015625
1 0.02109375 0.76171875 0.0421875 0.0984375
1 0.071875 0.8375 0.0328125 0.03125
1 0.0484375 0.90625 0.05 0.0578125
0 0.04375 0.6015625 0.0875 0.0625
1 0.1328125 0.625 0.0234375 0.0171875
1 0.0375 0.70625 0.0390625 0.034375
1 0.0640625 0.65625 0.025 0.021875
1 0.0390625 0.94375 0.021875 0.021875
1 0.3 0.6859375 0.01875 0.059375
1 0.25625 0.8 0.0375 0.0296875
1 0.2640625 0.7109375 0.021875 0.0234375
1 0.2859375 0.6859375 0.021875 0.0234375
0 0.6125 0.809375 0.128125 0.1328125
0 0.61875 0.7046875 0.1484375 0.125
0 0.6265625 0.89375 0.0546875 0.10625
0 0.625 0.975 0.14375 0.05
1 0.984375 0.628125 0.03125 0.09375
1 0.8875 0.68125 0.053125 0.0671875
1 0.95625 0.7 0.075 0.071875
1 0.928125 0.7546875 0.0546875 0.0375
1 0.9828125 0.759375 0.0234375 0.034375
1 0.86875 0.8390625 0.065625 0.0578125
1 0.8203125 0.609375 0.071875 0.0609375
1 0.884375 0.8828125 0.06875 0.0625
1 0.4953125 0.815625 0.06875 0.0671875
1 0.53125 0.6953125 0.0546875 0.0609375
1 0.4453125 0.76875 0.03125 0.0421875
1 0.546875 0.85625 0.0265625 0.0265625
1 0.4796875 0.9 0.025 0.025
1 0.428125 0.8640625 0.0171875 0.0234375
1 0.528125 0.9609375 0.046875 0.025
1 0.5890625 0.915625 0.04375 0.0390625
1 0.453125 0.9703125 0.05625 0.0296875
1 0.415625 0.990625 0.03125 0.01875
1 0.4421875 0.8890625 0.0125 0.0234375
1 0.471875 0.659375 0.028125 0.0203125
1 0.81875 0.98125 0.0328125 0.028125
1 0.76484375 0.98359375 0.0453125 0.0328125
1 0.7375 0.909375 0.040625 0.03125
1 0.884375 0.9453125 0.0546875 0.0234375
1 0.8140625 0.734375 0.046875 0.04375
1 0.740625 0.7265625 0.0265625 0.021875
1 0.6921875 0.734375 0.028125 0.0296875
1 0.7578125 0.6765625 0.0234375 0.0296875
1 0.7984375 0.6625 0.0265625 0.0453125
1 0.771875 0.675 0.0140625 0.0328125
1 0.70625 0.575 0.034375 0.040625
1 0.8171875 0.8078125 0.025 0.025
1 0.7296875 0.80625 0.021875 0.0234375
1 0.75625 0.7859375 0.0171875 0.021875
1 0.8125 0.875 0.021875 0.028125
1 0.853125 0.7890625 0.034375 0.021875
1 0.88125 0.5765625 0.0296875 0.0421875
1 0.990625 0.565625 0.01875 0.01875
1 0.88125 0.628125 0.03125 0.0234375
1 0.9765625 0.9171875 0.0140625 0.03125
1 0.9640625 0.8703125 0.021875 0.0296875
1 0.9359375 0.6046875 0.015625 0.021875
1 0.815625 0.846875 0.0171875 0.025
1 0.6453125 0.621875 0.0203125 0.0484375
1 0.6671875 0.5828125 0.015625 0.0296875
0 0.6234375 0.6109375 0.0796875 0.1140625