1 0.25 0.196875 0.01875 0.0265625
1 0.1765625 0.1015625 0.021875 0.0234375
1 0.1265625 0.3765625 0.0296875 0.025
1 0.1109375 0.2140625 0.01875 0.0203125
1 0.10625 0.009375 0.025 0.01875
1 0.046875 0.4421875 0.0203125 0.0203125
1 0.028125 0.4265625 0.0140625 0.0265625
1 0.05625 0.6296875 0.0921875 0.04375
0 0.071875 0.6734375 0.11875 0.1171875
0 0.1640625 0.6859375 0.11875 0.1390625
0 0.26484375 0.6453125 0.1078125 0.18125
1 0.13125 0.35 0.025 0.0234375
1 0.178125 0.434375 0.015625 0.0140625
1 0.2359375 0.2609375 0.025 0.0328125
0 0.2 0.1546875 0.1109375 0.0703125
0 0.26953125 0.115625 0.0984375 0.153125
1 0.084375 0.075 0.0203125 0.015625
1 0.13203125 0.00234375 0.0171875 0.0046875
0 0.1546875 0.1875 0.0734375 0.134375
0 0.0234375 0.15 0.028125 0.0921875
0 0.0796875 0.1578125 0.0796875 0.1109375
1 0.0328125 0.19375 0.0421875 0.0234375
1 0.040625 0.2390625 0.0515625 0.0265625
1 0.2390625 0.4203125 0.01875 0.0140625
1 0.28125 0.334375 0.0203125 0.015625
1 0.3015625 0.421875 0.01875 0.0234375
0 0.6265625 0.271875 0.1859375 0.1390625
1 0.690625 0.6625 0.0203125 0.0171875
1 0.884375 0.7578125 0.021875 0.003125
0 0.71875 0.2609375 0.2125 0.1828125
0 0.953125 0.25 0.09375 0.225
1 0.7875 0.9015625 0.025 0.0203125
1 0.75859375 0.98359375 0.0265625 0.0328125
1 0.6328125 0.8953125 0.025 0.028125
1 0.51953125 0.98046875 0.0296875 0.0390625
1 0.496875 0.9171875 0.0421875 0.0484375
1 0.46875 0.8734375 0.028125 0.03125
1 0.453125 0.971875 0.009375 0.015625
0 0.95546875 0.97578125 0.0390625 0.0484375
0 0.8890625 0.88515625 0.171875 0.2296875
1 0.85 0.9625 0.03125 0.03125
1 0.821875 0.9671875 0.0140625 0.0171875
1 0.8296875 0.9546875 0.0203125 0.015625
0 0.75078125 0.88984375 0.3921875 0.2203125
1 0.53515625 0.99765625 0.0140625 0.0046875
1 0.54375 0.990625 0.0140625 0.015625
1 0.4640625 0.928125 0.0171875 0.0171875
1 0.4703125 0.9078125 0.0171875 0.028125
1 0.45625 0.959375 0.0140625 0.0203125
1 0.46171875 0.76953125 0.0265625 0.0203125
1 0.7171875 0.803125 0.0328125 0.03125
1 0.6953125 0.8453125 0.01875 0.0234375
1 0.7046875 0.8546875 0.009375 0.028125
1 0.65625 0.853125 0.028125 0.046875
1 0.66875 0.8640625 0.0171875 0.0265625