1 0.4140625 0.0671875 0.0953125 0.125
1 0.42265625 0.00546875 0.0390625 0.0109375
1 0.17734375 0.00703125 0.0359375 0.0140625
1 0.1453125 0.3625 0.0421875 0.0296875
1 0.1390625 0.1609375 0.03125 0.0234375
1 0.315625 0.3640625 0.0265625 0.025
1 0.6359375 0.3171875 0.0625 0.0671875
1 0.628125 0.2578125 0.0359375 0.0359375
0 0.3640625 0.18125 0.378125 0.090625
0 0.4078125 0.26875 0.165625 0.221875
1 0.846875 0.2125 0.0171875 0.00625
0 0.93515625 0.20390625 0.1296875 0.0234375
1 0.9328125 0.16875 0.009375 0.009375
1 0.9953125 0.071875 0.0078125 0.0125
1 0.85625 0.06875 0.0078125 0.0046875
0 0.81171875 0.0359375 0.2296875 0.071875
1 0.3234375 0.7890625 0.0203125 0.0203125
1 0.384375 0.784375 0.04375 0.0234375
1 0.6328125 0.778125 0.034375 0.046875
1 0.14375 0.76875 0.0671875 0.0625
0 0.02578125 0.7625 0.0515625 0.075
1 0.3125 0.7359375 0.040625 0.0484375
1 0.66171875 0.7125 0.0140625 0.01875
1 0.3484375 0.69375 0.0171875 0.0375
1 0.3203125 0.6625 0.021875 0.0234375
0 0.5234375 0.675 0.1421875 0.1734375
1 0.4296875 0.5875 0.06875 0.0515625
1 0.5515625 0.5625 0.0296875 0.025
1 0.371875 0.55625 0.0625 0.0328125
1 0.1640625 0.5671875 0.0359375 0.0421875
1 0.421875 0.5265625 0.0125 0.0125
1 0.00390625 0.4828125 0.0078125 0.028125
1 0.5609375 0.4890625 0.0484375 0.0375
1 0.5515625 0.434375 0.0390625 0.0515625
1 0.43203125 0.4015625 0.0421875 0.04375
1 0.33125 0.4453125 0.084375 0.096875
0 0.0171875 0.6546875 0.034375 0.146875
1 0.075 0.703125 0.0875 0.1203125
1 0.1515625 0.6953125 0.0765625 0.0546875
1 0.1984375 0.653125 0.075 0.065625
1 0.203125 0.6625 0.0140625 0.0203125
1 0.1828125 0.6953125 0.0265625 0.0203125
0 0.01953125 0.5640625 0.0390625 0.121875
0 0.02890625 0.4328125 0.0578125 0.08125
1 0.06875 0.5171875 0.0921875 0.090625
1 0.253125 0.5125 0.0765625 0.065625
1 0.2875 0.5515625 0.0109375 0.021875
1 0.3234375 0.5828125 0.021875 0.015625
1 0.1875 0.534375 0.078125 0.0578125
1 0.20625 0.515625 0.025 0.01875
1 0.1859375 0.4859375 0.05625 0.0328125
1 0.07734375 0.403125 0.1453125 0.046875
1 0.4234375 0.628125 0.0296875 0.0546875
1 0.3765625 0.478125 0.0484375 0.0171875
1 0.5359375 0.4828125 0.03125 0.025
1 0.6140625 0.6484375 0.0421875 0.0640625
1 0.60625 0.6796875 0.025 0.028125
1 0.6359375 0.571875 0.0390625 0.05
1 0.66328125 0.55 0.0109375 0.040625
1 0.66171875 0.44765625 0.0140625 0.0234375
1 0.6453125 0.4328125 0.0390625 0.065625
1 0.19453125 0.43203125 0.1421875 0.1046875
1 0.1046875 0.4390625 0.146875 0.090625
1 0.071875 0.4578125 0.0359375 0.01875
1 0.7703125 0.7796875 0.0296875 0.01875
1 0.9578125 0.7171875 0.0265625 0.028125
1 0.7203125 0.6625 0.03125 0.028125
1 0.8390625 0.45625 0.015625 0.0171875
1 0.7578125 0.446875 0.0078125 0.0140625
1 0.990625 0.44609375 0.01875 0.0421875
0 0.78671875 0.39140625 0.0453125 0.0234375
1 0.7421875 0.71875 0.01875 0.0296875
0 0.784375 0.8109375 0.0796875 0.0484375
0 0.8453125 0.7625 0.15 0.0984375
1 0.76875 0.7890625 0.0234375 0.01875
0 0.815625 0.6984375 0.16875 0.078125
0 0.803125 0.615625 0.1375 0.0921875
0 0.8 0.5546875 0.1296875 0.1015625
1 0.953125 0.796875 0.0265625 0.028125
1 0.99375 0.7890625 0.0125 0.015625
1 0.9890625 0.759375 0.0078125 0.0109375
1 0.96875 0.759375 0.015625 0.015625
1 0.95625 0.6984375 0.0234375 0.0171875
1 0.9609375 0.6078125 0.0203125 0.0265625
1 0.99140625 0.63515625 0.0171875 0.0265625
1 0.98984375 0.49375 0.0203125 0.025
1 0.8546875 0.509375 0.0109375 0.015625
1 0.8078125 0.4875 0.021875 0.0203125
1 0.9703125 0.446875 0.021875 0.01875
1 0.978125 0.4328125 0.01875 0.0171875
1 0.9875 0.446875 0.015625 0.0375
1 0.928125 0.3953125 0.025 0.01875
1 0.959375 0.40625 0.021875 0.0234375
1 0.89375 0.4375 0.0203125 0.0234375
1 0.85625 0.440625 0.0203125 0.0140625
1 0.884375 0.5296875 0.015625 0.01875
1 0.821875 0.5015625 0.0140625 0.0171875