0 0.6796875 0.3140625 0.2125 0.090625
0 0.6140625 0.3296875 0.084375 0.0390625
1 0.13125 0.9375 0.0234375 0.0375
1 0.178125 0.9109375 0.0375 0.0328125
1 0.2359375 0.9421875 0.0375 0.040625
1 0.2421875 0.9875 0.025 0.025
1 0.275 0.9203125 0.0265625 0.021875
1 0.2671875 0.85 0.028125 0.025
1 0.3078125 0.86875 0.01875 0.0140625
1 0.121875 0.9125 0.0234375 0.0203125
1 0.3296875 0.9796875 0.0234375 0.01875
1 0.35546875 0.98828125 0.0234375 0.0234375
1 0.371875 0.98125 0.025 0.01875
1 0.3546875 0.8984375 0.0296875 0.0296875
1 0.3671875 0.871875 0.021875 0.021875
1 0.4046875 0.8609375 0.0453125 0.0359375
1 0.425 0.8734375 0.015625 0.0140625
1 0.3875 0.9046875 0.0296875 0.0375
1 0.42734375 0.9875 0.0328125 0.025
1 0.43828125 0.95390625 0.0234375 0.0234375
1 0.4375 0.93125 0.0234375 0.0234375
1 0.4234375 0.6015625 0.0171875 0.0296875
1 0.44296875 0.75703125 0.0140625 0.0171875
1 0.44140625 0.7859375 0.0171875 0.00625
0 0.36875 0.60859375 0.1625 0.4984375
1 0.346875 0.8046875 0.028125 0.0265625
1 0.3734375 0.7546875 0.034375 0.0359375
1 0.328125 0.703125 0.0296875 0.0296875
1 0.3453125 0.7515625 0.0328125 0.01875
1 0.328125 0.7671875 0.0375 0.0375
1 0.29375 0.7203125 0.025 0.0234375
1 0.2703125 0.6265625 0.0328125 0.0140625
1 0.3859375 0.5609375 0.0296875 0.0328125
1 0.4265625 0.6328125 0.0140625 0.0109375
0 0.2984375 0.5359375 0.303125 0.353125
1 0.446875 0.38984375 0.00625 0.0234375
1 0.434375 0.3859375 0.0140625 0.0203125
1 0.353125 0.5328125 0.01875 0.0125
1 0.3421875 0.5234375 0.025 0.015625
1 0.340625 0.509375 0.025 0.0140625
1 0.3546875 0.4890625 0.034375 0.0328125
1 0.35 0.46875 0.0125 0.0078125
1 0.328125 0.478125 0.046875 0.0515625
1 0.2859375 0.484375 0.028125 0.0359375
1 0.2703125 0.4640625 0.0171875 0.009375
1 0.2625 0.478125 0.015625 0.015625
1 0.2125 0.4625 0.0203125 0.0203125
1 0.2265625 0.49375 0.025 0.01875
1 0.171875 0.48125 0.0171875 0.021875
1 0.2609375 0.7890625 0.0390625 0.025
1 0.2640625 0.7546875 0.0390625 0.03125
1 0.2109375 0.6953125 0.0390625 0.0421875
1 0.221875 0.6453125 0.0265625 0.021875
1 0.1625 0.571875 0.021875 0.0265625
1 0.1234375 0.56875 0.0203125 0.028125
1 0.18125 0.7 0.015625 0.0234375
1 0.203125 0.721875 0.0234375 0.028125
1 0.21875 0.7390625 0.0375 0.0125
1 0.2203125 0.7734375 0.0359375 0.028125
1 0.21875 0.753125 0.03125 0.0125
1 0.1859375 0.7796875 0.0234375 0.03125
1 0.1953125 0.76875 0.015625 0.025
1 0.1765625 0.734375 0.0125 0.015625
1 0.1625 0.753125 0.0328125 0.0359375
1 0.1484375 0.8 0.0328125 0.0234375
1 0.1265625 0.7453125 0.034375 0.0453125
1 0.096875 0.7796875 0.0171875 0.04375
1 0.1140625 0.5125 0.0234375 0.021875
1 0.1234375 0.4953125 0.0171875 0.0234375
1 0.1234375 0.4609375 0.0171875 0.0203125
1 0.103125 0.453125 0.03125 0.040625
0 0.0984375 0.5296875 0.021875 0.0765625
1 0.1 0.50625 0.0078125 0.0234375
1 0.28125 0.378125 0.03125 0.0234375
1 0.1703125 0.45 0.015625 0.015625
1 0.82265625 0.9453125 0.0890625 0.109375
1 0.6484375 0.740625 0.01875 0.015625
1 0.84375 0.584375 0.0140625 0.0078125
1 0.859375 0.496875 0.015625 0.01875
1 0.8265625 0.3703125 0.025 0.01875
1 0.9171875 0.3734375 0.0125 0.009375
1 0.9125 0.45 0.01875 0.0203125
0 0.88125 0.4546875 0.1578125 0.1171875
1 0.7625 0.528125 0.0328125 0.0359375
0 0.58125 0.45 0.034375 0.034375
1 0.984375 0.6984375 0.0125 0.0109375
1 0.8953125 0.725 0.015625 0.025
1 0.746875 0.765625 0.0140625 0.01875
1 0.6578125 0.659375 0.0203125 0.015625
1 0.7296875 0.646875 0.009375 0.0109375
1 0.715625 0.4484375 0.0109375 0.015625
1 0.746875 0.396875 0.009375 0.0125
0 0.73046875 0.43671875 0.0796875 0.1546875
1 0.7359375 0.8046875 0.0109375 0.009375