1 0.14375 0.2328125 0.015625 0.0125
1 0.0171875 0.3390625 0.01875 0.0125
1 0.0109375 0.015625 0.021875 0.03125
1 0.1265625 0.3234375 0.021875 0.034375
1 0.1140625 0.2984375 0.0203125 0.034375
0 0.140625 0.134375 0.0765625 0.1765625
0 0.090625 0.1390625 0.140625 0.159375
1 0.1359375 0.0640625 0.0515625 0.065625
1 0.0484375 0.0796875 0.096875 0.090625
0 0.0203125 0.11484375 0.040625 0.1609375
1 0.57265625 0.41484375 0.0234375 0.0078125
1 0.4515625 0.3859375 0.0234375 0.0234375
1 0.4453125 0.375 0.021875 0.021875
1 0.51875 0.3703125 0.01875 0.0109375
1 0.5234375 0.34375 0.021875 0.021875
1 0.521875 0.328125 0.0109375 0.0234375
1 0.571875 0.315625 0.01875 0.0109375
1 0.653125 0.3890625 0.01875 0.021875
1 0.659375 0.340625 0.03125 0.0296875
1 0.7125 0.3328125 0.009375 0.0109375
1 0.7109375 0.346875 0.015625 0.021875
1 0.75625 0.4015625 0.01875 0.0171875
1 0.7546875 0.3828125 0.0109375 0.0125
1 0.759375 0.3625 0.015625 0.0171875
1 0.7578125 0.309375 0.021875 0.01875
1 0.7765625 0.309375 0.0125 0.0140625
1 0.8296875 0.328125 0.015625 0.0140625
1 0.890625 0.3375 0.015625 0.015625
1 0.875 0.2703125 0.0125 0.0171875
1 0.840625 0.2671875 0.0171875 0.009375
1 0.784375 0.2375 0.00625 0.00625
1 0.73125 0.23125 0.021875 0.0234375
1 0.7578125 0.2171875 0.015625 0.01875
1 0.6703125 0.2359375 0.003125 0.0078125
1 0.5140625 0.26875 0.015625 0.0171875
1 0.546875 0.2796875 0.0171875 0.01875
1 0.45625 0.271875 0.0296875 0.053125
1 0.45 0.2375 0.0234375 0.009375
1 0.4578125 0.2265625 0.0171875 0.015625
1 0.3796875 0.3109375 0.0140625 0.021875
1 0.3828125 0.3421875 0.0203125 0.0171875
1 0.3765625 0.059375 0.0078125 0.0125
1 0.428125 0.046875 0.0359375 0.0453125
1 0.4734375 0.0296875 0.0140625 0.009375
1 0.515625 0.0890625 0.04375 0.0359375
1 0.5015625 0.075 0.0203125 0.021875
1 0.52734375 0.00625 0.0390625 0.0125
1 0.5859375 0.0359375 0.021875 0.021875
1 0.6015625 0.021875 0.0234375 0.0171875
1 0.5875 0.00234375 0.01875 0.0046875
1 0.59296875 0.003125 0.0109375 0.00625
1 0.609375 0.00390625 0.0125 0.0078125
1 0.6375 0.0296875 0.04375 0.04375
1 0.66875 0.0390625 0.05625 0.040625
1 0.7125 0.040625 0.0234375 0.021875
1 0.75 0.0578125 0.0078125 0.009375
1 0.85859375 0.00859375 0.0328125 0.0171875
1 0.8875 0.0375 0.0203125 0.0296875
1 0.6765625 0.0546875 0.0046875 0.0078125
1 0.8875 0.18125 0.0234375 0.028125
1 0.8890625 0.15625 0.015625 0.0125
1 0.89375 0.1421875 0.009375 0.0140625
0 0.828125 0.1609375 0.140625 0.1328125
1 0.7828125 0.2015625 0.0125 0.0140625
1 0.778125 0.1796875 0.015625 0.0046875
1 0.6609375 0.178125 0.0203125 0.0140625
1 0.6265625 0.1625 0.0046875 0.0078125
0 0.6859375 0.2 0.059375 0.1140625
0 0.5375 0.1984375 0.15625 0.0765625
1 0.4578125 0.153125 0.0046875 0.00625
0 0.4234375 0.1921875 0.1015625 0.121875
0 0.390625 0.175 0.0375 0.09375
1 0.6078125 0.1828125 0.0140625 0.015625
1 0.646875 0.278125 0.01875 0.0140625
1 0.3015625 0.9921875 0.025 0.015625
1 0.2328125 0.440625 0.0203125 0.01875
1 0.2390625 0.953125 0.0484375 0.0296875
1 0.1875 0.6828125 0.0234375 0.0296875
1 0.1859375 0.46875 0.021875 0.0125
0 0.103125 0.59375 0.0546875 0.0703125
1 0.2265625 0.9140625 0.015625 0.0296875
1 0.240625 0.91875 0.01875 0.0125
1 0.159375 0.9046875 0.0140625 0.0140625
0 0.2203125 0.5953125 0.1140625 0.1328125
0 0.31484375 0.596875 0.0890625 0.09375
1 0.134375 0.5921875 0.0171875 0.0140625
1 0.0875 0.66875 0.025 0.04375
1 0.1 0.6703125 0.0125 0.0328125
1 0.6078125 0.6984375 0.0765625 0.059375
1 0.5984375 0.6 0.0234375 0.009375
1 0.4140625 0.6140625 0.0328125 0.0421875
1 0.375 0.6359375 0.0171875 0.0125
1 0.3765625 0.553125 0.0296875 0.025
1 0.4125 0.5375 0.0578125 0.046875
1 0.41875 0.434375 0.0546875 0.03125
1 0.765625 0.4796875 0.0203125 0.0265625
0 0.840625 0.646875 0.0640625 0.103125
1 0.728125 0.609375 0.0140625 0.01875
1 0.6984375 0.5765625 0.0140625 0.0203125
1 0.7515625 0.69375 0.0328125 0.028125
1 0.7375 0.703125 0.0171875 0.01875
1 0.490625 0.4359375 0.0109375 0.0234375
1 0.55 0.4890625 0.0171875 0.0078125
1 0.55 0.5859375 0.0171875 0.0140625
1 0.53125 0.5625 0.0375 0.025
0 0.5234375 0.646875 0.0921875 0.1609375
1 0.4859375 0.6328125 0.0640625 0.04375
1 0.3671875 0.6765625 0.015625 0.0140625
0 0.3609375 0.640625 0.003125 0.04375
1 0.3890625 0.884375 0.0296875 0.0484375
1 0.415625 0.8546875 0.040625 0.0515625
1 0.409375 0.8203125 0.0296875 0.025
1 0.4734375 0.7859375 0.034375 0.0171875
1 0.3875 0.79375 0.009375 0.0234375
1 0.3765625 0.8515625 0.034375 0.0484375
1 0.4703125 0.825 0.01875 0.0109375
1 0.4484375 0.859375 0.0078125 0.00625
1 0.45625 0.98671875 0.040625 0.0265625
1 0.37109375 0.9359375 0.0234375 0.034375
1 0.4359375 0.95 0.025 0.0203125
1 0.44375 0.9296875 0.0109375 0.015625
1 0.459375 0.921875 0.01875 0.0125
1 0.5484375 0.9453125 0.0234375 0.021875
1 0.5390625 0.9015625 0.015625 0.0140625
1 0.6515625 0.98984375 0.0375 0.0203125
1 0.646875 0.971875 0.0375 0.034375
0 0.784375 0.64375 0.0796875 0.1671875
1 0.7453125 0.64375 0.0125 0.028125
0 0.6609375 0.6515625 0.10625 0.10625
1 0.55625 0.8 0.0171875 0.0171875
1 0.615625 0.8015625 0.0109375 0.0078125
1 0.6171875 0.7875 0.009375 0.01875
1 0.6484375 0.809375 0.028125 0.034375
1 0.6671875 0.8140625 0.015625 0.025
1 0.63125 0.8375 0.0328125 0.0375
1 0.6046875 0.8640625 0.03125 0.053125
1 0.6234375 0.8984375 0.03125 0.025
1 0.646875 0.896875 0.0359375 0.04375
1 0.821875 0.8515625 0.0140625 0.021875
1 0.853125 0.8640625 0.028125 0.03125
1 0.859375 0.846875 0.0265625 0.0328125
1 0.8015625 0.9109375 0.0234375 0.0328125
1 0.7859375 0.9109375 0.0125 0.015625
1 0.7 0.8875 0.0125 0.0546875
1 0.76875 0.93359375 0.128125 0.1328125
1 0.4265625 0.56875 0.015625 0.0125
1 0.5296875 0.915625 0.0265625 0.025
1 0.5234375 0.9421875 0.01875 0.03125
1 0.853125 0.578125 0.0171875 0.01875
1 0.4234375 0.8 0.0359375 0.0484375
1 0.7171875 0.4609375 0.0375 0.028125