1 0.2265625 0.503125 0.01875 0.0265625
1 0.284375 0.3421875 0.0296875 0.03125
1 0.3453125 0.440625 0.015625 0.009375
1 0.384375 0.40625 0.0125 0.0125
1 0.3859375 0.615625 0.034375 0.0265625
1 0.4125 0.49375 0.0078125 0.015625
1 0.425 0.3 0.0296875 0.01875
1 0.425 0.0546875 0.034375 0.04375
1 0.3453125 0.00703125 0.053125 0.0140625
1 0.37109375 0.01875 0.0390625 0.0375
1 0.3578125 0.0515625 0.040625 0.046875
1 0.2703125 0.10625 0.0109375 0.0078125
1 0.246875 0.134375 0.0515625 0.05625
0 0.203125 0.240625 0.075 0.1359375
0 0.2921875 0.2 0.1109375 0.11875
0 0.3515625 0.21875 0.1265625 0.14375
0 0.4171875 0.221875 0.03125 0.0453125
1 0.3859375 0.2609375 0.0296875 0.0359375
1 0.35625 0.4640625 0.028125 0.0515625
1 0.4171875 0.346875 0.028125 0.0375
0 0.4609375 0.1296875 0.096875 0.0609375
0 0.4890625 0.2296875 0.040625 0.171875
1 0.484375 0.3265625 0.046875 0.0296875
1 0.4640625 0.296875 0.0296875 0.0375
1 0.403125 0.73125 0.0078125 0.00625
1 0.425 0.7453125 0.096875 0.028125
1 0.2078125 0.728125 0.078125 0.0625
1 0.2203125 0.70625 0.0359375 0.028125
1 0.8890625 0.0796875 0.034375 0.015625
1 0.88125 0.071875 0.0171875 0.0125
1 0.8234375 0.0515625 0.025 0.034375
1 0.82109375 0.0046875 0.0203125 0.009375
1 0.6171875 0.0296875 0.015625 0.021875
1 0.6203125 0.05 0.0203125 0.03125
1 0.6265625 0.0328125 0.025 0.0234375
1 0.6765625 0.028125 0.01875 0.028125
1 0.6453125 0.0640625 0.0203125 0.025
1 0.696875 0.0140625 0.0203125 0.0234375
1 0.5140625 0.0921875 0.009375 0.034375
1 0.9078125 0.2734375 0.0390625 0.0296875
1 0.878125 0.2703125 0.0234375 0.0328125
1 0.8828125 0.340625 0.025 0.0203125
1 0.903125 0.3078125 0.05 0.0453125
1 0.8484375 0.2828125 0.0375 0.0375
1 0.8921875 0.290625 0.0296875 0.0171875
1 0.76875 0.159375 0.025 0.034375
1 0.778125 0.2953125 0.034375 0.028125
1 0.7921875 0.2203125 0.015625 0.0265625
1 0.778125 0.1953125 0.01875 0.034375
1 0.746875 0.2015625 0.04375 0.0203125
1 0.70625 0.21875 0.03125 0.04375
1 0.6796875 0.209375 0.0328125 0.0296875
1 0.690625 0.24375 0.0171875 0.0265625
1 0.675 0.2625 0.0125 0.0234375
1 0.7640625 0.3109375 0.0171875 0.021875
1 0.7 0.3671875 0.0234375 0.0203125
1 0.625 0.296875 0.015625 0.0421875
1 0.6234375 0.3046875 0.0296875 0.015625
1 0.5609375 0.2578125 0.0234375 0.0234375
1 0.603125 0.284375 0.01875 0.021875
1 0.6078125 0.3078125 0.0203125 0.03125
1 0.5609375 0.2703125 0.0171875 0.0140625
0 0.5203125 0.375 0.021875 0.1
0 0.5609375 0.3625 0.0734375 0.08125
0 0.603125 0.41875 0.040625 0.05625
1 0.534375 0.3515625 0.025 0.0234375
1 0.5125 0.4375 0.00625 0.03125
1 0.525 0.4640625 0.0203125 0.0296875
1 0.603125 0.471875 0.0421875 0.0296875
0 0.73125 0.4125 0.1734375 0.096875
0 0.8796875 0.4140625 0.1390625 0.134375
0 0.9296875 0.4265625 0.0859375 0.1015625
1 0.821875 0.453125 0.0234375 0.025
1 0.9609375 0.4453125 0.0234375 0.0421875
1 0.8984375 0.5578125 0.0203125 0.0203125
1 0.90625 0.578125 0.0171875 0.0171875
1 0.884375 0.6828125 0.0203125 0.01875
1 0.853125 0.665625 0.04375 0.0390625
1 0.8671875 0.64375 0.015625 0.0171875
1 0.7390625 0.5921875 0.0546875 0.0703125
1 0.803125 0.640625 0.0390625 0.053125
1 0.7453125 0.65625 0.0375 0.025
1 0.571875 0.51875 0.0390625 0.03125
1 0.621875 0.5765625 0.0328125 0.01875
1 0.7046875 0.5484375 0.0203125 0.0171875
1 0.646875 0.6421875 0.028125 0.021875
1 0.60625 0.6796875 0.034375 0.0328125
1 0.5265625 0.5484375 0.028125 0.028125
1 0.5390625 0.6328125 0.03125 0.028125
1 0.5171875 0.59609375 0.015625 0.0265625
1 0.5140625 0.73984375 0.009375 0.0296875
1 0.53515625 0.74921875 0.0265625 0.0203125
1 0.7125 0.66875 0.025 0.03125
1 0.7171875 0.6515625 0.0171875 0.0171875
1 0.68125 0.6984375 0.0296875 0.0296875
1 0.6671875 0.6890625 0.025 0.015625
1 0.659375 0.740625 0.0359375 0.03125
1 0.646875 0.6953125 0.015625 0.025
1 0.696875 0.75625 0.03125 0.00625
1 0.596875 0.5953125 0.0171875 0.01875
1 0.709375 0.69375 0.03125 0.0453125
1 0.1203125 0.90625 0.025 0.03125
1 0.1921875 0.896875 0.015625 0.0171875
1 0.209375 0.878125 0.0203125 0.0078125
1 0.24375 0.96875 0.034375 0.0421875
1 0.3375 0.921875 0.00625 0.0171875
1 0.3421875 0.934375 0.015625 0.0140625
1 0.34140625 0.99609375 0.0265625 0.0078125
1 0.48359375 0.76484375 0.0265625 0.0109375
1 0.4921875 0.9875 0.034375 0.025
1 0.5078125 0.8921875 0.003125 0.009375
1 0.3265625 0.765625 0.01875 0.0125
1 0.1640625 0.78125 0.0171875 0.0234375
1 0.3125 0.8078125 0.015625 0.0359375
1 0.328125 0.803125 0.01875 0.0234375
1 0.359375 0.7953125 0.0171875 0.0203125
1 0.3703125 0.8125 0.0171875 0.0125
1 0.378125 0.8625 0.040625 0.034375
1 0.434375 0.8109375 0.028125 0.015625
1 0.4984375 0.7953125 0.0203125 0.0171875
1 0.484375 0.8828125 0.01875 0.0140625
1 0.496875 0.9359375 0.0234375 0.025
1 0.50546875 0.94140625 0.0078125 0.0109375
1 0.278125 0.946875 0.0296875 0.0359375
1 0.8265625 0.8109375 0.0765625 0.059375
1 0.8359375 0.909375 0.0234375 0.009375
0 0.59375 0.8625 0.0640625 0.103125
1 0.70625 0.9 0.0140625 0.01875
1 0.7359375 0.9328125 0.0140625 0.0203125
1 0.6828125 0.815625 0.0328125 0.028125
1 0.696875 0.80625 0.0171875 0.01875
1 0.884375 0.9234375 0.0171875 0.0140625
1 0.903125 0.946875 0.0375 0.025
0 0.9109375 0.8625 0.0921875 0.1609375
1 0.9484375 0.8765625 0.0640625 0.04375
0 0.65 0.865625 0.0796875 0.1671875
1 0.6890625 0.865625 0.0125 0.028125
0 0.7734375 0.8578125 0.10625 0.10625
1 0.58125 0.93125 0.0171875 0.01875