1 0.459375 0.2140625 0.040625 0.0328125
1 0.4703125 0.2453125 0.01875 0.025
1 0.459375 0.2796875 0.0171875 0.0140625
1 0.3875 0.2859375 0.025 0.0234375
1 0.3796875 0.328125 0.0171875 0.021875
1 0.353125 0.33125 0.01875 0.0125
1 0.4359375 0.334375 0.01875 0.021875
1 0.340625 0.1875 0.0421875 0.0359375
1 0.3015625 0.178125 0.0265625 0.021875
1 0.278125 0.1765625 0.0140625 0.0234375
1 0.221875 0.2015625 0.028125 0.0359375
1 0.2734375 0.1109375 0.0359375 0.0421875
1 0.3140625 0.1359375 0.0203125 0.021875
1 0.1875 0.1015625 0.0390625 0.028125
1 0.26328125 0.00625 0.0203125 0.0125
1 0.34375 0.05625 0.01875 0.0375
1 0.409375 0.0828125 0.0359375 0.028125
1 0.43125 0.03125 0.0640625 0.05625
1 0.47265625 0.12890625 0.0140625 0.0171875
1 0.409375 0.15 0.034375 0.0203125
1 0.3796875 0.2359375 0.0140625 0.01875
1 0.3296875 0.240625 0.021875 0.0171875
1 0.2890625 0.2109375 0.025 0.0125
1 0.275 0.225 0.0109375 0.015625
1 0.290625 0.2359375 0.0328125 0.025
1 0.2703125 0.265625 0.0390625 0.028125
1 0.2609375 0.2921875 0.034375 0.0234375
1 0.3109375 0.3140625 0.021875 0.0375
1 0.3140625 0.340625 0.01875 0.009375
1 0.2328125 0.390625 0.0453125 0.034375
1 0.21875 0.3171875 0.0359375 0.0203125
1 0.3265625 0.434375 0.03125 0.0203125
1 0.3984375 0.4375 0.0421875 0.0484375
1 0.265625 0.4609375 0.021875 0.0171875
1 0.2375 0.45625 0.028125 0.0265625
1 0.209375 0.4359375 0.028125 0.0296875
1 0.1875 0.4140625 0.021875 0.025
1 0.30625 0.465625 0.021875 0.009375
1 0.2 0.05625 0.0328125 0.0421875
1 0.2015625 0.034375 0.0171875 0.021875
1 0.0140625 0.246875 0.0203125 0.0203125
1 0.0875 0.384375 0.034375 0.0296875
1 0.09375 0.4625 0.034375 0.01875
0 0.1109375 0.3125 0.090625 0.090625
1 0.0890625 0.321875 0.0171875 0.0078125
0 0.109375 0.190625 0.090625 0.153125
0 0.11875 0.1078125 0.0953125 0.1109375
1 0.11015625 0.034375 0.0890625 0.06875
0 0.1203125 0.4171875 0.1125 0.1078125
1 0.884375 0.00625 0.025 0.0125
1 0.9484375 0.109375 0.03125 0.015625
1 0.7515625 0.128125 0.009375 0.0125
1 0.5640625 0.2484375 0.0046875 0.009375
0 0.49375 0.22734375 0.028125 0.1140625
1 0.69375 0.3328125 0.025 0.0140625
1 0.728125 0.0015625 0.015625 0.003125
1 0.7671875 0.0875 0.009375 0.0171875
1 0.7078125 0.153125 0.0625 0.0328125
1 0.8140625 0.196875 0.0171875 0.0125
1 0.7921875 0.1640625 0.0296875 0.034375
1 0.9375 0.0171875 0.090625 0.034375
0 0.9390625 0.05078125 0.121875 0.0890625
1 0.89375 0.1 0.03125 0.021875
1 0.8765625 0.0640625 0.04375 0.0359375
0 0.98046875 0.16328125 0.0390625 0.1765625
0 0.9421875 0.2140625 0.090625 0.103125
0 0.9609375 0.3140625 0.078125 0.128125
0 0.9875 0.36875 0.025 0.01875
1 0.878125 0.2609375 0.0171875 0.01875
1 0.8421875 0.2875 0.0796875 0.10625
1 0.8203125 0.3515625 0.028125 0.01875
1 0.7953125 0.359375 0.0203125 0.0140625
1 0.8140625 0.03203125 0.10625 0.0640625
1 0.840625 0.0328125 0.0484375 0.053125
1 0.753125 0.246875 0.028125 0.0234375
1 0.703125 0.3640625 0.028125 0.0171875
1 0.7296875 0.3546875 0.0125 0.046875
1 0.71875 0.35625 0.0421875 0.0234375
1 0.746875 0.3453125 0.0296875 0.034375
1 0.63125 0.015625 0.01875 0.021875
1 0.59921875 0.00625 0.0296875 0.0125
1 0.5640625 0.1640625 0.0234375 0.028125
1 0.6015625 0.121875 0.0296875 0.0171875
1 0.596875 0.125 0.009375 0.03125
1 0.5984375 0.1734375 0.0171875 0.0078125
1 0.5828125 0.1546875 0.0140625 0.0296875
0 0.5171875 0.3546875 0.053125 0.046875
0 0.5078125 0.32890625 0.05625 0.0546875
1 0.5625 0.2140625 0.040625 0.0375
1 0.55 0.228125 0.0265625 0.0390625
1 0.515625 0.2359375 0.0390625 0.0484375
1 0.0625 0.609375 0.025 0.01875
1 0.01640625 0.6109375 0.0265625 0.021875
1 0.27734375 0.62109375 0.0921875 0.0421875
0 0.2890625 0.6984375 0.15 0.11875
1 0.1921875 0.765625 0.0515625 0.03125
1 0.02421875 0.8140625 0.0484375 0.01875
0 0.26875 0.784375 0.0796875 0.0765625
1 0.3703125 0.8140625 0.0203125 0.0171875
1 0.4109375 0.6453125 0.028125 0.0171875
1 0.2375 0.615625 0.0359375 0.0234375
1 0.134375 0.6484375 0.0265625 0.0234375
1 0.10625 0.65 0.025 0.03125
1 0.4828125 0.6609375 0.00625 0.05
1 0.55625 0.6984375 0.05 0.03125
1 0.90625 0.7203125 0.009375 0.015625
1 0.4953125 0.72109375 0.03125 0.0515625
1 0.7640625 0.7453125 0.03125 0.0515625
1 0.60625 0.76875 0.0421875 0.06875
1 0.6546875 0.8171875 0.046875 0.06875
1 0.7234375 0.89375 0.0328125 0.034375
1 0.7453125 0.91875 0.0421875 0.0375
0 0.89140625 0.6359375 0.1640625 0.071875
1 0.7984375 0.6578125 0.046875 0.0515625
1 0.80703125 0.625 0.0234375 0.05
1 0.975 0.71875 0.0484375 0.0734375
1 0.9234375 0.7515625 0.025 0.0328125
0 0.94296875 0.78203125 0.1140625 0.1109375
0 0.88125 0.8 0.084375 0.1375
0 0.875 0.878125 0.1828125 0.121875
1 0.6046875 0.725 0.05625 0.021875
1 0.5609375 0.828125 0.0390625 0.046875
1 0.584375 0.921875 0.0671875 0.0359375
1 0.534375 0.909375 0.034375 0.0609375
1 0.4828125 0.9171875 0.00625 0.046875
1 0.5 0.928125 0.03125 0.021875
1 0.5671875 0.8734375 0.096875 0.071875
1 0.4890625 0.86796875 0.01875 0.0203125
1 0.48359375 0.83046875 0.0078125 0.0265625
1 0.6296875 0.6765625 0.0484375 0.0640625
1 0.58046875 0.6265625 0.0703125 0.053125