1 0.48125 0.0734375 0.0125 0.0140625
1 0.4734375 0.040625 0.0296875 0.0203125
1 0.25625 0.4046875 0.04375 0.0296875
1 0.25625 0.5421875 0.0421875 0.028125
1 0.1921875 0.0109375 0.00625 0.021875
1 0.15703125 0.00390625 0.0265625 0.0078125
1 0.0625 0.48125 0.01875 0.0390625
1 0.003125 0.49921875 0.00625 0.0234375
1 0.421875 0.60625 0.0421875 0.021875
1 0.3921875 0.596875 0.046875 0.0640625
1 0.3734375 0.625 0.034375 0.034375
1 0.246875 0.6125 0.053125 0.0359375
1 0.28046875 0.63984375 0.0578125 0.0390625
1 0.3140625 0.621875 0.053125 0.0296875
1 0.4375 0.5546875 0.028125 0.0390625
1 0.4453125 0.5109375 0.084375 0.115625
1 0.4515625 0.4859375 0.021875 0.0125
1 0.45 0.4609375 0.0140625 0.0171875
1 0.4703125 0.578125 0.034375 0.04375
1 0.4828125 0.5390625 0.0109375 0.021875
1 0.315625 0.49375 0.0359375 0.0625
1 0.3453125 0.50625 0.034375 0.04375
1 0.346875 0.478125 0.0359375 0.028125
1 0.35625 0.44375 0.04375 0.0265625
1 0.3703125 0.4296875 0.05 0.0171875
1 0.221875 0.4640625 0.0203125 0.040625
1 0.259375 0.45625 0.06875 0.0578125
0 0.4640625 0.3625 0.046875 0.115625
1 0.4234375 0.403125 0.028125 0.01875
0 0.3921875 0.3578125 0.11875 0.0828125
1 0.4015625 0.33125 0.0203125 0.025
1 0.115625 0.4703125 0.025 0.040625
1 0.1265625 0.5234375 0.0515625 0.078125
1 0.0875 0.5984375 0.034375 0.025
1 0.096875 0.5578125 0.0703125 0.0859375
1 0.1609375 0.5625 0.025 0.03125
1 0.040625 0.5671875 0.0296875 0.0296875
1 0.0171875 0.6140625 0.034375 0.0375
1 0.0234375 0.51875 0.046875 0.05
1 0.02109375 0.5546875 0.0421875 0.04375
1 0.01171875 0.4640625 0.0234375 0.0625
0 0.01953125 0.36171875 0.0390625 0.1765625
1 0.0046875 0.30234375 0.009375 0.0421875
0 0.08125 0.3453125 0.1015625 0.0859375
0 0.1796875 0.3546875 0.0984375 0.065625
1 0.14375 0.3046875 0.034375 0.046875
1 0.196875 0.2671875 0.015625 0.009375
0 0.25 0.34375 0.10625 0.0828125
1 0.2515625 0.303125 0.0265625 0.0296875
1 0.3015625 0.34375 0.0390625 0.021875
1 0.01484375 0.18125 0.0296875 0.046875
1 0.00390625 0.13984375 0.0078125 0.0265625
1 0.1734375 0.23125 0.034375 0.0328125
1 0.2234375 0.2265625 0.0265625 0.0265625
1 0.2546875 0.1765625 0.0515625 0.0328125
1 0.1765625 0.16875 0.040625 0.0265625
1 0.20625 0.1609375 0.0265625 0.0140625
1 0.41875 0.28125 0.0515625 0.0765625
1 0.4328125 0.296875 0.0203125 0.025
1 0.3546875 0.2953125 0.028125 0.034375
1 0.35 0.25625 0.0359375 0.0375
1 0.371875 0.14375 0.10625 0.1015625
1 0.3390625 0.15625 0.025 0.021875
1 0.4078125 0.221875 0.0984375 0.0921875
1 0.471875 0.1921875 0.0328125 0.0546875
1 0.4484375 0.165625 0.0203125 0.0203125
1 0.4609375 0.146875 0.053125 0.03125
1 0.4078125 0.046875 0.0390625 0.0140625
1 0.384375 0.003125 0.0234375 0.00625
1 0.3265625 0.0875 0.0171875 0.025
1 0.3296875 0.021875 0.034375 0.0375
1 0.30546875 0.0125 0.0171875 0.025
1 0.259375 0.0671875 0.075 0.065625
1 0.2953125 0.0765625 0.0484375 0.05
1 0.1796875 0.1 0.05 0.0453125
1 0.20390625 0.00390625 0.0140625 0.0078125
1 0.1078125 0.125 0.0140625 0.028125
1 0.01484375 0.10625 0.0296875 0.028125
1 0.05625 0.0609375 0.0625 0.0421875
1 0.084375 0.0921875 0.0125 0.0328125
1 0.0234375 0.009375 0.025 0.01875
1 0.6640625 0.4265625 0.0625 0.0671875
1 0.6046875 0.4171875 0.040625 0.0359375
1 0.675 0.0265625 0.0328125 0.040625
1 0.59375 0.0546875 0.0171875 0.0375
1 0.7203125 0.48125 0.0203125 0.015625
1 0.715625 0.5515625 0.015625 0.015625
1 0.6953125 0.596875 0.0296875 0.0265625
1 0.6484375 0.5234375 0.015625 0.0125
1 0.971875 0.634375 0.0265625 0.025
1 0.6015625 0.603125 0.0140625 0.0140625
1 0.97265625 0.13984375 0.0546875 0.0796875
1 0.728125 0.115625 0.0828125 0.0875
0 0.64375 0.2296875 0.11875 0.3265625
0 0.790625 0.3703125 0.271875 0.4875
0 0.92734375 0.26171875 0.1453125 0.3265625
1 0.00625 0.93828125 0.0125 0.0234375
1 0.0625 0.8828125 0.05 0.05625
1 0.1765625 0.8703125 0.0109375 0.0140625
1 0.1734375 0.8625 0.0171875 0.0140625
1 0.3640625 0.8765625 0.0234375 0.0296875
1 0.40625 0.88125 0.0328125 0.0328125
1 0.3828125 0.984375 0.03125 0.0171875
0 0.403125 0.93359375 0.040625 0.1328125
0 0.3671875 0.9546875 0.0859375 0.05625
0 0.28828125 0.921875 0.1140625 0.15625
0 0.14375 0.9484375 0.10625 0.078125
0 0.21015625 0.9328125 0.0921875 0.134375
1 0.20625 0.828125 0.0140625 0.0203125
1 0.2125 0.7765625 0.0171875 0.0109375
1 0.1375 0.8 0.0109375 0.0234375
1 0.0140625 0.759375 0.0109375 0.009375
0 0.053125 0.94765625 0.09375 0.1046875
1 0.00703125 0.6796875 0.0140625 0.028125
1 0.028125 0.6828125 0.0390625 0.034375
1 0.9765625 0.73515625 0.046875 0.0703125