1 0.56484375 0.3234375 0.0078125 0.028125
1 0.565625 0.1 0.00625 0.015625
1 0.5390625 0.23046875 0.059375 0.0296875
1 0.496875 0.225 0.0546875 0.0625
1 0.4984375 0.478125 0.028125 0.028125
1 0.4515625 0.48125 0.04375 0.028125
1 0.4296875 0.4640625 0.034375 0.028125
1 0.4515625 0.4328125 0.03125 0.0140625
1 0.396875 0.440625 0.021875 0.0265625
1 0.378125 0.46875 0.034375 0.0421875
1 0.375 0.328125 0.0484375 0.0328125
1 0.40625 0.2578125 0.04375 0.0546875
1 0.4265625 0.396875 0.025 0.01875
1 0.4125 0.375 0.0328125 0.028125
1 0.340625 0.371875 0.0265625 0.0484375
1 0.296875 0.3921875 0.0234375 0.0265625
1 0.29375 0.4296875 0.021875 0.021875
1 0.309375 0.3546875 0.025 0.028125
1 0.378125 0.303125 0.05625 0.03125
1 0.35625 0.28125 0.05 0.0390625
1 0.4296875 0.1640625 0.0203125 0.0421875
1 0.4734375 0.15 0.0484375 0.0296875
1 0.3640625 0.1390625 0.0390625 0.040625
1 0.4 0.0171875 0.04375 0.034375
1 0.2625 0.475 0.06875 0.0484375
1 0.175 0.4171875 0.034375 0.0703125
1 0.240625 0.4234375 0.0203125 0.009375
1 0.128125 0.4046875 0.05 0.046875
1 0.2375 0.3875 0.034375 0.01875
1 0.2203125 0.3796875 0.01875 0.0265625
1 0.2015625 0.3359375 0.0453125 0.0453125
1 0.2671875 0.2734375 0.03125 0.0703125
1 0.2140625 0.290625 0.059375 0.0828125
1 0.2828125 0.3359375 0.0484375 0.034375
1 0.26875 0.30625 0.0890625 0.1125
1 0.2421875 0.34375 0.0296875 0.0140625
1 0.2625 0.18125 0.0328125 0.0546875
1 0.23125 0.153125 0.05 0.0484375
1 0.3125 0.1109375 0.04375 0.0359375
1 0.2703125 0.0703125 0.059375 0.053125
1 0.3 0.0671875 0.0171875 0.0390625
1 0.2984375 0.0234375 0.0265625 0.0171875
1 0.32890625 0.01171875 0.0390625 0.0234375
1 0.096875 0.065625 0.0265625 0.03125
0 0.1140625 0.02890625 0.084375 0.0578125
1 0.18125 0.20625 0.015625 0.021875
1 0.1453125 0.1125 0.0859375 0.059375
1 0.075 0.1890625 0.0515625 0.0390625
0 0.09375 0.14453125 0.1875 0.1234375
1 0.159375 0.4921875 0.0265625 0.015625
1 0.1359375 0.4921875 0.0125 0.0125
1 0.09375 0.434375 0.0625 0.034375
1 0.065625 0.49375 0.053125 0.0125
1 0.0265625 0.4828125 0.0265625 0.034375
1 0.01171875 0.4734375 0.0234375 0.053125
1 0.0625 0.475 0.0234375 0.0453125
1 0.0625 0.453125 0.025 0.0140625
1 0.0984375 0.4 0.0484375 0.03125
1 0.0140625 0.3546875 0.0078125 0.0171875
0 0.0796875 0.3484375 0.096875 0.0453125
1 0.040625 0.4234375 0.025 0.0328125
0 0.05625 0.2546875 0.0875 0.1046875
0 0.0984375 0.2890625 0.090625 0.1359375
1 0.8734375 0.1796875 0.0578125 0.0625
1 0.9015625 0.1296875 0.04375 0.021875
1 0.7359375 0.084375 0.0625 0.03125
1 0.728125 0.140625 0.0203125 0.0109375
1 0.715625 0.5171875 0.0328125 0.040625
0 0.66796875 0.5015625 0.1984375 0.075
0 0.6234375 0.33984375 0.109375 0.3984375
0 0.640625 0.2109375 0.14375 0.221875
0 0.6390625 0.115625 0.140625 0.09375
1 0.6140625 0.371875 0.021875 0.021875
1 0.4109375 0.7359375 0.01875 0.0359375
0 0.265625 0.7765625 0.0953125 0.134375
0 0.25625 0.690625 0.209375 0.303125
1 0.15625 0.8203125 0.0296875 0.046875
1 0.003125 0.7421875 0.00625 0.015625
1 0.98046875 0.78515625 0.0390625 0.0515625
0 0.9296875 0.753125 0.115625 0.125
0 0.94140625 0.58828125 0.0671875 0.0984375
1 0.98671875 0.54375 0.0265625 0.009375
1 0.96875 0.5640625 0.0078125 0.0125
0 0.96015625 0.67578125 0.0796875 0.1265625
1 0.99453125 0.67109375 0.0109375 0.0203125
1 0.8046875 0.7984375 0.03125 0.03125
1 0.7625 0.7921875 0.0609375 0.046875
1 0.6859375 0.7765625 0.0203125 0.01875
1 0.659375 0.7640625 0.0296875 0.053125
1 0.625 0.7328125 0.015625 0.0390625
1 0.7703125 0.7078125 0.03125 0.034375
1 0.7296875 0.7234375 0.028125 0.0140625
1 0.709375 0.7171875 0.059375 0.0484375
1 0.58125 0.790625 0.025 0.05
1 0.628125 0.665625 0.021875 0.05
1 0.6515625 0.596875 0.0328125 0.0296875
1 0.6765625 0.596875 0.0265625 0.015625
1 0.57421875 0.66484375 0.0109375 0.0140625
1 0.8140625 0.6234375 0.021875 0.01875
1 0.79375 0.64375 0.040625 0.0375
1 0.709375 0.640625 0.109375 0.078125
1 0.7765625 0.578125 0.0765625 0.0484375
1 0.8484375 0.5953125 0.0171875 0.021875
1 0.8015625 0.559375 0.0140625 0.0109375
1 0.675 0.5515625 0.015625 0.0171875