0 0.134375 0.5390625 0.075 0.08125
0 0.1921875 0.52421875 0.09375 0.1109375
0 0.2671875 0.53125 0.121875 0.096875
0 0.43359375 0.54921875 0.1203125 0.0609375
0 0.5078125 0.54921875 0.059375 0.0609375
0 0.5640625 0.53515625 0.11875 0.0890625
1 0.48125 0.3328125 0.0203125 0.0296875
1 0.35625 0.4328125 0.03125 0.028125
1 0.53125 0.2890625 0.0296875 0.0265625
1 0.4171875 0.2984375 0.0265625 0.0140625
1 0.4078125 0.2734375 0.028125 0.0328125
1 0.4265625 0.2640625 0.0203125 0.0171875
1 0.390625 0.2328125 0.0234375 0.01875
1 0.33125 0.221875 0.0328125 0.0296875
1 0.4828125 0.296875 0.0203125 0.0171875
1 0.4 0.1375 0.034375 0.0328125
1 0.5390625 0.1375 0.025 0.021875
1 0.378125 0.1546875 0.0203125 0.015625
1 0.365625 0.1234375 0.0296875 0.0234375
1 0.49375 0.1296875 0.0203125 0.025
1 0.5734375 0.0875 0.028125 0.0265625
1 0.3546875 0.2859375 0.0296875 0.0328125
1 0.2015625 0.2203125 0.0265625 0.0296875
0 0.128125 0.04921875 0.0625 0.0984375
0 0.3375 0.071875 0.0625 0.0953125
0 0.4078125 0.06875 0.0640625 0.0484375
0 0.48984375 0.05078125 0.1078125 0.1015625
0 0.603125 0.0375 0.040625 0.075
1 0.31171875 0.0046875 0.0328125 0.009375
1 0.55703125 0.003125 0.0203125 0.00625
1 0.571875 0.0125 0.0234375 0.01875
1 0.1515625 0.1015625 0.0203125 0.0171875
0 0.27265625 0.0359375 0.0890625 0.071875
0 0.2046875 0.0671875 0.1375 0.134375
1 0.7453125 0.3578125 0.0515625 0.0578125
1 0.73125 0.1921875 0.03125 0.0265625
1 0.6765625 0.1578125 0.015625 0.0265625
1 0.8984375 0.184375 0.0546875 0.0453125
0 0.953125 0.11875 0.09375 0.2375
0 0.68671875 0.08203125 0.0734375 0.1640625
0 0.81171875 0.0796875 0.3015625 0.159375
1 0.61328125 0.9875 0.0734375 0.025
1 0.459375 0.8703125 0.0359375 0.034375
0 0.45 0.6984375 0.1109375 0.1328125
1 0.3421875 0.9375 0.0390625 0.01875
1 0.3640625 0.846875 0.040625 0.0203125
1 0.3515625 0.75625 0.0515625 0.0484375
1 0.36796875 0.9765625 0.1015625 0.046875
1 0.240625 0.99296875 0.046875 0.0140625
1 0.225 0.8125 0.0359375 0.0109375
1 0.24375 0.7875 0.0375 0.0203125
1 0.2109375 0.85625 0.01875 0.0359375
1 0.19609375 0.98046875 0.0546875 0.0390625
1 0.178125 0.8578125 0.0296875 0.0625
1 0.26640625 0.96484375 0.0859375 0.0703125
1 0.2359375 0.9421875 0.0375 0.0296875
1 0.378125 0.9453125 0.0390625 0.0234375
1 0.4609375 0.94921875 0.134375 0.1015625
1 0.62890625 0.95390625 0.0421875 0.0921875
1 0.5421875 0.9109375 0.0546875 0.065625
1 0.6109375 0.8453125 0.078125 0.121875
1 0.584375 0.775 0.028125 0.0453125
1 0.5515625 0.809375 0.071875 0.0609375
1 0.5359375 0.8515625 0.053125 0.0265625
1 0.5046875 0.86875 0.03125 0.0484375
1 0.39375 0.884375 0.0578125 0.0578125
1 0.3015625 0.828125 0.0703125 0.0625
1 0.4484375 0.825 0.0265625 0.0265625
1 0.496875 0.8 0.028125 0.0296875
1 0.4671875 0.78125 0.021875 0.046875
0 0.540625 0.6484375 0.0515625 0.1078125
0 0.62265625 0.646875 0.0546875 0.11875
1 0.5984375 0.60859375 0.06875 0.0578125
1 0.30234375 0.596875 0.0671875 0.034375
0 0.2609375 0.646875 0.1375 0.1046875
1 0.2265625 0.6828125 0.0390625 0.053125
0 0.190625 0.6640625 0.053125 0.0625
0 0.925 0.86171875 0.15 0.2765625
0 0.9296875 0.8765625 0.140625 0.246875
1 0.99140625 0.95234375 0.0171875 0.0171875
1 0.8625 0.628125 0.00625 0.0125