0 0.06796875 0.52734375 0.1359375 0.0453125
0 0.08125 0.4546875 0.096875 0.1578125
0 0.059375 0.3875 0.1015625 0.146875
0 0.06875 0.278125 0.0984375 0.0921875
1 0.1421875 0.3109375 0.071875 0.0453125
1 0.171875 0.41875 0.03125 0.0578125
1 0.1515625 0.4 0.0453125 0.0546875
1 0.171875 0.52734375 0.06875 0.0453125
1 0.221875 0.484375 0.0375 0.0625
1 0.2609375 0.396875 0.1171875 0.115625
1 0.32265625 0.53359375 0.0546875 0.0328125
1 0.36640625 0.53203125 0.0734375 0.0359375
1 0.3078125 0.3203125 0.0234375 0.028125
1 0.4171875 0.315625 0.028125 0.0390625
1 0.478125 0.215625 0.0375 0.021875
1 0.4640625 0.284375 0.0234375 0.0265625
1 0.459375 0.5234375 0.0171875 0.0234375
1 0.534375 0.534375 0.0296875 0.021875
0 0.584375 0.48671875 0.0875 0.1265625
1 0.6125 0.4546875 0.0453125 0.0609375
0 0.59375 0.39765625 0.1125 0.0796875
0 0.59921875 0.3046875 0.1015625 0.13125
1 0.6125 0.328125 0.0375 0.03125
0 0.6078125 0.21875 0.0546875 0.028125
1 0.46875 0.44375 0.0203125 0.025
1 0.5046875 0.4453125 0.0234375 0.01875
0 0.8 0.06484375 0.3 0.1296875
0 0.7359375 0.271875 0.171875 0.3625
1 0.840625 0.0796875 0.0078125 0.028125
0 0.77421875 0.37578125 0.2484375 0.1578125
1 0.9390625 0.4453125 0.053125 0.0171875
1 0.971875 0.4328125 0.0328125 0.04375
1 0.0140625 0.6 0.015625 0.0234375
1 0.0984375 0.565625 0.0171875 0.0140625
1 0.115625 0.5796875 0.021875 0.0171875
1 0.215625 0.63125 0.1375 0.1375
1 0.325 0.578125 0.040625 0.05625
1 0.025 0.7125 0.025 0.028125
1 0.0859375 0.7734375 0.0625 0.078125
1 0.146875 0.75 0.0234375 0.0234375
1 0.2828125 0.728125 0.0640625 0.0484375
1 0.2296875 0.803125 0.040625 0.0390625
1 0.009375 0.846875 0.015625 0.0265625
1 0.0765625 0.853125 0.0390625 0.015625
1 0.00390625 0.8265625 0.0078125 0.0125
1 0.0171875 0.8578125 0.01875 0.0078125
1 0.303125 0.84375 0.0234375 0.034375
1 0.603125 0.6359375 0.015625 0.0203125
0 0.37890625 0.5875 0.1234375 0.075
1 0.3703125 0.56875 0.009375 0.0125
0 0.4046875 0.6546875 0.165625 0.1015625
1 0.371875 0.6859375 0.0140625 0.0203125
1 0.3875 0.703125 0.0078125 0.0296875
1 0.5890625 0.7421875 0.01875 0.01875
0 0.3703125 0.740625 0.1109375 0.0703125
0 0.390625 0.803125 0.1359375 0.090625
0 0.3609375 0.81875 0.1140625 0.0859375
1 0.6203125 0.7546875 0.0125 0.0203125
1 0.4640625 0.7203125 0.00625 0.0109375
1 0.721875 0.64375 0.053125 0.065625
1 0.97109375 0.55625 0.0578125 0.0125
1 0.66953125 0.76796875 0.0390625 0.0484375
1 0.7953125 0.7421875 0.0375 0.0359375
1 0.834375 0.7203125 0.0234375 0.01875
1 0.8453125 0.6890625 0.03125 0.040625
1 0.778125 0.7734375 0.05 0.034375
1 0.8375 0.79375 0.0421875 0.0359375
0 0.959375 0.7328125 0.08125 0.125
1 0.75 0.884375 0.05 0.0390625
1 0.6609375 0.8203125 0.021875 0.021875
1 0.690625 0.8609375 0.040625 0.0359375
1 0.8328125 0.884375 0.0296875 0.025
1 0.8140625 0.8609375 0.03125 0.0203125
1 0.778125 0.8265625 0.028125 0.021875
1 0.7421875 0.815625 0.034375 0.025