1 0.8078125 0.2375 0.0265625 0.0265625
1 0.79375 0.51875 0.0125 0.021875
0 0.8109375 0.146875 0.0609375 0.05625
1 0.79375 0.1921875 0.0546875 0.0453125
1 0.7671875 0.24375 0.028125 0.03125
1 0.72890625 0.0078125 0.0421875 0.015625
1 0.6828125 0.2046875 0.0328125 0.0453125
1 0.678125 0.33125 0.0328125 0.0109375
1 0.659375 0.3125 0.00625 0.028125
1 0.61875 0.1453125 0.046875 0.040625
1 0.6234375 0.0515625 0.0546875 0.046875
1 0.5328125 0.2453125 0.0203125 0.04375
1 0.459375 0.240625 0.0453125 0.0234375
1 0.4328125 0.3609375 0.015625 0.01875
1 0.42421875 0.0109375 0.0265625 0.021875
1 0.353125 0.090625 0.0296875 0.025
1 0.3265625 0.059375 0.0234375 0.0140625
0 0.4 0.20625 0.171875 0.3109375
1 0.3328125 0.371875 0.0265625 0.0203125
1 0.396875 0.2703125 0.03125 0.025
1 0.421875 0.3484375 0.0296875 0.025
1 0.43125 0.3140625 0.0375 0.0328125
1 0.459375 0.3078125 0.0390625 0.0484375
1 0.55 0.3390625 0.0546875 0.0484375
1 0.578125 0.246875 0.0265625 0.040625
1 0.5515625 0.284375 0.0625 0.0375
1 0.5859375 0.303125 0.040625 0.0296875
1 0.5734375 0.184375 0.0171875 0.0390625
1 0.625 0.2578125 0.03125 0.0328125
1 0.634375 0.26875 0.028125 0.021875
1 0.634375 0.2328125 0.0296875 0.0390625
1 0.6390625 0.2109375 0.04375 0.0296875
1 0.715625 0.284375 0.0453125 0.0578125
1 0.68125 0.2484375 0.028125 0.034375
1 0.625 0.0875 0.028125 0.0296875
1 0.7890625 0.034375 0.0359375 0.05
1 0.821875 0.040625 0.03125 0.0421875
1 0.8265625 0.078125 0.028125 0.034375
0 0.0421875 0.684375 0.084375 0.309375
1 0.4109375 0.95 0.01875 0.0203125
1 0.35625 0.99375 0.021875 0.0125
1 0.640625 0.725 0.034375 0.0390625
1 0.7609375 0.95 0.021875 0.009375
1 0.640625 0.86875 0.0453125 0.0296875
1 0.640625 0.8140625 0.015625 0.015625
1 0.6 0.803125 0.0203125 0.0171875
1 0.3515625 0.8078125 0.03125 0.01875
1 0.453125 0.9078125 0.075 0.1
0 0.3515625 0.6578125 0.1515625 0.215625
0 0.44375 0.665625 0.3109375 0.2359375
1 0.40625 0.6015625 0.0140625 0.0109375
0 0.628125 0.6453125 0.10625 0.2171875
1 0.5578125 0.709375 0.021875 0.0125
0 0.7640625 0.6328125 0.0765625 0.0625
0 0.7765625 0.66875 0.05 0.0125