1 0.2078125 0.109375 0.0109375 0.0203125
1 0.1921875 0.1546875 0.0125 0.0125
1 0.0953125 0.14375 0.015625 0.0234375
1 0.1078125 0.165625 0.05 0.034375
1 0.0703125 0.215625 0.025 0.0203125
1 0.3484375 0.2265625 0.01875 0.0125
1 0.13125 0.25 0.021875 0.0171875
1 0.059375 0.253125 0.0328125 0.025
1 0.178125 0.2890625 0.01875 0.025
1 0.38515625 0.23828125 0.0078125 0.0234375
1 0.078125 0.01015625 0.021875 0.0203125
1 0.053125 0.009375 0.04375 0.01875
1 0.071875 0.0359375 0.028125 0.0125
1 0.0265625 0.18125 0.028125 0.0234375
1 0.0453125 0.175 0.0140625 0.015625
1 0.053125 0.1609375 0.0109375 0.0203125
1 0.13203125 0.30234375 0.0203125 0.0140625
1 0.14375 0.284375 0.021875 0.034375
1 0.06171875 0.29375 0.0234375 0.03125
1 0.053125 0.30234375 0.040625 0.0140625
1 0.0359375 0.221875 0.0109375 0.015625
1 0.0375 0.29609375 0.075 0.0265625
0 0.334375 0.25078125 0.109375 0.1171875
0 0.31484375 0.15703125 0.1484375 0.0640625
1 0.3375 0.13125 0.01875 0.0125
1 0.3125 0.1234375 0.0203125 0.0140625
0 0.31875 0.0875 0.134375 0.071875
1 0.971875 0.115625 0.0140625 0.01875
1 0.6296875 0.00859375 0.015625 0.0171875
1 0.609375 0.10625 0.0296875 0.01875
1 0.6609375 0.0484375 0.034375 0.028125
1 0.7734375 0.128125 0.0140625 0.0125
1 0.7453125 0.0796875 0.01875 0.03125
1 0.6984375 0.1265625 0.0046875 0.009375
0 0.56875 0.08125 0.1578125 0.08125
0 0.5546875 0.02734375 0.103125 0.0546875
1 0.096875 0.534375 0.03125 0.0296875
1 0.0015625 0.5953125 0.003125 0.015625
1 0.0328125 0.634375 0.0125 0.0125
1 0.1390625 0.675 0.01875 0.0296875
1 0.37578125 0.675 0.0265625 0.034375
1 0.0765625 0.7703125 0.0359375 0.0125
1 0.103125 0.8203125 0.0140625 0.0171875
1 0.359375 0.8625 0.0296875 0.0546875
0 0.1640625 0.875 0.1265625 0.06875
1 0.228125 0.9140625 0.0515625 0.021875
1 0.1625 0.925 0.01875 0.0171875
1 0.3125 0.9078125 0.0421875 0.0625
1 0.3765625 0.6078125 0.025 0.040625
1 0.3328125 0.5203125 0.0078125 0.0109375
1 0.3046875 0.496875 0.05625 0.0515625
0 0.1984375 0.453125 0.1359375 0.075
0 0.2390625 0.5421875 0.11875 0.1109375
0 0.2203125 0.6015625 0.14375 0.1265625
0 0.2171875 0.6671875 0.0453125 0.03125
1 0.178125 0.6359375 0.0359375 0.0296875
1 0.0921875 0.6671875 0.0375 0.028125
0 0.309375 0.7109375 0.0609375 0.096875
0 0.209375 0.7609375 0.171875 0.0828125
1 0.1125 0.734375 0.0296875 0.046875
1 0.1421875 0.7140625 0.0375 0.0296875
1 0.21875 0.821875 0.03125 0.03125
1 0.2046875 0.8078125 0.03125 0.0203125
1 0.8171875 0.465625 0.0125 0.015625
1 0.8171875 0.55 0.0140625 0.0234375
1 0.8546875 0.578125 0.0765625 0.06875
1 0.915625 0.653125 0.021875 0.025
1 0.775 0.68125 0.0078125 0.0125
1 0.709375 0.759375 0.015625 0.009375
1 0.440625 0.7640625 0.0390625 0.0421875
1 0.85625 0.846875 0.04375 0.040625
1 0.6859375 0.8875 0.01875 0.015625
1 0.8796875 0.9140625 0.009375 0.0125
1 0.403125 0.509375 0.028125 0.103125
0 0.6265625 0.7453125 0.475 0.20625
0 0.6015625 0.575 0.303125 0.225
0 0.553125 0.865625 0.2265625 0.234375