1 0.06875 0.25625 0.0296875 0.046875
0 0.25 0.20859375 0.1 0.2203125
0 0.2703125 0.153125 0.059375 0.109375
1 0.103125 0.2015625 0.0328125 0.0390625
0 0.73671875 0.2609375 0.1421875 0.115625
1 0.98828125 0.21796875 0.0234375 0.0296875
1 0.925 0.2828125 0.034375 0.0171875
1 0.9265625 0.234375 0.025 0.021875
1 0.1984375 0.946875 0.05625 0.0578125
1 0.159375 0.675 0.065625 0.0359375
1 0.2046875 0.628125 0.0109375 0.0359375
1 0.271875 0.4984375 0.05625 0.1
0 0.08046875 0.9234375 0.1609375 0.103125
0 0.0625 0.81953125 0.125 0.2234375
1 0.078125 0.6171875 0.0890625 0.0890625
0 0.03671875 0.48125 0.0734375 0.065625
1 0.10625 0.4734375 0.0578125 0.0484375
1 0.1375 0.75625 0.140625 0.1546875
1 0.2 0.821875 0.1453125 0.1421875
1 0.2265625 0.746875 0.0625 0.0546875
1 0.2796875 0.77890625 0.040625 0.0546875
1 0.6203125 0.8734375 0.0140625 0.0125
0 0.5515625 0.8703125 0.03125 0.01875
1 0.5390625 0.8375 0.015625 0.015625
1 0.9671875 0.8109375 0.0078125 0.0125
1 0.3203125 0.825 0.040625 0.065625
1 0.9984375 0.7890625 0.003125 0.0125
1 0.396875 0.765625 0.0375 0.0296875
1 0.3015625 0.74140625 0.003125 0.0171875
1 0.5171875 0.678125 0.0125 0.0125
1 0.9640625 0.578125 0.0125 0.015625
1 0.7140625 0.5734375 0.0078125 0.00625
1 0.31875 0.5625 0.00625 0.0109375
1 0.334375 0.521875 0.015625 0.01875
1 0.7125 0.509375 0.009375 0.0078125
1 0.3109375 0.3640625 0.0125 0.009375
1 0.3703125 0.359375 0.0140625 0.0109375
1 0.396875 0.8171875 0.0421875 0.071875
0 0.5265625 0.7296875 0.1125 0.0796875
1 0.4546875 0.7046875 0.0453125 0.0265625
1 0.6375 0.659375 0.028125 0.0328125
1 0.4640625 0.5796875 0.025 0.028125
1 0.4734375 0.63125 0.0296875 0.0234375
1 0.596875 0.628125 0.03125 0.0234375
0 0.53125 0.6296875 0.1046875 0.059375
1 0.484375 0.5875 0.0296875 0.0390625
1 0.421875 0.5625 0.03125 0.0484375
1 0.4078125 0.425 0.09375 0.0921875
0 0.5 0.525 0.1765625 0.1921875
0 0.5203125 0.403125 0.175 0.1
1 0.31015625 0.446875 0.0203125 0.025
1 0.340625 0.634375 0.0203125 0.0203125
1 0.896875 0.7046875 0.0265625 0.0265625
1 0.896875 0.66875 0.040625 0.05625
1 0.8078125 0.6390625 0.009375 0.0046875
1 0.8265625 0.6296875 0.03125 0.04375
1 0.6921875 0.6078125 0.034375 0.0375
1 0.765625 0.4078125 0.034375 0.028125
1 0.7671875 0.3609375 0.021875 0.009375
1 0.8171875 0.503125 0.0328125 0.046875