1 0.353125 0.1578125 0.0125 0.05625
1 0.3375 0.309375 0.009375 0.0078125
1 0.2953125 0.3265625 0.01875 0.0203125
1 0.2625 0.44375 0.015625 0.0125
1 0.20625 0.4421875 0.021875 0.015625
1 0.1984375 0.215625 0.021875 0.03125
1 0.1703125 0.2328125 0.0109375 0.0234375
1 0.13125 0.2359375 0.028125 0.0359375
1 0.053125 0.0359375 0.01875 0.0171875
1 0.2625 0.4328125 0.01875 0.0203125
1 0.2453125 0.4328125 0.0234375 0.0203125
1 0.225 0.425 0.021875 0.015625
1 0.23125 0.4375 0.0046875 0.0125
1 0.05625 0.1765625 0.0265625 0.0296875
1 0.084375 0.175 0.025 0.028125
1 0.09375 0.1796875 0.028125 0.0125
1 0.1046875 0.2046875 0.021875 0.0234375
1 0.3484375 0.075 0.0171875 0.025
1 0.3515625 0.1046875 0.015625 0.0234375
0 0.1109375 0.10625 0.221875 0.2125
0 0.2328125 0.121875 0.253125 0.24375
0 0.19140625 0.07890625 0.2171875 0.1578125
1 0.99453125 0.4 0.0109375 0.025
1 0.85546875 0.44375 0.0578125 0.0125
1 0.8796875 0.44296875 0.025 0.0140625
1 0.8421875 0.4203125 0.01875 0.0203125
1 0.92109375 0.44765625 0.0171875 0.0046875
1 0.971875 0.34375 0.03125 0.021875
1 0.9390625 0.31875 0.0546875 0.0625
1 0.9890625 0.2953125 0.009375 0.0109375
1 0.809375 0.33125 0.021875 0.0296875
1 0.778125 0.321875 0.0375 0.0296875
1 0.7625 0.290625 0.0171875 0.0140625
1 0.7328125 0.2859375 0.0359375 0.021875
1 0.8296875 0.3875 0.015625 0.0125
1 0.709375 0.4265625 0.046875 0.034375
1 0.6890625 0.403125 0.0328125 0.0171875
1 0.7 0.3734375 0.053125 0.0171875
1 0.7046875 0.4109375 0.0203125 0.015625
1 0.55390625 0.434375 0.0265625 0.03125
1 0.5546875 0.40625 0.0296875 0.059375
1 0.5859375 0.3890625 0.0375 0.0546875
1 0.6046875 0.4 0.0125 0.01875
1 0.61875 0.3859375 0.021875 0.015625
1 0.5171875 0.3515625 0.0421875 0.04375
1 0.5875 0.3171875 0.03125 0.021875
0 0.96171875 0.215625 0.0765625 0.084375
1 0.996875 0.209375 0.00625 0.015625
1 0.93125 0.1640625 0.0515625 0.040625
1 0.915625 0.196875 0.0359375 0.021875
1 0.8984375 0.2140625 0.0125 0.00625
1 0.859375 0.165625 0.06875 0.0328125
0 0.76875 0.20625 0.1203125 0.0515625
0 0.85 0.21875 0.0984375 0.0859375
1 0.83125 0.171875 0.028125 0.075
1 0.828125 0.18125 0.01875 0.0203125
1 0.8015625 0.1796875 0.015625 0.00625
1 0.671875 0.1609375 0.0359375 0.021875
1 0.64375 0.15 0.021875 0.028125
1 0.665625 0.1328125 0.0453125 0.0203125
1 0.68125 0.278125 0.05625 0.0484375
1 0.659375 0.25 0.053125 0.040625
1 0.6328125 0.2390625 0.034375 0.0421875
1 0.6421875 0.2203125 0.01875 0.0234375
1 0.59375 0.2046875 0.0375 0.025
1 0.584375 0.290625 0.028125 0.034375
1 0.6015625 0.2921875 0.003125 0.009375
1 0.5359375 0.278125 0.0625 0.0609375
1 0.5015625 0.2859375 0.0109375 0.0234375
1 0.55 0.246875 0.021875 0.015625
1 0.5375 0.125 0.0265625 0.03125
1 0.60625 0.121875 0.01875 0.0328125
1 0.6015625 0.090625 0.0390625 0.0421875
1 0.515625 0.1859375 0.040625 0.053125
1 0.5234375 0.134375 0.015625 0.0203125
1 0.5359375 0.1546875 0.015625 0.009375
1 0.553125 0.171875 0.01875 0.01875
1 0.515625 0.06875 0.0390625 0.0421875
1 0.5578125 0.0453125 0.05625 0.0578125
1 0.671875 0.05 0.0359375 0.028125
1 0.66796875 0.02109375 0.0984375 0.0421875
1 0.72265625 0.01953125 0.0515625 0.0390625
1 0.7671875 0.0234375 0.0546875 0.015625
1 0.79375 0.0203125 0.053125 0.040625
1 0.859375 0.1046875 0.0390625 0.0609375
1 0.8921875 0.08125 0.0296875 0.028125
1 0.9203125 0.0640625 0.0390625 0.03125
1 0.9203125 0.159375 0.0859375 0.0203125
1 0.39609375 0.5078125 0.0078125 0.015625
1 0.38125 0.828125 0.0125 0.015625
1 0.3546875 0.975 0.028125 0.0203125
1 0.3046875 0.8671875 0.0125 0.0078125
1 0.1625 0.6359375 0.009375 0.00625
1 0.1109375 0.5859375 0.0109375 0.0078125
1 0.10625 0.5734375 0.0140625 0.009375
1 0.090625 0.921875 0.0171875 0.0203125
0 0.1578125 0.92734375 0.284375 0.1453125
1 0.2671875 0.8796875 0.015625 0.01875
1 0.278125 0.8921875 0.015625 0.021875
1 0.0875 0.859375 0.0203125 0.015625
0 0.05625 0.946875 0.1125 0.10625
1 0.1515625 0.4984375 0.015625 0.0203125
1 0.2984375 0.6953125 0.0140625 0.0171875
1 0.3140625 0.684375 0.0234375 0.0109375
1 0.3828125 0.45078125 0.0125 0.0015625
0 0.9484375 0.721875 0.01875 0.0125
1 0.9234375 0.8453125 0.0078125 0.0109375
1 0.8859375 0.8671875 0.0078125 0.009375
1 0.853125 0.803125 0.0125 0.0109375
1 0.83125 0.83125 0.0109375 0.009375
1 0.80625 0.825 0.015625 0.0171875
1 0.7234375 0.8078125 0.0078125 0.0125
1 0.69375 0.8328125 0.0328125 0.0296875
1 0.6109375 0.859375 0.015625 0.0125
1 0.478125 0.959375 0.015625 0.0078125
1 0.4515625 0.96875 0.0203125 0.0203125
0 0.865625 0.5875 0.1859375 0.2375
1 0.94375 0.553125 0.01875 0.015625
1 0.740625 0.684375 0.0078125 0.0078125
1 0.7484375 0.6734375 0.0078125 0.0078125
0 0.53125 0.6125 0.1984375 0.1828125
0 0.671875 0.5734375 0.2640625 0.2171875
1 0.4734375 0.4734375 0.0171875 0.0234375
1 0.7078125 0.509375 0.0046875 0.009375