1 0.2859375 0.00703125 0.05 0.0140625
1 0.2796875 0.053125 0.06875 0.0625
1 0.2734375 0.2921875 0.0828125 0.0765625
1 0.503125 0.021875 0.0171875 0.03125
1 0.546875 0.109375 0.0296875 0.0296875
1 0.690625 0.0609375 0.0125 0.0078125
1 0.759375 0.1984375 0.0140625 0.015625
0 0.8453125 0.1078125 0.246875 0.140625
0 0.8609375 0.2015625 0.1390625 0.1046875
1 0.903125 0.0640625 0.0265625 0.028125
1 0.2640625 0.7734375 0.00625 0.009375
1 0.39375 0.67265625 0.0125 0.0328125
1 0.3359375 0.6140625 0.0296875 0.0140625
1 0.1171875 0.5828125 0.0078125 0.0109375
1 0.315625 0.5484375 0.01875 0.0203125
1 0.34375 0.4828125 0.0078125 0.0109375
1 0.2703125 0.428125 0.0359375 0.0125
0 0.096875 0.484375 0.19375 0.125
0 0.0859375 0.634375 0.171875 0.2625
0 0.121875 0.7671875 0.24375 0.215625
1 0.39296875 0.89296875 0.0140625 0.0359375
1 0.3859375 0.92890625 0.028125 0.0390625
1 0.44609375 0.66015625 0.0921875 0.0765625
1 0.5171875 0.7140625 0.0140625 0.009375
1 0.45 0.84375 0.0234375 0.0265625
1 0.521875 0.553125 0.0296875 0.0390625
1 0.4734375 0.49375 0.0234375 0.015625
1 0.6015625 0.5234375 0.0234375 0.0203125
1 0.5890625 0.48125 0.0390625 0.0296875
1 0.64375 0.5 0.015625 0.0171875
0 0.7203125 0.5296875 0.1484375 0.128125
1 0.7078125 0.5765625 0.0421875 0.034375
0 0.81875 0.9578125 0.0375 0.06875
1 0.896875 0.9328125 0.0484375 0.0453125
1 0.8859375 0.9765625 0.0390625 0.0296875
1 0.8703125 0.9265625 0.0203125 0.021875
1 0.93125 0.8640625 0.015625 0.03125
1 0.99296875 0.78359375 0.0140625 0.0140625
1 0.98984375 0.8125 0.0203125 0.025
1 0.9234375 0.6703125 0.0359375 0.0375
1 0.9046875 0.5453125 0.0328125 0.0265625
1 0.9375 0.5078125 0.0390625 0.05
1 0.9234375 0.6125 0.01875 0.040625
1 0.8125 0.540625 0.01875 0.0171875
1 0.9078125 0.4828125 0.01875 0.015625
1 0.740625 0.478125 0.028125 0.0234375
1 0.978125 0.6640625 0.0234375 0.015625
1 0.978125 0.621875 0.0171875 0.0140625
1 0.9015625 0.75 0.0265625 0.015625
1 0.8640625 0.7515625 0.028125 0.01875
1 0.8203125 0.7765625 0.0234375 0.0078125
1 0.7890625 0.7875 0.0140625 0.0078125
1 0.6375 0.4703125 0.015625 0.009375
0 0.640625 0.9296875 0.3375 0.1265625
0 0.7328125 0.7265625 0.5109375 0.3171875
0 0.7 0.8234375 0.315625 0.1625