1 0.0375 0.1875 0.075 0.059375
1 0.1484375 0.1 0.053125 0.0625
1 0.1875 0.1421875 0.0234375 0.040625
1 0.2578125 0.1890625 0.0734375 0.0703125
1 0.29375 0.221875 0.06875 0.0390625
1 0.2640625 0.13125 0.0515625 0.059375
1 0.58984375 0.21640625 0.0796875 0.0765625
1 0.553125 0.328125 0.028125 0.0359375
1 0.60234375 0.36640625 0.0546875 0.0453125
1 0.60390625 0.028125 0.0515625 0.05625
0 0.303125 0.3203125 0.26875 0.1390625
0 0.32265625 0.06953125 0.3015625 0.1390625
0 0.3703125 0.03828125 0.18125 0.0765625
1 0.8921875 0.0203125 0.0234375 0.0203125
1 0.9640625 0.1296875 0.0140625 0.021875
1 0.803125 0.146875 0.0171875 0.01875
1 0.921875 0.1609375 0.0375 0.025
1 0.646875 0.21015625 0.034375 0.0296875
1 0.946875 0.2265625 0.0328125 0.025
1 0.6578125 0.2515625 0.0265625 0.034375
1 0.7 0.2625 0.0296875 0.03125
1 0.9234375 0.2640625 0.040625 0.0609375
1 0.746875 0.28125 0.0484375 0.03125
1 0.9734375 0.284375 0.0078125 0.0234375
1 0.91875 0.2953125 0.015625 0.0125
1 0.99296875 0.33125 0.0140625 0.00625
1 0.678125 0.321875 0.0546875 0.0578125
1 0.65 0.353125 0.0171875 0.0171875
1 0.9453125 0.353125 0.0078125 0.01875
1 0.88125 0.3359375 0.025 0.0546875
1 0.703125 0.39375 0.065625 0.0390625
1 0.6578125 0.40703125 0.05625 0.0578125
1 0.9703125 0.45 0.021875 0.0140625
1 0.815625 0.4453125 0.03125 0.028125
1 0.86640625 0.4453125 0.0328125 0.028125
1 0.9625 0.18125 0.0546875 0.04375
1 0.965625 0.0859375 0.0390625 0.0578125
1 0.9875 0.13828125 0.025 0.0734375
1 0.9859375 0.16171875 0.028125 0.0328125
1 0.98046875 0.034375 0.0390625 0.05625
1 0.915625 0.0546875 0.0453125 0.0515625
1 0.9546875 0.034375 0.03125 0.0296875
1 0.95 0.0609375 0.0171875 0.01875
1 0.7671875 0.3375 0.06875 0.075
1 0.78125 0.3734375 0.03125 0.028125
1 0.721875 0.0171875 0.053125 0.034375
1 0.7109375 0.0421875 0.01875 0.009375
1 0.6359375 0.265625 0.0125 0.034375
0 0.8109375 0.05 0.08125 0.1
1 0.7703125 0.028125 0.028125 0.05
0 0.8078125 0.1140625 0.1703125 0.084375
1 0.896875 0.1265625 0.0390625 0.0328125
1 0.85 0.0828125 0.01875 0.0203125
1 0.65625 0.01328125 0.025 0.0265625
1 0.675 0.0328125 0.015625 0.0234375
1 0.690625 0.0703125 0.0546875 0.05625
1 0.6453125 0.03828125 0.03125 0.0390625
1 0.7328125 0.0765625 0.0390625 0.0640625
1 0.7515625 0.1390625 0.0359375 0.0328125
1 0.734375 0.115625 0.025 0.0234375
1 0.7859375 0.178125 0.0515625 0.0390625
1 0.871875 0.1703125 0.0265625 0.0171875
1 0.8421875 0.175 0.0234375 0.0265625
1 0.903125 0.1875 0.025 0.03125
1 0.878125 0.271875 0.05625 0.075
0 0.821875 0.2125 0.1640625 0.071875
1 0.759375 0.1875 0.0203125 0.04375
0 0.8265625 0.275 0.053125 0.08125
1 0.8421875 0.3109375 0.0171875 0.0234375
1 0.81875 0.328125 0.0296875 0.0140625
1 0.690625 0.171875 0.0921875 0.125
1 0.6734375 0.103125 0.0625 0.05625
1 0.6625 0.0828125 0.009375 0.015625
1 0.6484375 0.1546875 0.0375 0.109375
0 0.31484375 0.9359375 0.1390625 0.128125
0 0.3515625 0.771875 0.34375 0.296875
0 0.4078125 0.5625 0.3171875 0.134375
1 0.22265625 0.99921875 0.0234375 0.0015625
0 0.97265625 0.76953125 0.0546875 0.1390625
1 0.9234375 0.8390625 0.0390625 0.0359375
0 0.9890625 0.66640625 0.021875 0.0890625
1 0.821875 0.6515625 0.025 0.0203125
1 0.64296875 0.653125 0.0265625 0.03125