1 0.0234375 0.06875 0.0328125 0.03125
1 0.00625 0.28984375 0.0125 0.0515625
1 0.01015625 0.2640625 0.0203125 0.03125
1 0.034375 0.35625 0.03125 0.0140625
1 0.090625 0.390625 0.0359375 0.0328125
1 0.0484375 0.4125 0.0171875 0.0203125
1 0.0234375 0.4046875 0.021875 0.0140625
1 0.1421875 0.3875 0.0125 0.01875
1 0.1453125 0.1609375 0.028125 0.025
1 0.128125 0.071875 0.0546875 0.03125
1 0.2 0.0734375 0.0203125 0.028125
1 0.1625 0.0609375 0.040625 0.025
1 0.090625 0.103125 0.0296875 0.028125
1 0.175 0.190625 0.0375 0.04375
1 0.2234375 0.1578125 0.0390625 0.03125
1 0.2265625 0.1765625 0.01875 0.0140625
1 0.234375 0.23984375 0.03125 0.0453125
1 0.19375 0.2609375 0.021875 0.0125
1 0.2265625 0.271875 0.0296875 0.053125
1 0.2328125 0.3109375 0.034375 0.03125
1 0.246875 0.3015625 0.00625 0.0109375
1 0.2265625 0.3734375 0.021875 0.034375
1 0.2015625 0.4078125 0.0234375 0.015625
1 0.23984375 0.425 0.0203125 0.028125
1 0.2203125 0.1265625 0.01875 0.025
1 0.24375 0.1125 0.0125 0.00625
1 0.209375 0.3734375 0.021875 0.0140625
1 0.225 0.4125 0.028125 0.009375
1 0.0421875 0.29375 0.04375 0.0328125
1 0.05625 0.2765625 0.015625 0.0234375
1 0.8140625 0.434375 0.015625 0.00625
1 0.4515625 0.428125 0.009375 0.0171875
1 0.834375 0.3953125 0.0140625 0.0078125
1 0.98125 0.2546875 0.0125 0.0125
1 0.7046875 0.0796875 0.0140625 0.01875
0 0.54296875 0.0296875 0.0765625 0.059375
0 0.5328125 0.1546875 0.175 0.1078125
0 0.5515625 0.259375 0.16875 0.0921875
0 0.5109375 0.3234375 0.175 0.078125
0 0.54609375 0.415625 0.1640625 0.046875
1 0.690625 0.3234375 0.0765625 0.090625
1 0.7046875 0.3734375 0.01875 0.00625
1 0.865625 0.1703125 0.0078125 0.009375
1 0.828125 0.1625 0.015625 0.015625
1 0.815625 0.1921875 0.0484375 0.046875
0 0.98203125 0.12578125 0.0359375 0.0828125
0 0.9765625 0.3046875 0.046875 0.078125
1 0.153125 0.5296875 0.0234375 0.040625
1 0.1828125 0.53125 0.028125 0.015625
1 0.2015625 0.44609375 0.028125 0.0140625
1 0.23125 0.7484375 0.0375 0.034375
1 0.5765625 0.9640625 0.0484375 0.0140625
1 0.5171875 0.9140625 0.0796875 0.0625
1 0.2703125 0.7765625 0.0234375 0.0125
1 0.3390625 0.76875 0.059375 0.0359375
1 0.8921875 0.68125 0.015625 0.015625
1 0.3625 0.6265625 0.0125 0.0125
1 0.2671875 0.5359375 0.034375 0.03125
1 0.2609375 0.4796875 0.01875 0.021875
1 0.540625 0.46875 0.0859375 0.046875
1 0.2953125 0.8859375 0.021875 0.009375
1 0.59375 0.4578125 0.0625 0.025
1 0.4640625 0.7515625 0.015625 0.0171875
1 0.9703125 0.6078125 0.0234375 0.028125
1 0.890625 0.7265625 0.053125 0.03125
0 0.7375 0.859375 0.3 0.11875
0 0.7796875 0.678125 0.159375 0.1609375
0 0.7328125 0.5375 0.2046875 0.184375