1 0.44375 0.040625 0.0171875 0.0234375
1 0.00859375 0.22734375 0.0171875 0.0234375
1 0.0078125 0.1796875 0.0109375 0.0234375
1 0.0625 0.3625 0.0125 0.0171875
1 0.05 0.334375 0.009375 0.00625
1 0.1953125 0.3921875 0.015625 0.0171875
1 0.275 0.3484375 0.021875 0.025
1 0.265625 0.36875 0.015625 0.021875
1 0.3 0.2109375 0.0171875 0.0171875
1 0.4265625 0.0890625 0.04375 0.0546875
1 0.4515625 0.1046875 0.0109375 0.025
0 0.48125 0.2 0.390625 0.353125
1 0.4546875 0.2015625 0.0265625 0.034375
1 0.446875 0.225 0.025 0.034375
1 0.503125 0.265625 0.0390625 0.046875
0 0.55234375 0.29765625 0.3328125 0.1734375
1 0.6359375 0.3484375 0.040625 0.015625
1 0.428125 0.3328125 0.0546875 0.08125
1 0.4015625 0.396875 0.0625 0.053125
1 0.446875 0.4046875 0.0453125 0.028125
1 0.5734375 0.384375 0.028125 0.0390625
0 0.54375 0.4203125 0.0796875 0.0203125
1 0.546875 0.1125 0.065625 0.0421875
1 0.6890625 0.18125 0.01875 0.0203125
1 0.6796875 0.1921875 0.0234375 0.025
1 0.265625 0.390625 0.0375 0.028125
1 0.5703125 0.03125 0.0328125 0.0296875
0 0.57734375 0.04453125 0.2828125 0.0890625
1 0.290625 0.0109375 0.0171875 0.01875
1 0.71328125 0.34765625 0.0109375 0.0171875
0 0.76953125 0.03125 0.1015625 0.0625
0 0.78515625 0.12109375 0.1328125 0.1953125
1 0.7515625 0.1953125 0.0203125 0.021875
0 0.896875 0.4453125 0.0140625 0.03125
1 0.0921875 0.8578125 0.046875 0.0421875
1 0.2265625 0.8375 0.0078125 0.0140625
1 0.096875 0.8203125 0.015625 0.0234375
1 0.090625 0.7921875 0.0484375 0.0265625
1 0.034375 0.7953125 0.021875 0.0359375
1 0.671875 0.7078125 0.00625 0.009375
1 0.0328125 0.675 0.009375 0.0078125
1 0.1609375 0.6640625 0.0109375 0.0078125
1 0.0609375 0.625 0.015625 0.00625
1 0.1921875 0.5453125 0.0234375 0.0484375
1 0.1078125 0.5171875 0.0125 0.0078125
1 0.525 0.5171875 0.0078125 0.0109375
1 0.08125 0.5078125 0.0078125 0.0109375
0 0.42578125 0.59453125 0.3078125 0.2109375
0 0.45625 0.7015625 0.390625 0.215625
1 0.0203125 0.58359375 0.040625 0.0203125
1 0.3703125 0.7140625 0.0453125 0.0515625
1 0.32890625 0.50546875 0.0484375 0.0328125
0 0.8734375 0.50546875 0.0875 0.0328125
0 0.8359375 0.5609375 0.14375 0.1
1 0.78125 0.603125 0.01875 0.0234375
1 0.878125 0.7140625 0.1734375 0.103125
0 0.85 0.7953125 0.0921875 0.0953125
0 0.9015625 0.8453125 0.09375 0.1421875
1 0.72890625 0.71328125 0.0203125 0.0234375