1 0.0375 0.140625 0.0265625 0.04375
1 0.040625 0.1953125 0.0546875 0.0546875
1 0.0328125 0.3109375 0.021875 0.01875
1 0.0640625 0.3640625 0.0171875 0.01875
1 0.00546875 0.28125 0.0109375 0.021875
1 0.06875 0.4515625 0.025 0.0203125
1 0.1546875 0.1203125 0.01875 0.01875
1 0.23125 0.140625 0.0203125 0.021875
1 0.2515625 0.10625 0.025 0.021875
1 0.2421875 0.075 0.0109375 0.003125
1 0.1390625 0.2140625 0.0125 0.0375
1 0.1953125 0.21875 0.0359375 0.01875
1 0.2390625 0.228125 0.0375 0.0234375
1 0.278125 0.24375 0.0125 0.03125
1 0.18125 0.2875 0.0359375 0.0328125
1 0.21875 0.3546875 0.0328125 0.0359375
1 0.2484375 0.3734375 0.0234375 0.021875
1 0.1390625 0.3984375 0.0296875 0.025
1 0.175 0.396875 0.0390625 0.025
1 0.2703125 0.4203125 0.021875 0.028125
1 0.140625 0.4671875 0.0375 0.03125
1 0.18125 0.5078125 0.015625 0.01875
1 0.15 0.54921875 0.0375 0.0203125
1 0.2671875 0.18125 0.0171875 0.0296875
0 0.3046875 0.134375 0.2203125 0.125
1 0.2984375 0.0984375 0.053125 0.053125
1 0.3921875 0.1734375 0.046875 0.0375
1 0.40625 0.1234375 0.0375 0.0390625
1 0.3859375 0.1453125 0.0109375 0.021875
1 0.3859375 0.265625 0.034375 0.04375
1 0.415625 0.2625 0.046875 0.03125
1 0.3375 0.303125 0.021875 0.04375
1 0.3671875 0.31875 0.025 0.0234375
1 0.3375 0.3140625 0.04375 0.0296875
1 0.3421875 0.378125 0.009375 0.0140625
1 0.4421875 0.0921875 0.053125 0.0390625
1 0.446875 0.1359375 0.0375 0.040625
1 0.4203125 0.1359375 0.01875 0.021875
1 0.47578125 0.1015625 0.0078125 0.015625
1 0.453125 0.2125 0.053125 0.06875
1 0.3875 0.3671875 0.0203125 0.0171875
1 0.428125 0.5015625 0.0546875 0.04375
1 0.4 0.5265625 0.034375 0.0125
0 0.34140625 0.33984375 0.2765625 0.3171875
0 0.2765625 0.47578125 0.40625 0.1671875
1 0.2640625 0.446875 0.0140625 0.03125
1 0.44375 0.3296875 0.03125 0.0203125
1 0.46484375 0.3 0.0296875 0.05625
1 0.4671875 0.36875 0.025 0.103125
1 0.51875 0.11875 0.0140625 0.015625
1 0.6625 0.209375 0.0703125 0.0671875
1 0.60625 0.3890625 0.05625 0.05625
1 0.840625 0.3375 0.01875 0.021875
0 0.93046875 0.46640625 0.1390625 0.1328125
0 0.9234375 0.1140625 0.153125 0.2125
0 0.9578125 0.0484375 0.0390625 0.084375
0 0.39609375 0.696875 0.1671875 0.11875
1 0.2515625 0.715625 0.0421875 0.028125
1 0.2265625 0.746875 0.0234375 0.025
1 0.2109375 0.6765625 0.0375 0.0359375
1 0.2109375 0.7203125 0.0234375 0.028125
1 0.1875 0.75 0.0390625 0.01875
1 0.2046875 0.8421875 0.046875 0.0421875
1 0.2078125 0.9046875 0.078125 0.0546875
1 0.2 0.946875 0.0375 0.0421875
1 0.1984375 0.9828125 0.0421875 0.0296875
1 0.2734375 0.840625 0.0328125 0.0359375
1 0.3359375 0.9 0.0328125 0.034375
1 0.06875 0.9625 0.046875 0.0390625
1 0.0609375 0.925 0.03125 0.0359375
1 0.0203125 0.9390625 0.03125 0.01875
1 0.0625 0.8640625 0.0296875 0.0359375
1 0.0296875 0.8421875 0.05 0.046875
1 0.01875 0.72109375 0.0375 0.0421875
1 0.0046875 0.73515625 0.009375 0.0390625
1 0.0328125 0.6546875 0.025 0.03125
1 0.00390625 0.64921875 0.0078125 0.0234375
1 0.3609375 0.7765625 0.0296875 0.03125
1 0.4125 0.7734375 0.034375 0.0296875
1 0.3921875 0.7921875 0.0265625 0.0234375
1 0.46875 0.809375 0.01875 0.0234375
0 0.39296875 0.89609375 0.1734375 0.1953125
1 0.4953125 0.5625 0.03125 0.00625
1 0.4921875 0.67265625 0.025 0.0296875
1 0.528125 0.6046875 0.0234375 0.03125
1 0.559375 0.6296875 0.03125 0.034375
1 0.5703125 0.58125 0.0265625 0.03125
1 0.6203125 0.6125 0.021875 0.015625
1 0.4984375 0.7625 0.0375 0.021875
1 0.48984375 0.7484375 0.0203125 0.025
1 0.625 0.7703125 0.0421875 0.0359375
1 0.55 0.725 0.028125 0.021875
1 0.684375 0.7546875 0.0546875 0.0390625
1 0.6703125 0.70625 0.0375 0.0375
1 0.684375 0.6296875 0.0328125 0.03125
1 0.6734375 0.5984375 0.034375 0.0328125
1 0.6875 0.828125 0.0421875 0.0078125
1 0.7546875 0.6078125 0.0234375 0.0265625
0 0.8734375 0.6484375 0.253125 0.178125
0 0.9015625 0.7609375 0.196875 0.146875