1 0.1546875 0.1140625 0.00625 0.0078125
0 0.090625 0.228125 0.0515625 0.034375
1 0.409375 0.121875 0.0078125 0.0078125
0 0.4171875 0.3234375 0.025 0.215625
1 0.3859375 0.31875 0.053125 0.0375
1 0.3890625 0.359375 0.0203125 0.0296875
0 0.3015625 0.3640625 0.1125 0.14375
1 0.30625 0.3984375 0.0078125 0.0109375
1 0.5484375 0.3125 0.01875 0.0234375
1 0.6234375 0.1890625 0.03125 0.046875
1 0.7734375 0.153125 0.00625 0.0109375
1 0.571875 0.3765625 0.0359375 0.025
1 0.5328125 0.3828125 0.0828125 0.08125
0 0.57265625 0.43359375 0.1796875 0.1515625
0 0.71171875 0.353125 0.3078125 0.3125
1 0.76875 0.290625 0.0296875 0.0265625
1 0.759375 0.3265625 0.0234375 0.0171875
0 0.88515625 0.43828125 0.2296875 0.1421875
1 0.9875 0.3109375 0.025 0.028125
1 0.053125 0.59375 0.0375 0.0234375
1 0.05 0.63125 0.025 0.025
0 0.40546875 0.63359375 0.0484375 0.1421875
0 0.3390625 0.6453125 0.1328125 0.1078125
0 0.225 0.6546875 0.1109375 0.1515625
0 0.1453125 0.64375 0.11875 0.2140625
1 0.1765625 0.78125 0.0203125 0.0171875
1 0.2234375 0.784375 0.028125 0.01875
1 0.3875 0.8765625 0.0234375 0.01875
1 0.3765625 0.8453125 0.0171875 0.0171875
1 0.36875 0.95 0.0171875 0.0203125
1 0.35625 0.95625 0.015625 0.0390625
1 0.3421875 0.925 0.021875 0.021875
1 0.3296875 0.94375 0.0328125 0.0234375
1 0.325 0.940625 0.009375 0.034375
1 0.346875 0.95 0.021875 0.025
1 0.253125 0.946875 0.0234375 0.0234375
1 0.2078125 0.9171875 0.0234375 0.03125
1 0.19375 0.9453125 0.028125 0.028125
1 0.1859375 0.9796875 0.03125 0.01875
1 0.184375 0.975 0.0296875 0.03125
1 0.0921875 0.99296875 0.025 0.0140625
1 0.1140625 0.95 0.0328125 0.0328125
1 0.13671875 0.97734375 0.0296875 0.0453125
1 0.13359375 0.99609375 0.0359375 0.0078125
1 0.021875 0.95 0.01875 0.025
1 0.06875 0.959375 0.0203125 0.0234375
1 0.084375 0.971875 0.0234375 0.021875
1 0.0734375 0.984375 0.0203125 0.01875
1 0.35 0.8953125 0.015625 0.009375
1 0.2734375 0.925 0.015625 0.0203125
1 0.10859375 0.9921875 0.0140625 0.015625
1 0.6015625 0.5796875 0.0203125 0.021875
1 0.7390625 0.7484375 0.059375 0.053125
0 0.5765625 0.87265625 0.29375 0.2328125
0 0.70859375 0.88828125 0.1171875 0.2234375
1 0.7203125 0.834375 0.0640625 0.053125