0 0.2 0.06875 0.16875 0.1375
1 0.290625 0.05625 0.059375 0.0796875
1 0.3546875 0.0984375 0.1 0.075
1 0.34453125 0.01015625 0.0203125 0.0203125
1 0.3953125 0.0375 0.0390625 0.0328125
1 0.43125 0.1078125 0.0828125 0.0671875
1 0.4796875 0.053125 0.09375 0.0546875
1 0.584375 0.021875 0.065625 0.04375
1 0.6203125 0.00390625 0.0375 0.0078125
1 0.603125 0.090625 0.065625 0.075
1 0.61875 0.1234375 0.0484375 0.034375
1 0.66171875 0.0140625 0.0359375 0.028125
1 0.69296875 0.27265625 0.0265625 0.0203125
1 0.68359375 0.315625 0.0078125 0.0125
1 0.68828125 0.33515625 0.0171875 0.0078125
1 0.74375 0.234375 0.025 0.0203125
1 0.775 0.240625 0.0234375 0.0125
1 0.8 0.2890625 0.021875 0.0109375
1 0.9328125 0.2359375 0.015625 0.0140625
1 0.9359375 0.2546875 0.015625 0.0203125
1 0.9859375 0.2328125 0.0140625 0.01875
1 0.940625 0.2765625 0.0390625 0.03125
1 0.909375 0.2875 0.025 0.015625
1 0.8484375 0.278125 0.0109375 0.0109375
1 0.99296875 0.29375 0.0140625 0.015625
1 0.93359375 0.3296875 0.0140625 0.01875
1 0.96875 0.321875 0.0265625 0.0171875
0 0.021875 0.93984375 0.04375 0.1203125
0 0.0140625 0.71640625 0.028125 0.0734375
1 0.0390625 0.771875 0.0515625 0.0671875
0 0.0203125 0.64921875 0.040625 0.0953125
1 0.01796875 0.6109375 0.0359375 0.078125
1 0.071875 0.8171875 0.0359375 0.0140625
1 0.08125 0.909375 0.0828125 0.0546875
1 0.115625 0.615625 0.0390625 0.0265625
1 0.121875 0.6765625 0.015625 0.028125
1 0.21875 0.6546875 0.0359375 0.028125
1 0.3640625 0.6140625 0.0265625 0.03125
1 0.328125 0.7625 0.0203125 0.0265625
1 0.4 0.8015625 0.040625 0.0453125
1 0.4390625 0.846875 0.03125 0.0203125
1 0.4265625 0.878125 0.0359375 0.0484375
1 0.4546875 0.915625 0.0234375 0.03125
1 0.4359375 0.9078125 0.021875 0.021875
0 0.5109375 0.8703125 0.1125 0.084375
1 0.571875 0.865625 0.0171875 0.03125
0 0.5125 0.7796875 0.0578125 0.128125
0 0.503125 0.7046875 0.1578125 0.084375
0 0.5203125 0.6234375 0.0984375 0.103125
1 0.2390625 0.578125 0.0234375 0.0125
1 0.2515625 0.5984375 0.03125 0.028125
1 0.203125 0.640625 0.015625 0.0171875
1 0.278125 0.7921875 0.0140625 0.0140625
0 0.48671875 0.9671875 0.1015625 0.065625
1 0.51875 0.99140625 0.053125 0.0171875
1 0.578125 0.9671875 0.0921875 0.0578125
1 0.6578125 0.88046875 0.04375 0.0734375
0 0.68984375 0.93046875 0.0203125 0.0578125
0 0.7 0.875 0.040625 0.075
0 0.696875 0.78671875 0.034375 0.1578125
0 0.690625 0.61015625 0.021875 0.0921875
1 0.7265625 0.64375 0.071875 0.0453125
1 0.75625 0.7515625 0.03125 0.0578125
1 0.7359375 0.7328125 0.0453125 0.0546875
1 0.75625 0.8796875 0.06875 0.0828125
1 0.80625 0.8171875 0.0375 0.0625
1 0.8453125 0.7296875 0.1171875 0.115625
1 0.9078125 0.8703125 0.0546875 0.0390625
1 0.9515625 0.871875 0.0734375 0.0484375
1 0.8921875 0.653125 0.0234375 0.028125
1 0.99375 0.64765625 0.0125 0.0390625