1 0.00625 0.0625 0.0125 0.021875
1 0.0375 0.071875 0.0234375 0.034375
1 0.0203125 0.11875 0.028125 0.03125
1 0.015625 0.0890625 0.0109375 0.0109375
1 0.084375 0.0765625 0.0234375 0.025
1 0.084375 0.1 0.0203125 0.0203125
1 0.1015625 0.0890625 0.0171875 0.0203125
1 0.10625 0.115625 0.0265625 0.0265625
1 0.1203125 0.1171875 0.0140625 0.0125
1 0.1234375 0.1078125 0.0140625 0.0171875
1 0.128125 0.06875 0.0296875 0.0328125
1 0.1546875 0.0828125 0.0171875 0.034375
1 0.1515625 0.096875 0.0359375 0.0125
1 0.1921875 0.0890625 0.015625 0.025
1 0.1921875 0.1046875 0.015625 0.0125
1 0.1578125 0.125 0.046875 0.03125
1 0.1890625 0.425 0.0203125 0.021875
1 0.19375 0.440625 0.0125 0.0171875
1 0.16875 0.45 0.025 0.01875
1 0.1859375 0.4859375 0.0125 0.0171875
1 0.171875 0.4875 0.025 0.0234375
1 0.10625 0.390625 0.0234375 0.0203125
1 0.1109375 0.4 0.01875 0.015625
1 0.1265625 0.453125 0.009375 0.0140625
1 0.134375 0.4640625 0.0109375 0.015625
1 0.13671875 0.496875 0.0171875 0.00625
1 0.10625 0.465625 0.01875 0.021875
1 0.09375 0.440625 0.021875 0.021875
1 0.0796875 0.4640625 0.01875 0.01875
1 0.0921875 0.490625 0.0125 0.009375
1 0.040625 0.4796875 0.0125 0.015625
1 0.025 0.490625 0.0109375 0.0140625
1 0.08125 0.375 0.0171875 0.01875
1 0.015625 0.36875 0.021875 0.0265625
1 0.00625 0.35703125 0.0125 0.0296875
1 0.0046875 0.4515625 0.009375 0.025
1 0.00390625 0.2140625 0.0078125 0.009375
1 0.0125 0.20625 0.0125 0.0109375
1 0.0125 0.23046875 0.025 0.0359375
0 0.175 0.2796875 0.0484375 0.115625
0 0.0359375 0.259375 0.06875 0.11875
0 0.1203125 0.275 0.15 0.1375
1 0.5703125 0.4828125 0.0546875 0.0234375
1 0.8515625 0.49296875 0.0125 0.0140625
1 0.959375 0.384375 0.0078125 0.0109375
1 0.94375 0.390625 0.0078125 0.0109375
1 0.93125 0.31875 0.0125 0.021875
0 0.89375 0.2671875 0.2125 0.128125
1 0.8640625 0.278125 0.00625 0.0046875
1 0.8171875 0.2703125 0.0078125 0.0078125
1 0.7265625 0.2359375 0.0140625 0.0125
1 0.5828125 0.2859375 0.0203125 0.0078125
1 0.571875 0.26875 0.0109375 0.0078125
0 0.7390625 0.2421875 0.2078125 0.190625
0 0.621875 0.2578125 0.15625 0.0890625
1 0.553125 0.0921875 0.0328125 0.0359375
1 0.55 0.1171875 0.0390625 0.0453125
1 0.55 0.1296875 0.009375 0.0109375
1 0.575 0.396875 0.0234375 0.0234375
1 0.871875 0.3890625 0.0078125 0.0109375
1 0.9703125 0.1453125 0.0078125 0.0109375
1 0.2546875 0.55 0.0234375 0.03125
1 0.24375 0.5859375 0.025 0.021875
1 0.2046875 0.534375 0.0234375 0.0203125
1 0.2 0.55 0.0421875 0.0328125
1 0.1765625 0.50625 0.034375 0.0125
1 0.2703125 0.509375 0.025 0.01875
0 0.11484375 0.67265625 0.1734375 0.3453125
1 0.0765625 0.7484375 0.09375 0.059375
1 0.0453125 0.6390625 0.028125 0.0359375
1 0.278125 0.7265625 0.0390625 0.0453125
1 0.3140625 0.7421875 0.021875 0.03125
0 0.1953125 0.69296875 0.26875 0.2078125
1 0.2890625 0.5875 0.0140625 0.0109375
1 0.134375 0.7046875 0.0203125 0.0171875
1 0.2546875 0.83125 0.028125 0.01875
1 0.2421875 0.9625 0.0359375 0.0234375
1 0.2875 0.9125 0.03125 0.0421875
1 0.325 0.98515625 0.009375 0.0296875
1 0.32265625 0.93515625 0.0140625 0.0390625
1 0.32265625 0.95546875 0.0140625 0.0171875
1 0.3109375 0.95625 0.025 0.0296875
1 0.31875 0.9609375 0.0109375 0.0125
1 0.1625 0.8625 0.03125 0.0109375
1 0.153125 0.890625 0.0140625 0.01875
1 0.090625 0.940625 0.0328125 0.0390625
1 0.0734375 0.96875 0.0359375 0.0421875
1 0.1328125 0.95 0.0265625 0.00625
1 0.1328125 0.98125 0.03125 0.0359375
1 0.109375 0.9796875 0.0359375 0.03125
1 0.5578125 0.540625 0.0125 0.025
1 0.6359375 0.5203125 0.0046875 0.0078125
1 0.5984375 0.5671875 0.009375 0.009375
1 0.4921875 0.534375 0.0671875 0.0640625
1 0.4890625 0.571875 0.015625 0.0515625
1 0.7234375 0.5375 0.0203125 0.015625
1 0.7109375 0.5625 0.00625 0.009375
1 0.6609375 0.646875 0.0140625 0.015625
1 0.6234375 0.671875 0.0078125 0.0078125
1 0.4953125 0.6625 0.0109375 0.015625
1 0.35 0.5578125 0.0171875 0.025
1 0.428125 0.7734375 0.025 0.03125
1 0.475 0.753125 0.025 0.034375
1 0.3796875 0.728125 0.06875 0.0609375
1 0.76875 0.7546875 0.009375 0.0046875
1 0.790625 0.6484375 0.01875 0.0203125
1 0.7546875 0.90625 0.0234375 0.025
1 0.79375 0.9546875 0.009375 0.00625
1 0.6984375 0.9265625 0.0296875 0.034375
1 0.6734375 0.95 0.0625 0.053125
1 0.4765625 0.9203125 0.009375 0.0046875
0 0.7578125 0.66875 0.084375 0.2703125
0 0.6921875 0.7296875 0.190625 0.3734375
0 0.515625 0.6921875 0.31875 0.2765625
0 0.38671875 0.74296875 0.1140625 0.4734375