1 0.4578125 0.115625 0.0265625 0.03125
1 0.47265625 0.12265625 0.0140625 0.0171875
1 0.45625 0.2 0.040625 0.03125
1 0.4609375 0.1765625 0.0140625 0.0171875
1 0.396875 0.2171875 0.0296875 0.0125
1 0.359375 0.2171875 0.0375 0.0109375
1 0.3234375 0.178125 0.025 0.0328125
1 0.3234375 0.16875 0.0203125 0.0140625
1 0.240625 0.1046875 0.0234375 0.025
1 0.2015625 0.109375 0.0125 0.0265625
1 0.215625 0.0828125 0.03125 0.015625
0 0.1953125 0.1296875 0.1796875 0.1859375
1 0.1125 0.178125 0.021875 0.034375
0 0.2921875 0.09921875 0.340625 0.1984375
1 0.2078125 0.03125 0.021875 0.0203125
1 0.14375 0.0265625 0.0484375 0.05
1 0.16640625 0.0046875 0.0140625 0.009375
1 0.1421875 0.003125 0.01875 0.00625
1 0.053125 0.01875 0.025 0.015625
1 0.05 0.0046875 0.0125 0.009375
1 0.0421875 0.2125 0.0375 0.021875
1 0.3953125 0.103125 0.0078125 0.0125
1 0.9578125 0.0671875 0.0140625 0.0078125
1 0.49375 0.3125 0.025 0.0359375
1 0.534375 0.140625 0.0109375 0.0234375
1 0.55 0.1484375 0.028125 0.0171875
1 0.5734375 0.140625 0.025 0.021875
1 0.615625 0.159375 0.0171875 0.0125
1 0.55 0.125 0.028125 0.03125
1 0.575 0.121875 0.015625 0.0109375
1 0.603125 0.2171875 0.040625 0.0484375
1 0.7265625 0.140625 0.015625 0.015625
1 0.8875 0.1015625 0.0359375 0.04375
1 0.8984375 0.0859375 0.034375 0.0203125
1 0.90625 0.071875 0.025 0.0171875
1 0.890625 0.078125 0.0203125 0.0359375
0 0.7734375 0.05546875 0.396875 0.1109375
1 0.8734375 0.08125 0.0140625 0.01875
1 0.9125 0.30625 0.0390625 0.0515625
0 0.834375 0.29453125 0.33125 0.1484375
0 0.840625 0.13125 0.209375 0.2265625
0 0.3078125 0.4828125 0.0375 0.0328125
1 0.1953125 0.5578125 0.028125 0.0234375
1 0.0734375 0.575 0.01875 0.021875
0 0.3046875 0.7484375 0.134375 0.0953125
1 0.14375 0.8015625 0.0234375 0.0234375
1 0.0359375 0.8296875 0.03125 0.0234375
1 0.4703125 0.890625 0.01875 0.021875
1 0.296875 0.5171875 0.025 0.028125
1 0.359375 0.4890625 0.0140625 0.0234375
0 0.384375 0.5640625 0.0234375 0.0203125
1 0.3171875 0.5421875 0.01875 0.015625
1 0.2546875 0.571875 0.0578125 0.0265625
1 0.153125 0.5046875 0.021875 0.0171875
1 0.2640625 0.5953125 0.1375 0.0640625
1 0.271875 0.965625 0.0609375 0.0515625
1 0.253125 0.9859375 0.0171875 0.015625
0 0.3171875 0.90625 0.146875 0.1109375
1 0.303125 0.8875 0.0140625 0.015625
1 0.2859375 0.8546875 0.0265625 0.0234375
1 0.19375 0.659375 0.0265625 0.021875
1 0.259375 0.6546875 0.021875 0.0109375
1 0.1421875 0.7265625 0.0234375 0.0234375
1 0.1796875 0.8734375 0.015625 0.021875
1 0.146875 0.865625 0.015625 0.0171875
1 0.2390625 0.5546875 0.015625 0.0125
1 0.165625 0.60625 0.06875 0.0546875
1 0.1796875 0.628125 0.025 0.0296875
1 0.1875 0.684375 0.0203125 0.0109375
1 0.0578125 0.515625 0.0203125 0.0234375
1 0.00546875 0.56328125 0.0109375 0.0234375
1 0.0140625 0.6125 0.021875 0.0109375
1 0.0140625 0.6609375 0.0234375 0.028125
1 0.00546875 0.65234375 0.0109375 0.0234375
1 0.01875 0.734375 0.021875 0.015625
1 0.0390625 0.7921875 0.009375 0.0203125
1 0.0296875 0.775 0.015625 0.0125
1 0.0265625 0.934375 0.0140625 0.0171875
1 0.0140625 0.9125 0.00625 0.009375
1 0.53125 0.44375 0.015625 0.021875
1 0.7953125 0.459375 0.0203125 0.0125
1 0.671875 0.490625 0.0125 0.0078125
1 0.9046875 0.4953125 0.0203125 0.025
1 0.646875 0.5875 0.040625 0.034375
1 0.8421875 0.5875 0.0609375 0.053125
1 0.865625 0.7078125 0.034375 0.0125
1 0.66875 0.7125 0.009375 0.0140625
1 0.5609375 0.74375 0.025 0.021875
1 0.8203125 0.784375 0.0109375 0.0078125
1 0.959375 0.828125 0.0625 0.04375
0 0.7375 0.75 0.309375 0.125
0 0.728125 0.565625 0.2203125 0.28125
1 0.6953125 0.4875 0.0234375 0.009375
0 0.70703125 0.44765625 0.2515625 0.1578125
1 0.725 0.43125 0.009375 0.0203125