1 0.2640625 0.01875 0.0453125 0.034375
1 0.034375 0.5109375 0.0578125 0.0546875
1 0.00625 0.54375 0.0125 0.046875
1 0.128125 0.5640625 0.0390625 0.04375
1 0.1875 0.5171875 0.0453125 0.0375
1 0.25625 0.515625 0.034375 0.0390625
1 0.2859375 0.496875 0.0203125 0.0296875
1 0.2796875 0.4625 0.0328125 0.01875
1 0.2734375 0.4203125 0.046875 0.0515625
1 0.2171875 0.4171875 0.0421875 0.05
1 0.1109375 0.446875 0.0515625 0.034375
1 0.1234375 0.49375 0.0203125 0.01875
1 0.0171875 0.39375 0.03125 0.028125
1 0.01015625 0.328125 0.0203125 0.034375
1 0.01328125 0.2703125 0.0265625 0.059375
1 0.00859375 0.3015625 0.0171875 0.01875
1 0.2375 0.2765625 0.0453125 0.04375
1 0.2390625 0.3265625 0.0625 0.05
1 0.2671875 0.35625 0.0265625 0.034375
1 0.2765625 0.2625 0.0359375 0.0265625
1 0.2796875 0.3078125 0.0328125 0.059375
1 0.2828125 0.203125 0.025 0.0296875
1 0.23125 0.1703125 0.0265625 0.03125
1 0.175 0.16875 0.0296875 0.03125
0 0.1 0.20625 0.103125 0.1140625
0 0.128125 0.1 0.1109375 0.134375
0 0.05078125 0.09453125 0.1015625 0.1890625
1 0.14375 0.1359375 0.0359375 0.0453125
1 0.175 0.1125 0.0375 0.065625
1 0.21875 0.1265625 0.053125 0.05625
1 0.19375 0.0625 0.021875 0.0328125
0 0.2515625 0.09375 0.0890625 0.1078125
1 0.0515625 0.3078125 0.0265625 0.034375
0 0.2375 0.56640625 0.11875 0.0453125
1 0.17109375 0.00546875 0.0546875 0.0109375
1 0.1875 0.278125 0.0515625 0.05625
1 0.1625 0.25625 0.0234375 0.015625
1 0.1671875 0.2328125 0.03125 0.021875
1 0.159375 0.3140625 0.040625 0.05625
1 0.13125 0.2921875 0.0484375 0.0484375
1 0.0765625 0.5421875 0.028125 0.0484375
1 0.04375 0.5453125 0.05 0.028125
0 0.9734375 0.178125 0.053125 0.146875
1 0.9375 0.2015625 0.0234375 0.025
0 0.903125 0.1671875 0.11875 0.059375
0 0.7703125 0.18125 0.1453125 0.103125
1 0.678125 0.3328125 0.0796875 0.09375
1 0.7296875 0.2578125 0.03125 0.0265625
1 0.9 0.090625 0.0296875 0.03125
1 0.9734375 0.1234375 0.0359375 0.040625
1 0.6671875 0.471875 0.03125 0.0265625
1 0.703125 0.43125 0.05 0.0375
1 0.7046875 0.1140625 0.0578125 0.034375
0 0.690625 0.1625 0.1078125 0.1609375
1 0.4375 0.596875 0.065625 0.015625
1 0.4015625 0.6046875 0.034375 0.03125
1 0.4546875 0.6640625 0.0515625 0.0890625
1 0.4796875 0.7125 0.01875 0.04375
0 0.45 0.79921875 0.078125 0.0984375
0 0.3359375 0.7890625 0.2453125 0.1453125
1 0.365625 0.8734375 0.04375 0.03125
1 0.2484375 0.6859375 0.0515625 0.040625
1 0.3140625 0.634375 0.0296875 0.03125
1 0.2375 0.7296875 0.0453125 0.0546875
1 0.2046875 0.7734375 0.0828125 0.0578125
1 0.16875 0.821875 0.0703125 0.05
1 0.1 0.815625 0.0421875 0.0390625
1 0.1921875 0.8890625 0.046875 0.065625
1 0.125 0.890625 0.0890625 0.0734375
1 0.12734375 0.98203125 0.0390625 0.0359375
1 0.1953125 0.9578125 0.0453125 0.0453125
1 0.2890625 0.99375 0.0375 0.0125
1 0.134375 0.6484375 0.028125 0.0328125
1 0.171875 0.5953125 0.0625 0.0125
1 0.22578125 0.6015625 0.0703125 0.025
1 0.1625 0.7046875 0.025 0.0375
1 0.4765625 0.915625 0.025 0.03125
1 0.47734375 0.94609375 0.0234375 0.0296875
1 0.35625 0.9765625 0.0359375 0.028125
1 0.2359375 0.965625 0.0265625 0.021875
1 0.1 0.7765625 0.034375 0.0171875
1 0.4125 0.940625 0.03125 0.0234375
1 0.53125 0.75625 0.015625 0.0171875
1 0.528125 0.6796875 0.0234375 0.0234375
1 0.5421875 0.61875 0.009375 0.0109375
1 0.55703125 0.6078125 0.1046875 0.0375
1 0.70625 0.871875 0.0078125 0.0203125
1 0.7390625 0.7625 0.0203125 0.0203125
1 0.7578125 0.5984375 0.034375 0.01875
1 0.7984375 0.8765625 0.0203125 0.025
1 0.784375 0.64375 0.053125 0.0234375
1 0.846875 0.9484375 0.0109375 0.015625
1 0.85 0.8921875 0.0234375 0.015625
1 0.85 0.8265625 0.0265625 0.0375
1 0.9671875 0.6546875 0.0078125 0.009375
1 0.99609375 0.68125 0.0078125 0.015625
0 0.99453125 0.78515625 0.0109375 0.0484375
1 0.996875 0.80390625 0.00625 0.0203125
1 0.5921875 0.6578125 0.04375 0.0328125
1 0.7 0.709375 0.0703125 0.0640625
1 0.634375 0.7 0.071875 0.0484375
1 0.5875 0.728125 0.05625 0.034375
0 0.6140625 0.796875 0.1234375 0.1109375
0 0.546875 0.79375 0.08125 0.10625
1 0.6203125 0.878125 0.0390625 0.04375
1 0.7375 0.846875 0.0296875 0.01875
0 0.9296875 0.8015625 0.1078125 0.115625
1 0.98359375 0.84140625 0.0328125 0.0359375
0 0.8265625 0.78125 0.115625 0.1421875
1 0.74375 0.815625 0.0328125 0.0328125
1 0.7609375 0.8453125 0.0625 0.0484375
1 0.94609375 0.95625 0.1078125 0.0875
1 0.9796875 0.9125 0.025 0.05
1 0.990625 0.9359375 0.01875 0.059375
1 0.89765625 0.99453125 0.0203125 0.0109375
1 0.8875 0.975 0.0390625 0.0359375
1 0.85625 0.9859375 0.015625 0.028125
1 0.6796875 0.96875 0.0328125 0.0421875
1 0.6578125 0.971875 0.03125 0.0234375
1 0.759375 0.9265625 0.065625 0.1296875
1 0.778125 0.9625 0.065625 0.075
1 0.696875 0.9515625 0.084375 0.0859375
1 0.99375 0.7421875 0.0125 0.01875
1 0.696875 0.646875 0.028125 0.025
1 0.675 0.6609375 0.0140625 0.0453125
1 0.953125 0.7359375 0.0140625 0.0125
1 0.9671875 0.725 0.0203125 0.028125
1 0.9390625 0.609375 0.059375 0.040625
1 0.98046875 0.63203125 0.0390625 0.0359375
1 0.9640625 0.784375 0.01875 0.0171875
1 0.6 0.940625 0.0671875 0.071875
1 0.628125 0.9078125 0.103125 0.0765625
1 0.5453125 0.9 0.046875 0.0328125
1 0.521875 0.915625 0.03125 0.0328125
1 0.534375 0.9359375 0.025 0.028125
1 0.553125 0.9515625 0.090625 0.084375
1 0.61875 0.9359375 0.05 0.04375
1 0.76640625 0.996875 0.0859375 0.00625
1 0.640625 0.96875 0.103125 0.0625
1 0.6234375 0.99375 0.021875 0.0125
1 0.5640625 0.9578125 0.0359375 0.0265625
1 0.5796875 0.9421875 0.0359375 0.0203125
1 0.5859375 0.98359375 0.05 0.0328125