0 0.3703125 0.13671875 0.078125 0.1046875
0 0.234375 0.0984375 0.1203125 0.1375
0 0.2953125 0.1078125 0.078125 0.10625
1 0.3859375 0.24375 0.0359375 0.0328125
1 0.40234375 0.26171875 0.0140625 0.0671875
1 0.3875 0.3265625 0.03125 0.0390625
1 0.3890625 0.3828125 0.03125 0.0265625
1 0.23125 0.5484375 0.03125 0.0375
1 0.353125 0.5484375 0.0171875 0.025
1 0.3828125 0.565625 0.034375 0.03125
1 0.3953125 0.628125 0.021875 0.028125
1 0.35625 0.3453125 0.021875 0.021875
1 0.296875 0.70625 0.021875 0.028125
0 0.2328125 0.63125 0.065625 0.11875
0 0.3203125 0.6515625 0.134375 0.1171875
1 0.4125 0.39453125 0.00625 0.0078125
1 0.41640625 0.734375 0.0078125 0.009375
1 0.41640625 0.2734375 0.0140625 0.01875
1 0.4828125 0.640625 0.01875 0.025
1 0.4921875 0.0484375 0.0125 0.0109375
1 0.48125 0.43125 0.0359375 0.0375
1 0.5109375 0.4578125 0.021875 0.015625
1 0.5296875 0.2484375 0.0078125 0.0078125
1 0.540625 0.55 0.0203125 0.0265625
1 0.55 0.409375 0.00625 0.0125
1 0.571875 0.6640625 0.015625 0.0125
1 0.571875 0.3109375 0.015625 0.0171875
1 0.5875 0.1640625 0.0109375 0.0171875
1 0.6484375 0.6875 0.0234375 0.0234375
1 0.7 0.0109375 0.04375 0.021875
1 0.6203125 0.0234375 0.0171875 0.021875
1 0.71875 0.0296875 0.215625 0.059375
1 0.5671875 0.25 0.0125 0.00625
1 0.725 0.24375 0.0109375 0.0046875
1 0.6515625 0.31875 0.0140625 0.01875
1 0.4125 0.73359375 0.00625 0.0109375
1 0.74375 0.675 0.0203125 0.015625
1 0.71875 0.4375 0.0265625 0.015625
1 0.5921875 0.43125 0.0375 0.03125
0 0.6375 0.4859375 0.1640625 0.2453125
0 0.453125 0.47265625 0.0875 0.2453125
1 0.07890625 0.7453125 0.0203125 0.0125
1 0.065625 0.759375 0.0234375 0.025
1 0.0953125 0.753125 0.025 0.0203125
1 0.17109375 0.75234375 0.0265625 0.0265625
1 0.1703125 0.853125 0.0234375 0.025
1 0.153125 0.84375 0.0265625 0.0234375
1 0.146875 0.8828125 0.03125 0.0265625
1 0.1375 0.8640625 0.015625 0.015625
1 0.1296875 0.846875 0.0140625 0.01875
1 0.1578125 0.8640625 0.0171875 0.0140625
1 0.0765625 0.8640625 0.01875 0.021875
1 0.0546875 0.8515625 0.0375 0.0265625
1 0.0796875 0.771875 0.015625 0.01875
1 0.053125 0.878125 0.03125 0.0328125
1 0.0328125 0.8953125 0.01875 0.01875
1 0.015625 0.8921875 0.0203125 0.0234375
1 0.0515625 0.946875 0.0265625 0.015625
1 0.00390625 0.86484375 0.0078125 0.0296875
1 0.0765625 0.9703125 0.0171875 0.0140625
1 0.10390625 0.9953125 0.0109375 0.009375
1 0.5125 0.790625 0.040625 0.0421875
1 0.5921875 0.9390625 0.025 0.0421875
1 0.5703125 0.921875 0.03125 0.0546875
1 0.5390625 0.95625 0.0171875 0.05625
1 0.428125 0.76875 0.0375 0.025
1 0.803125 0.76875 0.0453125 0.034375
1 0.653125 0.875 0.078125 0.075
1 0.68125 0.9859375 0.03125 0.028125