0 0.4125 0.14375 0.1078125 0.0546875
0 0.23125 0.1328125 0.0734375 0.08125
0 0.1453125 0.1125 0.0546875 0.075
1 0.3 0.1265625 0.0265625 0.028125
0 0.02265625 0.1140625 0.0453125 0.0375
1 0.2828125 0.46484375 0.0375 0.0078125
1 0.125 0.41875 0.0171875 0.028125
1 0.09375 0.3296875 0.03125 0.03125
1 0.1421875 0.225 0.0234375 0.0171875
1 0.284375 0.3578125 0.0234375 0.021875
1 0.10625 0.35 0.0234375 0.021875
1 0.3234375 0.109375 0.03125 0.05
0 0.3921875 0.0921875 0.0765625 0.0546875
1 0.346875 0.115625 0.0203125 0.1015625
1 0.459375 0.084375 0.0359375 0.0875
1 0.7515625 0.04375 0.028125 0.025
1 0.7109375 0.025 0.01875 0.0140625
1 0.66328125 0.0046875 0.0296875 0.009375
1 0.6515625 0.021875 0.021875 0.021875
0 0.684375 0.25234375 0.090625 0.4328125
1 0.671875 0.0890625 0.028125 0.0265625
1 0.65078125 0.13828125 0.0234375 0.0359375
1 0.690625 0.190625 0.0296875 0.0296875
1 0.6734375 0.1421875 0.0328125 0.01875
1 0.690625 0.1265625 0.0375 0.0375
1 0.725 0.1734375 0.025 0.0234375
1 0.7484375 0.2671875 0.0328125 0.0140625
1 0.64296875 0.33203125 0.0078125 0.0328125
0 0.75546875 0.32421875 0.2328125 0.2890625
1 0.665625 0.3609375 0.01875 0.0125
1 0.6765625 0.3703125 0.025 0.015625
1 0.678125 0.384375 0.025 0.0140625
1 0.6640625 0.4046875 0.034375 0.0328125
1 0.66875 0.425 0.0125 0.0078125
1 0.690625 0.415625 0.046875 0.0515625
1 0.7328125 0.409375 0.028125 0.0359375
1 0.7484375 0.4296875 0.0171875 0.009375
1 0.75625 0.415625 0.015625 0.015625
1 0.80625 0.43125 0.0203125 0.0203125
1 0.7921875 0.4 0.025 0.01875
1 0.846875 0.4125 0.0171875 0.021875
1 0.7578125 0.1046875 0.0390625 0.025
1 0.7546875 0.1390625 0.0390625 0.03125
1 0.8078125 0.1984375 0.0390625 0.0421875
1 0.796875 0.2484375 0.0265625 0.021875
1 0.85625 0.321875 0.021875 0.0265625
1 0.8953125 0.325 0.0203125 0.028125
1 0.8375 0.19375 0.015625 0.0234375
1 0.815625 0.171875 0.0234375 0.028125
1 0.8 0.1546875 0.0375 0.0125
1 0.7984375 0.1203125 0.0359375 0.028125
1 0.8 0.140625 0.03125 0.0125
1 0.8328125 0.1140625 0.0234375 0.03125
1 0.8234375 0.125 0.015625 0.025
1 0.8421875 0.159375 0.0125 0.015625
1 0.85625 0.140625 0.0328125 0.0359375
1 0.8703125 0.09375 0.0328125 0.0234375
1 0.8921875 0.1484375 0.034375 0.0453125
1 0.921875 0.1140625 0.0171875 0.04375
1 0.9046875 0.38125 0.0234375 0.021875
1 0.8953125 0.3984375 0.0171875 0.0234375
1 0.8953125 0.4328125 0.0171875 0.0203125
1 0.915625 0.440625 0.03125 0.040625
0 0.9203125 0.3640625 0.021875 0.0765625
1 0.91875 0.3875 0.0078125 0.0234375
1 0.8484375 0.44375 0.015625 0.015625
0 0.4828125 0.609375 0.140625 0.215625
1 0.5515625 0.5765625 0.01875 0.03125
1 0.559375 0.5421875 0.00625 0.025
0 0.5390625 0.6765625 0.046875 0.1140625
1 0.46875 0.753125 0.0203125 0.0234375
1 0.425 0.615625 0.0125 0.0078125
1 0.35 0.496875 0.021875 0.0234375
1 0.35 0.540625 0.0140625 0.0203125
1 0.353125 0.6078125 0.04375 0.0703125
0 0.2515625 0.63125 0.153125 0.178125
1 0.1328125 0.66875 0.015625 0.0171875
1 0.0578125 0.5359375 0.04375 0.0796875
1 0.109375 0.5734375 0.0234375 0.0359375
1 0.1671875 0.859375 0.0484375 0.0890625
1 0.346875 0.925 0.028125 0.0203125
1 0.496875 0.93125 0.0453125 0.05
1 0.553125 0.98828125 0.015625 0.0234375
1 0.7390625 0.6421875 0.0703125 0.1609375
1 0.6875 0.86875 0.05 0.04375
1 0.759375 0.98671875 0.028125 0.0265625