1 0.06875 0.00625 0.01875 0.0125
1 0.075 0.225 0.01875 0.021875
1 0.0859375 0.340625 0.0125 0.01875
1 0.1015625 0.3046875 0.01875 0.0171875
1 0.1234375 0.1265625 0.0125 0.0125
1 0.15625 0.034375 0.0140625 0.0234375
1 0.246875 0.465625 0.028125 0.009375
1 0.275 0.246875 0.0203125 0.0078125
1 0.290625 0.2953125 0.0125 0.015625
1 0.2921875 0.440625 0.0109375 0.0125
1 0.3265625 0.471875 0.0203125 0.0203125
1 0.3234375 0.3296875 0.0390625 0.03125
1 0.34375 0.353125 0.0234375 0.009375
1 0.3578125 0.221875 0.01875 0.0203125
1 0.38125 0.2859375 0.0109375 0.015625
1 0.40625 0.465625 0.00625 0.0171875
1 0.4359375 0.2546875 0.0203125 0.0203125
1 0.4703125 0.2140625 0.021875 0.021875
1 0.5 0.4046875 0.00625 0.0078125
1 0.5015625 0.3328125 0.0125 0.0203125
1 0.1875 0.2421875 0.05 0.028125
1 0.284375 0.196875 0.0140625 0.0109375
1 0.2125 0.30625 0.015625 0.0171875
1 0.2578125 0.365625 0.0140625 0.01875
1 0.2625 0.35625 0.0171875 0.0109375
1 0.25 0.35 0.0203125 0.0140625
1 0.0734375 0.04375 0.0265625 0.05
1 0.08125 0.0921875 0.0375 0.0125
1 0.25 0.1265625 0.015625 0.0125
1 0.203125 0.1328125 0.00625 0.0078125
0 0.2140625 0.08125 0.065625 0.0984375
0 0.28515625 0.0765625 0.0484375 0.153125
1 0.3015625 0.078125 0.0125 0.01875
1 0.353125 0.0265625 0.0390625 0.0421875
1 0.334375 0.0359375 0.01875 0.01875
1 0.309375 0.1015625 0.05 0.0984375
0 0.378125 0.0765625 0.0828125 0.08125
0 0.5015625 0.06875 0.015625 0.103125
0 0.4609375 0.09140625 0.096875 0.0703125
1 0.45 0.075 0.0140625 0.01875
1 0.334375 0.20625 0.01875 0.0140625
1 0.3453125 0.1703125 0.078125 0.0640625
1 0.384375 0.215625 0.0125 0.0125
1 0.3609375 0.2515625 0.03125 0.0375
1 0.390625 0.284375 0.0140625 0.0203125
1 0.4015625 0.265625 0.0296875 0.034375
1 0.4421875 0.2921875 0.021875 0.01875
1 0.4625 0.2859375 0.0140625 0.015625
1 0.4625 0.2453125 0.01875 0.0140625
1 0.4765625 0.2421875 0.025 0.0171875
1 0.48125 0.2265625 0.0140625 0.009375
1 0.50703125 0.15546875 0.0046875 0.0203125
1 0.503125 0.1546875 0.0125 0.01875
0 0.2625 0.4921875 0.034375 0.015625
1 0.2359375 0.49453125 0.015625 0.0109375
1 0.3640625 0.4109375 0.0203125 0.015625
1 0.3875 0.4671875 0.0125 0.0234375
1 0.36875 0.4390625 0.0359375 0.0328125
1 0.403125 0.4390625 0.0203125 0.009375
1 0.45625 0.4859375 0.03125 0.028125
1 0.4375 0.45 0.053125 0.0484375
0 0.8640625 0.153125 0.271875 0.0609375
0 0.6328125 0.1296875 0.0921875 0.15625
1 0.546875 0.2890625 0.0328125 0.0234375
1 0.0796875 0.65 0.0109375 0.0078125
1 0.1796875 0.634375 0.015625 0.0171875
1 0.296875 0.6125 0.003125 0.0328125
1 0.3546875 0.5625 0.04375 0.0390625
1 0.378125 0.703125 0.015625 0.0046875
1 0.065625 0.6 0.015625 0.0296875
1 0.6015625 0.8796875 0.0171875 0.01875
1 0.6515625 0.78125 0.0234375 0.01875
1 0.7015625 0.8421875 0.025 0.01875
1 0.7921875 0.734375 0.01875 0.0203125
1 0.8734375 0.7234375 0.0265625 0.0375
1 0.940625 0.5140625 0.0203125 0.01875
1 0.95 0.6484375 0.0265625 0.021875
1 0.9546875 0.5609375 0.0203125 0.03125
1 0.9921875 0.73359375 0.015625 0.0234375
1 0.9734375 0.7140625 0.021875 0.0265625
1 0.68125 0.78125 0.01875 0.015625
0 0.99296875 0.86171875 0.0140625 0.0796875
0 0.90625 0.8671875 0.153125 0.1125
1 0.79375 0.7953125 0.0390625 0.034375
1 0.734375 0.9265625 0.0046875 0.0125
1 0.746875 0.93125 0.021875 0.0203125
1 0.7765625 0.940625 0.0171875 0.0171875
1 0.76875 0.9859375 0.015625 0.0109375
1 0.7484375 0.8890625 0.021875 0.0296875
1 0.859375 0.9578125 0.0296875 0.025
1 0.8359375 0.9328125 0.0203125 0.0109375
1 0.8078125 0.88125 0.1359375 0.1109375