1 0.0390625 0.421875 0.0046875 0.009375
1 0.1125 0.4265625 0.0171875 0.0109375
1 0.0046875 0.20859375 0.009375 0.0265625
1 0.2390625 0.2390625 0.05 0.0265625
1 0.2984375 0.259375 0.0484375 0.0546875
0 0.315625 0.228125 0.015625 0.03125
0 0.19375 0.2296875 0.259375 0.2140625
1 0.1484375 0.3109375 0.01875 0.01875
1 0.146875 0.3453125 0.00625 0.009375
1 0.271875 0.221875 0.0140625 0.0171875
1 0.159375 0.275 0.028125 0.0046875
0 0.078125 0.253125 0.15625 0.325
1 0.7375 0.0890625 0.0265625 0.0375
1 0.846875 0.0546875 0.0140625 0.0390625
1 0.8359375 0.1671875 0.028125 0.046875
1 0.8296875 0.209375 0.0203125 0.03125
1 0.834375 0.246875 0.0375 0.0578125
1 0.7890625 0.2046875 0.0203125 0.01875
1 0.6703125 0.1328125 0.0265625 0.0359375
1 0.6359375 0.0921875 0.0234375 0.0234375
1 0.6328125 0.2171875 0.0203125 0.0328125
1 0.6546875 0.2125 0.01875 0.021875
1 0.703125 0.2390625 0.028125 0.0296875
1 0.61875 0.065625 0.0265625 0.0203125
1 0.609375 0.0203125 0.025 0.034375
1 0.5578125 0.0546875 0.03125 0.0234375
1 0.534375 0.0859375 0.03125 0.03125
1 0.58125 0.096875 0.03125 0.0265625
1 0.55 0.146875 0.015625 0.021875
1 0.53359375 0.21015625 0.0296875 0.0328125
1 0.5640625 0.2 0.0328125 0.034375
1 0.5546875 0.28125 0.0265625 0.0234375
1 0.8203125 0.3203125 0.040625 0.03125
1 0.7921875 0.3390625 0.0234375 0.0359375
1 0.7703125 0.384375 0.01875 0.0265625
1 0.7640625 0.4265625 0.025 0.028125
1 0.7453125 0.3453125 0.0171875 0.0140625
0 0.828125 0.509375 0.0453125 0.0453125
0 0.70625 0.44765625 0.296875 0.2421875
0 0.5859375 0.42109375 0.134375 0.2953125
1 0.60234375 0.55625 0.0234375 0.025
1 0.5625 0.5640625 0.028125 0.009375
0 0.83828125 0.55625 0.0234375 0.025
0 0.4390625 0.878125 0.0796875 0.234375
0 0.0921875 0.86875 0.1328125 0.1
1 0.1140625 0.675 0.025 0.025
1 0.4234375 0.9953125 0.03125 0.009375
1 0.23125 0.73125 0.0109375 0.0078125
1 0.171875 0.68125 0.0171875 0.0078125
1 0.22109375 0.9984375 0.0140625 0.003125
1 0.7 0.778125 0.0125 0.0171875
1 0.865625 0.978125 0.01875 0.0234375
1 0.6796875 0.709375 0.0203125 0.021875
0 0.603125 0.5875 0.05 0.0375
1 0.5609375 0.5890625 0.025 0.040625
1 0.6109375 0.6 0.071875 0.0625
1 0.9078125 0.7328125 0.021875 0.0296875
1 0.9078125 0.690625 0.0203125 0.01875
1 0.8625 0.771875 0.0265625 0.025
1 0.9421875 0.765625 0.021875 0.021875
0 0.93125 0.5890625 0.10625 0.040625
0 0.83046875 0.6078125 0.1453125 0.078125
0 0.684375 0.5953125 0.096875 0.053125
0 0.7671875 0.58828125 0.090625 0.0390625
1 0.7625 0.7 0.021875 0.01875
1 0.796875 0.728125 0.0140625 0.0234375
1 0.8 0.7890625 0.0265625 0.0359375
1 0.7125 0.7921875 0.021875 0.0265625
1 0.740625 0.7921875 0.0203125 0.021875
1 0.9328125 0.8390625 0.0171875 0.01875
1 0.790625 0.8515625 0.0203125 0.0203125
1 0.7828125 0.8234375 0.0140625 0.0171875
1 0.7453125 0.88125 0.0203125 0.021875
1 0.7828125 0.884375 0.0265625 0.0296875
1 0.840625 0.8859375 0.025 0.0234375
1 0.7640625 0.940625 0.021875 0.0125
1 0.6671875 0.8984375 0.0234375 0.0171875
1 0.8328125 0.828125 0.021875 0.01875
1 0.95 0.91875 0.0234375 0.025
1 0.784375 0.99453125 0.015625 0.0109375
1 0.58125 0.8546875 0.015625 0.0234375
1 0.5546875 0.8625 0.021875 0.021875
1 0.6171875 0.8359375 0.0125 0.0109375
1 0.640625 0.8796875 0.015625 0.0265625
1 0.5875 0.9578125 0.0203125 0.0109375
1 0.846875 0.9828125 0.01875 0.01875
1 0.5609375 0.8359375 0.0125 0.015625
1 0.5359375 0.86875 0.0125 0.0171875
1 0.6078125 0.896875 0.0171875 0.0203125
1 0.615625 0.9125 0.0265625 0.03125
1 0.70625 0.8609375 0.0203125 0.0265625
1 0.7203125 0.878125 0.0140625 0.021875