1 0.1390625 0.5015625 0.059375 0.075
1 0.0515625 0.390625 0.0625 0.053125
1 0.09375 0.3515625 0.040625 0.0234375
1 0.140625 0.28125 0.0703125 0.0734375
1 0.1734375 0.2453125 0.0390625 0.06875
1 0.0828125 0.275 0.059375 0.0515625
0 0.271875 0.2359375 0.1390625 0.26875
0 0.0453125 0.21484375 0.090625 0.3015625
1 0.6265625 0.359375 0.0171875 0.028125
1 0.6296875 0.425 0.0234375 0.025
1 0.74375 0.4328125 0.0671875 0.0375
1 0.7703125 0.3796875 0.03125 0.015625
1 0.7921875 0.0609375 0.0109375 0.025
1 0.7859375 0.4546875 0.0421875 0.0265625
1 0.834375 0.071875 0.0484375 0.0546875
1 0.8265625 0.2046875 0.05 0.053125
1 0.8765625 0.2 0.009375 0.015625
1 0.88125 0.34375 0.03125 0.05625
1 0.8765625 0.0796875 0.040625 0.0625
1 0.896875 0.20625 0.03125 0.046875
1 0.8921875 0.2578125 0.0484375 0.0375
1 0.8890625 0.0140625 0.065625 0.028125
1 0.9265625 0.2515625 0.009375 0.0078125
1 0.9421875 0.040625 0.0203125 0.0125
1 0.9328125 0.178125 0.0359375 0.0203125
1 0.9671875 0.134375 0.0125 0.0109375
1 0.96875 0.4875 0.01875 0.0296875
1 0.9828125 0.0125 0.03125 0.01875
1 0.9671875 0.2 0.065625 0.05
1 0.98828125 0.478125 0.0234375 0.059375
0 0.6453125 0.0859375 0.0546875 0.125
0 0.715625 0.1015625 0.1296875 0.1265625
1 0.8328125 0.1359375 0.0890625 0.071875
1 0.8015625 0.1015625 0.034375 0.046875
1 0.98515625 0.0609375 0.0296875 0.065625
1 0.678125 0.3828125 0.0453125 0.03125
1 0.653125 0.353125 0.0171875 0.0359375
1 0.6703125 0.303125 0.0296875 0.0125
1 0.79375 0.3484375 0.040625 0.0390625
1 0.715625 0.303125 0.1515625 0.1234375
1 0.6984375 0.35 0.0078125 0.0078125
1 0.7328125 0.2515625 0.059375 0.0453125
1 0.75625 0.2796875 0.0375 0.0234375
1 0.696875 0.2046875 0.125 0.0921875
1 0.728125 0.2078125 0.0140625 0.0203125
1 0.634375 0.2421875 0.0328125 0.1125
1 0.628125 0.315625 0.01875 0.0328125
1 0.9765625 0.30625 0.040625 0.0421875
1 0.965625 0.3265625 0.0359375 0.0390625
1 0.9390625 0.35 0.021875 0.01875
1 0.915625 0.496875 0.0265625 0.0375
1 0.8703125 0.4046875 0.034375 0.0546875
1 0.8546875 0.415625 0.0203125 0.021875
1 0.99140625 0.415625 0.0171875 0.04375
1 0.978125 0.428125 0.03125 0.03125
1 0.93125 0.415625 0.1265625 0.1359375
1 0.809375 0.5015625 0.028125 0.021875
1 0.8375 0.503125 0.034375 0.053125
1 0.81015625 0.5234375 0.0390625 0.03125
1 0.6796875 0.4546875 0.0453125 0.0453125
1 0.6859375 0.49375 0.0609375 0.065625
1 0.6296875 0.4671875 0.021875 0.03125
1 0.6421875 0.4546875 0.01875 0.028125
1 0.640625 0.5078125 0.04375 0.0390625
0 0.071875 0.6296875 0.1421875 0.065625
1 0.0515625 0.56875 0.034375 0.04375
0 0.2328125 0.6328125 0.0859375 0.115625
1 0.1640625 0.575 0.0359375 0.03125
1 0.20546875 0.5453125 0.0640625 0.0125
1 0.23828125 0.54296875 0.0328125 0.0078125
1 0.2484375 0.7390625 0.05625 0.04375
1 0.1828125 0.7046875 0.028125 0.025
1 0.1765625 0.7828125 0.075 0.0390625
1 0.1078125 0.803125 0.08125 0.0796875
1 0.175 0.8578125 0.0234375 0.0296875
1 0.184375 0.8953125 0.0375 0.0515625
1 0.1 0.9796875 0.028125 0.03125
1 0.01875 0.884375 0.0328125 0.0375
1 0.0609375 0.9 0.0203125 0.03125
1 0.084375 0.9203125 0.0203125 0.05
1 0.2515625 0.853125 0.0328125 0.0234375
1 0.228125 0.809375 0.028125 0.025
0 0.26875 0.5921875 0.0140625 0.0734375
1 0.2515625 0.5984375 0.034375 0.0265625
1 0.425 0.609375 0.0171875 0.03125
1 0.41640625 0.54609375 0.0140625 0.0140625
1 0.496875 0.63125 0.0203125 0.025
1 0.5546875 0.57890625 0.134375 0.0796875
1 0.4328125 0.6234375 0.0234375 0.0140625
1 0.4265625 0.8515625 0.0296875 0.03125
1 0.8203125 0.6375 0.0171875 0.0234375
1 0.7953125 0.7546875 0.0234375 0.01875
1 0.63125 0.8734375 0.01875 0.0109375
1 0.6625 0.875 0.015625 0.0171875
1 0.5890625 0.8984375 0.03125 0.03125
1 0.5359375 0.9109375 0.0265625 0.028125
1 0.49375 0.89375 0.01875 0.0125
1 0.8203125 0.95625 0.01875 0.0140625
1 0.709375 0.9234375 0.0234375 0.0234375
1 0.7421875 0.934375 0.0609375 0.0328125
1 0.675 0.9890625 0.025 0.0203125
1 0.79921875 0.99453125 0.0234375 0.0109375
1 0.4984375 0.9625 0.009375 0.0234375
1 0.721875 0.6828125 0.0234375 0.01875
1 0.71875 0.70625 0.0203125 0.0171875
1 0.7078125 0.753125 0.0140625 0.015625