1 0.03125 0.28125 0.0328125 0.0203125
1 0.0046875 0.27265625 0.009375 0.0140625
1 0.0765625 0.2359375 0.025 0.015625
1 0.0984375 0.265625 0.028125 0.025
1 0.0734375 0.2515625 0.0125 0.0125
1 0.0609375 0.34375 0.015625 0.0359375
1 0.0421875 0.375 0.0359375 0.0265625
1 0.0703125 0.2015625 0.0796875 0.0453125
1 0.08125 0.471875 0.0328125 0.0109375
1 0.078125 0.503125 0.0453125 0.059375
1 0.11875 0.5015625 0.0203125 0.0203125
1 0.0578125 0.5640625 0.0421875 0.01875
1 0.0484375 0.6140625 0.0328125 0.0234375
1 0.04375 0.6546875 0.01875 0.009375
1 0.17265625 0.6703125 0.0265625 0.01875
1 0.1265625 0.64375 0.0203125 0.015625
1 0.1703125 0.6 0.021875 0.0203125
1 0.2328125 0.6015625 0.0328125 0.040625
1 0.159375 0.4609375 0.021875 0.0171875
1 0.190625 0.45625 0.0171875 0.025
1 0.228125 0.50625 0.0203125 0.0140625
1 0.2265625 0.53125 0.05 0.028125
1 0.26875 0.465625 0.0421875 0.03125
1 0.2734375 0.4484375 0.0203125 0.015625
1 0.2203125 0.4140625 0.025 0.0234375
1 0.2203125 0.39375 0.0125 0.0109375
1 0.2046875 0.39375 0.0109375 0.0234375
1 0.1484375 0.3515625 0.040625 0.0234375
1 0.175 0.378125 0.034375 0.0375
1 0.1921875 0.3953125 0.009375 0.0171875
1 0.1359375 0.278125 0.0109375 0.009375
1 0.159375 0.253125 0.0171875 0.009375
1 0.171875 0.2828125 0.01875 0.021875
1 0.2 0.2 0.0390625 0.0265625
1 0.190625 0.1890625 0.009375 0.009375
1 0.228125 0.184375 0.0328125 0.0140625
1 0.2375 0.2515625 0.04375 0.0234375
1 0.2484375 0.275 0.01875 0.0203125
1 0.23125 0.2484375 0.0109375 0.015625
1 0.1921875 0.23125 0.0140625 0.009375
1 0.1953125 0.26875 0.025 0.028125
1 0.225 0.309375 0.0578125 0.034375
1 0.2703125 0.38125 0.0296875 0.0359375
1 0.2015625 0.2921875 0.03125 0.015625
0 0.334375 0.2875 0.109375 0.084375
1 0.290625 0.209375 0.0421875 0.0421875
1 0.3484375 0.2140625 0.034375 0.03125
1 0.3390625 0.2390625 0.0234375 0.0140625
1 0.375 0.2109375 0.0203125 0.0171875
1 0.38671875 0.21171875 0.0046875 0.0234375
1 0.3859375 0.2953125 0.00625 0.025
1 0.3125 0.1828125 0.0328125 0.0125
0 0.36171875 0.18671875 0.0546875 0.0203125
0 0.3234375 0.3765625 0.121875 0.1
1 0.38046875 0.37734375 0.0171875 0.0265625
1 0.3375 0.359375 0.0203125 0.015625
0 0.33046875 0.46953125 0.1171875 0.1359375
1 0.3859375 0.46953125 0.00625 0.0171875
1 0.3671875 0.5359375 0.0203125 0.015625
1 0.3859375 0.55 0.00625 0.01875
0 0.3203125 0.546875 0.1109375 0.178125
0 0.3171875 0.62890625 0.14375 0.0859375
1 0.28984375 0.6765625 0.0171875 0.00625
1 0.30546875 0.67734375 0.0078125 0.0046875
1 0.3203125 0.6609375 0.025 0.015625
1 0.3375 0.6671875 0.03125 0.025
1 0.36015625 0.66875 0.0203125 0.021875
1 0.8703125 0.5875 0.0328125 0.0359375
1 0.746875 0.553125 0.171875 0.146875
1 0.646875 0.5109375 0.04375 0.0296875
1 0.41875 0.5109375 0.0234375 0.028125
1 0.5921875 0.4484375 0.0109375 0.0078125
1 0.9953125 0.4546875 0.009375 0.046875
1 0.4921875 0.4265625 0.0078125 0.01875
1 0.440625 0.434375 0.0421875 0.04375
1 0.8625 0.4078125 0.034375 0.040625
1 0.396875 0.3171875 0.015625 0.040625
1 0.8296875 0.2859375 0.0125 0.0109375
1 0.8765625 0.2421875 0.0375 0.03125
1 0.43125 0.2375 0.04375 0.0421875
0 0.7859375 0.2984375 0.2265625 0.2234375
1 0.7671875 0.1671875 0.015625 0.009375
1 0.4375 0.1453125 0.021875 0.059375
0 0.78125 0.159375 0.0609375 0.1171875
1 0.4796875 0.3296875 0.0109375 0.0078125
1 0.40078125 0.26484375 0.0234375 0.0234375
1 0.6125 0.5671875 0.046875 0.034375
1 0.6078125 0.54375 0.01875 0.00625
1 0.6265625 0.321875 0.015625 0.021875
1 0.634375 0.334375 0.0125 0.009375
1 0.7125 0.2375 0.03125 0.028125
1 0.96171875 0.34609375 0.0765625 0.0703125
1 0.940625 0.4703125 0.06875 0.0953125
1 0.38359375 0.84609375 0.0109375 0.0453125
1 0.228125 0.771875 0.05 0.04375
1 0.378125 0.70703125 0.021875 0.0546875
0 0.2046875 0.71796875 0.14375 0.0765625
1 0.25625 0.696875 0.0625 0.034375
1 0.14375 0.759375 0.096875 0.159375
1 0.11875 0.809375 0.06875 0.0484375
1 0.0765625 0.7890625 0.03125 0.021875
0 0.2140625 0.88125 0.2265625 0.13125
1 0.21171875 0.94921875 0.1171875 0.1015625
1 0.715625 0.95625 0.009375 0.0109375
1 0.5328125 0.9625 0.034375 0.040625
1 0.646875 0.903125 0.01875 0.021875
1 0.7390625 0.9078125 0.0234375 0.0390625
1 0.890625 0.8546875 0.0375 0.0359375
1 0.3984375 0.81171875 0.01875 0.0203125
0 0.465625 0.9453125 0.103125 0.109375
0 0.49140625 0.8359375 0.2046875 0.159375