1 0.14375 0.25625 0.0203125 0.025
0 0.2109375 0.0875 0.04375 0.075
1 0.2359375 0.059375 0.015625 0.0140625
0 0.1921875 0.171875 0.2125 0.1
1 0.41875 0.13125 0.021875 0.0265625
1 0.421875 0.2421875 0.021875 0.0171875
0 0.2140625 0.3375 0.2359375 0.0703125
1 0.2765625 0.440625 0.01875 0.0203125
1 0.309375 0.4125 0.01875 0.0265625
1 0.203125 0.359375 0.08125 0.0828125
1 0.2375 0.4765625 0.078125 0.0328125
1 0.49609375 0.46328125 0.0078125 0.0234375
0 0.20859375 0.48984375 0.2578125 0.0390625
0 0.7421875 0.4046875 0.1578125 0.06875
1 0.60625 0.378125 0.021875 0.0234375
0 0.7265625 0.2609375 0.253125 0.3046875
1 0.6671875 0.121875 0.009375 0.0125
0 0.6296875 0.0984375 0.028125 0.0359375
0 0.65078125 0.02109375 0.1140625 0.0421875
1 0.225 0.9203125 0.0125 0.0171875
1 0.465625 0.8859375 0.0078125 0.009375
1 0.440625 0.7625 0.0125 0.0078125
1 0.1125 0.7546875 0.015625 0.01875
1 0.0421875 0.6921875 0.0171875 0.021875
1 0.3 0.653125 0.0140625 0.015625
0 0.31875 0.7390625 0.303125 0.18125
1 0.475 0.6328125 0.0171875 0.0265625
1 0.23125 0.603125 0.028125 0.015625
1 0.0328125 0.58125 0.0109375 0.0140625
0 0.35625 0.8265625 0.2078125 0.2046875
1 0.365625 0.615625 0.0203125 0.0171875
1 0.3265625 0.5453125 0.0140625 0.0109375
0 0.39921875 0.56640625 0.1921875 0.1140625
1 0.840625 0.615625 0.0828125 0.065625
0 0.9109375 0.725 0.178125 0.203125
1 0.9828125 0.6171875 0.034375 0.071875
1 0.534375 0.7453125 0.03125 0.028125