1 0.5796875 0.0671875 0.028125 0.0234375
1 0.58671875 0.26640625 0.0265625 0.0234375
1 0.5671875 0.134375 0.0234375 0.015625
1 0.5484375 0.21875 0.0296875 0.0375
1 0.4984375 0.3640625 0.046875 0.0390625
1 0.5 0.025 0.0296875 0.03125
1 0.45625 0.49375 0.0140625 0.021875
1 0.384375 0.059375 0.0109375 0.0109375
1 0.3765625 0.55 0.0265625 0.01875
1 0.3875 0.2265625 0.021875 0.025
1 0.371875 0.2734375 0.0296875 0.021875
1 0.38125 0.40625 0.03125 0.0203125
1 0.30625 0.2609375 0.0234375 0.0140625
1 0.275 0.0453125 0.0109375 0.015625
1 0.2609375 0.1625 0.03125 0.0109375
1 0.2765625 0.2375 0.034375 0.034375
1 0.2421875 0.5015625 0.0171875 0.015625
1 0.1671875 0.04375 0.009375 0.0078125
1 0.1828125 0.359375 0.0453125 0.046875
1 0.153125 0.546875 0.021875 0.0328125
1 0.15 0.3296875 0.025 0.0265625
1 0.4953125 0.4375 0.0265625 0.015625
1 0.5046875 0.4625 0.0390625 0.01875
1 0.553125 0.50625 0.009375 0.025
0 0.53828125 0.4484375 0.1234375 0.16875
1 0.4796875 0.390625 0.0234375 0.015625
1 0.446875 0.3796875 0.01875 0.015625
0 0.3859375 0.48515625 0.165625 0.1671875
0 0.275 0.428125 0.053125 0.0625
1 0.3109375 0.5453125 0.0234375 0.021875
0 0.225 0.4546875 0.0796875 0.0921875
0 0.1734375 0.4390625 0.071875 0.11875
1 0.14375 0.3765625 0.0109375 0.028125
1 0.190625 0.4125 0.0265625 0.021875
1 0.4765625 0.1671875 0.028125 0.028125
1 0.4875 0.203125 0.0390625 0.0296875
1 0.2625 0.153125 0.0125 0.01875
0 0.9921875 0.01171875 0.015625 0.0234375
0 0.9890625 0.0734375 0.021875 0.021875
0 0.9859375 0.459375 0.028125 0.034375
1 0.9453125 0.35625 0.028125 0.021875
1 0.8390625 0.415625 0.0375 0.034375
1 0.83125 0.359375 0.01875 0.0328125
1 0.8109375 0.2953125 0.0234375 0.01875
0 0.790625 0.3765625 0.0703125 0.0703125
0 0.8640625 0.5390625 0.0390625 0.028125
1 0.9734375 0.3296875 0.0234375 0.025
1 0.9734375 0.35 0.0203125 0.01875
1 0.9328125 0.440625 0.015625 0.028125
1 0.9375 0.290625 0.015625 0.01875
0 0.959375 0.17890625 0.08125 0.1453125
0 0.9390625 0.253125 0.0359375 0.0453125
0 0.8796875 0.284375 0.0765625 0.0546875
1 0.9015625 0.3078125 0.015625 0.01875
0 0.79375 0.2078125 0.0828125 0.15
0 0.878125 0.153125 0.084375 0.096875
0 0.8734375 0.4796875 0.0359375 0.0296875
0 0.9140625 0.475 0.0421875 0.0359375
1 0.82890625 0.00859375 0.0265625 0.0171875
1 0.7796875 0.003125 0.015625 0.00625
1 0.7625 0.00625 0.0125 0.0125
1 0.825 0.0625 0.01875 0.01875
1 0.815625 0.0171875 0.0125 0.01875
1 0.9125 0.06875 0.01875 0.0203125
0 0.90546875 0.02890625 0.0703125 0.0578125
1 0.903125 0.0953125 0.01875 0.015625
1 0.771875 0.09375 0.0234375 0.0375
1 0.84296875 0.0046875 0.0078125 0.009375
1 0.2625 0.8203125 0.0640625 0.0859375
1 0.415625 0.853125 0.0484375 0.0390625
1 0.346875 0.76875 0.015625 0.0265625
1 0.3609375 0.753125 0.0296875 0.01875
1 0.340625 0.9421875 0.0484375 0.0625
1 0.375 0.959375 0.0625 0.059375
1 0.484375 0.7609375 0.034375 0.03125
1 0.5875 0.95 0.025 0.046875
1 0.59375 0.925 0.0125 0.0140625
1 0.534375 0.675 0.0265625 0.0390625
1 0.578125 0.6515625 0.0296875 0.0125
1 0.528125 0.6796875 0.0171875 0.0234375
1 0.340625 0.6328125 0.0109375 0.0078125
1 0.265625 0.9484375 0.0125 0.0171875
1 0.53046875 0.99296875 0.0421875 0.0140625
0 0.565625 0.940625 0.046875 0.115625
0 0.5140625 0.93125 0.084375 0.1375
0 0.1953125 0.9359375 0.1046875 0.10625
0 0.1515625 0.93359375 0.01875 0.1328125
1 0.75 0.75625 0.03125 0.0265625
1 0.6609375 0.871875 0.0140625 0.0171875
1 0.61875 0.7546875 0.015625 0.0078125
1 0.6421875 0.996875 0.03125 0.00625
1 0.653125 0.9671875 0.01875 0.025
1 0.6421875 0.9015625 0.015625 0.021875
1 0.6921875 0.9640625 0.021875 0.028125
1 0.7109375 0.9625 0.0359375 0.0390625
1 0.771875 0.98203125 0.0375 0.0359375
1 0.7421875 0.95625 0.0328125 0.03125
1 0.7546875 0.9171875 0.0390625 0.0265625
1 0.79375 0.9484375 0.0375 0.0296875
1 0.7625 0.875 0.0390625 0.021875
1 0.784375 0.9296875 0.0296875 0.0328125
1 0.784375 0.8921875 0.01875 0.0234375
1 0.7953125 0.875 0.0390625 0.0375
1 0.7734375 0.8546875 0.01875 0.015625
1 0.784375 0.8359375 0.021875 0.03125
1 0.6578125 0.83125 0.059375 0.04375
1 0.7640625 0.7265625 0.0375 0.034375
1 0.78125 0.7671875 0.025 0.0234375
1 0.746875 0.6765625 0.025 0.03125
1 0.7296875 0.6671875 0.0203125 0.0234375
1 0.6984375 0.746875 0.0171875 0.015625
1 0.671875 0.7265625 0.025 0.0234375
1 0.628125 0.809375 0.0171875 0.0265625
1 0.6265625 0.79375 0.0234375 0.0171875
0 0.74375 0.6046875 0.09375 0.071875
1 0.665625 0.58203125 0.04375 0.0265625
1 0.6328125 0.6703125 0.025 0.034375
1 0.6078125 0.6375 0.015625 0.03125
1 0.6765625 0.665625 0.0140625 0.021875
0 0.675 0.6375 0.1265625 0.1109375