1 0.015625 0.0859375 0.021875 0.034375
1 0.0328125 0.0421875 0.015625 0.0234375
1 0.0109375 0.04375 0.021875 0.01875
1 0.13828125 0.00234375 0.0078125 0.0046875
1 0.01015625 0.1421875 0.0203125 0.05
1 0.09375 0.1515625 0.015625 0.015625
1 0.1359375 0.1109375 0.01875 0.015625
1 0.025 0.2484375 0.03125 0.025
1 0.0125 0.309375 0.025 0.0265625
1 0.0515625 0.2125 0.0234375 0.0234375
1 0.1953125 0.2578125 0.0203125 0.021875
1 0.275 0.275 0.040625 0.0171875
1 0.3390625 0.24375 0.0234375 0.034375
1 0.3921875 0.24375 0.0203125 0.0234375
1 0.3640625 0.21875 0.025 0.0078125
1 0.23125 0.20625 0.0296875 0.03125
1 0.1796875 0.18125 0.01875 0.015625
1 0.228125 0.1171875 0.03125 0.021875
1 0.2890625 0.075 0.025 0.0234375
1 0.2859375 0.0546875 0.0234375 0.0234375
1 0.35 0.1140625 0.015625 0.03125
1 0.3671875 0.1109375 0.0125 0.025
1 0.3859375 0.1109375 0.0203125 0.0203125
1 0.390625 0.0828125 0.040625 0.021875
1 0.4171875 0.084375 0.015625 0.028125
1 0.403125 0.1015625 0.0140625 0.0140625
1 0.403125 0.05 0.021875 0.0140625
1 0.43671875 0.046875 0.0046875 0.03125
1 0.31171875 0.0078125 0.0171875 0.015625
0 0.415625 0.1921875 0.046875 0.103125
0 0.425 0.26875 0.028125 0.10625
1 0.8578125 0.0640625 0.084375 0.059375
1 0.7421875 0.1515625 0.053125 0.0625
1 0.703125 0.109375 0.0234375 0.040625
1 0.6328125 0.0625 0.0734375 0.0703125
1 0.596875 0.0296875 0.06875 0.0390625
1 0.6265625 0.1203125 0.0515625 0.059375
1 0.9375 0.378125 0.0546875 0.0171875
0 0.671875 0.3453125 0.0984375 0.084375
1 0.9515625 0.2734375 0.0203125 0.0359375
0 0.578125 0.22265625 0.278125 0.2234375
0 0.525 0.27890625 0.171875 0.2109375
1 0.034375 0.628125 0.0546875 0.0578125
1 0.00625 0.759375 0.0125 0.03125
1 0.2390625 0.846875 0.046875 0.0484375
1 0.0203125 0.91953125 0.040625 0.0265625
1 0.20625 0.7390625 0.021875 0.0234375
1 0.2609375 0.690625 0.0359375 0.0625
1 0.3421875 0.709375 0.021875 0.0203125
1 0.3984375 0.784375 0.0296875 0.0234375
1 0.325 0.4796875 0.0375 0.021875
1 0.2578125 0.59375 0.0140625 0.025
1 0.2140625 0.5265625 0.0265625 0.03125
1 0.003125 0.56640625 0.00625 0.0234375
1 0.36875 0.5734375 0.0234375 0.0265625
1 0.1703125 0.63125 0.0234375 0.0234375
1 0.99375 0.68125 0.00625 0.0046875
1 0.9140625 0.7453125 0.0109375 0.0078125
1 0.8984375 0.7640625 0.034375 0.0203125
1 0.8625 0.740625 0.0234375 0.0234375
1 0.865625 0.759375 0.0125 0.0171875
1 0.8265625 0.790625 0.0375 0.0296875
1 0.8703125 0.8453125 0.0171875 0.0171875
1 0.84375 0.8796875 0.0203125 0.0109375
1 0.8453125 0.734375 0.015625 0.0125
0 0.86875 0.7765625 0.109375 0.1109375
1 0.890625 0.9546875 0.0234375 0.01875
1 0.88125 0.9609375 0.015625 0.01875
1 0.884375 0.98125 0.0171875 0.015625
0 0.8328125 0.95 0.0875 0.0453125
0 0.84375 0.98515625 0.14375 0.0296875
1 0.6796875 0.9484375 0.01875 0.0140625
1 0.7125 0.9734375 0.025 0.03125
1 0.7921875 0.8609375 0.0203125 0.0109375
1 0.7515625 0.7578125 0.0140625 0.0265625
1 0.7546875 0.7640625 0.0265625 0.0203125
1 0.7296875 0.7359375 0.0125 0.0203125
1 0.715625 0.6984375 0.025 0.03125
1 0.6546875 0.68125 0.009375 0.0046875
1 0.634375 0.6953125 0.05 0.034375
1 0.5953125 0.7296875 0.0125 0.0171875
1 0.5421875 0.7203125 0.1421875 0.0828125
1 0.6375 0.7921875 0.00625 0.0078125
1 0.5703125 0.80625 0.0203125 0.0171875
1 0.6265625 0.8765625 0.0078125 0.0265625
1 0.6421875 0.9359375 0.05 0.0515625
1 0.61875 0.9671875 0.021875 0.021875
1 0.640625 0.9734375 0.021875 0.01875
1 0.603125 0.9890625 0.00625 0.009375
1 0.5859375 0.9734375 0.0234375 0.03125
1 0.58125 0.978125 0.028125 0.021875
1 0.5625 0.94375 0.0140625 0.009375
1 0.56796875 0.990625 0.0359375 0.01875
1 0.45 0.93125 0.021875 0.01875
1 0.4703125 0.925 0.0109375 0.0046875
1 0.509375 0.9078125 0.05625 0.0390625
1 0.528125 0.9203125 0.0234375 0.0328125
1 0.4828125 0.8421875 0.034375 0.0546875
1 0.45 0.809375 0.015625 0.0078125