1 0.36875 0.0875 0.0328125 0.0421875
1 0.346875 0.0265625 0.04375 0.040625
1 0.015625 0.0421875 0.0203125 0.03125
1 0.0921875 0.190625 0.0203125 0.03125
1 0.1609375 0.134375 0.034375 0.040625
1 0.1546875 0.0890625 0.0296875 0.0375
1 0.2453125 0.0703125 0.0453125 0.0265625
1 0.253125 0.103125 0.0390625 0.0265625
1 0.2890625 0.365625 0.046875 0.0578125
1 0.3 0.309375 0.0375 0.046875
1 0.2765625 0.453125 0.0765625 0.05
1 0.0875 0.2546875 0.0265625 0.0265625
0 0.1359375 0.38046875 0.184375 0.2390625
0 0.03125 0.33828125 0.0625 0.3234375
1 0.2328125 0.2171875 0.0515625 0.0421875
0 0.3484375 0.325 0.184375 0.35
1 0.4265625 0.34375 0.0328125 0.0625
0 0.415625 0.4078125 0.0515625 0.046875
1 0.4125 0.484375 0.03125 0.03125
1 0.0828125 0.4390625 0.03125 0.0265625
1 0.0953125 0.4140625 0.0265625 0.0375
1 0.05703125 0.01015625 0.0234375 0.0203125
1 0.228125 0.3359375 0.03125 0.0453125
1 0.2515625 0.35 0.0265625 0.01875
1 0.125 0.325 0.0109375 0.0109375
1 0.134375 0.3 0.0203125 0.015625
1 0.3609375 0.4453125 0.025 0.025
0 0.9359375 0.2171875 0.128125 0.121875
0 0.85625 0.209375 0.121875 0.19375
0 0.7828125 0.2390625 0.1015625 0.1109375
0 0.6296875 0.234375 0.0875 0.10625
1 0.690625 0.4 0.025 0.0296875
1 0.3828125 0.64375 0.0390625 0.0296875
1 0.4171875 0.6859375 0.00625 0.00625
1 0.44375 0.95 0.00625 0.0078125
1 0.44296875 0.98515625 0.0140625 0.0296875
1 0.4140625 0.86484375 0.071875 0.1046875
1 0.365625 0.8625 0.03125 0.06875
1 0.3484375 0.8734375 0.0265625 0.034375
1 0.4171875 0.9953125 0.015625 0.009375
1 0.36015625 0.99140625 0.0453125 0.0171875
1 0.24375 0.8453125 0.065625 0.0640625
1 0.2875 0.8828125 0.021875 0.0328125
1 0.30625 0.903125 0.028125 0.021875
1 0.2625 0.8765625 0.0203125 0.01875
1 0.246875 0.8953125 0.0359375 0.021875
1 0.2234375 0.8890625 0.0265625 0.034375
1 0.31640625 0.98984375 0.0296875 0.0203125
1 0.2953125 0.915625 0.0421875 0.03125
1 0.278125 0.9484375 0.0484375 0.05625
1 0.29140625 0.98828125 0.0328125 0.0234375
1 0.2375 0.928125 0.040625 0.0453125
1 0.26015625 0.99140625 0.0359375 0.0171875
1 0.23046875 0.97578125 0.0609375 0.0484375
1 0.4453125 0.7109375 0.009375 0.021875
1 0.43125 0.6359375 0.009375 0.01875
1 0.2671875 0.659375 0.0390625 0.040625
0 0.259375 0.65 0.1546875 0.2484375
1 0.23125 0.6140625 0.0296875 0.028125
1 0.325 0.5609375 0.03125 0.0296875
0 0.36640625 0.58359375 0.1671875 0.1609375
1 0.4171875 0.578125 0.0453125 0.0421875
1 0.8484375 0.8859375 0.0703125 0.028125
1 0.7109375 0.98203125 0.053125 0.0359375
1 0.6875 0.9609375 0.0234375 0.03125
1 0.684375 0.8796875 0.015625 0.0390625
1 0.7796875 0.7578125 0.021875 0.0203125
1 0.7359375 0.6421875 0.03125 0.0265625
1 0.690625 0.6359375 0.0265625 0.0390625
1 0.99140625 0.84140625 0.0171875 0.0390625
1 0.9234375 0.6640625 0.0265625 0.03125
1 0.7859375 0.640625 0.021875 0.028125
1 0.8921875 0.865625 0.0265625 0.034375
1 0.753125 0.796875 0.0140625 0.0234375
1 0.81875 0.8609375 0.0359375 0.0203125
0 0.9046875 0.940625 0.190625 0.11875
0 0.7828125 0.92109375 0.10625 0.1578125