1 0.1140625 0.1375 0.009375 0.009375
1 0.0375 0.2078125 0.0609375 0.05
1 0.13125 0.21875 0.015625 0.0359375
1 0.175 0.3421875 0.0265625 0.0484375
1 0.071875 0.3640625 0.0078125 0.0140625
1 0.5328125 0.3765625 0.0296875 0.0171875
1 0.0828125 0.3953125 0.0109375 0.00625
1 0.096875 0.4265625 0.0109375 0.015625
1 0.425 0.5671875 0.0140625 0.0078125
0 0.30859375 0.51171875 0.2796875 0.1765625
0 0.3921875 0.303125 0.375 0.359375
0 0.30625 0.2171875 0.2546875 0.1890625
1 0.9953125 0.2015625 0.009375 0.01875
1 0.99453125 0.2640625 0.0109375 0.015625
1 0.99609375 0.3734375 0.0078125 0.021875
1 0.996875 0.4125 0.00625 0.015625
1 0.98828125 0.35234375 0.0234375 0.0265625
1 0.978125 0.0625 0.0140625 0.0125
1 0.94140625 0.00625 0.0265625 0.0125
1 0.9046875 0.1578125 0.0578125 0.0484375
1 0.896875 0.16875 0.025 0.028125
1 0.9234375 0.2703125 0.03125 0.0234375
1 0.8546875 0.365625 0.0140625 0.021875
1 0.890625 0.3546875 0.0171875 0.0140625
1 0.853125 0.3359375 0.028125 0.0234375
1 0.8625 0.3125 0.0171875 0.0140625
1 0.8796875 0.2296875 0.078125 0.071875
1 0.8546875 0.2203125 0.0375 0.046875
1 0.8453125 0.14375 0.0078125 0.0125
1 0.734375 0.0078125 0.025 0.015625
1 0.74453125 0.00234375 0.0171875 0.0046875
1 0.7921875 0.1265625 0.015625 0.0125
1 0.740625 0.1796875 0.0234375 0.01875
1 0.7375 0.153125 0.0171875 0.0203125
1 0.759375 0.2109375 0.021875 0.01875
1 0.7359375 0.2484375 0.0203125 0.0234375
1 0.7171875 0.2609375 0.0140625 0.015625
1 0.7515625 0.271875 0.0125 0.0109375
1 0.784375 0.2640625 0.0140625 0.0234375
1 0.79375 0.2828125 0.025 0.0265625
1 0.76875 0.3234375 0.009375 0.0109375
1 0.7234375 0.4375 0.0171875 0.0234375
1 0.70625 0.4296875 0.01875 0.0171875
1 0.6140625 0.421875 0.025 0.025
1 0.6484375 0.4046875 0.0203125 0.0265625
1 0.6296875 0.3890625 0.0171875 0.015625
1 0.63125 0.403125 0.01875 0.015625
1 0.6078125 0.39375 0.046875 0.04375
1 0.59375 0.3109375 0.0265625 0.0234375
1 0.628125 0.3109375 0.0296875 0.0265625
1 0.6171875 0.2875 0.03125 0.0171875
1 0.625 0.2453125 0.0296875 0.028125
1 0.6484375 0.234375 0.0203125 0.0140625
1 0.6140625 0.19375 0.01875 0.021875
1 0.6390625 0.190625 0.021875 0.0234375
1 0.6296875 0.1734375 0.0140625 0.0171875
1 0.6328125 0.171875 0.021875 0.025
1 0.6171875 0.125 0.0203125 0.0171875
1 0.6125 0.1109375 0.0078125 0.00625
1 0.58515625 0.128125 0.0109375 0.025
1 0.640625 0.065625 0.021875 0.0203125
1 0.6 0.0609375 0.015625 0.0109375
1 0.5984375 0.0796875 0.0328125 0.0484375
1 0.603125 0.046875 0.015625 0.0140625
1 0.625 0.028125 0.028125 0.025
1 0.6046875 0.01875 0.0171875 0.028125
1 0.6640625 0.015625 0.0140625 0.0140625
0 0.81875 0.0875 0.0859375 0.075
1 0.86875 0.1140625 0.0375 0.0171875
1 0.8015625 0.06875 0.025 0.0203125
0 0.8203125 0.4375 0.0984375 0.0234375
1 0.8703125 0.3921875 0.01875 0.0078125
0 0.815625 0.3859375 0.1328125 0.084375
0 0.8265625 0.2265625 0.0859375 0.15
0 0.83515625 0.0296875 0.0984375 0.059375
0 0.4421875 0.69921875 0.275 0.1046875
0 0.3796875 0.7296875 0.3640625 0.103125
0 0.428125 0.85390625 0.303125 0.2921875
0 0.428125 0.9609375 0.28125 0.078125
1 0.06015625 0.98671875 0.0390625 0.0265625
1 0.9234375 0.6109375 0.0125 0.0171875
1 0.6140625 0.734375 0.034375 0.03125
1 0.7890625 0.8984375 0.0265625 0.0234375
1 0.965625 0.9125 0.015625 0.0234375
1 0.98828125 0.92578125 0.0234375 0.0171875
1 0.7859375 0.6796875 0.0203125 0.034375
1 0.7765625 0.66875 0.0265625 0.028125
0 0.58828125 0.6875 0.0171875 0.03125
1 0.625 0.78125 0.021875 0.0265625
1 0.625 0.8015625 0.028125 0.0375
0 0.590625 0.92109375 0.021875 0.0546875
0 0.59921875 0.871875 0.0390625 0.078125