1 0.034375 0.5328125 0.03125 0.0328125
1 0.0703125 0.16875 0.0203125 0.0140625
0 0.06953125 0.15859375 0.1390625 0.1921875
0 0.1421875 0.128125 0.0390625 0.034375
1 0.9703125 0.0078125 0.015625 0.015625
1 0.9671875 0.0875 0.0234375 0.0359375
1 0.9390625 0.4984375 0.0078125 0.0078125
1 0.884375 0.325 0.015625 0.0140625
1 0.88125 0.409375 0.0171875 0.0125
1 0.8453125 0.50625 0.009375 0.00625
1 0.8171875 0.5421875 0.0140625 0.0265625
1 0.8109375 0.26875 0.0109375 0.0078125
1 0.8015625 0.1828125 0.0359375 0.015625
1 0.8046875 0.2859375 0.0078125 0.0125
1 0.8046875 0.440625 0.009375 0.009375
1 0.8125 0.23125 0.0296875 0.015625
1 0.8 0.3859375 0.0296875 0.03125
1 0.784375 0.0375 0.015625 0.0140625
1 0.765625 0.490625 0.021875 0.01875
1 0.7609375 0.125 0.0234375 0.0078125
1 0.7109375 0.05625 0.015625 0.0109375
1 0.7125 0.2953125 0.0234375 0.0203125
1 0.69375 0.021875 0.0265625 0.0171875
1 0.703125 0.1953125 0.0421875 0.0421875
1 0.6671875 0.10625 0.0171875 0.0125
1 0.6421875 0.26875 0.0125 0.01875
1 0.6328125 0.21875 0.015625 0.0109375
1 0.6203125 0.0859375 0.009375 0.015625
1 0.6140625 0.0125 0.025 0.025
1 0.5875 0.5640625 0.0109375 0.015625
1 0.534375 0.1046875 0.04375 0.040625
1 0.775 0.51875 0.0171875 0.015625
1 0.0765625 0.6875 0.0578125 0.059375
0 0.0453125 0.90078125 0.090625 0.1984375
0 0.1015625 0.9453125 0.2 0.109375
1 0.57578125 0.98046875 0.0515625 0.0390625
1 0.559375 0.921875 0.065625 0.05625
1 0.5421875 0.8765625 0.034375 0.04375
0 0.5390625 0.6703125 0.0265625 0.03125
1 0.553125 0.6609375 0.05625 0.0703125
1 0.5875 0.6328125 0.040625 0.0328125
1 0.6421875 0.6734375 0.0671875 0.0625
1 0.81875 0.7328125 0.05625 0.071875
1 0.90625 0.884375 0.065625 0.0828125
1 0.8296875 0.8390625 0.0328125 0.0359375
1 0.98828125 0.9625 0.0234375 0.03125
1 0.984375 0.853125 0.03125 0.065625
1 0.8671875 0.9671875 0.046875 0.04375
0 0.99296875 0.65625 0.0140625 0.140625
0 0.9453125 0.64296875 0.109375 0.1234375
0 0.8609375 0.6734375 0.1109375 0.103125
1 0.7703125 0.6140625 0.053125 0.0640625
1 0.6390625 0.815625 0.05625 0.0484375
1 0.6671875 0.8078125 0.05 0.046875
1 0.725 0.784375 0.0203125 0.040625
1 0.6671875 0.865625 0.028125 0.0265625
1 0.728125 0.81875 0.021875 0.0328125
0 0.7140625 0.66875 0.0921875 0.1078125
1 0.6703125 0.6109375 0.1015625 0.0546875