0 0.42734375 0.13203125 0.0640625 0.0828125
1 0.35625 0.1015625 0.046875 0.0203125
0 0.403125 0.2359375 0.1125 0.15
0 0.41640625 0.3328125 0.0859375 0.0875
0 0.4296875 0.3984375 0.059375 0.06875
0 0.4109375 0.47265625 0.096875 0.0734375
1 0.353125 0.41875 0.0515625 0.0671875
0 0.4046875 0.515625 0.109375 0.046875
1 0.3203125 0.3734375 0.0359375 0.0140625
1 0.3109375 0.28125 0.0828125 0.0546875
1 0.2703125 0.5140625 0.015625 0.028125
1 0.17265625 0.53046875 0.0359375 0.0171875
1 0.0640625 0.428125 0.0203125 0.0265625
1 0.00625 0.38828125 0.0125 0.0453125
1 0.1140625 0.3984375 0.0140625 0.0140625
1 0.178125 0.1671875 0.0671875 0.0484375
1 0.0109375 0.13125 0.021875 0.028125
1 0.9109375 0.15 0.0359375 0.0125
1 0.4734375 0.1625 0.025 0.034375
1 0.7953125 0.2046875 0.053125 0.0625
1 0.4703125 0.23828125 0.021875 0.0328125
1 0.875 0.2390625 0.01875 0.0359375
1 0.75 0.275 0.021875 0.0171875
1 0.871875 0.3296875 0.0234375 0.01875
1 0.9078125 0.3375 0.015625 0.025
1 0.734375 0.346875 0.046875 0.034375
1 0.8296875 0.3484375 0.0796875 0.0671875
1 0.6203125 0.3859375 0.0453125 0.025
1 0.878125 0.3921875 0.0359375 0.01875
1 0.5171875 0.4140625 0.0359375 0.0515625
1 0.9765625 0.41875 0.01875 0.0109375
1 0.9140625 0.4296875 0.04375 0.0171875
1 0.540625 0.453125 0.040625 0.025
1 0.9 0.475 0.03125 0.0359375
1 0.5515625 0.48125 0.0296875 0.0328125
1 0.771875 0.4765625 0.021875 0.028125
1 0.4703125 0.51328125 0.021875 0.0328125
1 0.8390625 0.39375 0.04375 0.028125
1 0.821875 0.3921875 0.015625 0.015625
1 0.8484375 0.2984375 0.03125 0.025
1 0.8203125 0.209375 0.025 0.015625
1 0.7484375 0.2234375 0.053125 0.0546875
1 0.84375 0.4921875 0.0203125 0.0203125
0 0.7078125 0.1703125 0.178125 0.053125
0 0.68125 0.253125 0.0921875 0.1375
1 0.6625 0.2921875 0.04375 0.046875
1 0.6453125 0.2 0.0421875 0.0484375
1 0.5734375 0.2265625 0.1390625 0.153125
1 0.5046875 0.2140625 0.046875 0.0578125
1 0.50625 0.1625 0.025 0.0328125
1 0.5421875 0.321875 0.0359375 0.0421875
0 0.6703125 0.4390625 0.1265625 0.11875
0 0.6796875 0.490625 0.11875 0.096875
1 0.5328125 0.3578125 0.0375 0.0265625
1 0.5578125 0.3609375 0.01875 0.021875
1 0.571875 0.3546875 0.0234375 0.015625
1 0.5359375 0.2859375 0.0234375 0.0265625
1 0.3703125 0.9171875 0.021875 0.0171875
1 0.4234375 0.934375 0.009375 0.0203125
1 0.321875 0.6796875 0.0578125 0.0296875
1 0.3296875 0.6484375 0.034375 0.0171875
1 0.178125 0.9890625 0.0171875 0.021875
1 0.0953125 0.8578125 0.0453125 0.075
1 0.1546875 0.859375 0.053125 0.05625
1 0.1609375 0.91875 0.034375 0.01875
1 0.1640625 0.89375 0.015625 0.025
1 0.18125 0.7859375 0.0265625 0.021875
1 0.16875 0.8046875 0.0203125 0.021875
1 0.1796875 0.7640625 0.0234375 0.015625
1 0.0953125 0.6578125 0.01875 0.03125
1 0.1484375 0.6703125 0.028125 0.021875
1 0.0171875 0.6890625 0.03125 0.03125
0 0.04453125 0.78984375 0.0890625 0.1796875
1 0.834375 0.85 0.0390625 0.040625
0 0.57109375 0.8828125 0.2234375 0.234375
0 0.65078125 0.8 0.3828125 0.165625