1 0.2875 0.3625 0.04375 0.034375
1 0.390625 0.3578125 0.0625 0.0328125
1 0.4375 0.36875 0.0125 0.0109375
1 0.49453125 0.3734375 0.0109375 0.0125
1 0.4390625 0.3390625 0.0125 0.0140625
1 0.47265625 0.3328125 0.0546875 0.046875
1 0.49453125 0.32109375 0.0109375 0.0171875
1 0.41875 0.31875 0.0390625 0.040625
1 0.2109375 0.3765625 0.028125 0.00625
1 0.234375 0.296875 0.0625 0.053125
1 0.3109375 0.2578125 0.0203125 0.0171875
1 0.3453125 0.2421875 0.0171875 0.0109375
1 0.365625 0.2484375 0.0109375 0.0046875
1 0.4125 0.271875 0.009375 0.009375
1 0.4234375 0.2546875 0.0203125 0.025
1 0.353125 0.1734375 0.0296875 0.0234375
1 0.2484375 0.1625 0.0078125 0.0203125
1 0.225 0.15625 0.015625 0.0109375
1 0.18125 0.128125 0.0109375 0.0078125
0 0.184375 0.2171875 0.0203125 0.0390625
0 0.2359375 0.2046875 0.1234375 0.09375
1 0.2109375 0.1890625 0.01875 0.01875
0 0.4234375 0.196875 0.0859375 0.065625
0 0.471875 0.175 0.046875 0.065625
1 0.4359375 0.2296875 0.0125 0.0140625
1 0.2421875 0.08125 0.0109375 0.0109375
1 0.2625 0.059375 0.0109375 0.0140625
1 0.4203125 0.059375 0.009375 0.009375
1 0.475 0.025 0.0234375 0.0375
0 0.56171875 0.1609375 0.1234375 0.20625
1 0.5109375 0.02734375 0.021875 0.0546875
0 0.7984375 0.134375 0.24375 0.1671875
0 0.8625 0.1171875 0.1421875 0.1796875
1 0.8140625 0.034375 0.0421875 0.028125
1 0.2265625 0.98828125 0.04375 0.0234375
1 0.1375 0.9046875 0.0125 0.025
1 0.059375 0.925 0.0046875 0.0078125
1 0.096875 0.878125 0.009375 0.009375
1 0.203125 0.9109375 0.0671875 0.0640625
1 0.20625 0.8734375 0.015625 0.0515625
1 0.034375 0.7984375 0.0140625 0.015625
1 0.071875 0.7734375 0.0078125 0.0078125
1 0.2 0.7828125 0.0109375 0.015625
1 0.3453125 0.8875 0.0171875 0.025
0 0.415625 0.884375 0.0125 0.015625
1 0.4125 0.796875 0.01875 0.0421875
1 0.2671875 0.671875 0.025 0.03125
1 0.2203125 0.6921875 0.025 0.034375
1 0.315625 0.7171875 0.06875 0.0609375
1 0.00546875 0.51875 0.0109375 0.034375
1 0.0265625 0.4953125 0.053125 0.053125
1 0.21875 0.525 0.009375 0.0046875
1 0.39375 0.4859375 0.0359375 0.0375
1 0.290625 0.421875 0.06875 0.0625
0 0.04921875 0.71484375 0.0984375 0.3734375
0 0.1796875 0.753125 0.31875 0.2765625
0 0.3359375 0.7015625 0.16875 0.4734375
0 0.403125 0.759375 0.0390625 0.021875
1 0.8328125 0.4125 0.0109375 0.0109375
1 0.825 0.51875 0.0296875 0.0421875
1 0.796875 0.559375 0.0296875 0.009375
1 0.7921875 0.9609375 0.015625 0.0125
1 0.7859375 0.875 0.0265625 0.0234375
0 0.8 0.7609375 0.0890625 0.0984375
1 0.6984375 0.55625 0.0140625 0.025
1 0.68125 0.959375 0.028125 0.028125
1 0.66875 0.465625 0.0609375 0.0609375
1 0.6265625 0.3953125 0.0203125 0.01875
1 0.6125 0.6171875 0.015625 0.0171875
1 0.603125 0.81875 0.028125 0.021875
1 0.5796875 0.6359375 0.0234375 0.03125
1 0.79609375 0.99140625 0.0359375 0.0171875
1 0.5890625 0.6109375 0.0234375 0.025
0 0.7125 0.7515625 0.1 0.175
0 0.6375 0.74375 0.128125 0.1609375
0 0.5625 0.7296875 0.1 0.153125
1 0.50625 0.66015625 0.0125 0.0296875
0 0.51796875 0.7359375 0.0359375 0.159375