1 0.34375 0.096875 0.0203125 0.0140625
1 0.271875 0.3375 0.028125 0.0328125
1 0.253125 0.221875 0.0296875 0.03125
0 0.24375 0.175 0.0328125 0.0546875
0 0.334375 0.16640625 0.090625 0.1140625
1 0.3 0.0765625 0.0171875 0.0125
1 0.3484375 0.36875 0.0203125 0.015625
1 0.3578125 0.359375 0.0078125 0.0078125
1 0.3015625 0.4359375 0.015625 0.015625
1 0.371875 0.4546875 0.009375 0.00625
0 0.7921875 0.3015625 0.1421875 0.175
0 0.6546875 0.2734375 0.2046875 0.1171875
1 0.70625 0.278125 0.0453125 0.0625
0 0.45078125 0.2875 0.1421875 0.30625
1 0.128125 0.921875 0.015625 0.021875
1 0.13125 0.5859375 0.0265625 0.040625
1 0.2171875 0.7734375 0.0171875 0.0296875
1 0.16015625 0.4875 0.0171875 0.015625
1 0.175 0.496875 0.0359375 0.034375
1 0.165625 0.515625 0.0328125 0.0375
1 0.196875 0.540625 0.034375 0.0359375
1 0.321875 0.571875 0.0171875 0.01875
1 0.296875 0.65 0.01875 0.0125
1 0.2828125 0.70625 0.015625 0.01875
1 0.275 0.690625 0.0265625 0.025
1 0.2734375 0.65 0.0234375 0.0265625
1 0.2546875 0.6671875 0.028125 0.021875
1 0.2390625 0.6640625 0.01875 0.0171875
1 0.2234375 0.6234375 0.034375 0.0234375
1 0.2234375 0.646875 0.021875 0.0234375
1 0.2125 0.6046875 0.0203125 0.0109375
1 0.1578125 0.6234375 0.0234375 0.0140625
1 0.0609375 0.49375 0.025 0.021875
1 0.15 0.671875 0.034375 0.028125
1 0.165625 0.65625 0.021875 0.01875
1 0.146875 0.6484375 0.015625 0.0296875
1 0.1171875 0.678125 0.0203125 0.021875
1 0.1078125 0.6640625 0.0234375 0.01875
1 0.1046875 0.653125 0.028125 0.01875
1 0.084375 0.6375 0.040625 0.0484375
1 0.053125 0.6578125 0.028125 0.0296875
1 0.0328125 0.559375 0.0125 0.015625
1 0.01015625 0.58125 0.0203125 0.01875
1 0.1859375 0.8953125 0.0390625 0.040625
0 0.2390625 0.84375 0.0921875 0.128125
0 0.315625 0.85 0.0734375 0.08125
1 0.2515625 0.909375 0.03125 0.0171875
1 0.0359375 0.775 0.0234375 0.0171875
1 0.01015625 0.8671875 0.0203125 0.015625
0 0.0734375 0.8640625 0.146875 0.196875
1 0.484375 0.653125 0.0125 0.0125
1 0.7234375 0.7171875 0.01875 0.01875
1 0.740625 0.7328125 0.0421875 0.0109375
1 0.7265625 0.765625 0.01875 0.0375
1 0.7265625 0.7546875 0.0140625 0.0234375
1 0.39375 0.978125 0.0125 0.015625
0 0.7640625 0.9390625 0.0421875 0.0484375
0 0.6546875 0.834375 0.2375 0.2421875
0 0.53125 0.803125 0.196875 0.1640625