0 0.1609375 0.1640625 0.0609375 0.271875
0 0.1375 0.3953125 0.15625 0.0921875
1 0.296875 0.48125 0.0234375 0.0328125
1 0.6015625 0.14375 0.0453125 0.0078125
1 0.6859375 0.159375 0.0390625 0.0109375
1 0.6859375 0.234375 0.03125 0.040625
1 0.5765625 0.209375 0.03125 0.0171875
1 0.5890625 0.2453125 0.01875 0.0171875
1 0.6484375 0.278125 0.025 0.0265625
1 0.5765625 0.3609375 0.0578125 0.0546875
1 0.5375 0.25546875 0.015625 0.0328125
1 0.7640625 0.378125 0.025 0.01875
1 0.7890625 0.371875 0.0515625 0.025
1 0.8640625 0.4328125 0.0140625 0.0109375
1 0.8921875 0.4421875 0.025 0.0109375
1 0.6453125 0.478125 0.0625 0.046875
1 0.83125 0.5078125 0.0171875 0.015625
1 0.775 0.53125 0.03125 0.0140625
0 0.96953125 0.51015625 0.0609375 0.0546875
0 0.9515625 0.4875 0.096875 0.0625
0 0.9796875 0.43203125 0.040625 0.0796875
0 0.93671875 0.3703125 0.1265625 0.08125
1 0.83125 0.0953125 0.0390625 0.0421875
1 0.771875 0.1828125 0.03125 0.021875
1 0.8140625 0.2359375 0.021875 0.01875
1 0.815625 0.1734375 0.0328125 0.034375
1 0.840625 0.175 0.01875 0.025
1 0.840625 0.2109375 0.04375 0.021875
1 0.865625 0.196875 0.0265625 0.028125
1 0.846875 0.19375 0.0109375 0.0234375
1 0.96875 0.3078125 0.0625 0.0640625
0 0.9484375 0.24140625 0.103125 0.0953125
0 0.940625 0.0328125 0.046875 0.0390625
0 0.99296875 0.046875 0.0140625 0.06875
0 0.978125 0.1140625 0.04375 0.153125
0 0.95625 0.1625 0.0875 0.096875
1 0.96484375 0.203125 0.0703125 0.075
1 0.05546875 0.6921875 0.0078125 0.00625
1 0.2578125 0.7203125 0.01875 0.01875
0 0.046875 0.72109375 0.09375 0.0640625
0 0.06328125 0.78125 0.1265625 0.090625
0 0.04296875 0.79609375 0.0859375 0.0859375
1 0.3609375 0.753125 0.034375 0.0359375
1 0.4984375 0.7140625 0.0484375 0.034375
1 0.4234375 0.725 0.015625 0.0203125
1 0.440625 0.8046875 0.015625 0.0140625
1 0.4546875 0.78125 0.025 0.01875
1 0.2890625 0.7328125 0.0125 0.0203125
1 0.5015625 0.8328125 0.0125 0.009375
1 0.5171875 0.83125 0.0125 0.0109375
1 0.4421875 0.6984375 0.015625 0.01875
1 0.1328125 0.6984375 0.00625 0.0109375
1 0.56875 0.9625 0.0171875 0.015625
1 0.63671875 0.9921875 0.0328125 0.015625
1 0.784375 0.9515625 0.0171875 0.01875
1 0.91875 0.93125 0.021875 0.01875
0 0.96875 0.934375 0.0625 0.13125
0 0.959375 0.89609375 0.08125 0.0609375
1 0.7140625 0.9859375 0.01875 0.0125