1 0.28125 0.484375 0.046875 0.0375
1 0.2546875 0.45 0.0375 0.0359375
1 0.24375 0.5125 0.0296875 0.025
1 0.28671875 0.43046875 0.0640625 0.0359375
1 0.2640625 0.384375 0.046875 0.0453125
1 0.215625 0.3953125 0.04375 0.0390625
1 0.2140625 0.446875 0.028125 0.0609375
1 0.1890625 0.365625 0.03125 0.0265625
1 0.1734375 0.390625 0.04375 0.071875
1 0.1703125 0.440625 0.0265625 0.034375
1 0.19375 0.23125 0.0265625 0.0203125
1 0.2390625 0.26875 0.08125 0.09375
1 0.2625 0.309375 0.053125 0.0671875
1 0.290625 0.3015625 0.0421875 0.0578125
1 0.1625 0.1421875 0.0203125 0.0625
1 0.15625 0.1921875 0.0078125 0.0484375
1 0.1671875 0.1859375 0.028125 0.0203125
1 0.1609375 0.046875 0.01875 0.05
1 0.1625 0.0296875 0.0203125 0.0171875
1 0.1796875 0.11875 0.0484375 0.046875
1 0.20625 0.146875 0.0546875 0.0515625
1 0.2078125 0.059375 0.0453125 0.0671875
1 0.20859375 0.0203125 0.0453125 0.040625
1 0.240625 0.1515625 0.046875 0.071875
1 0.2484375 0.096875 0.046875 0.0625
1 0.2671875 0.1265625 0.028125 0.025
1 0.26875 0.00703125 0.034375 0.0140625
1 0.278125 0.021875 0.0625 0.04375
1 0.3015625 0.06796875 0.034375 0.0484375
1 0.3015625 0.0390625 0.034375 0.0265625
1 0.2984375 0.0890625 0.03125 0.015625
1 0.31328125 0.01015625 0.0109375 0.0203125
0 0.9390625 0.3140625 0.0203125 0.0140625
1 0.9015625 0.1296875 0.0171875 0.021875
0 0.9140625 0.215625 0.0703125 0.178125
1 0.86875 0.13125 0.0234375 0.03125
1 0.85625 0.0359375 0.021875 0.0296875
1 0.853125 0.234375 0.0171875 0.015625
1 0.8109375 0.33125 0.0125 0.0140625
1 0.78125 0.0640625 0.0171875 0.0265625
1 0.78203125 0.553125 0.0453125 0.03125
1 0.7328125 0.315625 0.0203125 0.0265625
1 0.63828125 0.53515625 0.0640625 0.0671875
1 0.4453125 0.4703125 0.015625 0.015625
1 0.5671875 0.5203125 0.00625 0.0125
1 0.7625 0.525 0.025 0.034375
1 0.81875 0.1359375 0.0515625 0.065625
1 0.8046875 0.096875 0.034375 0.0265625
0 0.771875 0.1953125 0.096875 0.140625
0 0.6828125 0.1875 0.1 0.096875
0 0.5359375 0.2078125 0.1328125 0.10625
1 0.5578125 0.246875 0.0140625 0.009375
0 0.453125 0.1953125 0.0625 0.1140625
1 0.4375 0.1328125 0.028125 0.03125
1 0.0765625 0.9296875 0.025 0.0203125
1 0.05 0.94375 0.0296875 0.0203125
1 0.009375 0.92265625 0.01875 0.0890625
1 0.1046875 0.88125 0.0359375 0.028125
1 0.159375 0.8921875 0.03125 0.0203125
1 0.134375 0.8921875 0.025 0.01875
1 0.29453125 0.97890625 0.0484375 0.0328125
1 0.253125 0.9140625 0.0203125 0.025
1 0.309375 0.8 0.01875 0.04375
1 0.2875 0.8125 0.0421875 0.0390625
1 0.2203125 0.7703125 0.0234375 0.0234375
1 0.228125 0.81875 0.0515625 0.0453125
1 0.0640625 0.809375 0.01875 0.028125
1 0.146875 0.7671875 0.0140625 0.015625
1 0.1109375 0.7359375 0.0234375 0.0375
1 0.096875 0.6421875 0.03125 0.0203125
0 0.0453125 0.6234375 0.090625 0.109375
0 0.19296875 0.6359375 0.1890625 0.134375
0 0.2515625 0.66875 0.0671875 0.08125
1 0.2328125 0.721875 0.025 0.03125
0 0.3046875 0.65078125 0.028125 0.1359375
1 0.30703125 0.6203125 0.0234375 0.028125
1 0.95625 0.965625 0.04375 0.03125
1 0.8078125 0.8484375 0.025 0.040625
1 0.7921875 0.9 0.0546875 0.0703125
1 0.75703125 0.9859375 0.0296875 0.028125
1 0.79296875 0.9875 0.0234375 0.025
1 0.696875 0.9578125 0.028125 0.028125
1 0.7125 0.9859375 0.040625 0.028125
1 0.6734375 0.8953125 0.0234375 0.0234375
1 0.65625 0.859375 0.028125 0.0328125
1 0.6234375 0.8578125 0.0140625 0.0265625
1 0.6375 0.8828125 0.0203125 0.0203125
1 0.5609375 0.93125 0.0171875 0.0265625
1 0.5859375 0.984375 0.0375 0.03125
1 0.5 0.94375 0.04375 0.0390625
1 0.5234375 0.965625 0.028125 0.0390625
1 0.4875 0.98828125 0.01875 0.0234375
1 0.4859375 0.8703125 0.03125 0.04375
0 0.9296875 0.6671875 0.096875 0.1265625
1 0.89375 0.75625 0.015625 0.021875
1 0.8890625 0.7890625 0.0296875 0.03125
0 0.8296875 0.696875 0.0859375 0.1265625
1 0.803125 0.6171875 0.0375 0.034375
1 0.7515625 0.765625 0.040625 0.0390625
1 0.5953125 0.75625 0.0765625 0.0921875
1 0.72578125 0.57890625 0.0234375 0.0203125
1 0.846875 0.6546875 0.015625 0.015625
0 0.4859375 0.6671875 0.0375 0.1578125
1 0.5203125 0.653125 0.09375 0.16875
1 0.6203125 0.6515625 0.10625 0.13125
0 0.665625 0.703125 0.125 0.11875
0 0.75 0.69375 0.1125 0.1515625
1 0.721875 0.71875 0.0375 0.0921875
0 0.9734375 0.6796875 0.0375 0.0578125