1 0.40703125 0.6234375 0.0484375 0.0125
1 0.00546875 0.60390625 0.0109375 0.0359375
1 0.3484375 0.575 0.0796875 0.0625
1 0.1015625 0.4375 0.0234375 0.0125
1 0.1703125 0.4296875 0.059375 0.0359375
1 0.19375 0.2875 0.0125 0.0125
1 0.0984375 0.196875 0.034375 0.03125
1 0.0921875 0.140625 0.01875 0.021875
1 0.371875 0.1296875 0.0859375 0.046875
1 0.1265625 0.546875 0.021875 0.009375
1 0.425 0.11875 0.0625 0.025
1 0.2953125 0.4125 0.015625 0.0171875
0 0.49921875 0.5203125 0.1609375 0.11875
0 0.55546875 0.33828125 0.0484375 0.1609375
0 0.5203125 0.1984375 0.11875 0.184375
1 0.6234375 0.6109375 0.028125 0.021875
1 0.834375 0.5578125 0.028125 0.0359375
1 0.609375 0.4671875 0.0109375 0.0125
1 0.6265625 0.2796875 0.0109375 0.0078125
1 0.8515625 0.2046875 0.0078125 0.0109375
0 0.59921875 0.16171875 0.0390625 0.0921875
0 0.62265625 0.3390625 0.0859375 0.234375
1 0.6140625 0.5625 0.028125 0.028125
1 0.02109375 0.8234375 0.0421875 0.03125
1 0.2078125 0.8609375 0.021875 0.0171875
1 0.403125 0.93125 0.0265625 0.03125
1 0.4125 0.88125 0.0234375 0.03125
1 0.40859375 0.98046875 0.0359375 0.0390625
1 0.32265625 0.634375 0.0328125 0.009375
1 0.3390625 0.7125 0.0265625 0.028125
1 0.41875 0.7734375 0.0203125 0.0234375
1 0.4109375 0.834375 0.0109375 0.0109375
1 0.415625 0.6984375 0.025 0.021875
1 0.428125 0.68125 0.0421875 0.0234375
1 0.4375 0.6828125 0.0265625 0.0515625
1 0.5234375 0.6484375 0.0203125 0.015625
0 0.5125 0.68671875 0.134375 0.0921875
1 0.48125 0.7328125 0.0171875 0.021875
1 0.453125 0.68125 0.0203125 0.028125
0 0.5421875 0.7609375 0.075 0.103125
0 0.5421875 0.85078125 0.075 0.0921875
1 0.5515625 0.803125 0.0140625 0.021875
1 0.4578125 0.8828125 0.01875 0.0203125
1 0.56640625 0.96875 0.0265625 0.04375
0 0.521875 0.9171875 0.0609375 0.1046875
1 0.55 0.903125 0.0171875 0.0171875
1 0.5734375 0.8859375 0.00625 0.025
1 0.56328125 0.99609375 0.0171875 0.0078125
1 0.621875 0.8421875 0.0296875 0.021875
1 0.61796875 0.6515625 0.0484375 0.04375
1 0.6 0.653125 0.025 0.015625
1 0.63984375 0.634375 0.0171875 0.009375
1 0.590625 0.7234375 0.0203125 0.0234375
1 0.6265625 0.715625 0.0296875 0.0203125
1 0.659375 0.775 0.01875 0.0203125
1 0.69375 0.8375 0.034375 0.0265625
1 0.709375 0.8578125 0.0265625 0.015625
1 0.6828125 0.875 0.0171875 0.01875
1 0.7 0.865625 0.015625 0.0171875
1 0.715625 0.7984375 0.025 0.0125
1 0.7359375 0.7984375 0.025 0.015625
1 0.740625 0.64453125 0.028125 0.0296875
1 0.784375 0.6828125 0.015625 0.0078125
1 0.85625 0.8546875 0.01875 0.0234375
0 0.94375 0.84375 0.075 0.0875
1 0.928125 0.8125 0.015625 0.0203125
0 0.9125 0.79375 0.034375 0.0984375
1 0.925 0.7265625 0.0703125 0.034375
0 0.93125 0.69375 0.0828125 0.0546875
1 0.9890625 0.6765625 0.021875 0.025
1 0.9671875 0.690625 0.015625 0.0125
0 0.93046875 0.6421875 0.1390625 0.025
1 0.653125 0.8609375 0.009375 0.0109375