0 0.2140625 0.2125 0.23125 0.1890625
0 0.328125 0.2140625 0.0796875 0.1484375
1 0.3609375 0.225 0.015625 0.0234375
0 0.359375 0.265625 0.0171875 0.04375
1 0.353125 0.321875 0.0296875 0.05625
1 0.2140625 0.3140625 0.0640625 0.03125
1 0.265625 0.3515625 0.0328125 0.046875
1 0.2703125 0.4109375 0.065625 0.0578125
1 0.3484375 0.4671875 0.040625 0.0390625
1 0.171875 0.39375 0.0484375 0.0875
1 0.096875 0.3515625 0.071875 0.0375
1 0.065625 0.3703125 0.0453125 0.0609375
1 0.021875 0.1703125 0.025 0.0234375
1 0.0109375 0.215625 0.0171875 0.025
1 0.134375 0.4484375 0.03125 0.0484375
1 0.1546875 0.484375 0.0625 0.0546875
1 0.1125 0.484375 0.046875 0.04375
1 0.0625 0.471875 0.078125 0.059375
1 0.1359375 0.528125 0.10625 0.021875
1 0.025 0.5125 0.046875 0.053125
1 0.5203125 0.18984375 0.003125 0.0078125
1 0.5625 0.2921875 0.0078125 0.0140625
1 0.6578125 0.3515625 0.009375 0.0078125
1 0.734375 0.4640625 0.0109375 0.015625
1 0.7328125 0.4953125 0.0359375 0.0203125
1 0.75 0.45 0.015625 0.0078125
1 0.7953125 0.36875 0.009375 0.0109375
1 0.790625 0.0796875 0.021875 0.021875
1 0.846875 0.053125 0.0109375 0.0140625
1 0.9078125 0.1890625 0.0046875 0.0109375
1 0.8625 0.1328125 0.040625 0.0203125
1 0.784375 0.175 0.01875 0.0328125
1 0.6703125 0.171875 0.0171875 0.0234375
1 0.6171875 0.1484375 0.0078125 0.0078125
1 0.6234375 0.2484375 0.0453125 0.034375
1 0.584375 0.2984375 0.0125 0.009375
1 0.58984375 0.525 0.0390625 0.028125
1 0.74375 0.4 0.0328125 0.0234375
1 0.95625 0.475 0.00625 0.0078125
0 0.9390625 0.5046875 0.0546875 0.0203125
0 0.5625 0.43125 0.0875 0.215625
0 0.6453125 0.36875 0.225 0.340625
1 0.865625 0.3578125 0.10625 0.121875
0 0.8734375 0.3421875 0.1875 0.3125
0 0.4765625 0.815625 0.059375 0.0625
0 0.403125 0.771875 0.165625 0.0875
0 0.3078125 0.784375 0.0546875 0.0875
0 0.1703125 0.753125 0.1890625 0.16875
0 0.046875 0.7875 0.0484375 0.075
1 0.23125 0.9515625 0.0140625 0.0171875
1 0.884375 0.55546875 0.05625 0.0328125
1 0.878125 0.815625 0.0515625 0.0578125
1 0.740625 0.6625 0.025 0.021875
0 0.8234375 0.88203125 0.334375 0.2359375
0 0.69375 0.896875 0.178125 0.20625