1 0.1265625 0.109375 0.0078125 0.0125
1 0.01875 0.1890625 0.0078125 0.0078125
1 0.2296875 0.225 0.0140625 0.00625
1 0.065625 0.2296875 0.01875 0.0171875
0 0.3140625 0.1015625 0.090625 0.0640625
0 0.2265625 0.109375 0.1609375 0.078125
0 0.31171875 0.19765625 0.1140625 0.2421875
1 0.29765625 0.3140625 0.0234375 0.009375
0 0.125 0.075 0.046875 0.009375
1 0.3703125 0.6140625 0.090625 0.0625
1 0.234375 0.5390625 0.0140625 0.0109375
1 0.271875 0.6078125 0.025 0.015625
1 0.3109375 0.6078125 0.028125 0.0203125
1 0.1984375 0.71875 0.0078125 0.0109375
1 0.1640625 0.7203125 0.0125 0.0078125
1 0.18125 0.3609375 0.0109375 0.0078125
1 0.1171875 0.4265625 0.0390625 0.03125
1 0.1828125 0.453125 0.0125 0.0125
1 0.0171875 0.4546875 0.0078125 0.0125
1 0.4375 0.83125 0.01875 0.015625
1 0.44921875 0.74375 0.0015625 0.00625
1 0.3890625 0.534375 0.00625 0.0078125
0 0.371875 0.73671875 0.15625 0.1953125
1 0.315625 0.7375 0.0125 0.0234375
0 0.3546875 0.38515625 0.10625 0.1328125
1 0.35 0.409375 0.0203125 0.0125
0 0.34921875 0.51484375 0.2015625 0.1921875
1 0.0796875 0.678125 0.0140625 0.0109375
1 0.009375 0.5578125 0.0078125 0.0078125
1 0.00625 0.5265625 0.00625 0.0078125
0 0.6421875 0.8484375 0.1234375 0.125
0 0.6 0.5171875 0.26875 0.265625
0 0.68125 0.4765625 0.13125 0.184375
0 0.715625 0.7109375 0.3109375 0.2203125