1 0.43984375 0.33203125 0.0265625 0.0140625
1 0.4734375 0.32890625 0.025 0.0203125
1 0.49375 0.3140625 0.01875 0.0234375
1 0.45625 0.28125 0.040625 0.0375
1 0.6046875 0.2453125 0.0328125 0.05
1 0.55625 0.1421875 0.021875 0.015625
1 0.5703125 0.1421875 0.025 0.0265625
1 0.6640625 0.16484375 0.009375 0.0421875
1 0.6484375 0.1328125 0.025 0.0359375
1 0.6421875 0.0953125 0.021875 0.0375
1 0.64375 0.0375 0.0234375 0.0390625
1 0.640625 0.01875 0.05625 0.0375
1 0.18125 0.2515625 0.04375 0.0671875
1 0.175 0.21875 0.025 0.021875
1 0.16875 0.1875 0.028125 0.0234375
1 0.2515625 0.175 0.025 0.0296875
1 0.3140625 0.28125 0.028125 0.0390625
1 0.3546875 0.2828125 0.06875 0.059375
1 0.353125 0.24375 0.025 0.0296875
1 0.390625 0.2078125 0.0375 0.0203125
1 0.4453125 0.209375 0.0265625 0.025
1 0.415625 0.1921875 0.028125 0.0265625
1 0.403125 0.1671875 0.040625 0.04375
1 0.3609375 0.1859375 0.040625 0.028125
1 0.3671875 0.125 0.05625 0.0453125
1 0.3546875 0.0953125 0.0671875 0.05625
1 0.409375 0.0875 0.065625 0.0609375
1 0.409375 0.1375 0.021875 0.0265625
1 0.3953125 0.11875 0.034375 0.0359375
1 0.515625 0.2171875 0.0265625 0.0203125
1 0.5203125 0.1765625 0.0203125 0.046875
1 0.53125 0.021875 0.04375 0.034375
1 0.553125 0.0140625 0.075 0.028125
1 0.38984375 0.0171875 0.0640625 0.034375
1 0.18125 0.0109375 0.0625 0.021875
1 0.2078125 0.021875 0.053125 0.0421875
1 0.28828125 0.015625 0.0453125 0.03125
1 0.2625 0.05 0.0859375 0.0625
1 0.2359375 0.1375 0.046875 0.0265625
1 0.2015625 0.0796875 0.0484375 0.0765625
1 0.165625 0.09375 0.0265625 0.021875
1 0.59453125 0.32421875 0.0734375 0.0296875
1 0.296875 0.203125 0.021875 0.0265625
1 0.3171875 0.2453125 0.0203125 0.021875
1 0.228125 0.26875 0.0265625 0.0265625
1 0.253125 0.3140625 0.0140625 0.0203125
1 0.178125 0.3234375 0.034375 0.03125
1 0.840625 0.3265625 0.00625 0.0046875
1 0.8859375 0.1390625 0.0234375 0.034375
1 0.8953125 0.084375 0.0171875 0.021875
1 0.5296875 0.74375 0.0125 0.05625
1 0.5234375 0.4640625 0.0125 0.015625
1 0.5140625 0.8953125 0.009375 0.0078125
1 0.5171875 0.428125 0.0203125 0.0109375
1 0.471875 0.9125 0.01875 0.0203125
1 0.375 0.8015625 0.021875 0.03125
1 0.3546875 0.4015625 0.0125 0.0078125
1 0.346875 0.81875 0.0109375 0.0234375
1 0.3234375 0.4171875 0.0171875 0.0171875
1 0.3078125 0.821875 0.028125 0.0359375
1 0.3109375 0.4015625 0.0265625 0.034375
1 0.2296875 0.621875 0.01875 0.0171875
1 0.20625 0.39375 0.0171875 0.0328125
1 0.1875 0.428125 0.0390625 0.03125
1 0.16875 0.76875 0.0140625 0.015625
1 0.15625 0.79375 0.015625 0.0125
1 0.1265625 0.753125 0.0265625 0.040625
1 0.0953125 0.5703125 0.0203125 0.01875
1 0.090625 0.7125 0.015625 0.0078125
1 0.0828125 0.48125 0.0109375 0.0078125
1 0.0828125 0.434375 0.0140625 0.0125
1 0.0609375 0.7390625 0.0171875 0.034375
1 0.05 0.915625 0.015625 0.021875
1 0.0515625 0.65 0.0171875 0.028125
1 0.0171875 0.759375 0.015625 0.0125
1 0.0875 0.7453125 0.0171875 0.0171875
1 0.103125 0.7328125 0.0328125 0.0296875
1 0.2328125 0.7625 0.0265625 0.0296875
1 0.2609375 0.7609375 0.025 0.028125
1 0.2703125 0.765625 0.028125 0.0125
1 0.28125 0.790625 0.021875 0.0234375
1 0.4546875 0.5296875 0.0171875 0.009375
1 0.453125 0.49375 0.028125 0.0390625
1 0.525 0.6609375 0.0171875 0.025
1 0.528125 0.690625 0.015625 0.0234375
0 0.0578125 0.58125 0.09375 0.11875
1 0.021875 0.6390625 0.009375 0.0171875
1 0.0140625 0.659375 0.0078125 0.0171875
1 0.0296875 0.5375 0.034375 0.0234375
1 0.04375 0.5171875 0.015625 0.0125
0 0.2359375 0.596875 0.325 0.4046875
1 0.2984375 0.5609375 0.0359375 0.025
1 0.39375 0.40625 0.01875 0.0296875
0 0.409375 0.6 0.253125 0.4609375
0 0.36875 0.64375 0.2171875 0.2
1 0.2375 0.4140625 0.0515625 0.0296875
1 0.0171875 0.5171875 0.015625 0.0328125
1 0.1015625 0.3984375 0.0234375 0.015625
1 0.5234375 0.390625 0.0234375 0.0296875
1 0.484375 0.390625 0.028125 0.0390625
1 0.5046875 0.38125 0.0171875 0.0109375
1 0.503125 0.3671875 0.0484375 0.0125
1 0.5078125 0.353125 0.015625 0.015625
1 0.4265625 0.365625 0.04375 0.0390625
1 0.1671875 0.3890625 0.0234375 0.0078125
1 0.1546875 0.3828125 0.0234375 0.0078125
1 0.1625 0.36875 0.05625 0.015625
1 0.16015625 0.35078125 0.0296875 0.0234375
1 0.8578125 0.8421875 0.0390625 0.028125
1 0.8546875 0.765625 0.0234375 0.0203125
1 0.77109375 0.34453125 0.0234375 0.0109375
1 0.7953125 0.34140625 0.015625 0.0046875
1 0.94375 0.446875 0.0140625 0.0109375
1 0.96171875 0.3578125 0.0453125 0.0375
1 0.98671875 0.3421875 0.0234375 0.00625
1 0.8609375 0.4546875 0.0546875 0.0484375
0 0.71875 0.68671875 0.1 0.1734375
1 0.7078125 0.7578125 0.0078125 0.0265625
0 0.94140625 0.6703125 0.1171875 0.271875
0 0.8546875 0.659375 0.2828125 0.296875
1 0.903125 0.5640625 0.009375 0.0140625
1 0.8515625 0.7578125 0.0140625 0.0140625