1 0.6359375 0.0265625 0.0296875 0.0390625
0 0.590625 0.1671875 0.134375 0.184375
1 0.58125 0.1421875 0.0265625 0.0296875
0 0.46015625 0.10625 0.1421875 0.2125
1 0.265625 0.0765625 0.034375 0.0328125
1 0.53125 0.396875 0.0421875 0.0359375
1 0.609375 0.325 0.028125 0.0234375
1 0.6375 0.23125 0.01875 0.0296875
1 0.4296875 0.371875 0.021875 0.021875
1 0.3265625 0.465625 0.03125 0.03125
1 0.3953125 0.5390625 0.0296875 0.025
1 0.46875 0.5265625 0.025 0.034375
1 0.4203125 0.5 0.0140625 0.021875
1 0.4359375 0.18125 0.0234375 0.021875
1 0.171875 0.371875 0.025 0.0328125
1 0.1453125 0.384375 0.01875 0.0375
1 0.2171875 0.0640625 0.0234375 0.0265625
1 0.3984375 0.0796875 0.0984375 0.0375
1 0.6234375 0.11875 0.0234375 0.0171875
1 0.2265625 0.2375 0.0234375 0.03125
0 0.290625 0.165625 0.2609375 0.1625
0 0.1671875 0.1578125 0.0703125 0.1890625
1 0.921875 0.1015625 0.053125 0.0484375
1 0.965625 0.0953125 0.015625 0.0265625
1 0.79375 0.396875 0.0546875 0.0546875
0 0.8796875 0.3953125 0.1109375 0.146875
0 0.9578125 0.3984375 0.084375 0.14375
1 0.8375 0.1234375 0.0171875 0.028125
0 0.49296875 0.925 0.1921875 0.15
0 0.34453125 0.93203125 0.3140625 0.1359375
0 0.17265625 0.85234375 0.2203125 0.2953125
1 0.29375 0.8921875 0.103125 0.0828125
1 0.503125 0.7390625 0.0796875 0.084375
1 0.5671875 0.71875 0.04375 0.0421875
1 0.509375 0.8078125 0.0203125 0.0265625
1 0.578125 0.7546875 0.021875 0.0375
1 0.128125 0.634375 0.0234375 0.01875
0 0.91875 0.96875 0.078125 0.046875
1 0.775 0.8625 0.03125 0.03125
1 0.6828125 0.7234375 0.00625 0.021875
0 0.7296875 0.91640625 0.1 0.1671875
1 0.803125 0.728125 0.01875 0.0171875