1 0.0421875 0.5875 0.0375 0.025
1 0.321875 0.503125 0.015625 0.0140625
1 0.3609375 0.45 0.0296875 0.0515625
1 0.290625 0.5625 0.0078125 0.009375
1 0.29375 0.55625 0.0296875 0.0234375
1 0.35 0.4046875 0.0109375 0.009375
1 0.1171875 0.1328125 0.0171875 0.0078125
0 0.1046875 0.21640625 0.209375 0.1453125
1 0.1484375 0.446875 0.0140625 0.0109375
1 0.14375 0.315625 0.0109375 0.0109375
0 0.2328125 0.2640625 0.3125 0.425
0 0.34375 0.22890625 0.090625 0.3546875
1 0.39140625 0.5671875 0.0046875 0.021875
1 0.4265625 0.546875 0.0140625 0.0234375
1 0.4328125 0.421875 0.021875 0.01875
1 0.465625 0.4625 0.01875 0.0234375
1 0.57578125 0.590625 0.0234375 0.01875
1 0.69921875 0.596875 0.0140625 0.00625
1 0.659375 0.425 0.0546875 0.0390625
0 0.7453125 0.2125 0.0921875 0.1421875
0 0.75 0.1015625 0.0828125 0.046875
1 0.671875 0.021875 0.01875 0.0390625
1 0.5703125 0.4125 0.0171875 0.0234375
1 0.6 0.49375 0.015625 0.01875
1 0.5640625 0.440625 0.015625 0.0171875
0 0.6109375 0.184375 0.3046875 0.3265625
0 0.48671875 0.190625 0.1953125 0.228125
0 0.115625 0.9296875 0.184375 0.140625
0 0.1015625 0.9234375 0.203125 0.153125
1 0.1640625 0.7953125 0.040625 0.0390625
1 0.1 0.634375 0.0171875 0.009375
1 0.80625 0.665625 0.0078125 0.0078125
1 0.69375 0.884375 0.0109375 0.015625
1 0.684375 0.6078125 0.0265625 0.009375
1 0.6671875 0.9046875 0.009375 0.0078125
1 0.5671875 0.9640625 0.009375 0.0078125
1 0.5 0.959375 0.0328125 0.034375
1 0.5 0.6828125 0.0421875 0.0375
1 0.47421875 0.6109375 0.0328125 0.021875
1 0.7296875 0.7234375 0.0421875 0.040625
1 0.83125 0.7640625 0.046875 0.0484375
0 0.8046875 0.8921875 0.10625 0.215625
0 0.65390625 0.8546875 0.3578125 0.290625
0 0.43046875 0.8203125 0.0828125 0.203125
0 0.51875 0.8015625 0.259375 0.275
0 0.5859375 0.8328125 0.0734375 0.1078125