1 0.56015625 0.15234375 0.0171875 0.0328125
1 0.5515625 0.09921875 0.034375 0.0203125
1 0.3984375 0.2796875 0.01875 0.0234375
1 0.3578125 0.303125 0.0328125 0.0515625
1 0.3125 0.2765625 0.06875 0.0515625
1 0.3125 0.19375 0.009375 0.0078125
1 0.2546875 0.1859375 0.040625 0.0265625
1 0.390625 0.115625 0.0171875 0.0140625
1 0.3171875 0.04375 0.065625 0.071875
1 0.328125 0.0875 0.009375 0.0046875
1 0.290625 0.0125 0.0078125 0.009375
1 0.125 0.0234375 0.0296875 0.040625
1 0.08125 0.03515625 0.096875 0.0703125
1 0.109375 0.1203125 0.0421875 0.021875
1 0.0890625 0.1171875 0.015625 0.0109375
1 0.0421875 0.1609375 0.0375 0.0359375
0 0.4703125 0.240625 0.13125 0.1796875
0 0.46953125 0.09609375 0.1984375 0.1921875
1 0.978125 0.01875 0.0234375 0.0203125
1 0.8703125 0.0484375 0.015625 0.0140625
1 0.859375 0.2578125 0.021875 0.0359375
0 0.7234375 0.178125 0.228125 0.2015625
0 0.7078125 0.06875 0.165625 0.1375
1 0.39921875 0.98125 0.0953125 0.0375
1 0.4984375 0.728125 0.0265625 0.025
1 0.178125 0.775 0.0625 0.0671875
1 0.1859375 0.834375 0.0359375 0.0359375
1 0.040625 0.7421875 0.0265625 0.028125
0 0.41484375 0.9109375 0.3078125 0.090625
0 0.40625 0.803125 0.165625 0.2625
1 0.05625 0.825 0.0234375 0.04375
1 0.0703125 0.8484375 0.025 0.028125
1 0.790625 0.6265625 0.065625 0.0390625
0 0.86015625 0.51875 0.2578125 0.0375
0 0.89375 0.5953125 0.2125 0.184375
0 0.83515625 0.85 0.3296875 0.253125
1 0.853125 0.8828125 0.0390625 0.046875