1 0.0609375 0.471875 0.0109375 0.0109375
1 0.0578125 0.3046875 0.021875 0.025
1 0.0734375 0.2578125 0.0296875 0.021875
1 0.0640625 0.125 0.03125 0.0203125
1 0.1390625 0.2703125 0.0234375 0.0140625
1 0.1703125 0.4859375 0.0109375 0.015625
1 0.184375 0.36875 0.03125 0.0109375
1 0.16875 0.29375 0.034375 0.034375
1 0.203125 0.0296875 0.0171875 0.015625
1 0.278125 0.4875 0.009375 0.0078125
1 0.2625 0.171875 0.0453125 0.046875
1 0.2953125 0.2015625 0.025 0.0265625
1 0.00390625 0.1515625 0.0078125 0.015625
0 0.07109375 0.0640625 0.1421875 0.128125
0 0.1703125 0.103125 0.053125 0.0625
0 0.2203125 0.0765625 0.0796875 0.0921875
0 0.271875 0.0921875 0.071875 0.11875
1 0.3015625 0.1546875 0.0109375 0.028125
1 0.2546875 0.11875 0.0265625 0.021875
1 0.1828125 0.378125 0.0125 0.01875
1 0.478125 0.3796875 0.0109375 0.0390625
0 0.4828125 0.4390625 0.0203125 0.0546875
1 0.4921875 0.2203125 0.0078125 0.0140625
1 0.4875 0.2359375 0.025 0.0265625
1 0.5015625 0.4296875 0.0140625 0.0203125
1 0.5109375 0.278125 0.0171875 0.0125
1 0.546875 0.09375 0.04375 0.0234375
1 0.5703125 0.4359375 0.009375 0.009375
0 0.565625 0.38125 0.1671875 0.1015625
1 0.715625 0.36875 0.00625 0.0109375
1 0.746875 0.196875 0.009375 0.009375
0 0.6984375 0.4234375 0.1578125 0.0734375
1 0.79375 0.478125 0.028125 0.0265625
1 0.7875 0.190625 0.0203125 0.015625
1 0.8859375 0.078125 0.028125 0.0359375
1 0.89375 0.3375 0.025 0.0484375
1 0.9671875 0.4953125 0.0125 0.0234375
1 0.5578125 0.04375 0.065625 0.0578125
1 0.509375 0.015625 0.06875 0.03125
0 0.946875 0.44375 0.10625 0.109375
0 0.9140625 0.3984375 0.1015625 0.0625
0 0.846875 0.43125 0.08125 0.1328125
1 0.7875 0.3796875 0.0703125 0.115625
0 0.284375 0.75234375 0.26875 0.2546875
0 0.20625 0.728125 0.196875 0.2203125
1 0.31640625 0.98984375 0.1046875 0.0203125
1 0.2546875 0.621875 0.0234375 0.01875
1 0.325 0.5921875 0.028125 0.0171875
1 0.1296875 0.6171875 0.03125 0.040625
1 0.7125 0.840625 0.059375 0.084375
1 0.8578125 0.95625 0.0390625 0.0375
1 0.625 0.725 0.0625 0.053125
1 0.6671875 0.6859375 0.040625 0.0234375
1 0.7140625 0.615625 0.0703125 0.0734375
1 0.746875 0.5796875 0.0390625 0.06875
1 0.65625 0.609375 0.059375 0.0515625
0 0.44609375 0.65390625 0.0546875 0.0984375
1 0.503125 0.934375 0.0359375 0.0203125
0 0.84453125 0.60703125 0.1390625 0.1953125
0 0.55234375 0.6046875 0.2234375 0.190625
0 0.51015625 0.5515625 0.1828125 0.084375