1 0.00234375 0.45078125 0.0046875 0.0203125
1 0.03359375 0.1171875 0.0671875 0.0875
1 0.121875 0.1203125 0.0375 0.05625
1 0.1484375 0.1046875 0.0140625 0.0265625
1 0.153125 0.13125 0.0078125 0.0125
1 0.1765625 0.425 0.0171875 0.0140625
1 0.2015625 0.075 0.009375 0.015625
1 0.20625 0.15 0.0296875 0.0125
1 0.2234375 0.078125 0.00625 0.0109375
1 0.2171875 0.2171875 0.0234375 0.0203125
1 0.309375 0.06875 0.015625 0.01875
1 0.3828125 0.1234375 0.05 0.0234375
1 0.44375 0.45625 0.009375 0.003125
0 0.4203125 0.109375 0.078125 0.1515625
1 0.2953125 0.1078125 0.09375 0.125
1 0.221875 0.1234375 0.103125 0.0703125
1 0.565625 0.1 0.0109375 0.0171875
1 0.5984375 0.38125 0.0171875 0.0171875
1 0.615625 0.271875 0.0375 0.034375
1 0.6515625 0.0375 0.015625 0.015625
1 0.734375 0.434375 0.01875 0.025
1 0.771875 0.4234375 0.028125 0.021875
1 0.759375 0.25 0.0796875 0.0625
1 0.8125 0.05 0.0109375 0.0203125
1 0.82109375 0.00859375 0.0109375 0.0171875
1 0.834375 0.4078125 0.03125 0.0296875
1 0.83125 0.44375 0.0375 0.034375
0 0.8515625 0.47890625 0.090625 0.1015625
0 0.63125 0.40546875 0.184375 0.2484375
1 0.56796875 0.4890625 0.0578125 0.08125
0 0.346875 0.57734375 0.0875 0.0953125
1 0.378125 0.65 0.025 0.0453125
1 0.328125 0.7578125 0.121875 0.1546875
1 0.3265625 0.690625 0.034375 0.0625
1 0.278125 0.7015625 0.096875 0.0734375
0 0.2296875 0.59921875 0.115625 0.1390625
0 0.13828125 0.5984375 0.0890625 0.1375
1 0.125 0.7046875 0.0375 0.0546875
0 0.04296875 0.5859375 0.0859375 0.1125
1 0.0734375 0.6515625 0.0359375 0.03125
1 0.025 0.79375 0.046875 0.0546875
1 0.03984375 0.8296875 0.0796875 0.071875
1 0.1 0.7890625 0.0390625 0.046875
1 0.090625 0.8453125 0.03125 0.0375
1 0.08125 0.7359375 0.0203125 0.021875
1 0.075 0.8109375 0.021875 0.025
1 0.1078125 0.9171875 0.015625 0.028125
1 0.190625 0.8734375 0.034375 0.034375
1 0.2359375 0.9 0.046875 0.0390625
1 0.315625 0.953125 0.046875 0.06875
1 0.27265625 0.97890625 0.0609375 0.0421875
1 0.3625 0.95625 0.0546875 0.059375
1 0.0625 0.9375 0.0203125 0.0265625
1 0.8640625 0.771875 0.0515625 0.0578125
1 0.878125 0.9375 0.03125 0.0265625
1 0.98671875 0.97734375 0.0265625 0.0453125
1 0.9328125 0.971875 0.015625 0.0265625
1 0.7109375 0.9453125 0.0546875 0.0453125
0 0.6515625 0.9453125 0.103125 0.109375