1 0.0421875 0.1359375 0.0140625 0.015625
1 0.1859375 0.2265625 0.0703125 0.0671875
1 0.1296875 0.40625 0.05625 0.05625
1 0.3640625 0.3546875 0.01875 0.021875
0 0.4703125 0.484375 0.171875 0.1328125
0 0.45625 0.13125 0.1703125 0.2125
0 0.48125 0.065625 0.0390625 0.084375
0 0.746875 0.4765625 0.134375 0.140625
0 0.8359375 0.35 0.2234375 0.2078125
1 0.8109375 0.2265625 0.0109375 0.0109375
1 0.7125 0.225 0.015625 0.0078125
1 0.775 0.2109375 0.0125 0.0140625
1 0.71875 0.1859375 0.0109375 0.0125
1 0.903125 0.15625 0.0171875 0.01875
0 0.8109375 0.0609375 0.0875 0.08125
0 0.7140625 0.025 0.0171875 0.009375
1 0.44375 0.8328125 0.0078125 0.015625
1 0.3984375 0.8203125 0.009375 0.0140625
1 0.4953125 0.8 0.0109375 0.0109375
0 0.25625 0.803125 0.2515625 0.0765625
1 0.23125 0.75625 0.015625 0.0125
1 0.2703125 0.7578125 0.021875 0.0203125
1 0.0984375 0.753125 0.0203125 0.015625
1 0.6265625 0.728125 0.05 0.0390625
1 0.2234375 0.7203125 0.0296875 0.0234375
1 0.19140625 0.68828125 0.0171875 0.0171875
1 0.4953125 0.6875 0.0125 0.015625
1 0.5625 0.6890625 0.034375 0.01875
1 0.00546875 0.784375 0.0109375 0.03125
1 0.0421875 0.7796875 0.05 0.0265625
1 0.0078125 0.834375 0.0140625 0.0140625
1 0.475 0.7265625 0.015625 0.009375
1 0.9921875 0.984375 0.015625 0.015625
1 0.7671875 0.9734375 0.009375 0.0140625
1 0.7328125 0.9609375 0.009375 0.009375
1 0.9453125 0.828125 0.03125 0.0171875
1 0.9765625 0.81875 0.025 0.01875
1 0.9703125 0.790625 0.009375 0.0109375
1 0.93125 0.790625 0.0203125 0.021875