1 0.0234375 0.25859375 0.046875 0.0890625
1 0.1984375 0.084375 0.015625 0.01875
1 0.3546875 0.2796875 0.0078125 0.0140625
1 0.4421875 0.2953125 0.01875 0.015625
1 0.56875 0.2625 0.01875 0.025
1 0.565625 0.353125 0.009375 0.0125
1 0.4890625 0.3484375 0.0203125 0.01875
1 0.5421875 0.4703125 0.0296875 0.01875
0 0.5078125 0.5125 0.0546875 0.028125
0 0.4921875 0.4875 0.0703125 0.0796875
1 0.478125 0.4546875 0.0046875 0.0078125
0 0.484375 0.3171875 0.1171875 0.1578125
1 0.4109375 0.1984375 0.0359375 0.0328125
0 0.4890625 0.0171875 0.034375 0.034375
1 0.6671875 0.0421875 0.0078125 0.0140625
1 0.609375 0.0375 0.0078125 0.0078125
1 0.678125 0.296875 0.03125 0.01875
1 0.6703125 0.3734375 0.01875 0.0234375
1 0.6609375 0.415625 0.0171875 0.015625
1 0.3015625 0.521875 0.0265625 0.0109375
1 0.3453125 0.4734375 0.0078125 0.0171875
1 0.228125 0.471875 0.00625 0.015625
1 0.240625 0.4203125 0.0109375 0.0125
1 0.2140625 0.33125 0.025 0.015625
1 0.1734375 0.1828125 0.01875 0.0140625
1 0.2796875 0.09375 0.015625 0.0203125
1 0.2921875 0.165625 0.0109375 0.009375
1 0.490625 0.1515625 0.015625 0.0109375
1 0.5421875 0.1828125 0.0125 0.009375
0 0.5390625 0.1671875 0.228125 0.0796875
1 0.134375 0.171875 0.009375 0.0109375
1 0.99765625 0.3890625 0.0046875 0.00625
1 0.9359375 0.2625 0.028125 0.0375
1 0.990625 0.240625 0.0125 0.0328125
1 0.9375 0.1953125 0.009375 0.0171875
1 0.9765625 0.078125 0.0125 0.009375
1 0.7390625 0.4703125 0.078125 0.115625
1 0.56875 0.99765625 0.009375 0.0046875
1 0.05234375 0.99609375 0.0171875 0.0078125
1 0.2265625 0.978125 0.08125 0.04375
1 0.0421875 0.9703125 0.0296875 0.0265625
1 0.615625 0.9546875 0.0390625 0.0421875
1 0.69375 0.93125 0.0125 0.028125
1 0.6453125 0.8890625 0.009375 0.0125
0 0.196875 0.9296875 0.0765625 0.109375
0 0.2484375 0.9203125 0.046875 0.090625
1 0.2796875 0.925 0.03125 0.0390625
1 0.9 0.7484375 0.05 0.0359375
1 0.8921875 0.784375 0.0625 0.0390625