0 0.1171875 0.2125 0.203125 0.1109375
0 0.05078125 0.2046875 0.1015625 0.06875
1 0.0234375 0.4375 0.046875 0.159375
1 0.1328125 0.421875 0.059375 0.040625
1 0.275 0.3859375 0.13125 0.1046875
1 0.2484375 0.1703125 0.046875 0.0578125
1 0.0140625 0.5171875 0.015625 0.021875
1 0.1859375 0.4421875 0.021875 0.021875
1 0.071875 0.35625 0.021875 0.03125
1 0.0515625 0.375 0.0265625 0.03125
1 0.08125 0.3984375 0.0265625 0.028125
1 0.0546875 0.3390625 0.028125 0.0234375
1 0.1515625 0.38125 0.025 0.03125
1 0.303125 0.2015625 0.021875 0.0265625
1 0.321875 0.234375 0.021875 0.0265625
1 0.3296875 0.2 0.0140625 0.0265625
0 0.20625 0.2484375 0.1609375 0.090625
1 0.1203125 0.2625 0.0328125 0.0421875
1 0.0953125 0.146875 0.0140625 0.0234375
1 0.128125 0.01875 0.0296875 0.021875
1 0.1078125 0.0703125 0.0265625 0.028125
1 0.0296875 0.0125 0.021875 0.0234375
1 0.021875 0.071875 0.0078125 0.0171875
1 0.796875 0.4625 0.040625 0.04375
1 0.7234375 0.359375 0.0390625 0.046875
1 0.6921875 0.2703125 0.0421875 0.053125
1 0.68125 0.20625 0.0296875 0.0515625
1 0.7421875 0.21875 0.0375 0.025
1 0.78125 0.2359375 0.0421875 0.03125
0 0.8015625 0.128125 0.0703125 0.1125
1 0.7640625 0.375 0.0296875 0.0421875
1 0.678125 0.43125 0.046875 0.0390625
1 0.5375 0.4609375 0.0328125 0.0296875
1 0.496875 0.4984375 0.0328125 0.03125
1 0.43671875 0.496875 0.0359375 0.028125
1 0.6265625 0.3265625 0.025 0.0171875
1 0.8109375 0.0296875 0.05 0.034375
1 0.6015625 0.0578125 0.046875 0.0265625
1 0.5171875 0.02109375 0.134375 0.0421875
1 0.428125 0.0109375 0.01875 0.021875
1 0.45 0.259375 0.0375 0.0390625
0 0.66875 0.1171875 0.1328125 0.0953125
1 0.65625 0.184375 0.0234375 0.0328125
0 0.553125 0.1234375 0.0859375 0.10625
1 0.5171875 0.05 0.03125 0.0265625
0 0.478125 0.1078125 0.0671875 0.15
0 0.434375 0.1234375 0.03125 0.1125
1 0.5734375 0.2421875 0.01875 0.0359375
1 0.8078125 0.5140625 0.0296875 0.0265625
1 0.69921875 0.02421875 0.1078125 0.0484375
1 0.3625 0.64765625 0.1125 0.1203125
1 0.1921875 0.6390625 0.0109375 0.028125
1 0.19375 0.7578125 0.015625 0.015625
0 0.303125 0.93828125 0.23125 0.1234375
0 0.30703125 0.9421875 0.2234375 0.115625
1 0.83359375 0.98828125 0.1046875 0.0234375
1 0.934375 0.9890625 0.01875 0.01875
1 0.68203125 0.97578125 0.0515625 0.0484375
1 0.659375 0.9625 0.015625 0.065625
1 0.690625 0.9328125 0.021875 0.0171875
1 0.6859375 0.91875 0.0296875 0.0171875
1 0.9796875 0.9859375 0.0140625 0.0125
1 0.9890625 0.8890625 0.021875 0.025
1 0.8859375 0.8921875 0.0484375 0.053125
1 0.9421875 0.8515625 0.065625 0.0734375
1 0.940625 0.9 0.0234375 0.05625
1 0.9015625 0.8265625 0.034375 0.0265625
1 0.7953125 0.8703125 0.040625 0.034375
1 0.8171875 0.896875 0.0421875 0.0375
1 0.7859375 0.928125 0.0234375 0.0125
1 0.7765625 0.915625 0.03125 0.0140625
1 0.78125 0.8953125 0.0625 0.04375
1 0.7515625 0.934375 0.021875 0.015625
1 0.7171875 0.8703125 0.05 0.0765625
1 0.790625 0.8078125 0.0609375 0.0484375
1 0.9765625 0.6046875 0.046875 0.0875
1 0.9953125 0.5765625 0.009375 0.025
1 0.9484375 0.609375 0.0484375 0.0265625
0 0.93984375 0.7078125 0.1203125 0.16875
1 0.95 0.8046875 0.028125 0.021875
1 0.9296875 0.784375 0.04375 0.015625
1 0.91875 0.8 0.0140625 0.0078125
1 0.9359375 0.7453125 0.028125 0.0625
1 0.896875 0.725 0.06875 0.046875
1 0.8859375 0.74375 0.01875 0.009375
1 0.896875 0.6484375 0.03125 0.0265625
1 0.8890625 0.665625 0.0140625 0.009375
1 0.8796875 0.6859375 0.015625 0.009375
1 0.8453125 0.6921875 0.034375 0.0203125
1 0.8171875 0.70625 0.0234375 0.0328125
1 0.7515625 0.7890625 0.0578125 0.0265625
1 0.7421875 0.825 0.03125 0.0296875
1 0.7140625 0.78125 0.084375 0.0546875
0 0.7109375 0.709375 0.0984375 0.1234375
1 0.76875 0.6703125 0.0203125 0.01875
1 0.6578125 0.6671875 0.0109375 0.0890625
1 0.8140625 0.653125 0.0234375 0.0171875
1 0.79375 0.65625 0.015625 0.028125
1 0.83125 0.6296875 0.015625 0.015625
1 0.84375 0.609375 0.0234375 0.0171875
1 0.7421875 0.609375 0.0140625 0.0296875
1 0.725 0.59375 0.04375 0.0359375
1 0.684375 0.584375 0.0234375 0.01875
1 0.7703125 0.5828125 0.0328125 0.059375
1 0.7625 0.6171875 0.0140625 0.0171875
1 0.7125 0.55 0.0515625 0.0359375
1 0.7703125 0.546875 0.015625 0.0109375
1 0.746875 0.5359375 0.034375 0.0125
1 0.80234375 0.5515625 0.0734375 0.04375
1 0.85546875 0.546875 0.0453125 0.034375
1 0.9078125 0.575 0.0296875 0.0234375