1 0.1453125 0.3859375 0.0140625 0.0046875
1 0.259375 0.053125 0.0140625 0.0046875
1 0.021875 0.05 0.0421875 0.0328125
1 0.071875 0.2578125 0.021875 0.0296875
1 0.11875 0.265625 0.0375 0.03125
1 0.1140625 0.346875 0.0390625 0.0328125
1 0.1453125 0.1921875 0.0234375 0.028125
1 0.2390625 0.2171875 0.0125 0.0109375
0 0.3703125 0.3125 0.234375 0.1828125
1 0.3 0.171875 0.009375 0.0046875
1 0.3265625 0.1703125 0.025 0.021875
1 0.3734375 0.084375 0.0734375 0.0359375
1 0.31875 0.0984375 0.0625 0.01875
1 0.303125 0.0578125 0.0421875 0.0171875
0 0.40234375 0.04921875 0.1890625 0.0984375
1 0.44375 0.0765625 0.0203125 0.0265625
1 0.4953125 0.340625 0.0234375 0.0359375
1 0.996875 0.26953125 0.00625 0.0109375
0 0.775 0.25625 0.053125 0.0375
0 0.79375 0.225 0.0203125 0.0140625
1 0.928125 0.2109375 0.0359375 0.03125
0 0.796875 0.1765625 0.1484375 0.1140625
1 0.8546875 0.0796875 0.0390625 0.0375
1 0.6921875 0.0375 0.0234375 0.0328125
0 0.80859375 0.0109375 0.0578125 0.021875
1 0.6328125 0.0234375 0.01875 0.0171875
1 0.63359375 0.00390625 0.0203125 0.0078125
0 0.7796875 0.109375 0.0359375 0.0859375
1 0.928125 0.121875 0.025 0.0140625
1 0.74375 0.125 0.06875 0.05
1 0.8203125 0.0359375 0.015625 0.0171875
1 0.803125 0.05625 0.0171875 0.015625
1 0.9390625 0.1953125 0.0140625 0.021875
1 0.99296875 0.18359375 0.0140625 0.0171875
1 0.98671875 0.04609375 0.0265625 0.0234375
1 0.99609375 0.1140625 0.0078125 0.015625
1 0.9796875 0.1953125 0.01875 0.0171875
1 0.9671875 0.090625 0.0140625 0.015625
1 0.9453125 0.071875 0.015625 0.0125
1 0.0546875 0.7421875 0.0171875 0.0203125
1 0.0578125 0.6953125 0.01875 0.028125
1 0.21875 0.4484375 0.0125 0.0125
1 0.1734375 0.4453125 0.015625 0.0125
1 0.15 0.53125 0.01875 0.0234375
1 0.11875 0.5421875 0.0171875 0.0171875
1 0.2234375 0.55 0.0203125 0.0171875
1 0.2296875 0.5625 0.0390625 0.015625
1 0.1984375 0.5765625 0.021875 0.021875
1 0.2171875 0.5890625 0.0234375 0.0328125
1 0.2140625 0.59375 0.034375 0.009375
1 0.2234375 0.571875 0.025 0.021875
1 0.3046875 0.6015625 0.028125 0.025
1 0.2203125 0.665625 0.0234375 0.0234375
1 0.284375 0.665625 0.0234375 0.0203125
1 0.190625 0.7109375 0.03125 0.0234375
1 0.21875 0.725 0.028125 0.028125
1 0.253125 0.7328125 0.01875 0.03125
1 0.2484375 0.734375 0.03125 0.0296875
1 0.271875 0.8265625 0.0234375 0.025
1 0.2234375 0.8046875 0.0328125 0.0328125
1 0.2515625 0.78125 0.046875 0.0296875
1 0.28125 0.784375 0.03125 0.0359375
1 0.2234375 0.896875 0.025 0.01875
1 0.2328125 0.85 0.0234375 0.0203125
1 0.2453125 0.834375 0.021875 0.0234375
1 0.2578125 0.8453125 0.01875 0.0203125
1 0.3546875 0.459375 0.01875 0.0296875
1 0.34375 0.5078125 0.0234375 0.0234375
1 0.3640625 0.5140625 0.0234375 0.0296875
1 0.39140625 0.440625 0.0234375 0.003125
1 0.3703125 0.44140625 0.01875 0.0046875
0 0.4234375 0.47421875 0.13125 0.0703125
1 0.35 0.4828125 0.0078125 0.0109375
1 0.384375 0.515625 0.01875 0.015625
0 0.4765625 0.4984375 0.096875 0.11875
1 0.5203125 0.4515625 0.0265625 0.025
0 0.4234375 0.6078125 0.0921875 0.134375
0 0.4265625 0.5625 0.121875 0.090625
1 0.4546875 0.634375 0.0140625 0.009375
1 0.375 0.6484375 0.0078125 0.01875
1 0.3671875 0.621875 0.0265625 0.0171875
1 0.378125 0.609375 0.009375 0.01875
1 0.3953125 0.6109375 0.01875 0.0109375
1 0.4 0.6390625 0.0109375 0.015625
1 0.3921875 0.5984375 0.0171875 0.009375
1 0.45625 0.6640625 0.015625 0.0125
1 0.3328125 0.7078125 0.03125 0.0234375
1 0.3625 0.703125 0.021875 0.0171875
1 0.5171875 0.7046875 0.028125 0.0328125
1 0.525 0.6140625 0.0203125 0.021875
0 0.421875 0.765625 0.15 0.1171875
0 0.43125 0.840625 0.134375 0.153125
0 0.3828125 0.91875 0.053125 0.0453125
0 0.4421875 0.921875 0.0703125 0.0390625
1 0.55 0.8125 0.01875 0.0234375
1 0.559375 0.8046875 0.0125 0.0171875
1 0.534375 0.8359375 0.01875 0.01875
1 0.559375 0.6625 0.015625 0.0140625
1 0.16875 0.56875 0.009375 0.015625
1 0.1984375 0.6453125 0.0203125 0.015625
1 0.26875 0.809375 0.0203125 0.0140625
1 0.9328125 0.6828125 0.0140625 0.015625
1 0.6171875 0.5421875 0.0421875 0.0265625
0 0.84375 0.7921875 0.053125 0.0515625
1 0.8890625 0.640625 0.053125 0.0390625
1 0.6875 0.6125 0.0109375 0.0125
0 0.86484375 0.61015625 0.2703125 0.1671875
0 0.88125 0.496875 0.15625 0.115625
1 0.8953125 0.7609375 0.046875 0.034375
0 0.909375 0.7515625 0.1171875 0.1296875
1 0.9671875 0.7375 0.0453125 0.04375