1 0.2953125 0.2265625 0.0296875 0.03125
0 0.38984375 0.1140625 0.1796875 0.15
0 0.35234375 0.21796875 0.2546875 0.2921875
0 0.36328125 0.3828125 0.2328125 0.134375
0 0.584375 0.0609375 0.1109375 0.0546875
1 0.52578125 0.4296875 0.0921875 0.040625
1 0.48671875 0.31796875 0.0140625 0.0171875
1 0.6328125 0.3890625 0.03125 0.05
1 0.0515625 0.63125 0.0234375 0.03125
1 0.0875 0.615625 0.0265625 0.028125
0 0.1125 0.6578125 0.065625 0.0828125
1 0.04375 0.6890625 0.0109375 0.015625
1 0.1796875 0.653125 0.0171875 0.015625
1 0.2484375 0.690625 0.0328125 0.03125
0 0.0875 0.7609375 0.1609375 0.1515625
1 0.15625 0.6953125 0.009375 0.009375
0 0.08203125 0.80234375 0.1640625 0.0953125
0 0.10390625 0.97734375 0.2078125 0.0453125
1 0.090625 0.928125 0.140625 0.103125
1 0.15625 0.940625 0.0390625 0.021875
1 0.1734375 0.9390625 0.0140625 0.0171875
0 0.1046875 0.865625 0.090625 0.075
1 0.290625 0.9609375 0.0359375 0.0265625
1 0.3046875 0.9265625 0.03125 0.034375
1 0.47265625 0.83515625 0.0140625 0.0296875
1 0.3953125 0.6421875 0.0171875 0.01875
1 0.325 0.6765625 0.01875 0.0125
1 0.828125 0.625 0.0359375 0.0453125
1 0.659375 0.55 0.05 0.04375
1 0.83984375 0.48125 0.0828125 0.0625
0 0.6359375 0.4921875 0.14375 0.084375
1 0.6875 0.47109375 0.0625 0.0421875
1 0.575 0.53359375 0.096875 0.1671875
1 0.55 0.5875 0.06875 0.0484375
1 0.5078125 0.5671875 0.03125 0.021875
0 0.6453125 0.659375 0.2265625 0.13125
1 0.64375 0.7328125 0.1171875 0.1109375
1 0.859375 0.6046875 0.034375 0.025