1 0.54765625 0.04296875 0.0046875 0.0046875
1 0.109375 0.04375 0.0109375 0.00625
1 0.1609375 0.196875 0.0140625 0.0171875
1 0.4484375 0.21875 0.015625 0.0078125
1 0.346875 0.265625 0.00625 0.0109375
1 0.471875 0.03125 0.0234375 0.025
1 0.45 0.065625 0.015625 0.0375
1 0.4234375 0.1484375 0.1109375 0.09375
1 0.3546875 0.1234375 0.034375 0.0609375
1 0.334375 0.096875 0.0328125 0.0296875
0 0.1859375 0.0390625 0.3625 0.078125
1 0.36171875 0.32578125 0.0421875 0.0265625
1 0.0171875 0.31171875 0.034375 0.0140625
0 0.17265625 0.23125 0.3453125 0.215625
0 0.7421875 0.215625 0.25 0.1203125
0 0.7140625 0.07890625 0.30625 0.1578125
1 0.9515625 0.1390625 0.0703125 0.0484375
1 0.8375 0.221875 0.0140625 0.0140625
1 0.2765625 0.41875 0.0078125 0.0078125
1 0.0765625 0.734375 0.0109375 0.00625
1 0.1109375 0.75 0.0234375 0.01875
1 0.4171875 0.5890625 0.0234375 0.0296875
1 0.503125 0.425 0.0546875 0.05625
1 0.4671875 0.4171875 0.015625 0.0171875
0 0.090625 0.4828125 0.18125 0.2875
0 0.14375 0.390625 0.2875 0.103125
1 0.02421875 0.59765625 0.0484375 0.0265625
1 0.0140625 0.73046875 0.028125 0.0703125
1 0.059375 0.7125 0.021875 0.05
1 0.9890625 0.8421875 0.0203125 0.0140625
1 0.9859375 0.8046875 0.0265625 0.0359375
1 0.99140625 0.8078125 0.0171875 0.0125
1 0.978125 0.7875 0.0296875 0.0125
1 0.9765625 0.7796875 0.0109375 0.0140625
1 0.9875 0.771875 0.015625 0.0171875
1 0.9671875 0.7734375 0.0140625 0.0140625
1 0.996875 0.753125 0.00625 0.021875
1 0.99765625 0.5625 0.0046875 0.021875
1 0.9875 0.5765625 0.0234375 0.0203125
1 0.996875 0.50390625 0.00625 0.0203125
1 0.9953125 0.45703125 0.009375 0.0171875
1 0.9640625 0.415625 0.0265625 0.0265625
1 0.95 0.4125 0.0234375 0.0234375
1 0.94375 0.4390625 0.015625 0.0140625
1 0.93125 0.4390625 0.0140625 0.0140625
1 0.95 0.48125 0.021875 0.03125
1 0.959375 0.53125 0.0234375 0.0265625
1 0.9453125 0.5453125 0.00625 0.0140625
1 0.9625 0.5625 0.034375 0.0390625
1 0.9359375 0.578125 0.0125 0.0140625
1 0.915625 0.6421875 0.015625 0.01875
1 0.93125 0.6546875 0.0265625 0.021875
1 0.9625 0.7015625 0.0203125 0.0125
1 0.9375 0.6890625 0.03125 0.025
1 0.915625 0.7046875 0.0171875 0.015625
1 0.925 0.8140625 0.0296875 0.021875
1 0.9578125 0.878125 0.015625 0.015625
1 0.9390625 0.8640625 0.0140625 0.0109375
1 0.91875 0.853125 0.015625 0.015625
1 0.9078125 0.79375 0.0265625 0.0265625
1 0.8953125 0.503125 0.0140625 0.0125
1 0.859375 0.4421875 0.0265625 0.0234375
1 0.821875 0.5984375 0.0578125 0.0484375
1 0.8140625 0.609375 0.025 0.028125
1 0.840625 0.7109375 0.03125 0.0234375
1 0.771875 0.80625 0.0140625 0.021875
1 0.8078125 0.7953125 0.0171875 0.0140625
1 0.7703125 0.7765625 0.028125 0.0234375
1 0.7796875 0.753125 0.0171875 0.0140625
1 0.796875 0.6703125 0.078125 0.071875
1 0.771875 0.6609375 0.0375 0.046875
1 0.7625 0.584375 0.0078125 0.0125
1 0.6515625 0.4453125 0.025 0.0234375
1 0.6625 0.434375 0.0171875 0.0234375
1 0.6875 0.4359375 0.015625 0.0125
1 0.63125 0.4203125 0.0125 0.015625
1 0.709375 0.5671875 0.015625 0.0125
1 0.6578125 0.6203125 0.0234375 0.01875
1 0.6546875 0.59375 0.0171875 0.0203125
1 0.6765625 0.6515625 0.021875 0.01875
1 0.653125 0.6890625 0.0203125 0.0234375
1 0.634375 0.7015625 0.0140625 0.015625
1 0.66875 0.7125 0.0125 0.0109375
1 0.7015625 0.7046875 0.0140625 0.0234375
1 0.7109375 0.7234375 0.025 0.0265625
1 0.6859375 0.7640625 0.009375 0.0109375
1 0.640625 0.878125 0.0171875 0.0234375
1 0.6234375 0.8703125 0.01875 0.0171875
1 0.565625 0.8453125 0.0203125 0.0265625
1 0.55234375 0.8296875 0.0046875 0.015625
1 0.55390625 0.84375 0.0078125 0.015625
1 0.5546875 0.75078125 0.009375 0.0265625
1 0.553125 0.6859375 0.00625 0.028125
1 0.565625 0.675 0.0203125 0.0140625
1 0.55859375 0.63046875 0.0171875 0.0234375
1 0.5515625 0.61328125 0.003125 0.0171875
1 0.55546875 0.6125 0.0109375 0.025
1 0.559375 0.50546875 0.01875 0.0203125
1 0.553125 0.46875 0.00625 0.025
1 0.58125 0.45625 0.0140625 0.0140625
1 0.5671875 0.425 0.0203125 0.0140625
0 0.721875 0.396875 0.1328125 0.0640625
1 0.7421875 0.4046875 0.0265625 0.0484375
0 0.7359375 0.528125 0.0859375 0.075
1 0.7859375 0.5546875 0.0375 0.0171875
1 0.71875 0.509375 0.025 0.0203125
0 0.7375 0.878125 0.0984375 0.0234375
1 0.7875 0.8328125 0.01875 0.0078125
0 0.7328125 0.8265625 0.1328125 0.084375
0 0.74375 0.6671875 0.0859375 0.15
0 0.753125 0.4640625 0.0984375 0.0734375