0 0.25234375 0.4125 0.0734375 0.09375
1 0.0875 0.30625 0.046875 0.028125
1 0.0125 0.41484375 0.025 0.0265625
1 0.95 0.4359375 0.028125 0.021875
1 0.596875 0.3265625 0.034375 0.0375
1 0.5640625 0.4296875 0.0171875 0.025
1 0.4671875 0.3359375 0.03125 0.03125
1 0.5109375 0.2765625 0.040625 0.0375
1 0.471875 0.2234375 0.0765625 0.0765625
1 0.625 0.265625 0.04375 0.028125
1 0.5453125 0.4765625 0.015625 0.015625
1 0.5203125 0.2 0.0546875 0.0609375
1 0.534375 0.1203125 0.04375 0.05
1 0.3796875 0.2828125 0.04375 0.0328125
1 0.3390625 0.325 0.028125 0.028125
1 0.3046875 0.33046875 0.03125 0.0484375
1 0.390625 0.1640625 0.0140625 0.025
1 0.3140625 0.1046875 0.021875 0.0375
1 0.353125 0.0828125 0.0390625 0.03125
1 0.5015625 0.3140625 0.0203125 0.0140625
1 0.340625 0.28125 0.015625 0.0203125
1 0.4 0.1875 0.021875 0.0171875
1 0.5734375 0.509375 0.015625 0.01875
0 0.834375 0.4234375 0.33125 0.2125
0 0.82890625 0.26171875 0.3421875 0.3609375
0 0.809375 0.1515625 0.284375 0.1734375
1 0.1390625 0.78125 0.0640625 0.0578125
0 0.25625 0.74921875 0.065625 0.3015625
0 0.25390625 0.62421875 0.0703125 0.1828125
1 0.0234375 0.625 0.0125 0.0359375
1 0.9828125 0.553125 0.034375 0.025
1 0.9953125 0.56796875 0.009375 0.0328125
1 0.9453125 0.56875 0.0328125 0.04375
1 0.925 0.5828125 0.021875 0.034375
1 0.8953125 0.575 0.0171875 0.0171875
1 0.9046875 0.6140625 0.0203125 0.0359375
1 0.871875 0.6046875 0.0265625 0.034375
0 0.965625 0.6890625 0.06875 0.11875
0 0.9890625 0.775 0.021875 0.203125
0 0.96875 0.86015625 0.0625 0.0734375
0 0.9921875 0.92890625 0.015625 0.0421875
1 0.9375 0.921875 0.040625 0.05
1 0.840625 0.928125 0.0375 0.03125
1 0.8421875 0.9171875 0.0453125 0.0375
1 0.8125 0.940625 0.0328125 0.021875
1 0.7765625 0.928125 0.028125 0.0328125
1 0.8 0.8953125 0.01875 0.0390625
1 0.8203125 0.8640625 0.034375 0.0359375
1 0.9140625 0.8109375 0.0265625 0.0296875
1 0.825 0.8140625 0.0265625 0.0234375
1 0.7953125 0.846875 0.0234375 0.0296875
1 0.7328125 0.8859375 0.034375 0.0421875
1 0.7328125 0.9203125 0.021875 0.03125
1 0.78125 0.890625 0.0203125 0.0421875
1 0.8171875 0.7921875 0.015625 0.015625
1 0.953125 0.6578125 0.0375 0.03125
1 0.90625 0.6703125 0.0296875 0.0203125
1 0.88125 0.69375 0.01875 0.0265625
1 0.8453125 0.615625 0.0234375 0.028125
1 0.8234375 0.6140625 0.0234375 0.01875
1 0.8125 0.634375 0.0265625 0.025
1 0.80859375 0.53515625 0.0484375 0.0109375
1 0.5859375 0.58125 0.0234375 0.025
1 0.65 0.6265625 0.0328125 0.0203125
1 0.8125 0.7421875 0.025 0.034375
1 0.8125 0.765625 0.034375 0.0234375
1 0.796875 0.8171875 0.0171875 0.015625
1 0.7640625 0.85 0.0296875 0.0125
1 0.7171875 0.7375 0.06875 0.0609375
1 0.6671875 0.7109375 0.05625 0.0546875
1 0.6859375 0.6984375 0.0234375 0.015625
1 0.7203125 0.7859375 0.0234375 0.03125
1 0.615625 0.9234375 0.0234375 0.025
1 0.6953125 0.8875 0.03125 0.021875
1 0.5875 0.90625 0.0359375 0.034375
1 0.6515625 0.83125 0.025 0.028125
1 0.6265625 0.8890625 0.021875 0.0203125
1 0.5359375 0.9265625 0.0328125 0.0265625
0 0.4703125 0.93125 0.028125 0.0390625
1 0.4625 0.9046875 0.0328125 0.0421875
1 0.58125 0.8171875 0.0203125 0.0109375
1 0.575 0.7890625 0.015625 0.01875
1 0.5625 0.784375 0.0234375 0.028125
1 0.6046875 0.7671875 0.0140625 0.01875
0 0.475 0.8234375 0.0734375 0.1078125
1 0.528125 0.821875 0.03125 0.0234375
1 0.453125 0.784375 0.0421875 0.0328125
1 0.41875 0.7765625 0.0515625 0.0359375
1 0.4359375 0.7640625 0.025 0.0234375
0 0.4796875 0.7484375 0.115625 0.121875
0 0.496875 0.66875 0.1640625 0.0984375
1 0.509375 0.6203125 0.0375 0.028125
0 0.4765625 0.56015625 0.128125 0.0609375
1 0.3296875 0.553125 0.040625 0.0296875
1 0.3453125 0.6046875 0.0265625 0.0296875
1 0.3328125 0.6546875 0.0328125 0.03125
1 0.3765625 0.7078125 0.0234375 0.021875
1 0.3171875 0.6921875 0.0140625 0.0109375
1 0.2984375 0.79375 0.01875 0.04375
1 0.35625 0.78125 0.034375 0.0421875
1 0.3421875 0.8421875 0.0515625 0.0859375
1 0.30390625 0.82265625 0.0296875 0.0171875
1 0.3421875 0.890625 0.046875 0.0359375
1 0.8921875 0.74375 0.015625 0.0203125
1 0.9109375 0.721875 0.021875 0.015625