1 0.3671875 0.2921875 0.0171875 0.03125
1 0.30859375 0.31015625 0.0234375 0.0171875
1 0.2484375 0.0515625 0.0125 0.01875
1 0.2359375 0.2984375 0.0296875 0.0296875
1 0.4359375 0.215625 0.0234375 0.0328125
1 0.3078125 0.0640625 0.01875 0.015625
1 0.2703125 0.06875 0.0234375 0.0203125
1 0.1859375 0.0375 0.025 0.015625
1 0.084375 0.0171875 0.01875 0.0296875
1 0.1421875 0.06875 0.028125 0.034375
1 0.0625 0.18125 0.0125 0.0140625
1 0.1109375 0.153125 0.03125 0.01875
1 0.0640625 0.10625 0.009375 0.0046875
0 0.109375 0.02734375 0.08125 0.0546875
1 0.24140625 0.0078125 0.0421875 0.015625
1 0.3421875 0.1625 0.0375 0.0234375
1 0.24375 0.1890625 0.025 0.015625
1 0.8671875 0.0859375 0.0140625 0.00625
1 0.49375 0.14375 0.0078125 0.0125
1 0.74375 0.1125 0.0265625 0.0421875
1 0.4671875 0.171875 0.015625 0.05625
1 0.8234375 0.0796875 0.0125 0.0140625
1 0.6609375 0.3140625 0.015625 0.009375
0 0.3140625 0.5015625 0.0875 0.25
0 0.309375 0.3671875 0.0953125 0.0640625
1 0.15625 0.3640625 0.040625 0.053125
0 0.128125 0.503125 0.25625 0.196875
1 0.1734375 0.4265625 0.025 0.0125
1 0.990625 0.62734375 0.01875 0.0234375
1 0.984375 0.56875 0.0265625 0.0296875
1 0.9875 0.903125 0.025 0.0203125
1 0.9703125 0.6953125 0.0140625 0.0078125
1 0.9703125 0.85 0.0390625 0.021875
1 0.9421875 0.36875 0.0203125 0.0125
1 0.921875 0.840625 0.009375 0.021875
1 0.9140625 0.51875 0.0390625 0.0296875
1 0.9015625 0.5984375 0.0328125 0.0265625
1 0.8171875 0.64375 0.0234375 0.0171875
1 0.8421875 0.690625 0.0765625 0.0640625
1 0.8109375 0.6046875 0.0296875 0.034375
1 0.7796875 0.684375 0.0125 0.01875
1 0.775 0.73125 0.0359375 0.0359375
0 0.78671875 0.9453125 0.1234375 0.109375
1 0.709375 0.3484375 0.0265625 0.0484375
1 0.69375 0.4421875 0.0234375 0.028125
1 0.678125 0.7546875 0.025 0.0140625
1 0.66875 0.8421875 0.0390625 0.0390625
1 0.6296875 0.7578125 0.0203125 0.0171875
1 0.63125 0.5234375 0.028125 0.03125
1 0.6171875 0.8734375 0.015625 0.01875
1 0.615625 0.5609375 0.0328125 0.0359375
1 0.609375 0.459375 0.034375 0.046875
1 0.6 0.6984375 0.0203125 0.0171875
1 0.6109375 0.828125 0.04375 0.0484375
0 0.63359375 0.94296875 0.0890625 0.1140625
0 0.6796875 0.925 0.10625 0.15
1 0.7 0.8359375 0.025 0.015625
1 0.9046875 0.9125 0.0484375 0.0453125
0 0.95 0.95234375 0.1 0.0796875
1 0.9703125 0.98515625 0.059375 0.0296875
1 0.9859375 0.715625 0.01875 0.0234375
1 0.98984375 0.70625 0.0203125 0.040625
1 0.746875 0.6984375 0.0375 0.0421875
1 0.6890625 0.696875 0.0359375 0.0203125
1 0.778125 0.621875 0.04375 0.0375
1 0.7296875 0.66875 0.0984375 0.08125
0 0.75625 0.4296875 0.0953125 0.0609375
0 0.8453125 0.434375 0.10625 0.1734375
0 0.94765625 0.446875 0.1046875 0.134375
1 0.709375 0.4796875 0.0265625 0.0328125
1 0.7671875 0.846875 0.0203125 0.028125
1 0.7375 0.840625 0.0125 0.0140625
1 0.8703125 0.95625 0.0125 0.0171875
1 0.8625 0.9265625 0.0140625 0.0234375
1 0.8578125 0.8203125 0.0203125 0.0203125
1 0.83125 0.753125 0.021875 0.0140625
1 0.8890625 0.7375 0.01875 0.021875
1 0.8890625 0.7640625 0.0171875 0.01875
1 0.8390625 0.5734375 0.025 0.01875
1 0.90625 0.56875 0.0390625 0.025
1 0.98125 0.525 0.0203125 0.0296875
1 0.859375 0.346875 0.0375 0.03125
1 0.6578125 0.5515625 0.040625 0.0375
1 0.6625 0.5640625 0.028125 0.0234375
1 0.5984375 0.5421875 0.015625 0.015625
1 0.5984375 0.5546875 0.01875 0.0140625
1 0.9765625 0.3734375 0.0203125 0.0234375
1 0.95625 0.3265625 0.01875 0.0140625