0 0.428125 0.16640625 0.0625 0.1953125
0 0.346875 0.1375 0.0734375 0.15625
1 0.3015625 0.171875 0.028125 0.015625
1 0.296875 0.203125 0.0578125 0.028125
0 0.2265625 0.146875 0.128125 0.1421875
1 0.1953125 0.0828125 0.040625 0.046875
1 0.14375 0.028125 0.03125 0.05
1 0.06015625 0.0359375 0.0390625 0.071875
0 0.0703125 0.1453125 0.059375 0.125
0 0.1171875 0.1234375 0.1203125 0.1578125
1 0.1421875 0.2625 0.059375 0.046875
1 0.2125 0.3375 0.05 0.025
1 0.2765625 0.2671875 0.053125 0.059375
1 0.25 0.225 0.0203125 0.0265625
1 0.3875 0.2984375 0.0359375 0.0375
1 0.3453125 0.2671875 0.034375 0.03125
1 0.340625 0.3359375 0.05625 0.028125
1 0.3296875 0.303125 0.034375 0.0234375
1 0.446875 0.3265625 0.025 0.046875
1 0.475 0.03828125 0.03125 0.0484375
1 0.63125 0.0515625 0.0484375 0.0671875
1 0.5734375 0.0875 0.046875 0.05625
1 0.559375 0.140625 0.071875 0.0484375
1 0.4828125 0.09375 0.0359375 0.0625
1 0.784375 0.059375 0.0515625 0.0640625
1 0.7484375 0.2 0.1203125 0.1765625
0 0.69375 0.30625 0.1 0.0875
0 0.57421875 0.3375 0.0953125 0.025
1 0.7515625 0.34140625 0.046875 0.0171875
0 0.7890625 0.33984375 0.040625 0.0203125
1 0.66640625 0.0046875 0.0390625 0.009375
0 0.24375 0.7046875 0.175 0.178125
1 0.0546875 0.7515625 0.04375 0.028125
1 0.1625 0.6015625 0.028125 0.0203125
1 0.253125 0.578125 0.0234375 0.025
1 0.0359375 0.446875 0.0546875 0.0546875
1 0.0171875 0.4203125 0.025 0.025
1 0.26875 0.43125 0.040625 0.0390625
1 0.0875 0.94375 0.03125 0.025
1 0.0984375 0.88125 0.0265625 0.0515625
0 0.828125 0.41015625 0.0375 0.1203125
0 0.775 0.428125 0.1 0.1421875
0 0.6828125 0.4390625 0.1328125 0.1078125
0 0.56875 0.4484375 0.1109375 0.1515625
0 0.50390625 0.446875 0.0890625 0.19375
1 0.5203125 0.575 0.0203125 0.0171875
1 0.5671875 0.578125 0.028125 0.01875
1 0.8421875 0.6875 0.009375 0.0140625
1 0.8140625 0.7390625 0.0125 0.0125
1 0.8203125 0.69375 0.0203125 0.015625
1 0.73125 0.6703125 0.0234375 0.01875
1 0.7203125 0.6390625 0.0171875 0.0171875
1 0.7125 0.74375 0.0171875 0.0203125
1 0.7 0.75 0.015625 0.0390625
1 0.6859375 0.71875 0.021875 0.021875
1 0.6734375 0.7375 0.0328125 0.0234375
1 0.66875 0.734375 0.009375 0.034375
1 0.690625 0.74375 0.021875 0.025
1 0.6609375 0.825 0.025 0.028125
1 0.596875 0.740625 0.0234375 0.0234375
1 0.596875 0.8046875 0.0203125 0.0234375
1 0.5515625 0.7109375 0.0234375 0.03125
1 0.5375 0.7390625 0.028125 0.028125
1 0.5296875 0.7734375 0.03125 0.01875
1 0.528125 0.76875 0.0296875 0.03125
1 0.46640625 0.74296875 0.0140625 0.0328125
1 0.48125 0.771875 0.0296875 0.046875
1 0.478125 0.8015625 0.0359375 0.03125
1 0.8359375 0.846875 0.0171875 0.0265625
1 0.803125 0.875 0.0296875 0.01875
1 0.7546875 0.8640625 0.0234375 0.0234375
1 0.7484375 0.884375 0.0296875 0.0234375
0 0.8375 0.9078125 0.01875 0.03125
0 0.8421875 0.93125 0.0078125 0.009375
1 0.828125 0.9125 0.015625 0.0234375
1 0.8453125 0.875 0.0015625 0.0125
1 0.8390625 0.8890625 0.0140625 0.0140625
1 0.8265625 0.890625 0.0171875 0.01875
0 0.8 0.9390625 0.09375 0.121875
1 0.7796875 0.8703125 0.0109375 0.0078125
1 0.746875 0.9046875 0.015625 0.01875
0 0.7671875 0.97421875 0.125 0.0515625
0 0.6546875 0.94375 0.134375 0.0921875
0 0.7 0.94296875 0.090625 0.1140625
1 0.628125 0.975 0.009375 0.0140625
1 0.6140625 0.8953125 0.01875 0.0078125
1 0.640625 0.8875 0.0171875 0.0265625
1 0.653125 0.8984375 0.01875 0.009375
1 0.6515625 0.915625 0.0109375 0.01875
1 0.6234375 0.9203125 0.015625 0.0109375
1 0.6640625 0.9125 0.009375 0.0171875
1 0.5984375 0.9765625 0.0125 0.015625
1 0.5546875 0.853125 0.0234375 0.03125
1 0.559375 0.8828125 0.0171875 0.021875
0 0.50703125 0.93359375 0.0953125 0.1328125
0 0.47890625 0.9421875 0.0390625 0.115625
1 0.69375 0.6890625 0.015625 0.009375
1 0.6171875 0.71875 0.015625 0.0203125