0 0.15078125 0.36796875 0.3015625 0.2234375
1 0.25625 0.30625 0.0265625 0.0234375
1 0.20625 0.2265625 0.0328125 0.03125
1 0.040625 0.14375 0.015625 0.0203125
0 0.2140625 0.365625 0.1765625 0.2796875
1 0.1484375 0.3265625 0.065625 0.05625
1 0.8328125 0.3328125 0.04375 0.0296875
1 0.8328125 0.1953125 0.0421875 0.028125
1 0.9203125 0.053125 0.015625 0.0234375
1 0.928125 0.01875 0.0359375 0.0359375
1 0.790625 0.028125 0.021875 0.0453125
1 0.6671875 0.13125 0.0421875 0.021875
1 0.696875 0.140625 0.046875 0.0640625
1 0.715625 0.1125 0.034375 0.034375
1 0.8421875 0.125 0.053125 0.0359375
1 0.8078125 0.0890625 0.0578125 0.0546875
1 0.775 0.115625 0.053125 0.0296875
1 0.6515625 0.1828125 0.028125 0.0390625
1 0.64375 0.2265625 0.084375 0.115625
1 0.6375 0.2515625 0.021875 0.0125
1 0.6390625 0.2765625 0.0140625 0.0171875
1 0.61875 0.159375 0.034375 0.04375
1 0.60625 0.1984375 0.0109375 0.021875
1 0.7734375 0.24375 0.0359375 0.0625
1 0.74375 0.23125 0.034375 0.04375
1 0.7421875 0.259375 0.0359375 0.028125
1 0.7328125 0.29375 0.04375 0.0265625
1 0.71875 0.3078125 0.05 0.0171875
1 0.8671875 0.2734375 0.0203125 0.040625
1 0.8296875 0.28125 0.06875 0.0578125
0 0.625 0.375 0.046875 0.115625
1 0.665625 0.334375 0.028125 0.01875
0 0.696875 0.3796875 0.11875 0.0828125
1 0.6875 0.40625 0.0203125 0.025
1 0.9734375 0.2671875 0.025 0.040625
1 0.9625 0.2140625 0.0515625 0.078125
1 0.9921875 0.1390625 0.015625 0.025
1 0.978125 0.17890625 0.04375 0.0859375
1 0.928125 0.175 0.025 0.03125
0 0.978125 0.39140625 0.04375 0.0859375
0 0.909375 0.3828125 0.0984375 0.065625
1 0.9453125 0.4328125 0.034375 0.046875
1 0.8921875 0.4703125 0.015625 0.009375
0 0.8390625 0.39375 0.10625 0.0828125
1 0.8375 0.434375 0.0265625 0.0296875
1 0.7875 0.39375 0.0390625 0.021875
1 0.915625 0.50625 0.034375 0.0328125
1 0.865625 0.5109375 0.0265625 0.0265625
1 0.83359375 0.55625 0.0515625 0.025
1 0.9125 0.56171875 0.040625 0.0140625
1 0.6703125 0.45625 0.0515625 0.0765625
1 0.65625 0.440625 0.0203125 0.025
1 0.734375 0.4421875 0.028125 0.034375
1 0.7390625 0.48125 0.0359375 0.0375
1 0.7171875 0.55546875 0.10625 0.0265625
1 0.68125 0.515625 0.0984375 0.0921875
1 0.61640625 0.54296875 0.0328125 0.0515625
1 0.63984375 0.56484375 0.0203125 0.0078125
1 0.4390625 0.578125 0.021875 0.01875
1 0.396875 0.58203125 0.0625 0.0265625
1 0.3984375 0.609375 0.021875 0.0234375
1 0.44140625 0.6484375 0.0171875 0.034375
1 0.409375 0.65 0.021875 0.0234375
1 0.321875 0.6515625 0.0515625 0.025
1 0.34375 0.7671875 0.0984375 0.0796875
1 0.26875 0.8359375 0.03125 0.0328125
1 0.2 0.8125 0.0578125 0.05
0 0.03125 0.809375 0.0234375 0.0375
1 0.4 0.8015625 0.034375 0.0390625
1 0.44453125 0.828125 0.0109375 0.025
1 0.1625 0.803125 0.021875 0.021875
1 0.83125 0.703125 0.0484375 0.0453125
1 0.7375 0.7 0.0375 0.078125
1 0.96796875 0.925 0.0640625 0.059375
1 0.84375 0.93125 0.0375 0.0578125
0 0.72890625 0.97421875 0.1515625 0.0515625