1 0.51796875 0.025 0.0640625 0.05
1 0.521875 0.0828125 0.0421875 0.040625
1 0.4421875 0.078125 0.0328125 0.0375
1 0.409375 0.1671875 0.0859375 0.0703125
0 0.17265625 0.20078125 0.3453125 0.2609375
1 0.3140625 0.14375 0.0859375 0.0890625
0 0.22578125 0.025 0.1828125 0.05
0 0.1765625 0.0703125 0.26875 0.140625
1 0.86875 0.4078125 0.0046875 0.0125
1 0.6734375 0.31875 0.015625 0.0171875
1 0.675 0.2625 0.015625 0.0046875
1 0.55703125 0.26328125 0.0140625 0.0140625
1 0.69375 0.4484375 0.025 0.021875
1 0.709375 0.4546875 0.0125 0.009375
1 0.7015625 0.4265625 0.021875 0.03125
1 0.7375 0.4140625 0.034375 0.025
1 0.7265625 0.378125 0.0171875 0.0140625
1 0.70625 0.378125 0.0234375 0.0203125
1 0.6921875 0.390625 0.0125 0.0203125
1 0.7046875 0.275 0.0171875 0.0171875
1 0.7265625 0.2765625 0.0265625 0.025
1 0.8359375 0.45390625 0.025 0.0109375
1 0.8515625 0.284375 0.0234375 0.0171875
1 0.890625 0.309375 0.0140625 0.01875
1 0.896875 0.1890625 0.0234375 0.0125
0 0.9296875 0.26484375 0.140625 0.1640625
1 0.9609375 0.4140625 0.0140625 0.0140625
0 0.953125 0.36796875 0.09375 0.1828125
0 0.47578125 0.55390625 0.1484375 0.1890625
1 0.52578125 0.60078125 0.0484375 0.1078125
0 0.44765625 0.84609375 0.2046875 0.1609375
1 0.590625 0.5703125 0.0328125 0.046875
1 0.6078125 0.4828125 0.0265625 0.021875
0 0.87734375 0.50703125 0.2453125 0.0953125
0 0.8859375 0.6296875 0.228125 0.334375
1 0.8640625 0.61875 0.03125 0.034375
1 0.825 0.6421875 0.01875 0.01875
1 0.7796875 0.675 0.0328125 0.021875
0 0.9140625 0.828125 0.153125 0.19375
1 0.9875 0.66328125 0.025 0.0234375
1 0.671875 0.6453125 0.03125 0.028125
1 0.83125 0.9125 0.03125 0.025