1 0.3375 0.1890625 0.021875 0.05
1 0.3515625 0.115625 0.0296875 0.0453125
1 0.41015625 0.26171875 0.0171875 0.0328125
1 0.2984375 0.13125 0.021875 0.0265625
1 0.2 0.10625 0.0375 0.0296875
1 0.2140625 0.2015625 0.028125 0.0265625
1 0.14375 0.20625 0.03125 0.0171875
1 0.134375 0.24375 0.0265625 0.0265625
1 0.1921875 0.2921875 0.028125 0.0296875
1 0.2375 0.278125 0.021875 0.028125
1 0.309375 0.31875 0.0359375 0.0234375
1 0.2890625 0.35 0.0265625 0.021875
1 0.2515625 0.390625 0.0203125 0.0171875
1 0.2875 0.3828125 0.0359375 0.0453125
1 0.3359375 0.3765625 0.0390625 0.0375
1 0.36875 0.3796875 0.021875 0.028125
1 0.396875 0.39375 0.034375 0.0421875
1 0.3953125 0.421875 0.0234375 0.0265625
1 0.31640625 0.55625 0.0234375 0.00625
0 0.1234375 0.50625 0.0609375 0.046875
1 0.1484375 0.5265625 0.0296875 0.028125
1 0.28125 0.503125 0.03125 0.028125
1 0.375 0.50625 0.0171875 0.025
1 0.3546875 0.271875 0.0375 0.0390625
1 0.3828125 0.2546875 0.0484375 0.05
1 0.3515625 0.3046875 0.034375 0.01875
1 0.35 0.321875 0.0296875 0.0328125
1 0.340625 0.346875 0.0140625 0.0171875
1 0.35625 0.39375 0.01875 0.0203125
1 0.3296875 0.41875 0.034375 0.03125
1 0.353125 0.4140625 0.0265625 0.0203125
1 0.3390625 0.48125 0.0359375 0.0234375
1 0.365625 0.4625 0.04375 0.0453125
1 0.2 0.4390625 0.0171875 0.0234375
1 0.1734375 0.44375 0.028125 0.028125
0 0.04453125 0.13359375 0.0890625 0.0890625
0 0.06875 0.225 0.09375 0.115625
0 0.0640625 0.30859375 0.128125 0.1390625
0 0.1046875 0.4234375 0.0890625 0.11875
0 0.05234375 0.47421875 0.0859375 0.1703125
0 0.05703125 0.546875 0.1140625 0.025
1 0.4828125 0.065625 0.046875 0.071875
0 0.71640625 0.0796875 0.4015625 0.159375
1 0.7953125 0.1734375 0.034375 0.0328125
1 0.7265625 0.1765625 0.0296875 0.03125
1 0.8109375 0.2546875 0.021875 0.0234375
1 0.596875 0.3203125 0.04375 0.0203125
1 0.6171875 0.365625 0.0296875 0.0390625
1 0.9234375 0.36875 0.0640625 0.040625
1 0.7609375 0.3890625 0.0671875 0.0234375
1 0.828125 0.39375 0.0671875 0.0671875
1 0.98515625 0.45859375 0.0296875 0.0265625
0 0.63125 0.26875 0.425 0.19375
0 0.6609375 0.3953125 0.1953125 0.153125
1 0.9875 0.1171875 0.021875 0.015625
1 0.40546875 0.81484375 0.0265625 0.0171875
1 0.403125 0.7046875 0.0140625 0.0140625
1 0.3953125 0.5953125 0.028125 0.021875
1 0.32265625 0.996875 0.0390625 0.00625
1 0.3546875 0.9953125 0.025 0.009375
1 0.26875 0.9921875 0.01875 0.015625
1 0.215625 0.99453125 0.025 0.0109375
1 0.1921875 0.990625 0.0125 0.0125
1 0.3296875 0.9515625 0.0140625 0.0265625
1 0.2953125 0.9640625 0.0265625 0.0171875
1 0.21875 0.9453125 0.0109375 0.0171875
1 0.315625 0.93125 0.01875 0.0421875
1 0.3359375 0.928125 0.0078125 0.0125
1 0.2953125 0.9421875 0.0203125 0.00625
1 0.271875 0.9078125 0.0125 0.0203125
1 0.3 0.915625 0.0375 0.03125
1 0.2625 0.8453125 0.015625 0.0234375
1 0.3359375 0.8109375 0.0203125 0.0140625
1 0.3328125 0.7796875 0.0109375 0.015625
1 0.3171875 0.78125 0.0171875 0.0140625
1 0.2875 0.7609375 0.0203125 0.0234375
1 0.3265625 0.7515625 0.015625 0.01875
1 0.1671875 0.921875 0.0140625 0.0109375
1 0.1515625 0.9296875 0.0125 0.0140625
1 0.14375 0.9109375 0.0171875 0.0296875
1 0.1953125 0.8875 0.021875 0.0140625
1 0.259375 0.796875 0.0359375 0.040625
1 0.2390625 0.784375 0.0171875 0.015625
1 0.2125 0.8140625 0.0328125 0.0328125
1 0.1875 0.8171875 0.025 0.0265625
1 0.1484375 0.8171875 0.01875 0.0125
1 0.3703125 0.6640625 0.0203125 0.0234375
1 0.41484375 0.6796875 0.0078125 0.00625
1 0.3296875 0.70625 0.04375 0.0375
1 0.309375 0.6921875 0.015625 0.0171875
1 0.271875 0.7265625 0.0125 0.0171875
1 0.23125 0.715625 0.0296875 0.025
1 0.2609375 0.7109375 0.028125 0.021875
1 0.2734375 0.678125 0.0203125 0.03125
1 0.196875 0.6765625 0.0171875 0.0171875
1 0.2109375 0.6546875 0.01875 0.0203125
1 0.2359375 0.634375 0.0171875 0.0296875
1 0.26875 0.60625 0.0109375 0.0171875
1 0.31875 0.6 0.0296875 0.0265625
1 0.23125 0.56484375 0.025 0.0109375
1 0.125 0.990625 0.040625 0.01875
1 0.1078125 0.9671875 0.0265625 0.01875
1 0.1390625 0.9453125 0.015625 0.0125
1 0.0703125 0.9703125 0.0171875 0.025
1 0.0203125 0.965625 0.01875 0.0125
1 0.0203125 0.9375 0.015625 0.0203125
1 0.0984375 0.921875 0.0140625 0.0125
1 0.121875 0.89375 0.0171875 0.0234375
1 0.0875 0.9390625 0.0328125 0.034375
1 0.0515625 0.88125 0.0296875 0.028125
1 0.071875 0.8359375 0.046875 0.0359375
1 0.1390625 0.8 0.01875 0.0296875
1 0.128125 0.7921875 0.0265625 0.0234375
1 0.103125 0.79375 0.015625 0.021875
1 0.0984375 0.734375 0.0234375 0.0171875
1 0.0796875 0.70625 0.0234375 0.0125
1 0.159375 0.7171875 0.0203125 0.0171875
1 0.021875 0.634375 0.015625 0.0296875
1 0.128125 0.6921875 0.015625 0.0109375
1 0.10703125 0.56796875 0.0234375 0.0171875
1 0.0640625 0.603125 0.01875 0.0203125
1 0.065625 0.5921875 0.0171875 0.0125
1 0.1390625 0.5953125 0.0171875 0.0125
1 0.140625 0.575 0.0265625 0.03125
1 0.14765625 0.56328125 0.0203125 0.0078125
1 0.0421875 0.73125 0.0203125 0.015625
1 0.01875 0.8125 0.0109375 0.0140625
1 0.3125 0.6765625 0.015625 0.021875
1 0.334375 0.6625 0.0125 0.0125
1 0.3609375 0.6546875 0.0125 0.0109375
1 0.3453125 0.6671875 0.0109375 0.0140625
1 0.1484375 0.8515625 0.0078125 0.003125
1 0.15 0.865625 0.009375 0.0109375
1 0.165625 0.8375 0.0078125 0.0109375
1 0.1546875 0.790625 0.009375 0.0125
1 0.2078125 0.6953125 0.0125 0.009375
1 0.953125 0.78125 0.00625 0.0171875
1 0.95625 0.7671875 0.0109375 0.0296875
1 0.978125 0.78125 0.0171875 0.015625
1 0.7296875 0.759375 0.0109375 0.0140625
1 0.5078125 0.93125 0.0359375 0.025
0 0.5265625 0.8234375 0.1875 0.140625
1 0.4234375 0.8265625 0.009375 0.03125
0 0.5921875 0.815625 0.06875 0.1234375
0 0.51875 0.771875 0.01875 0.0359375
0 0.5078125 0.7828125 0.0390625 0.059375