1 0.0921875 0.30625 0.0078125 0.0078125
0 0.10078125 0.1015625 0.2015625 0.203125
0 0.1578125 0.1125 0.128125 0.18125
0 0.86875 0.1703125 0.203125 0.1109375
0 0.78125 0.1625 0.1453125 0.06875
0 0.7078125 0.1796875 0.1125 0.13125
0 0.6234375 0.19375 0.115625 0.1359375
1 0.6578125 0.0796875 0.059375 0.078125
1 0.5984375 0.0390625 0.065625 0.05625
1 0.740625 0.3953125 0.115625 0.159375
1 0.884375 0.3796875 0.059375 0.040625
1 0.98046875 0.34296875 0.0390625 0.1046875
1 0.98828125 0.12734375 0.0234375 0.0578125
1 0.6265625 0.48203125 0.03125 0.0359375
1 0.64375 0.4328125 0.0125 0.0234375
1 0.6859375 0.41875 0.0171875 0.0234375
1 0.6859375 0.3203125 0.021875 0.0234375
1 0.6375 0.325 0.025 0.0421875
1 0.88125 0.49375 0.034375 0.0125
1 0.765625 0.475 0.015625 0.021875
1 0.9375 0.4 0.021875 0.021875
1 0.8234375 0.3140625 0.021875 0.03125
1 0.803125 0.3328125 0.0265625 0.03125
1 0.8328125 0.35625 0.0265625 0.028125
1 0.80625 0.296875 0.028125 0.0234375
1 0.903125 0.3390625 0.025 0.03125
0 0.93828125 0.20625 0.1234375 0.090625
1 0.871875 0.2203125 0.0328125 0.0421875
1 0.846875 0.1046875 0.0140625 0.0234375
1 0.859375 0.028125 0.0265625 0.028125
1 0.6234375 0.003125 0.015625 0.00625
1 0.7734375 0.0296875 0.0078125 0.0171875
1 0.58125 0.1078125 0.01875 0.021875
1 0.32421875 0.99765625 0.0109375 0.0046875
0 0.3203125 0.5375 0.0203125 0.053125
1 0.27734375 0.503125 0.0109375 0.00625
1 0.171875 0.7953125 0.009375 0.0109375
1 0.14375 0.95 0.0078125 0.009375
1 0.2640625 0.978125 0.0171875 0.0203125
1 0.034375 0.959375 0.034375 0.034375
1 0.0203125 0.9515625 0.0046875 0.0109375
1 0.028125 0.990625 0.0234375 0.01875
1 0.134375 0.9140625 0.0203125 0.025
1 0.18125 0.84375 0.009375 0.0171875
1 0.203125 0.896875 0.015625 0.009375
1 0.2 0.7375 0.015625 0.0203125
1 0.225 0.746875 0.03125 0.015625
1 0.15625 0.709375 0.0234375 0.021875
1 0.0609375 0.746875 0.015625 0.0234375
0 0.09765625 0.5453125 0.0984375 0.090625
0 0.20078125 0.53671875 0.1421875 0.0734375
1 0.1828125 0.6046875 0.0203125 0.0234375
1 0.1703125 0.584375 0.015625 0.0125
1 0.159375 0.6484375 0.0328125 0.021875
1 0.71875 0.7890625 0.025 0.0390625
1 0.6984375 0.7109375 0.0453125 0.0328125
1 0.6765625 0.89375 0.0234375 0.03125
0 0.6703125 0.778125 0.05625 0.0359375
1 0.6453125 0.6734375 0.025 0.0203125
1 0.6078125 0.8828125 0.0125 0.0125
1 0.5953125 0.90625 0.0078125 0.0078125
1 0.571875 0.84375 0.028125 0.015625
1 0.5515625 0.684375 0.0296875 0.0171875
1 0.521875 0.653125 0.009375 0.0109375
1 0.5265625 0.6875 0.0390625 0.0296875
1 0.503125 0.7515625 0.0109375 0.009375
0 0.4671875 0.7859375 0.0375 0.0375
1 0.4515625 0.6671875 0.0140625 0.01875
1 0.503125 0.89375 0.0125 0.0203125
1 0.51875 0.9109375 0.0125 0.021875
1 0.51875 0.959375 0.0078125 0.0234375
1 0.540625 0.9890625 0.015625 0.015625
0 0.434375 0.78125 0.009375 0.05
0 0.69375 0.5609375 0.140625 0.121875
0 0.4578125 0.55 0.05625 0.1
0 0.5265625 0.5578125 0.075 0.115625
0 0.5984375 0.5578125 0.11875 0.115625