1 0.01171875 0.09609375 0.0234375 0.0421875
1 0.025 0.1015625 0.0140625 0.0125
1 0.021875 0.0875 0.015625 0.015625
1 0.0890625 0.040625 0.01875 0.0171875
1 0.028125 0.178125 0.0125 0.0203125
1 0.07265625 0.01484375 0.1453125 0.0296875
1 0.078125 0.08125 0.090625 0.1
0 0.096875 0.2640625 0.125 0.0625
1 0.103125 0.234375 0.0359375 0.04375
0 0.084375 0.1625 0.125 0.1203125
1 0.0625 0.2390625 0.025 0.0296875
1 0.08046875 0.31171875 0.0828125 0.0546875
1 0.5125 0.015625 0.0234375 0.0265625
1 0.3609375 0.04375 0.0171875 0.0140625
1 0.5984375 0.040625 0.03125 0.05625
1 0.3578125 0.0671875 0.015625 0.01875
0 0.31796875 0.03828125 0.0359375 0.0765625
1 0.6796875 0.0921875 0.0203125 0.021875
1 0.3640625 0.0953125 0.015625 0.0265625
1 0.3609375 0.1453125 0.0234375 0.009375
1 0.490625 0.1453125 0.034375 0.0296875
1 0.5578125 0.15 0.0421875 0.0390625
1 0.396875 0.165625 0.0234375 0.025
1 0.503125 0.1703125 0.0203125 0.0203125
0 0.3203125 0.12578125 0.040625 0.1140625
1 0.55625 0.2125 0.028125 0.034375
1 0.4578125 0.215625 0.021875 0.0203125
1 0.4359375 0.2140625 0.0234375 0.021875
1 0.6421875 0.225 0.0171875 0.028125
1 0.7421875 0.25625 0.028125 0.034375
1 0.5984375 0.2765625 0.015625 0.009375
1 0.5546875 0.290625 0.03125 0.025
1 0.61875 0.309375 0.0328125 0.0203125
0 0.321875 0.26171875 0.04375 0.1109375
1 0.815625 0.30625 0.025 0.028125
1 0.5875 0.3078125 0.03125 0.0234375
0 0.3140625 0.31171875 0.028125 0.0234375
1 0.36875 0.3109375 0.0265625 0.028125
1 0.559375 0.315625 0.01875 0.0171875
0 0.821875 0.25 0.1234375 0.0828125
0 0.815625 0.1671875 0.1609375 0.1234375
0 0.821875 0.0671875 0.1828125 0.1296875
1 0.415625 0.3109375 0.0296875 0.0265625
1 0.3765625 0.2671875 0.0265625 0.0359375
1 0.3515625 0.2640625 0.025 0.0390625
1 0.153125 0.8515625 0.0265625 0.01875
1 0.2328125 0.8046875 0.0234375 0.0390625
1 0.1921875 0.715625 0.021875 0.0234375
1 0.1234375 0.7125 0.0265625 0.0328125
1 0.29609375 0.53828125 0.0078125 0.0171875
1 0.196875 0.55625 0.0328125 0.0359375
1 0.2390625 0.590625 0.021875 0.0296875
1 0.203125 0.453125 0.0265625 0.021875
1 0.18125 0.4 0.04375 0.0421875
1 0.0515625 0.3921875 0.071875 0.0421875
1 0.09375 0.36875 0.0515625 0.0328125
1 0.29765625 0.43203125 0.0046875 0.0234375
1 0.1984375 0.8390625 0.03125 0.0234375
1 0.01640625 0.66171875 0.0328125 0.0328125
1 0.090625 0.4484375 0.021875 0.01875
1 0.2640625 0.4765625 0.028125 0.009375
1 0.2453125 0.64375 0.0234375 0.01875
1 0.99375 0.64375 0.0125 0.01875
1 0.9859375 0.471875 0.0265625 0.01875
1 0.9578125 0.428125 0.0640625 0.071875
1 0.91875 0.3921875 0.071875 0.0734375
1 0.8765625 0.4765625 0.025 0.040625
0 0.6453125 0.4625 0.1140625 0.0484375
0 0.64765625 0.36015625 0.1609375 0.0421875
1 0.71875 0.36796875 0.05625 0.0578125
0 0.653125 0.603125 0.0515625 0.1359375
0 0.671875 0.7375 0.0421875 0.0796875
1 0.69375 0.7265625 0.0609375 0.04375
1 0.396875 0.5921875 0.04375 0.0375
1 0.45 0.3765625 0.021875 0.021875
1 0.384375 0.4109375 0.040625 0.021875
1 0.321875 0.35625 0.0203125 0.015625
1 0.884375 0.7546875 0.025 0.046875
1 0.8484375 0.709375 0.0203125 0.0265625
1 0.86875 0.5859375 0.0265625 0.025
1 0.478125 0.39375 0.021875 0.03125
1 0.403125 0.5546875 0.0296875 0.0265625