0 0.278125 0.4609375 0.1703125 0.134375
1 0.315625 0.525 0.0671875 0.0734375
1 0.35625 0.5453125 0.01875 0.015625
1 0.2671875 0.3921875 0.0359375 0.025
1 0.3453125 0.3609375 0.0359375 0.0359375
0 0.42421875 0.4765625 0.1515625 0.128125
1 0.4375 0.35 0.0328125 0.0421875
1 0.2875 0.05 0.025 0.0140625
1 0.2046875 0.225 0.0234375 0.059375
1 0.24375 0.253125 0.1 0.084375
0 0.94140625 0.64453125 0.1109375 0.1109375
0 0.82734375 0.62734375 0.1546875 0.1453125
0 0.70390625 0.6328125 0.1203125 0.134375
0 0.6171875 0.65703125 0.084375 0.0859375
1 0.684375 0.59375 0.0265625 0.0328125
1 0.6796875 0.5578125 0.0328125 0.05625
1 0.5953125 0.478125 0.0359375 0.03125
1 0.675 0.4921875 0.0171875 0.015625
1 0.678125 0.4265625 0.059375 0.0328125
1 0.584375 0.434375 0.01875 0.03125
1 0.6078125 0.4109375 0.0421875 0.0390625
1 0.5828125 0.378125 0.015625 0.0484375
1 0.6765625 0.384375 0.0359375 0.0375
1 0.771875 0.3765625 0.0484375 0.0515625
1 0.8390625 0.3453125 0.0328125 0.03125
1 0.7796875 0.4296875 0.0484375 0.0359375
1 0.7421875 0.446875 0.0359375 0.034375
1 0.8734375 0.403125 0.0390625 0.0375
1 0.884375 0.3671875 0.021875 0.0328125
1 0.903125 0.384375 0.0234375 0.0296875
1 0.9203125 0.3609375 0.0375 0.0453125
1 0.9140625 0.415625 0.0296875 0.0234375
1 0.8921875 0.4546875 0.0546875 0.0484375
1 0.975 0.3453125 0.0484375 0.0484375
1 0.98828125 0.39375 0.0234375 0.028125
1 0.9875 0.43984375 0.025 0.0484375
1 0.9515625 0.459375 0.0359375 0.0484375
1 0.9203125 0.490625 0.0234375 0.0484375
1 0.875 0.51875 0.03125 0.0296875
1 0.8734375 0.4828125 0.0328125 0.040625
1 0.8953125 0.4984375 0.0171875 0.0265625
1 0.88125 0.5484375 0.0328125 0.0265625
1 0.928125 0.5546875 0.028125 0.0515625
1 0.8546875 0.5671875 0.0578125 0.0390625
1 0.7890625 0.5515625 0.0453125 0.0375
1 0.75 0.5546875 0.034375 0.0375
1 0.821875 0.4953125 0.0140625 0.015625
1 0.928125 0.61875 0.021875 0.03125
0 0.96484375 0.153125 0.0703125 0.11875
1 0.959375 0.2265625 0.0328125 0.046875
1 0.9171875 0.2109375 0.0390625 0.059375
0 0.915625 0.1375 0.11875 0.0703125
1 0.8921875 0.09375 0.0359375 0.028125
1 0.9515625 0.0875 0.0453125 0.025
1 0.98984375 0.1046875 0.0203125 0.03125
1 0.978125 0.0296875 0.04375 0.03125
1 0.87421875 0.00625 0.0265625 0.0125
1 0.8359375 0.00859375 0.021875 0.0171875
1 0.8484375 0.0546875 0.0234375 0.0234375
1 0.796875 0.0890625 0.0375 0.021875
1 0.8046875 0.0125 0.04375 0.025
1 0.75 0.01328125 0.053125 0.0265625
1 0.6765625 0.00703125 0.0625 0.0140625
1 0.6640625 0.059375 0.053125 0.040625
1 0.584375 0.0328125 0.015625 0.0203125
1 0.596875 0.1953125 0.0421875 0.0453125
1 0.6265625 0.2203125 0.0296875 0.0546875
1 0.625 0.28125 0.01875 0.028125
0 0.678125 0.14375 0.1703125 0.1375
1 0.6828125 0.271875 0.0375 0.025
1 0.70625 0.2171875 0.028125 0.015625
0 0.796875 0.14375 0.0890625 0.103125
1 0.7375 0.3203125 0.0171875 0.028125
1 0.8640625 0.1390625 0.03125 0.03125
1 0.1734375 0.7421875 0.046875 0.0390625
1 0.13125 0.871875 0.0140625 0.021875
1 0.0515625 0.928125 0.0265625 0.01875
1 0.05625 0.784375 0.03125 0.0203125
1 0.1703125 0.815625 0.0265625 0.015625
1 0.1796875 0.840625 0.0390625 0.01875
1 0.228125 0.884375 0.009375 0.025
0 0.2453125 0.8265625 0.1875 0.16875
1 0.1546875 0.76875 0.0234375 0.015625
1 0.121875 0.7578125 0.01875 0.015625
0 0.071875 0.86328125 0.14375 0.1671875
1 0.9765625 0.821875 0.0359375 0.015625
1 0.9578125 0.846875 0.0234375 0.021875
1 0.9421875 0.803125 0.025 0.0109375
1 0.81953125 0.703125 0.0140625 0.00625
1 0.7125 0.7578125 0.01875 0.0171875
1 0.6953125 0.70390625 0.01875 0.0078125
0 0.75 0.8609375 0.13125 0.1640625
1 0.646875 0.76875 0.0421875 0.028125
0 0.5953125 0.8609375 0.1328125 0.190625
1 0.62421875 0.71328125 0.0171875 0.0265625
1 0.8640625 0.8265625 0.0296875 0.109375
1 0.8578125 0.7921875 0.028125 0.0296875