1 0.02265625 0.26953125 0.0453125 0.1703125
1 0.0375 0.1078125 0.075 0.0875
1 0.075 0.2171875 0.0609375 0.071875
1 0.07265625 0.3546875 0.1203125 0.090625
1 0.0890625 0.1 0.0578125 0.0421875
1 0.2 0.0671875 0.071875 0.0453125
0 0.3046875 0.046875 0.0546875 0.0421875
1 0.278125 0.1390625 0.071875 0.109375
0 0.303125 0.2390625 0.115625 0.140625
0 0.2578125 0.3171875 0.13125 0.0953125
1 0.1828125 0.3359375 0.0359375 0.0484375
0 0.28046875 0.35546875 0.1046875 0.0890625
1 0.48125 0.05 0.0296875 0.01875
1 0.53203125 0.38203125 0.0046875 0.0109375
1 0.7671875 0.259375 0.0671875 0.0578125
1 0.5984375 0.384375 0.021875 0.01875
1 0.6796875 0.378125 0.028125 0.021875
1 0.59375 0.2390625 0.0234375 0.0171875
1 0.9078125 0.2453125 0.01875 0.0203125
1 0.746875 0.2546875 0.021875 0.025
1 0.8328125 0.29375 0.03125 0.028125
1 0.8265625 0.325 0.03125 0.0234375
1 0.8296875 0.36875 0.0078125 0.01875
1 0.90859375 0.39140625 0.0203125 0.0171875
1 0.7390625 0.3546875 0.0203125 0.015625
1 0.7140625 0.34375 0.0359375 0.0328125
1 0.8015625 0.3109375 0.0359375 0.034375
1 0.7828125 0.2890625 0.0328125 0.0328125
1 0.76875 0.321875 0.0234375 0.0265625
1 0.7578125 0.3328125 0.0203125 0.0171875
0 0.96328125 0.3640625 0.0734375 0.0625
1 0.9484375 0.3078125 0.0328125 0.0171875
1 0.9421875 0.325 0.021875 0.021875
1 0.9421875 0.340625 0.046875 0.028125
1 0.9703125 0.33125 0.015625 0.0140625
1 0.9296875 0.3640625 0.01875 0.0265625
1 0.58984375 0.396875 0.0171875 0.00625
1 0.6515625 0.28125 0.028125 0.03125
1 0.7 0.2703125 0.065625 0.08125
0 0.1265625 0.8328125 0.153125 0.1125
0 0.1171875 0.9109375 0.140625 0.084375
0 0.1234375 0.965625 0.0609375 0.0421875
1 0.0515625 0.9734375 0.034375 0.0171875
1 0.02578125 0.8171875 0.0515625 0.05
1 0.021875 0.784375 0.0140625 0.0234375
1 0.046875 0.8546875 0.0171875 0.0171875
1 0.190625 0.9515625 0.01875 0.025
1 0.16875 0.95 0.015625 0.0125
1 0.0609375 0.8171875 0.0140625 0.0109375
1 0.0765625 0.7625 0.015625 0.0140625
1 0.0625 0.7234375 0.0390625 0.0328125
1 0.0828125 0.7203125 0.0140625 0.0171875
1 0.2640625 0.74375 0.0296875 0.0453125
1 0.3703125 0.7609375 0.03125 0.0296875
0 0.121875 0.4890625 0.16875 0.059375
1 0.2328125 0.575 0.0453125 0.028125
1 0.2359375 0.553125 0.0171875 0.015625
1 0.3640625 0.5703125 0.046875 0.0265625
1 0.371875 0.5953125 0.03125 0.0171875
1 0.2640625 0.53125 0.025 0.0140625
1 0.51875 0.88984375 0.021875 0.0328125
1 0.52578125 0.9390625 0.0078125 0.025
1 0.465625 0.9421875 0.03125 0.01875
1 0.5265625 0.546875 0.00625 0.03125
1 0.465625 0.6609375 0.0125 0.021875
1 0.465625 0.8765625 0.0171875 0.015625
0 0.1328125 0.6484375 0.165625 0.1015625
0 0.128125 0.59375 0.153125 0.0984375
1 0.0140625 0.57265625 0.028125 0.1140625
0 0.66328125 0.50546875 0.2453125 0.2109375
0 0.659375 0.665625 0.1515625 0.2015625
0 0.653125 0.7234375 0.1125 0.090625
1 0.7828125 0.61875 0.0265625 0.0359375
1 0.8640625 0.409375 0.009375 0.01875
1 0.9015625 0.5328125 0.1078125 0.084375
1 0.8953125 0.7578125 0.0203125 0.0234375