1 0.271875 0.225 0.021875 0.0234375
1 0.184375 0.246875 0.0265625 0.0234375
1 0.178125 0.1359375 0.028125 0.0265625
1 0.275 0.084375 0.025 0.0171875
1 0.26640625 0.00625 0.0171875 0.0125
1 0.175 0.00625 0.021875 0.0125
1 0.1 0.2484375 0.0171875 0.01875
1 0.06875 0.15625 0.0203125 0.01875
1 0.10625 0.0875 0.028125 0.0234375
1 0.00234375 0.0375 0.0046875 0.015625
1 0.109375 0.1296875 0.0203125 0.0125
1 0.109375 0.053125 0.0125 0.01875
0 0.8 0.303125 0.0953125 0.134375
0 0.846875 0.2203125 0.2859375 0.2953125
1 0.671875 0.2953125 0.025 0.0203125
1 0.3953125 0.2265625 0.0328125 0.0375
1 0.3765625 0.2578125 0.0265625 0.0234375
1 0.384375 0.275 0.0203125 0.021875
1 0.33984375 0.22421875 0.0203125 0.0171875
1 0.3859375 0.103125 0.0390625 0.040625
1 0.36875 0.134375 0.021875 0.0171875
1 0.5546875 0.1671875 0.025 0.0234375
0 0.76484375 0.09765625 0.3265625 0.1953125
1 0.99375 0.06875 0.0125 0.028125
1 0.540625 0.2703125 0.03125 0.0359375
1 0.546875 0.2140625 0.01875 0.0328125
1 0.3125 0.909375 0.0265625 0.01875
1 0.32109375 0.83671875 0.0171875 0.0671875
1 0.2875 0.8140625 0.0328125 0.046875
1 0.215625 0.8140625 0.0609375 0.0609375
1 0.2046875 0.7546875 0.1046875 0.0546875
1 0.1703125 0.684375 0.1109375 0.075
1 0.08125 0.684375 0.0390625 0.05625
1 0.0890625 0.6140625 0.0328125 0.028125
1 0.0609375 0.6375 0.03125 0.0296875
0 0.23125 0.69140625 0.196875 0.2140625
1 0.1359375 0.8421875 0.0328125 0.0203125
0 0.2359375 0.8828125 0.1828125 0.0828125
0 0.240625 0.95546875 0.140625 0.0890625
1 0.1625 0.9234375 0.0390625 0.0328125
1 0.171875 0.9015625 0.0484375 0.040625
1 0.0421875 0.85 0.053125 0.040625
1 0.0421875 0.7984375 0.0625 0.0859375
1 0.015625 0.78671875 0.03125 0.1140625
1 0.01796875 0.7234375 0.0359375 0.034375
1 0.00859375 0.66171875 0.0171875 0.0953125
1 0.028125 0.8984375 0.046875 0.03125
1 0.03828125 0.98984375 0.0546875 0.0203125
1 0.1328125 0.9640625 0.090625 0.071875
1 0.02421875 0.946875 0.0484375 0.078125
1 0.075 0.953125 0.065625 0.09375
0 0.7953125 0.990625 0.153125 0.01875
0 0.79921875 0.91484375 0.1453125 0.1703125
1 0.7796875 0.95625 0.025 0.03125
1 0.771875 0.8734375 0.015625 0.009375
1 0.828125 0.7984375 0.028125 0.0375
1 0.6671875 0.9921875 0.009375 0.015625
1 0.6625 0.7875 0.040625 0.0390625
0 0.7734375 0.7171875 0.240625 0.240625
1 0.709375 0.7546875 0.009375 0.009375
1 0.778125 0.7703125 0.0265625 0.0234375
1 0.690625 0.6140625 0.0140625 0.0140625
0 0.8015625 0.5546875 0.0828125 0.0765625
1 0.9140625 0.5265625 0.0140625 0.0140625
0 0.8859375 0.5421875 0.09375 0.05
1 0.5421875 0.5828125 0.0515625 0.0578125
1 0.48125 0.5984375 0.0203125 0.0484375
1 0.49375 0.6578125 0.0390625 0.03125
1 0.5078125 0.7359375 0.0484375 0.040625
1 0.615625 0.5671875 0.103125 0.103125
1 0.584375 0.690625 0.1 0.0796875
1 0.3546875 0.8359375 0.040625 0.0296875
1 0.409375 0.7734375 0.0921875 0.096875
1 0.5 0.690625 0.0109375 0.015625
1 0.3734375 0.96015625 0.0875 0.0796875
1 0.9171875 0.7125 0.0203125 0.021875
1 0.915625 0.6984375 0.025 0.009375