1 0.503125 0.490625 0.015625 0.0234375
1 0.0203125 0.484375 0.040625 0.03125
1 0.415625 0.465625 0.0203125 0.0140625
0 0.1796875 0.4796875 0.0921875 0.0515625
1 0.56796875 0.478125 0.0421875 0.053125
1 0.4484375 0.4453125 0.0453125 0.04375
1 0.4359375 0.4265625 0.015625 0.021875
1 0.36875 0.425 0.0265625 0.0234375
1 0.2671875 0.3921875 0.0671875 0.0578125
0 0.21875 0.39375 0.1125 0.165625
1 0.4421875 0.378125 0.015625 0.0171875
1 0.5359375 0.3484375 0.0265625 0.015625
1 0.5109375 0.321875 0.03125 0.0328125
1 0.371875 0.25625 0.05625 0.0375
1 0.090625 0.2546875 0.0453125 0.028125
1 0.56484375 0.14296875 0.0484375 0.0671875
1 0.375 0.0875 0.0234375 0.0328125
1 0.57109375 0.0703125 0.0359375 0.05
0 0.19375 0.0921875 0.1453125 0.078125
1 0.0203125 0.06953125 0.040625 0.0390625
1 0.3875 0.034375 0.059375 0.06875
1 0.5578125 0.01171875 0.040625 0.0234375
0 0.20703125 0.015625 0.1796875 0.03125
1 0.234375 0.04375 0.04375 0.0125
1 0.3203125 0.096875 0.0515625 0.065625
0 0.196875 0.18125 0.1578125 0.071875
0 0.2140625 0.25625 0.1125 0.1078125
1 0.284375 0.246875 0.04375 0.065625
1 0.4453125 0.2078125 0.08125 0.09375
1 0.4875 0.2203125 0.03125 0.078125
1 0.4921875 0.175 0.0703125 0.0703125
1 0.5296875 0.1890625 0.0328125 0.0265625
1 0.546875 0.078125 0.0515625 0.0515625
0 0.6234375 0.190625 0.06875 0.096875
1 0.7296875 0.23125 0.04375 0.04375
1 0.7359375 0.2 0.0140625 0.00625
1 0.7015625 0.1546875 0.0203125 0.0078125
0 0.62890625 0.22421875 0.0796875 0.1046875
0 0.62109375 0.32421875 0.0640625 0.2078125
1 0.59609375 0.3375 0.0140625 0.015625
1 0.6671875 0.403125 0.0140625 0.009375
1 0.725 0.428125 0.0203125 0.021875
1 0.7046875 0.3921875 0.015625 0.0140625
1 0.7609375 0.4546875 0.028125 0.0296875
0 0.621875 0.4234375 0.065625 0.115625
1 0.65625 0.63125 0.03125 0.025
1 0.7421875 0.596875 0.0296875 0.046875
0 0.6328125 0.54140625 0.0875 0.1515625
1 0.71875 0.5203125 0.040625 0.059375
1 0.690625 0.5046875 0.0421875 0.015625
1 0.83125 0.590625 0.03125 0.0265625
1 0.915625 0.60625 0.025 0.025
1 0.796875 0.5328125 0.0296875 0.0390625
1 0.7984375 0.5109375 0.028125 0.021875
1 0.8359375 0.5125 0.0203125 0.015625
1 0.8234375 0.43125 0.009375 0.015625
1 0.853125 0.20625 0.04375 0.0171875
1 0.8546875 0.2515625 0.0625 0.0359375
1 0.8921875 0.334375 0.0234375 0.021875
1 0.9296875 0.38125 0.0265625 0.028125
1 0.9265625 0.3578125 0.015625 0.0171875
1 0.95 0.3625 0.025 0.025
1 0.95625 0.378125 0.01875 0.0171875
1 0.9609375 0.3875 0.034375 0.028125
1 0.9734375 0.46484375 0.053125 0.0828125
1 0.953125 0.15 0.0109375 0.0140625
1 0.9703125 0.19375 0.0234375 0.021875
1 0.996875 0.16484375 0.00625 0.0296875
1 0.99765625 0.4421875 0.0046875 0.021875
1 0.2125 0.8875 0.0078125 0.0078125
0 0.4375 0.71328125 0.228125 0.1265625
0 0.4171875 0.8953125 0.2046875 0.2046875
0 0.40625 0.94453125 0.18125 0.1109375
1 0.70625 0.790625 0.0734375 0.0578125