1 0.35 0.6 0.0140625 0.015625
0 0.58828125 0.5671875 0.0609375 0.08125
1 0.0421875 0.50625 0.0140625 0.01875
1 0.3765625 0.434375 0.028125 0.00625
1 0.528125 0.396875 0.0234375 0.021875
1 0.4328125 0.3515625 0.0078125 0.0109375
1 0.3453125 0.3 0.01875 0.01875
1 0.3109375 0.29375 0.009375 0.015625
1 0.478125 0.2125 0.015625 0.015625
1 0.5515625 0.2015625 0.0359375 0.0359375
1 0.5921875 0.1734375 0.028125 0.0140625
1 0.4421875 0.159375 0.0109375 0.0140625
0 0.153125 0.1265625 0.0921875 0.084375
0 0.14375 0.215625 0.1578125 0.1015625
1 0.065625 0.2703125 0.0453125 0.0359375
0 0.165625 0.31875 0.0859375 0.10625
0 0.1203125 0.378125 0.1109375 0.171875
1 0.0703125 0.41875 0.0625 0.05625
0 0.08125 0.5015625 0.05625 0.0546875
0 0.109375 0.5703125 0.11875 0.0703125
1 0.4078125 0.521875 0.0234375 0.0265625
1 0.4125 0.490625 0.0296875 0.021875
1 0.890625 0.1578125 0.0296875 0.046875
1 0.7953125 0.2890625 0.0328125 0.034375
1 0.7984375 0.3984375 0.0203125 0.0203125
1 0.6609375 0.428125 0.0265625 0.0265625
1 0.875 0.24375 0.025 0.01875
1 0.95625 0.3421875 0.0234375 0.021875
1 0.8578125 0.4765625 0.03125 0.01875
0 0.62578125 0.6015625 0.0140625 0.05
0 0.66328125 0.5296875 0.0890625 0.134375
1 0.7140625 0.259375 0.028125 0.015625
0 0.6375 0.39140625 0.0375 0.1515625
0 0.65625 0.275 0.075 0.209375
0 0.67109375 0.15859375 0.1046875 0.1171875
0 0.215625 0.765625 0.0921875 0.1375
1 0.0921875 0.7109375 0.0234375 0.021875
1 0.09375 0.740625 0.0203125 0.0140625
1 0.1453125 0.703125 0.028125 0.0171875
1 0.171875 0.7890625 0.0265625 0.025
0 0.2078125 0.68203125 0.215625 0.0453125
1 0.3875 0.7296875 0.0265625 0.0203125
1 0.4 0.7421875 0.0171875 0.0171875
1 0.43125 0.684375 0.01875 0.0234375
1 0.603125 0.8046875 0.03125 0.015625
1 0.61484375 0.6875 0.0078125 0.025
0 0.7921875 0.7640625 0.1609375 0.15
1 0.80625 0.7046875 0.0515625 0.0328125
1 0.9125 0.7 0.021875 0.015625
1 0.903125 0.7375 0.0296875 0.05625
1 0.8921875 0.7734375 0.0328125 0.0296875
0 0.8046875 0.921875 0.1390625 0.1171875
0 0.80625 0.85625 0.2109375 0.0734375
1 0.66015625 0.97109375 0.0703125 0.0578125
1 0.71796875 0.98828125 0.0171875 0.0234375
1 0.98046875 0.7125 0.0390625 0.05