1 0.371875 0.2890625 0.03125 0.0375
1 0.25 0.2890625 0.0171875 0.025
1 0.2203125 0.271875 0.034375 0.03125
1 0.16875 0.290625 0.0234375 0.0171875
1 0.075 0.2828125 0.03125 0.025
1 0.2078125 0.209375 0.021875 0.028125
0 0.15625 0.203125 0.0734375 0.1484375
0 0.0765625 0.1859375 0.1328125 0.121875
0 0.02109375 0.17734375 0.0421875 0.1765625
1 0.30625 0.13125 0.021875 0.028125
1 0.334375 0.028125 0.025 0.0234375
1 0.17109375 0.01015625 0.0421875 0.0203125
1 0.125 0.00703125 0.021875 0.0140625
0 0.3703125 0.20625 0.065625 0.11875
0 0.2828125 0.1859375 0.134375 0.1171875
1 0.98125 0.328125 0.0171875 0.0375
1 0.9375 0.3734375 0.0296875 0.021875
1 0.925 0.321875 0.021875 0.0171875
1 0.9109375 0.29375 0.0125 0.0296875
1 0.8875 0.3015625 0.0390625 0.05
1 0.84375 0.0140625 0.01875 0.0203125
1 0.84375 0.1671875 0.0171875 0.0171875
1 0.8453125 0.1125 0.0203125 0.021875
1 0.721875 0.034375 0.015625 0.021875
1 0.703125 0.0171875 0.021875 0.025
1 0.7 0.0515625 0.0171875 0.034375
1 0.6859375 0.071875 0.0109375 0.0171875
1 0.65 0.3265625 0.03125 0.021875
1 0.54375 0.0984375 0.04375 0.040625
1 0.53125 0.325 0.0234375 0.021875
1 0.50625 0.1578125 0.021875 0.0125
1 0.4859375 0.2546875 0.01875 0.0171875
1 0.4921875 0.084375 0.01875 0.0203125
1 0.4828125 0.0515625 0.0125 0.015625
0 0.6734375 0.1703125 0.171875 0.2296875
1 0.5796875 0.3203125 0.03125 0.0328125
1 0.5671875 0.3140625 0.015625 0.03125
1 0.5953125 0.3390625 0.0328125 0.04375
1 0.578125 0.3390625 0.015625 0.03125
1 0.5359375 0.3546875 0.0234375 0.0328125
1 0.6109375 0.3078125 0.0390625 0.04375
1 0.540625 0.3125 0.0203125 0.0296875
1 0.496875 0.3109375 0.0390625 0.0546875
1 0.834375 0.3046875 0.03125 0.0328125
1 0.8390625 0.284375 0.040625 0.015625
1 0.85625 0.275 0.015625 0.01875
1 0.7828125 0.3390625 0.0265625 0.0375
1 0.7546875 0.2953125 0.05 0.034375
1 0.76875 0.303125 0.034375 0.059375
1 0.784375 0.315625 0.021875 0.0171875
1 0.6921875 0.325 0.0328125 0.01875
1 0.7203125 0.3046875 0.021875 0.015625
1 0.709375 0.3140625 0.0109375 0.00625
1 0.7421875 0.315625 0.015625 0.015625
1 0.684375 0.284375 0.0265625 0.03125
1 0.715625 0.290625 0.040625 0.0234375
0 0.98359375 0.11171875 0.0328125 0.1265625
0 0.91015625 0.17109375 0.1796875 0.2578125
1 0.48125 0.2375 0.0078125 0.009375
1 0.54375 0.23125 0.0296875 0.0171875
1 0.5453125 0.1953125 0.0390625 0.034375
1 0.63125 0.2078125 0.021875 0.03125
1 0.6578125 0.275 0.0296875 0.01875
1 0.628125 0.221875 0.0453125 0.0171875
1 0.590625 0.221875 0.021875 0.0265625
1 0.5078125 0.190625 0.04375 0.0359375
1 0.5046875 0.225 0.025 0.0125
1 0.4875 0.1734375 0.0203125 0.040625
1 0.56875 0.1953125 0.0140625 0.0203125
1 0.528125 0.2234375 0.01875 0.0203125
1 0.5 0.209375 0.0265625 0.025
1 0.4828125 0.08125 0.0125 0.0125
1 0.5546875 0.15 0.0828125 0.0375
1 0.5125 0.08125 0.015625 0.0296875
1 0.5359375 0.0671875 0.028125 0.025
1 0.528125 0.05 0.0359375 0.03125
1 0.584375 0.025 0.053125 0.0328125
1 0.5703125 0.046875 0.03125 0.0359375
1 0.4984375 0.0015625 0.009375 0.003125
1 0.56875 0.0828125 0.028125 0.03125
1 0.59375 0.05625 0.028125 0.0234375
1 0.640625 0.0234375 0.028125 0.0390625
1 0.621875 0.03125 0.0265625 0.0390625
1 0.615625 0.0375 0.021875 0.0265625
1 0.609375 0.096875 0.0328125 0.025
1 0.6109375 0.059375 0.0328125 0.0390625
1 0.653125 0.0421875 0.009375 0.028125
1 0.634375 0.1078125 0.0484375 0.0546875
1 0.675 0.1578125 0.01875 0.03125
1 0.6640625 0.1828125 0.0390625 0.028125
1 0.7109375 0.078125 0.0296875 0.0265625
1 0.725 0.053125 0.0265625 0.03125
1 0.74375 0.0703125 0.0296875 0.034375
1 0.8 0.0265625 0.0421875 0.0234375
1 0.7875 0.040625 0.034375 0.0140625
1 0.78125 0.0609375 0.0328125 0.0078125
1 0.8109375 0.0640625 0.015625 0.025
1 0.846875 0.0328125 0.0359375 0.015625
1 0.86875 0.05 0.0171875 0.0328125
1 0.84375 0.0515625 0.0234375 0.04375
1 0.84375 0.06875 0.05 0.03125
1 0.8890625 0.0671875 0.034375 0.0328125
1 0.859375 0.078125 0.015625 0.0171875
1 0.8609375 0.1734375 0.0171875 0.0359375
1 0.903125 0.1359375 0.0171875 0.025
1 0.9015625 0.0484375 0.0265625 0.0265625
1 0.96875 0.0828125 0.0515625 0.096875
1 0.40625 0.8828125 0.0078125 0.0109375
1 0.20625 0.946875 0.0140625 0.015625
1 0.1046875 0.94375 0.01875 0.0171875
1 0.1078125 0.896875 0.0203125 0.0234375
1 0.0859375 0.759375 0.0171875 0.015625
1 0.0703125 0.5109375 0.0234375 0.0203125
1 0.05 0.4203125 0.021875 0.01875
1 0.04375 0.8484375 0.0109375 0.0109375
0 0.0234375 0.75234375 0.046875 0.2390625
0 0.1796875 0.690625 0.2515625 0.2046875
0 0.3625 0.5125 0.09375 0.0453125
0 0.3421875 0.6671875 0.1328125 0.30625
1 0.303125 0.584375 0.028125 0.0265625
1 0.2109375 0.696875 0.0109375 0.0125
0 0.43515625 0.8734375 0.0328125 0.0875
0 0.490625 0.9109375 0.1 0.14375
1 0.5328125 0.965625 0.0234375 0.01875
1 0.64375 0.86875 0.103125 0.1734375
0 0.725 0.896875 0.0953125 0.0921875
0 0.775 0.8453125 0.1421875 0.09375
1 0.790625 0.603125 0.0453125 0.0453125
1 0.6578125 0.6109375 0.0109375 0.015625
1 0.5328125 0.6546875 0.03125 0.0171875
1 0.575 0.4828125 0.0328125 0.0375
1 0.603125 0.4484375 0.0296875 0.05625