0 0.084375 0.3609375 0.0296875 0.03125
1 0.140625 0.409375 0.0171875 0.0265625
0 0.1609375 0.26875 0.0296875 0.0234375
0 0.1515625 0.309375 0.0625 0.0390625
1 0.228125 0.265625 0.0375 0.03125
0 0.2546875 0.40625 0.0453125 0.046875
1 0.303125 0.2875 0.0140625 0.025
0 0.3484375 0.1984375 0.05625 0.034375
1 0.37109375 0.328125 0.0171875 0.025
1 0.371875 0.3078125 0.015625 0.01875
1 0.3265625 0.1 0.021875 0.0140625
0 0.246875 0.328125 0.0484375 0.046875
1 0.0765625 0.09375 0.0125 0.0734375
1 0.0953125 0.109375 0.0265625 0.0546875
1 0.0953125 0.2765625 0.0359375 0.0359375
0 0.171875 0.44140625 0.1375 0.0359375
1 0.1640625 0.4296875 0.03125 0.021875
0 0.303125 0.39375 0.034375 0.05
0 0.3359375 0.43203125 0.0875 0.0546875
1 0.7234375 0.01015625 0.028125 0.0203125
1 0.7609375 0.0140625 0.034375 0.028125
1 0.63828125 0.02890625 0.0515625 0.0578125
1 0.5828125 0.078125 0.046875 0.0515625
1 0.628125 0.19375 0.0484375 0.040625
1 0.621875 0.153125 0.0390625 0.034375
1 0.565625 0.1609375 0.0390625 0.0484375
1 0.5125 0.16875 0.05625 0.03125
1 0.525 0.253125 0.06875 0.0703125
1 0.5375 0.3546875 0.034375 0.071875
1 0.5078125 0.4 0.0625 0.0265625
1 0.8140625 0.4140625 0.0484375 0.0375
1 0.796875 0.3734375 0.0375 0.0359375
1 0.8484375 0.4 0.046875 0.0546875
1 0.903125 0.38125 0.09375 0.053125
1 0.9375 0.4234375 0.065625 0.0671875
1 0.603125 0.4015625 0.0421875 0.0328125
1 0.6703125 0.3546875 0.0328125 0.046875
1 0.671875 0.30625 0.046875 0.0390625
1 0.7078125 0.271875 0.0625 0.0484375
1 0.728125 0.221875 0.09375 0.06875
1 0.7515625 0.10625 0.0984375 0.0609375
1 0.7515625 0.0484375 0.04375 0.025
1 0.840625 0.171875 0.0640625 0.046875
1 0.88125 0.2046875 0.0328125 0.0453125
1 0.9015625 0.25625 0.0703125 0.109375
1 0.7671875 0.309375 0.0484375 0.028125
1 0.796875 0.275 0.059375 0.0515625
1 0.8390625 0.3203125 0.028125 0.0140625
1 0.8484375 0.2828125 0.0328125 0.05
1 0.9671875 0.14375 0.03125 0.053125
1 0.578125 0.3421875 0.028125 0.0234375
1 0.609375 0.2515625 0.040625 0.0375
0 0.8125 0.05390625 0.0875 0.1078125
0 0.903125 0.03046875 0.159375 0.0609375
1 0.746875 0.40703125 0.1125 0.1046875
0 0.321875 0.59453125 0.115625 0.2546875
0 0.30078125 0.56953125 0.1578125 0.2203125
1 0.36796875 0.46640625 0.0234375 0.0140625
1 0.24375 0.46953125 0.03125 0.0203125
1 0.58671875 0.471875 0.0453125 0.025
1 0.60859375 0.99140625 0.0234375 0.0171875
1 0.6078125 0.746875 0.0453125 0.0359375
1 0.646875 0.85625 0.0109375 0.015625
1 0.640625 0.50625 0.025 0.0203125
1 0.653125 0.95 0.0359375 0.03125
1 0.684375 0.871875 0.0234375 0.015625
1 0.71484375 0.996875 0.0109375 0.00625
1 0.7125 0.8875 0.0359375 0.046875
1 0.7296875 0.734375 0.0109375 0.0125
1 0.734375 0.4953125 0.0296875 0.0171875
1 0.75 0.81875 0.025 0.009375
1 0.7625 0.971875 0.0125 0.0234375
1 0.7640625 0.5265625 0.009375 0.0109375
1 0.759375 0.4921875 0.0390625 0.0296875
1 0.8 0.7015625 0.028125 0.021875
1 0.803125 0.8859375 0.021875 0.015625
1 0.8125 0.7703125 0.0375 0.0203125
1 0.834375 0.5125 0.0140625 0.01875
1 0.84375 0.8078125 0.0453125 0.03125
1 0.86875 0.7953125 0.0359375 0.0296875
1 0.878125 0.4828125 0.04375 0.046875
1 0.9171875 0.5375 0.0234375 0.01875
1 0.94921875 0.99375 0.0109375 0.0125
1 0.98125 0.9109375 0.01875 0.034375
1 0.9890625 0.878125 0.021875 0.05
0 0.99375 0.47421875 0.0125 0.0203125
1 0.953125 0.809375 0.028125 0.0171875
1 0.99765625 0.82578125 0.0046875 0.0171875
1 0.871875 0.9015625 0.0203125 0.0265625
0 0.7125 0.778125 0.065625 0.05
0 0.7 0.8140625 0.053125 0.0296875
0 0.5921875 0.6296875 0.140625 0.14375
0 0.8546875 0.6578125 0.109375 0.1578125
0 0.9265625 0.6421875 0.1109375 0.0984375
0 0.759375 0.63125 0.075 0.1359375
0 0.6875 0.6375 0.11875 0.146875
1 0.534375 0.9375 0.0078125 0.0234375
1 0.5640625 0.925 0.015625 0.0125