1 0.3796875 0.528125 0.0875 0.021875
1 0.4609375 0.4875 0.015625 0.034375
0 0.421875 0.33125 0.09375 0.096875
0 0.3875 0.353125 0.146875 0.1015625
0 0.278125 0.34375 0.0921875 0.0984375
1 0.3109375 0.2703125 0.0453125 0.071875
1 0.41875 0.240625 0.0578125 0.03125
1 0.4 0.2609375 0.0546875 0.0453125
1 0.4609375 0.190625 0.015625 0.0375
1 0.396875 0.1515625 0.115625 0.1171875
1 0.3203125 0.1046875 0.028125 0.0234375
1 0.31484375 0.0046875 0.0390625 0.009375
0 0.821875 0.1046875 0.35 0.209375
1 0.965625 0.1046875 0.04375 0.0390625
1 0.6921875 0.1609375 0.0265625 0.0234375
1 0.7421875 0.240625 0.0328125 0.03125
1 0.9078125 0.3234375 0.015625 0.0203125
1 0.8734375 0.475 0.021875 0.0234375
1 0.965625 0.015625 0.0359375 0.0296875
0 0.73359375 0.1203125 0.1765625 0.240625
1 0.8 0.140625 0.065625 0.05625
1 0.4 0.890625 0.0171875 0.0109375
1 0.334375 0.99296875 0.021875 0.0140625
1 0.284375 0.809375 0.0390625 0.021875
1 0.2078125 0.6359375 0.0296875 0.03125
1 0.196875 0.7125 0.0078125 0.0109375
1 0.1453125 0.775 0.0203125 0.0078125
1 0.115625 0.9640625 0.0125 0.0171875
1 0.090625 0.8578125 0.015625 0.009375
1 0.0671875 0.9296875 0.0171875 0.0125
1 0.4109375 0.5984375 0.0203125 0.0546875
0 0.2953125 0.6 0.28125 0.121875
0 0.1234375 0.60703125 0.246875 0.1359375
1 0.04140625 0.96796875 0.0359375 0.0640625
1 0.878125 0.953125 0.0484375 0.0515625
1 0.88515625 0.99140625 0.0234375 0.0171875
1 0.89375 0.9015625 0.01875 0.059375
0 0.8078125 0.8640625 0.1890625 0.2015625
1 0.7265625 0.9734375 0.0640625 0.0171875
1 0.7140625 0.9203125 0.0625 0.0703125
0 0.7140625 0.8453125 0.1359375 0.1015625
1 0.6546875 0.953125 0.028125 0.01875
1 0.6546875 0.9375 0.028125 0.0203125
0 0.58125 0.84375 0.1421875 0.065625
1 0.6015625 0.9046875 0.034375 0.04375
1 0.4890625 0.8984375 0.0359375 0.03125
1 0.4765625 0.76875 0.015625 0.025
1 0.49140625 0.68984375 0.0453125 0.0390625
1 0.5453125 0.6703125 0.08125 0.0796875
1 0.47890625 0.61484375 0.0203125 0.0296875
1 0.478125 0.57734375 0.01875 0.0515625
1 0.634375 0.5890625 0.0328125 0.0375
1 0.5921875 0.5734375 0.0203125 0.03125
1 0.56796875 0.55859375 0.0203125 0.0390625
1 0.690625 0.634375 0.0546875 0.05625
1 0.6796875 0.6890625 0.0484375 0.05
1 0.71875 0.671875 0.046875 0.0328125
1 0.6859375 0.546875 0.059375 0.015625
1 0.853125 0.7265625 0.075 0.0546875
1 0.8015625 0.971875 0.03125 0.0296875
1 0.871875 0.678125 0.0625 0.04375
1 0.8875 0.596875 0.0328125 0.0265625
1 0.7796875 0.7390625 0.03125 0.040625
1 0.828125 0.7609375 0.040625 0.05625
1 0.8 0.740625 0.021875 0.0296875
1 0.7703125 0.70625 0.046875 0.0265625
1 0.8203125 0.6921875 0.028125 0.0484375
1 0.865625 0.63125 0.025 0.0328125
1 0.89296875 0.55390625 0.0203125 0.0296875
1 0.6703125 0.5859375 0.0390625 0.034375
1 0.8390625 0.571875 0.0234375 0.028125
1 0.8015625 0.54453125 0.025 0.0109375
1 0.6609375 0.7390625 0.025 0.03125
1 0.796875 0.6953125 0.0171875 0.03125
1 0.8234375 0.9671875 0.0703125 0.0609375