1 0.44375 0.00390625 0.015625 0.0078125
1 0.53125 0.021875 0.0203125 0.0140625
1 0.01171875 0.021875 0.0234375 0.025
1 0.371875 0.01796875 0.05625 0.0359375
1 0.4984375 0.0421875 0.0453125 0.04375
1 0.5109375 0.0609375 0.015625 0.021875
1 0.578125 0.0625 0.0265625 0.0234375
1 0.3203125 0.0859375 0.028125 0.065625
1 0.5046875 0.109375 0.015625 0.0171875
1 0.0375 0.1109375 0.071875 0.0734375
1 0.4109375 0.1390625 0.0265625 0.015625
1 0.4359375 0.165625 0.03125 0.0328125
1 0.00859375 0.15390625 0.0171875 0.0640625
1 0.040625 0.1890625 0.06875 0.0703125
1 0.575 0.23125 0.05625 0.0375
1 0.0953125 0.24375 0.075 0.084375
1 0.375 0.34375 0.0625 0.0671875
1 0.2765625 0.375 0.0328125 0.0390625
1 0.571875 0.4 0.0234375 0.0328125
1 0.3734375 0.4171875 0.040625 0.05
1 0.3171875 0.434375 0.0421875 0.015625
1 0.559375 0.4625 0.059375 0.0890625
1 0.19375 0.490625 0.0328125 0.0359375
1 0.3890625 0.4859375 0.040625 0.04375
1 0.5984375 0.5015625 0.0109375 0.015625
1 0.609375 0.390625 0.01875 0.065625
1 0.5015625 0.2796875 0.08125 0.09375
1 0.459375 0.2671875 0.03125 0.078125
1 0.4546875 0.3125 0.0703125 0.0703125
1 0.4171875 0.2984375 0.0328125 0.0265625
1 0.4 0.409375 0.0515625 0.0515625
1 0.3328125 0.365625 0.059375 0.08125
1 0.0765625 0.4203125 0.05 0.0546875
1 0.071875 0.3765625 0.046875 0.078125
1 0.3359375 0.2421875 0.0640625 0.0578125
1 0.2828125 0.3171875 0.034375 0.06875
1 0.259375 0.3328125 0.046875 0.0546875
0 0.16875 0.346875 0.13125 0.1140625
0 0.0984375 0.1 0.078125 0.0609375
0 0.1859375 0.10625 0.0859375 0.140625
0 0.1890625 0.18125 0.115625 0.0765625
0 0.1796875 0.253125 0.1171875 0.0828125
1 0.0328125 0.3265625 0.059375 0.053125
1 0.0890625 0.315625 0.0515625 0.0546875
1 0.3 0.1859375 0.0546875 0.0796875
0 0.1796875 0.02890625 0.171875 0.0578125
0 0.84609375 0.57265625 0.3078125 0.1234375
0 0.890625 0.34375 0.21875 0.234375
1 0.9546875 0.4578125 0.034375 0.03125
1 0.9015625 0.48125 0.046875 0.015625
1 0.9 0.4453125 0.0609375 0.0265625
1 0.5296875 0.7125 0.0125 0.0046875
1 0.29375 0.76875 0.021875 0.009375
1 0.5609375 0.8015625 0.0078125 0.0078125
1 0.1296875 0.865625 0.0890625 0.0609375
1 0.3546875 0.896875 0.009375 0.0265625
1 0.4109375 0.921875 0.0515625 0.0109375
1 0.371875 0.975 0.0265625 0.01875
1 0.284375 0.990625 0.0125 0.0125
1 0.2796875 0.659375 0.03125 0.028125
0 0.296875 0.7609375 0.1875 0.196875
0 0.3015625 0.67734375 0.209375 0.0765625
1 0.8375 0.90625 0.025 0.0296875
1 0.821875 0.9640625 0.071875 0.05625
1 0.759375 0.9828125 0.0296875 0.0234375
1 0.80703125 0.99140625 0.0203125 0.0171875
1 0.7921875 0.928125 0.0234375 0.0265625
1 0.68125 0.94375 0.0203125 0.025
1 0.653125 0.9640625 0.03125 0.0234375
1 0.62265625 0.97578125 0.0078125 0.0234375