0 0.525 0.0515625 0.028125 0.103125
1 0.4859375 0.0328125 0.0171875 0.015625
1 0.44375 0.1296875 0.0125 0.0140625
1 0.415625 0.3546875 0.0453125 0.0359375
1 0.365625 0.1140625 0.0203125 0.0265625
1 0.340625 0.50859375 0.04375 0.0203125
1 0.271875 0.3421875 0.0640625 0.0828125
1 0.103125 0.4421875 0.00625 0.0109375
1 0.078125 0.26875 0.015625 0.015625
0 0.0828125 0.47421875 0.05625 0.0890625
0 0.14453125 0.4859375 0.1328125 0.065625
0 0.22734375 0.496875 0.1953125 0.04375
1 0.25859375 0.49140625 0.0484375 0.0546875
1 0.2 0.31875 0.00625 0.0125
0 0.45 0.47109375 0.13125 0.0953125
1 0.503125 0.49921875 0.071875 0.0390625
1 0.3953125 0.3234375 0.025 0.034375
0 0.4046875 0.03203125 0.096875 0.0640625
0 0.315625 0.0171875 0.1 0.034375
0 0.16796875 0.0296875 0.1328125 0.059375
1 0.190625 0.0453125 0.0140625 0.009375
0 0.0859375 0.025 0.0625 0.05
1 0.8859375 0.471875 0.0296875 0.015625
1 0.8875 0.4546875 0.0375 0.03125
1 0.9109375 0.4671875 0.0296875 0.025
1 0.815625 0.4984375 0.034375 0.021875
1 0.790625 0.46875 0.01875 0.0296875
1 0.8234375 0.4171875 0.0265625 0.021875
1 0.81875 0.36875 0.0234375 0.040625
1 0.76875 0.3875 0.01875 0.0171875
1 0.7703125 0.3375 0.0234375 0.01875
1 0.80625 0.3625 0.0078125 0.0140625
1 0.7953125 0.34375 0.0109375 0.0140625
1 0.8328125 0.3328125 0.015625 0.009375
1 0.7125 0.43125 0.0046875 0.01875
1 0.7171875 0.4203125 0.015625 0.021875
1 0.7421875 0.378125 0.0078125 0.009375
1 0.99375 0.31015625 0.0125 0.0234375
1 0.98984375 0.165625 0.0203125 0.04375
1 0.9578125 0.146875 0.01875 0.0203125
0 0.975 0.25625 0.05 0.10625
0 0.934375 0.2515625 0.125 0.1265625
0 0.896875 0.2171875 0.1265625 0.1171875
0 0.8578125 0.2171875 0.0875 0.1921875
0 0.7640625 0.2328125 0.109375 0.0984375
1 0.74375 0.1921875 0.00625 0.0125
1 0.75625 0.2890625 0.015625 0.01875
1 0.76875 0.084375 0.090625 0.075
1 0.95 0.0515625 0.0421875 0.0234375
1 0.2515625 0.88125 0.028125 0.021875
1 0.24375 0.8734375 0.0203125 0.0359375
1 0.259375 0.7953125 0.0375 0.04375
1 0.2859375 0.99765625 0.034375 0.0046875
1 0.290625 0.978125 0.028125 0.0203125
1 0.2984375 0.95 0.0265625 0.0328125
1 0.4625 0.9484375 0.0390625 0.0578125
1 0.44375 0.8515625 0.021875 0.0328125
1 0.4015625 0.946875 0.05625 0.05
1 0.396875 0.909375 0.0390625 0.03125
1 0.359375 0.89375 0.0453125 0.06875
1 0.325 0.9234375 0.0203125 0.0171875
1 0.5265625 0.915625 0.025 0.0625
1 0.3953125 0.871875 0.0125 0.0234375
1 0.353125 0.615625 0.025 0.0359375
1 0.5109375 0.721875 0.0375 0.025
1 0.5265625 0.6515625 0.015625 0.015625
1 0.525 0.6375 0.009375 0.0109375
1 0.51875 0.61875 0.0140625 0.0109375
0 0.225 0.6703125 0.040625 0.13125
0 0.271875 0.6890625 0.1328125 0.159375
0 0.3546875 0.7171875 0.0796875 0.1125
0 0.4453125 0.7265625 0.121875 0.1265625
0 0.5078125 0.71171875 0.0625 0.1140625
1 0.8875 0.65 0.0203125 0.0140625
1 0.6390625 0.728125 0.0109375 0.009375
0 0.66171875 0.6296875 0.2453125 0.221875
0 0.8515625 0.640625 0.209375 0.1921875
0 0.959375 0.609375 0.0390625 0.034375