1 0.1734375 0.2515625 0.065625 0.04375
1 0.3171875 0.2078125 0.0390625 0.03125
1 0.3640625 0.30625 0.028125 0.0390625
0 0.0875 0.34375 0.10625 0.03125
1 0.1390625 0.0265625 0.0203125 0.028125
1 0.859375 0.3078125 0.0078125 0.0125
1 0.54375 0.0859375 0.028125 0.06875
0 0.61796875 0.0390625 0.0921875 0.078125
0 0.70703125 0.0453125 0.1578125 0.090625
0 0.85625 0.028125 0.0140625 0.0421875
0 0.79296875 0.0671875 0.0953125 0.134375
1 0.8421875 0.0234375 0.04375 0.046875
1 0.8453125 0.3046875 0.0125 0.015625
1 0.2015625 0.36875 0.009375 0.0109375
1 0.215625 0.6640625 0.0109375 0.0203125
1 0.2171875 0.6890625 0.0109375 0.025
1 0.2640625 0.7953125 0.0203125 0.0234375
1 0.290625 0.64375 0.03125 0.0375
1 0.325 0.6421875 0.0265625 0.046875
1 0.3734375 0.7234375 0.021875 0.0140625
1 0.390625 0.884375 0.01875 0.0171875
1 0.4046875 0.765625 0.025 0.0375
1 0.4171875 0.653125 0.0421875 0.015625
1 0.4359375 0.6734375 0.0140625 0.03125
1 0.434375 0.590625 0.0296875 0.025
1 0.440625 0.4828125 0.0390625 0.065625
1 0.4390625 0.528125 0.05625 0.0390625
1 0.459375 0.4046875 0.0328125 0.0484375
1 0.4703125 0.740625 0.025 0.0328125
1 0.4671875 0.628125 0.05 0.0484375
1 0.496875 0.525 0.0328125 0.0203125
1 0.50625 0.9859375 0.03125 0.028125
1 0.503125 0.7640625 0.053125 0.040625
1 0.51953125 0.93984375 0.0203125 0.0484375
1 0.52265625 0.71328125 0.0140625 0.0078125
1 0.5234375 0.56328125 0.0125 0.0234375
1 0.521875 0.3828125 0.015625 0.025
1 0.384375 0.40859375 0.2 0.0984375
1 0.4171875 0.4484375 0.046875 0.0515625
1 0.425 0.725 0.04375 0.0546875
1 0.3296875 0.721875 0.0578125 0.0390625
1 0.3828125 0.6765625 0.0734375 0.071875
1 0.40625 0.7 0.0328125 0.0296875
1 0.278125 0.7015625 0.05625 0.05
1 0.2984375 0.771875 0.0515625 0.0453125
1 0.278125 0.7328125 0.0296875 0.03125
1 0.3046875 0.7375 0.01875 0.0171875
1 0.2109375 0.975 0.0296875 0.046875
1 0.246875 0.965625 0.0625 0.053125
1 0.2859375 0.9765625 0.009375 0.01875
1 0.215625 0.925 0.034375 0.0359375
0 0.2703125 0.8765625 0.146875 0.08125
1 0.271875 0.9171875 0.05 0.028125
0 0.3578125 0.8796875 0.084375 0.1703125
1 0.3703125 0.790625 0.0328125 0.0390625
1 0.3265625 0.8375 0.0203125 0.01875
1 0.3140625 0.984375 0.05625 0.03125
1 0.3203125 0.9546875 0.0640625 0.0390625
1 0.3828125 0.9359375 0.0328125 0.0359375
1 0.359375 0.953125 0.0234375 0.025
1 0.421875 0.9015625 0.0390625 0.0515625
1 0.4140625 0.815625 0.0171875 0.0265625
1 0.41875 0.8453125 0.0265625 0.0234375
1 0.43125 0.784375 0.03125 0.025
1 0.50390625 0.809375 0.0515625 0.05625
0 0.45625 0.865625 0.071875 0.1640625
1 0.43125 0.928125 0.04375 0.0203125
0 0.50390625 0.8609375 0.0515625 0.053125
1 0.415625 0.975 0.125 0.05
1 0.346875 0.99140625 0.05625 0.0171875
1 0.54140625 0.37421875 0.0234375 0.0296875
1 0.903125 0.37421875 0.015625 0.0296875
0 0.84921875 0.421875 0.1171875 0.125
1 0.78359375 0.37421875 0.0171875 0.0296875
1 0.5953125 0.51875 0.03125 0.0453125
1 0.6078125 0.6171875 0.025 0.0234375
1 0.8703125 0.9046875 0.04375 0.046875
1 0.828125 0.940625 0.0328125 0.0421875
1 0.771875 0.8546875 0.04375 0.0484375
1 0.7421875 0.884375 0.0421875 0.03125
1 0.7171875 0.85 0.0578125 0.06875
1 0.6796875 0.83125 0.0421875 0.0453125
1 0.7078125 0.8984375 0.0609375 0.040625
1 0.628125 0.8953125 0.0265625 0.046875
1 0.6875 0.9828125 0.0203125 0.0171875
0 0.5953125 0.9484375 0.103125 0.0625
1 0.8578125 0.990625 0.021875 0.015625
1 0.859375 0.840625 0.021875 0.0203125
0 0.75390625 0.43828125 0.0578125 0.1578125
0 0.63515625 0.44375 0.2109375 0.16875