1 0.0921875 0.0203125 0.0140625 0.0078125
1 0.225 0.215625 0.034375 0.034375
1 0.2421875 0.15 0.0078125 0.0140625
1 0.265625 0.1890625 0.01875 0.0140625
1 0.328125 0.2 0.0109375 0.009375
1 0.4234375 0.1125 0.015625 0.0078125
1 0.490625 0.01875 0.0140625 0.0171875
1 0.5203125 0.01875 0.009375 0.00625
0 0.7578125 0.01796875 0.0625 0.0359375
1 0.78125 0.0421875 0.1140625 0.0828125
1 0.821875 0.009375 0.040625 0.01875
1 0.8078125 0.1234375 0.05625 0.0390625
1 0.7953125 0.159375 0.0265625 0.0296875
1 0.98671875 0.028125 0.0265625 0.05625
1 0.9375 0.0625 0.03125 0.03125
1 0.925 0.1 0.0203125 0.0078125
1 0.921875 0.1171875 0.0421875 0.0296875
1 0.990625 0.0828125 0.01875 0.05
1 0.9671875 0.1296875 0.0515625 0.071875
1 0.9859375 0.115625 0.015625 0.009375
1 0.96953125 0.18125 0.0609375 0.065625
1 0.9046875 0.175 0.0484375 0.0328125
1 0.8921875 0.2015625 0.01875 0.01875
1 0.7203125 0.1125 0.021875 0.028125
1 0.7140625 0.128125 0.028125 0.025
1 0.690625 0.1109375 0.01875 0.0265625
1 0.71875 0.2546875 0.065625 0.078125
1 0.7390625 0.2375 0.025 0.0265625
1 0.7765625 0.2078125 0.0703125 0.084375
1 0.8171875 0.1921875 0.015625 0.009375
1 0.8140625 0.253125 0.0359375 0.05
1 0.846875 0.2046875 0.0140625 0.0125
1 0.834375 0.3015625 0.0265625 0.025
1 0.940625 0.2984375 0.0484375 0.053125
1 0.884375 0.33515625 0.065625 0.0671875
1 0.8859375 0.290625 0.0234375 0.05625
1 0.925 0.359375 0.034375 0.01875
1 0.99375 0.29375 0.0125 0.0375
1 0.7796875 0.35703125 0.040625 0.0234375
1 0.4265625 0.4375 0.0640625 0.0859375
1 0.2734375 0.4046875 0.0484375 0.0390625
1 0.3421875 0.4890625 0.015625 0.0265625
1 0.328125 0.5046875 0.0296875 0.01875
1 0.2046875 0.496875 0.034375 0.03125
1 0.0625 0.4359375 0.0234375 0.0203125
1 0.1546875 0.5828125 0.0265625 0.0390625
1 0.1109375 0.60625 0.0296875 0.0125
1 0.1609375 0.578125 0.0171875 0.0234375
1 0.3484375 0.625 0.0109375 0.0078125
1 0.3734375 0.740625 0.0296875 0.0265625
1 0.4234375 0.74375 0.0125 0.015625
1 0.3375 0.7828125 0.0140625 0.0234375
1 0.3359375 0.725 0.0125 0.0140625
1 0.2109375 0.9265625 0.021875 0.0359375
1 0.2125 0.9421875 0.0234375 0.0234375
1 0.21328125 0.99609375 0.0203125 0.0078125
1 0.3453125 0.815625 0.00625 0.0109375
0 0.2984375 0.83125 0.1609375 0.1125
0 0.0671875 0.83125 0.0953125 0.1109375
1 0.7546875 0.56875 0.1140625 0.115625
1 0.7984375 0.49375 0.0515625 0.0796875
1 0.7328125 0.5 0.0609375 0.0734375
1 0.68828125 0.584375 0.0171875 0.065625
1 0.6859375 0.62578125 0.0125 0.0546875
0 0.71171875 0.4109375 0.0640625 0.084375
1 0.765625 0.403125 0.0140625 0.03125
0 0.8 0.40234375 0.05 0.0671875
1 0.7984375 0.7 0.0484375 0.0703125
1 0.7921875 0.6390625 0.04375 0.05625
1 0.709375 0.6984375 0.03125 0.028125
1 0.69921875 0.93125 0.0390625 0.04375
1 0.7984375 0.896875 0.0515625 0.1140625
1 0.7171875 0.7859375 0.0578125 0.0671875
1 0.8125 0.803125 0.0171875 0.0421875