1 0.003125 0.2359375 0.00625 0.009375
1 0.0109375 0.3328125 0.015625 0.0125
1 0.0375 0.3453125 0.015625 0.009375
1 0.05625 0.26875 0.021875 0.0140625
0 0.0453125 0.2203125 0.0546875 0.0421875
0 0.1390625 0.1953125 0.05625 0.1796875
0 0.1984375 0.215625 0.05 0.096875
1 0.1078125 0.0109375 0.034375 0.021875
0 0.209375 0.01328125 0.028125 0.0265625
1 0.04375 0.2546875 0.021875 0.01875
1 0.1546875 0.340625 0.028125 0.01875
1 0.15625 0.3265625 0.015625 0.0140625
0 0.1578125 0.05 0.0421875 0.0625
0 0.1875 0.1015625 0.071875 0.0890625
1 0.00546875 0.1078125 0.0109375 0.01875
1 0.7828125 0.096875 0.040625 0.0375
1 0.821875 0.121875 0.0234375 0.0203125
1 0.95625 0.04375 0.025 0.01875
1 0.79765625 0.00625 0.0140625 0.0125
1 0.0265625 0.621875 0.053125 0.0390625
1 0.0609375 0.6546875 0.046875 0.028125
1 0.1046875 0.640625 0.0234375 0.0203125
1 0.1265625 0.553125 0.0296875 0.021875
1 0.1515625 0.8875 0.028125 0.0171875
1 0.1453125 0.903125 0.015625 0.0140625
1 0.16875 0.6484375 0.0234375 0.0359375
1 0.2171875 0.6609375 0.0296875 0.0078125
1 0.215625 0.64375 0.025 0.0203125
1 0.2109375 0.990625 0.04375 0.01875
1 0.253125 0.546875 0.0265625 0.015625
1 0.31875 0.69375 0.0421875 0.0359375
1 0.003125 0.453125 0.00625 0.021875
1 0.00390625 0.40546875 0.0078125 0.0171875
0 0.0390625 0.41796875 0.078125 0.1359375
0 0.10625 0.3953125 0.115625 0.090625
0 0.2171875 0.43125 0.14375 0.1328125
1 0.27890625 0.3609375 0.0265625 0.021875
1 0.2921875 0.3703125 0.025 0.0328125
1 0.290625 0.39375 0.028125 0.034375
1 0.2765625 0.35390625 0.034375 0.0078125
1 0.2703125 0.3765625 0.01875 0.03125
1 0.2921875 0.4296875 0.0171875 0.01875
1 0.315625 0.4421875 0.0109375 0.0234375
1 0.3234375 0.4515625 0.01875 0.0265625
1 0.0484375 0.6515625 0.0109375 0.0453125
1 0.1171875 0.5140625 0.0171875 0.01875
1 0.0328125 0.878125 0.0625 0.0625
0 0.315625 0.4203125 0.06875 0.134375
0 0.06953125 0.95 0.1265625 0.1
0 0.19609375 0.9234375 0.1078125 0.153125
0 0.29375 0.93515625 0.115625 0.1296875
0 0.33671875 0.96484375 0.0265625 0.0703125
1 0.740625 0.5734375 0.0234375 0.0234375
1 0.6890625 0.4875 0.025 0.0296875
1 0.6609375 0.578125 0.0328125 0.0421875
1 0.6265625 0.59375 0.0421875 0.04375
1 0.63125 0.484375 0.034375 0.04375
1 0.528125 0.490625 0.0265625 0.03125
1 0.509375 0.540625 0.0203125 0.0234375
1 0.5015625 0.5921875 0.03125 0.0234375
1 0.4609375 0.6140625 0.0078125 0.025
1 0.5390625 0.403125 0.0203125 0.0234375
1 0.45703125 0.38984375 0.0140625 0.0359375
1 0.69375 0.7359375 0.0375 0.03125
0 0.6328125 0.8171875 0.1015625 0.1
1 0.509375 0.85625 0.09375 0.1015625
1 0.553125 0.7703125 0.0453125 0.025
0 0.63828125 0.3734375 0.1703125 0.046875
0 0.7234375 0.36796875 0.1 0.0359375
1 0.5859375 0.99375 0.028125 0.0125
1 0.7 0.871875 0.03125 0.03125