1 0.4078125 0.228125 0.0296875 0.046875
0 0.259375 0.0953125 0.225 0.190625
0 0.175 0.2046875 0.203125 0.3609375
1 0.065625 0.140625 0.046875 0.025
0 0.1640625 0.33125 0.1421875 0.109375
1 0.3734375 0.2828125 0.0328125 0.0390625
1 0.478125 0.0421875 0.0359375 0.053125
1 0.96875 0.171875 0.040625 0.0546875
1 0.8875 0.2515625 0.015625 0.00625
1 0.85 0.2265625 0.0375 0.05625
1 0.803125 0.2046875 0.0125 0.0171875
1 0.85 0.1296875 0.03125 0.034375
1 0.8046875 0.0875 0.0359375 0.0359375
1 0.834375 0.0359375 0.0234375 0.046875
1 0.78203125 0.0171875 0.0390625 0.034375
1 0.71875 0.046875 0.046875 0.0421875
0 0.6671875 0.20625 0.140625 0.0953125
1 0.6359375 0.1953125 0.0078125 0.0125
0 0.690625 0.1546875 0.0390625 0.0453125
1 0.6890625 0.0140625 0.021875 0.028125
1 0.5671875 0.128125 0.0796875 0.078125
1 0.49765625 0.8 0.0234375 0.01875
1 0.415625 0.746875 0.0578125 0.0609375
1 0.4296875 0.68125 0.028125 0.0265625
1 0.3875 0.6734375 0.0296875 0.01875
1 0.271875 0.50625 0.040625 0.01875
0 0.2078125 0.540625 0.025 0.0953125
0 0.1453125 0.534375 0.0796875 0.078125
0 0.134375 0.965625 0.184375 0.06875
0 0.228125 0.8578125 0.3265625 0.1734375
1 0.778125 0.90625 0.0453125 0.053125
0 0.7765625 0.8171875 0.275 0.1546875
0 0.809375 0.734375 0.3015625 0.121875
1 0.51875 0.69140625 0.01875 0.0109375