1 0.571875 0.4640625 0.0046875 0.0140625
1 0.021875 0.371875 0.021875 0.03125
1 0.3859375 0.3453125 0.0078125 0.0109375
1 0.4 0.2921875 0.0109375 0.015625
1 0.4375 0.2953125 0.028125 0.0265625
1 0.040625 0.2828125 0.0171875 0.0140625
1 0.021875 0.2203125 0.0078125 0.0078125
1 0.0515625 0.2265625 0.01875 0.0359375
1 0.084375 0.196875 0.0453125 0.0453125
0 0.2890625 0.0625 0.1015625 0.059375
0 0.296875 0.1796875 0.15 0.20625
0 0.271875 0.3203125 0.1734375 0.1515625
0 0.2515625 0.3953125 0.075 0.090625
1 0.63828125 0.37578125 0.0234375 0.0390625
1 0.64140625 0.31484375 0.0171875 0.0234375
1 0.5890625 0.5 0.0125 0.0078125
1 0.540625 0.0921875 0.0046875 0.0078125
1 0.0640625 0.5375 0.0265625 0.034375
1 0.35 0.4359375 0.0203125 0.0484375
1 0.4203125 0.378125 0.0328125 0.05
1 0.3890625 0.2640625 0.0171875 0.0171875
1 0.590625 0.05625 0.0546875 0.0421875
1 0.28125 0.5296875 0.04375 0.03125
0 0.2203125 0.5453125 0.0640625 0.0296875
1 0.1875 0.51875 0.0359375 0.0390625
1 0.1390625 0.4765625 0.1 0.0859375
1 0.1328125 0.0875 0.0328125 0.028125
1 0.1203125 0.13125 0.0734375 0.0609375
1 0.06875 0.171875 0.0453125 0.028125
1 0.0265625 0.15390625 0.053125 0.0515625
1 0.184375 0.3234375 0.0265625 0.0203125
0 0.70703125 0.34609375 0.1140625 0.1671875
0 0.67265625 0.70078125 0.0453125 0.0234375
1 0.6796875 0.54375 0.028125 0.0171875
1 0.6828125 0.584375 0.0296875 0.0140625
0 0.70703125 0.22421875 0.1140625 0.0703125
1 0.71875 0.25625 0.040625 0.01875
1 0.9 0.2234375 0.034375 0.0234375
1 0.984375 0.5 0.021875 0.0171875
0 0.696875 0.4828125 0.09375 0.103125
0 0.7140625 0.440625 0.071875 0.075
1 0.45546875 0.9953125 0.0203125 0.009375
1 0.265625 0.9890625 0.0125 0.0078125
1 0.2921875 0.9828125 0.01875 0.034375
1 0.5703125 0.9421875 0.025 0.0203125
1 0.3375 0.95625 0.0234375 0.053125
1 0.2703125 0.91875 0.0375 0.025
1 0.121875 0.9015625 0.0078125 0.0109375
1 0.6421875 0.89375 0.015625 0.0109375
1 0.5859375 0.890625 0.015625 0.0234375
1 0.5203125 0.890625 0.0375 0.0265625
1 0.0359375 0.875 0.0703125 0.0640625
1 0.203125 0.846875 0.0078125 0.0140625
1 0.3484375 0.7734375 0.009375 0.0078125
1 0.375 0.740625 0.015625 0.015625
1 0.340625 0.72421875 0.01875 0.0109375
1 0.221875 0.7203125 0.0375 0.003125
1 0.0328125 0.8140625 0.0265625 0.025
0 0.47890625 0.73515625 0.0484375 0.0328125
1 0.4984375 0.7390625 0.0203125 0.015625
1 0.03046875 0.73125 0.0484375 0.025
1 0.0703125 0.721875 0.03125 0.00625
1 0.04375 0.7546875 0.025 0.0203125
1 0.03125 0.94453125 0.0625 0.0765625
1 0.01015625 0.93984375 0.0203125 0.0421875
1 0.0734375 0.9609375 0.01875 0.0171875
1 0.0671875 0.971875 0.01875 0.01875
1 0.0421875 0.975 0.084375 0.05
1 0.0046875 0.8296875 0.009375 0.03125
1 0.121875 0.74453125 0.04375 0.0515625
1 0.1609375 0.7640625 0.140625 0.090625
1 0.0984375 0.7359375 0.015625 0.021875
1 0.2421875 0.78125 0.0375 0.0796875
1 0.1640625 0.8515625 0.059375 0.0859375
1 0.14375 0.909375 0.0359375 0.0546875
1 0.1484375 0.8703125 0.0328125 0.0375
1 0.1890625 0.8703125 0.0125 0.0109375
1 0.2 0.878125 0.015625 0.015625
1 0.16640625 0.965625 0.0484375 0.06875
1 0.540625 0.99375 0.01875 0.0125
0 0.4953125 0.8109375 0.115625 0.1078125
1 0.53515625 0.7453125 0.0359375 0.053125
0 0.475 0.9140625 0.1421875 0.115625
1 0.50859375 0.98984375 0.0328125 0.0203125
1 0.53828125 0.97421875 0.0484375 0.0515625
1 0.59140625 0.72890625 0.0171875 0.0203125
1 0.61953125 0.7234375 0.0296875 0.009375
1 0.628125 0.79296875 0.04375 0.1078125
1 0.60625 0.7609375 0.05 0.025
1 0.625 0.74765625 0.05 0.0203125
1 0.60234375 0.97421875 0.0953125 0.0515625
1 0.634375 0.9625 0.03125 0.065625
1 0.215625 0.9375 0.03125 0.028125
1 0.253125 0.9765625 0.0546875 0.0234375
1 0.2203125 0.99375 0.040625 0.0125
1 0.2078125 0.9640625 0.0625 0.071875
1 0.4359375 0.740625 0.01875 0.0234375
1 0.396875 0.73125 0.015625 0.0125
1 0.4296875 0.7875 0.0125 0.0140625
1 0.41875 0.7734375 0.028125 0.0203125
1 0.3015625 0.8015625 0.0453125 0.059375
1 0.3265625 0.759375 0.0359375 0.0390625
1 0.478125 0.7765625 0.0171875 0.01875
1 0.875 0.953125 0.0671875 0.0421875
0 0.9265625 0.9234375 0.146875 0.153125
0 0.95859375 0.78984375 0.0828125 0.1109375
1 0.9046875 0.8796875 0.015625 0.03125
1 0.9734375 0.9015625 0.01875 0.0390625