1 0.29765625 0.49296875 0.2140625 0.0921875
1 0.5671875 0.4515625 0.0296875 0.04375
1 0.490625 0.365625 0.0609375 0.0296875
1 0.303125 0.4140625 0.103125 0.0859375
1 0.4109375 0.3296875 0.025 0.0484375
1 0.253125 0.3140625 0.0828125 0.0921875
1 0.2046875 0.2984375 0.0390625 0.0546875
1 0.1859375 0.35 0.065625 0.0734375
1 0.234375 0.4390625 0.0671875 0.034375
1 0.19375 0.51015625 0.034375 0.0578125
1 0.0515625 0.478125 0.04375 0.0453125
1 0.0921875 0.3515625 0.05625 0.0828125
1 0.1515625 0.3765625 0.021875 0.021875
1 0.053125 0.421875 0.0765625 0.0640625
1 0.0140625 0.41796875 0.028125 0.0359375
1 0.01328125 0.34609375 0.0265625 0.0640625
0 0.4109375 0.2375 0.1515625 0.1578125
0 0.375 0.13125 0.0640625 0.04375
1 0.2671875 0.171875 0.08125 0.0640625
1 0.1875 0.1296875 0.0234375 0.0390625
1 0.1578125 0.228125 0.0890625 0.0640625
1 0.0734375 0.2296875 0.1015625 0.075
1 0.0796875 0.1640625 0.084375 0.0453125
1 0.0703125 0.1296875 0.078125 0.0421875
1 0.99296875 0.28359375 0.0140625 0.0203125
1 0.80625 0.13125 0.0203125 0.025
0 0.7390625 0.3 0.04375 0.075
1 0.7140625 0.328125 0.015625 0.0140625
0 0.7578125 0.215625 0.2125 0.1
0 0.7359375 0.05 0.2359375 0.0703125
1 0.746875 0.034375 0.08125 0.06875
0 0.35625 0.946875 0.284375 0.10625
1 0.059375 0.9265625 0.0328125 0.025
1 0.00625 0.93203125 0.0125 0.0203125
1 0.00859375 0.88828125 0.0171875 0.0234375
1 0.0359375 0.875 0.0234375 0.0234375
1 0.3328125 0.98125 0.025 0.021875
1 0.2953125 0.95 0.0375 0.0328125
1 0.2546875 0.9515625 0.0234375 0.015625
1 0.1734375 0.9328125 0.0296875 0.0296875
1 0.1890625 0.9875 0.0203125 0.015625
1 0.0796875 0.71875 0.0484375 0.0390625
1 0.44375 0.89375 0.034375 0.0328125
1 0.465625 0.86875 0.0234375 0.0203125
1 0.465625 0.834375 0.0359375 0.0265625
1 0.3890625 0.8640625 0.034375 0.03125
1 0.4 0.9015625 0.0359375 0.0265625
1 0.3046875 0.825 0.025 0.0234375
1 0.284375 0.85 0.0234375 0.028125
1 0.2875 0.875 0.025 0.0203125
1 0.190625 0.88125 0.0390625 0.0328125
1 0.159375 0.875 0.0359375 0.0390625
1 0.19375 0.853125 0.04375 0.0375
1 0.1625 0.83125 0.0484375 0.0453125
1 0.1015625 0.81875 0.0328125 0.0203125
1 0.0546875 0.8046875 0.0296875 0.0265625
1 0.2015625 0.6984375 0.028125 0.0203125
0 0.2484375 0.7109375 0.0453125 0.08125
1 0.2296875 0.7703125 0.03125 0.0203125
1 0.5390625 0.9796875 0.028125 0.0296875
0 0.38125 0.759375 0.33125 0.1546875
0 0.31875 0.73125 0.2328125 0.11875
1 0.628125 0.559375 0.0171875 0.0125
1 0.9875 0.628125 0.0125 0.015625
1 0.6953125 0.6796875 0.0109375 0.0125
1 0.64375 0.6953125 0.0140625 0.015625
1 0.81875 0.734375 0.0203125 0.0109375
1 0.796875 0.740625 0.0078125 0.009375
0 0.86875 0.71875 0.115625 0.15
1 0.7828125 0.934375 0.0109375 0.0109375
1 0.98984375 0.59921875 0.0203125 0.0203125
1 0.9421875 0.8421875 0.015625 0.0140625
1 0.9203125 0.79375 0.021875 0.0234375
1 0.9546875 0.853125 0.015625 0.021875
1 0.846875 0.5765625 0.05625 0.01875
1 0.8640625 0.821875 0.06875 0.0703125
1 0.9140625 0.871875 0.0921875 0.0234375
1 0.8640625 0.8859375 0.0140625 0.0109375
1 0.8203125 0.915625 0.01875 0.0140625
1 0.8078125 0.9078125 0.01875 0.015625
1 0.8125 0.934375 0.028125 0.0234375
1 0.753125 0.940625 0.0234375 0.0234375
1 0.7359375 0.9390625 0.0125 0.015625
1 0.725 0.934375 0.0140625 0.0140625
1 0.7078125 0.896875 0.0203125 0.0203125
1 0.7 0.91875 0.01875 0.0140625
1 0.6734375 0.890625 0.0171875 0.028125
1 0.6328125 0.9078125 0.0125 0.0171875
1 0.6421875 0.8890625 0.0109375 0.0125
1 0.69375 0.840625 0.009375 0.00625
1 0.6296875 0.8328125 0.0171875 0.0203125
1 0.6625 0.8703125 0.0125 0.0109375
1 0.715625 0.7890625 0.0171875 0.0125
1 0.675 0.7703125 0.03125 0.040625
1 0.68125 0.7265625 0.01875 0.0234375
1 0.615625 0.675 0.028125 0.0265625
1 0.68125 0.6140625 0.0140625 0.015625
1 0.66875 0.603125 0.015625 0.0078125
1 0.6078125 0.54140625 0.015625 0.0046875