1 0.33125 0.05 0.021875 0.0171875
1 0.1171875 0.0734375 0.0640625 0.06875
1 0.1296875 0.0515625 0.015625 0.0140625
0 0.17578125 0.23671875 0.3484375 0.1265625
1 0.85 0.1453125 0.0109375 0.0140625
0 0.98203125 0.20703125 0.0359375 0.0703125
1 0.9765625 0.24375 0.03125 0.05625
1 0.925 0.2140625 0.015625 0.015625
1 0.91875 0.2375 0.0578125 0.0453125
1 0.9796875 0.10625 0.015625 0.0234375
1 0.8375 0.1734375 0.0703125 0.0359375
1 0.7859375 0.1859375 0.021875 0.021875
1 0.784375 0.165625 0.01875 0.015625
1 0.7203125 0.14375 0.028125 0.0234375
1 0.6359375 0.1421875 0.009375 0.0109375
1 0.6125 0.1640625 0.0203125 0.0109375
1 0.653125 0.1796875 0.009375 0.015625
1 0.6859375 0.1890625 0.0515625 0.0640625
1 0.6921875 0.2296875 0.034375 0.0296875
1 0.6578125 0.215625 0.0625 0.0984375
1 0.671875 0.284375 0.040625 0.03125
0 0.6109375 0.1875 0.0765625 0.084375
1 0.7765625 0.1765625 0.028125 0.028125
0 0.7625 0.2109375 0.08125 0.0875
1 0.871875 0.29609375 0.025 0.0078125
1 0.80625 0.2765625 0.0140625 0.01875
1 0.7515625 0.2796875 0.025 0.0328125
1 0.14921875 0.9984375 0.0078125 0.003125
1 0.1515625 0.8578125 0.009375 0.0234375
1 0.153125 0.88125 0.0125 0.0109375
1 0.1625 0.7921875 0.0140625 0.015625
1 0.159375 0.7265625 0.025 0.04375
1 0.2 0.8671875 0.0203125 0.0140625
1 0.16875 0.3671875 0.0171875 0.0375
1 0.2125 0.321875 0.0296875 0.021875
1 0.225 0.3734375 0.021875 0.0171875
1 0.209375 0.771875 0.0515625 0.0453125
1 0.2390625 0.4015625 0.0125 0.0296875
1 0.2328125 0.9703125 0.028125 0.015625
1 0.2484375 0.7328125 0.0265625 0.0234375
1 0.2578125 0.8859375 0.025 0.01875
1 0.2625 0.39375 0.0390625 0.05
1 0.2625 0.7234375 0.0296875 0.03125
1 0.2765625 0.71875 0.021875 0.0296875
1 0.28984375 0.99609375 0.0359375 0.0078125
1 0.30625 0.68125 0.01875 0.0203125
1 0.30625 0.528125 0.0171875 0.0171875
1 0.3015625 0.9828125 0.025 0.0265625
1 0.3046875 0.5828125 0.0203125 0.021875
1 0.2984375 0.83125 0.0375 0.0359375
1 0.3125 0.8734375 0.025 0.040625
1 0.3296875 0.8234375 0.00625 0.0234375
1 0.3296875 0.7140625 0.0078125 0.0078125
1 0.3453125 0.8984375 0.009375 0.028125
1 0.33984375 0.74453125 0.0203125 0.0421875
1 0.315625 0.390625 0.03125 0.0328125
1 0.3109375 0.4109375 0.040625 0.015625
1 0.29375 0.4203125 0.015625 0.01875
0 0.1640625 0.5828125 0.0359375 0.1265625
0 0.2390625 0.5234375 0.18125 0.2578125
1 0.3390625 0.66796875 0.021875 0.0234375
1 0.3390625 0.63125 0.015625 0.025
1 0.303125 0.6625 0.0359375 0.015625
1 0.28125 0.6453125 0.0171875 0.0328125
1 0.30625 0.64375 0.0234375 0.04375
1 0.30625 0.6265625 0.05 0.03125
1 0.2609375 0.628125 0.034375 0.0328125
1 0.290625 0.6171875 0.015625 0.0171875
1 0.2890625 0.521875 0.0171875 0.0359375
1 0.246875 0.559375 0.0171875 0.025
1 0.2484375 0.646875 0.0265625 0.0265625
1 0.18125 0.6125 0.0515625 0.096875
1 0.26875 0.915625 0.01875 0.028125
1 0.2875 0.9203125 0.0140625 0.028125
1 0.303125 0.9125 0.0140625 0.015625
1 0.2109375 0.875 0.025 0.0328125
1 0.234375 0.9109375 0.028125 0.0265625
1 0.23125 0.946875 0.0171875 0.0234375
1 0.240625 0.925 0.015625 0.0140625
1 0.165625 0.9625 0.03125 0.0203125
1 0.1671875 0.9375 0.0421875 0.0328125
1 0.1953125 0.9203125 0.0140625 0.0234375
1 0.203125 0.940625 0.0171875 0.01875
0 0.7640625 0.625 0.28125 0.2703125
0 0.5453125 0.5109375 0.2796875 0.3046875
0 0.434375 0.5421875 0.1125 0.24375
1 0.4515625 0.809375 0.053125 0.0625
1 0.45625 0.765625 0.065625 0.0328125
1 0.4953125 0.7953125 0.034375 0.0421875
1 0.48125 0.9515625 0.0359375 0.0625
1 0.6671875 0.98828125 0.034375 0.0234375
1 0.8375 0.8109375 0.04375 0.034375
1 0.846875 0.6671875 0.034375 0.028125
1 0.8640625 0.3984375 0.0796875 0.1203125
1 0.6203125 0.321875 0.0421875 0.0390625
1 0.575 0.325 0.040625 0.028125
1 0.70625 0.4484375 0.046875 0.0390625
1 0.5875 0.5234375 0.0359375 0.040625
1 0.625 0.525 0.0359375 0.03125
1 0.5171875 0.7640625 0.0234375 0.040625
1 0.5640625 0.671875 0.040625 0.046875