0 0.1640625 0.3109375 0.171875 0.1078125
0 0.153125 0.0890625 0.125 0.1546875
1 0.00234375 0.22109375 0.0046875 0.0359375
0 0.95390625 0.02890625 0.0921875 0.0578125
1 0.584375 0.1015625 0.0234375 0.0328125
1 0.7625 0.140625 0.03125 0.025
0 0.9625 0.1 0.075 0.103125
0 0.4875 0.13671875 0.015625 0.0421875
1 0.546875 0.2015625 0.0203125 0.021875
1 0.503125 0.2125 0.0171875 0.01875
1 0.971875 0.2625 0.05625 0.046875
1 0.6890625 0.26875 0.03125 0.0265625
1 0.7109375 0.3046875 0.021875 0.0234375
1 0.65 0.2984375 0.0171875 0.01875
1 0.55 0.3140625 0.0171875 0.015625
1 0.959375 0.34375 0.078125 0.053125
1 0.534375 0.3734375 0.025 0.0265625
1 0.98125 0.36328125 0.0375 0.0234375
1 0.575 0.3765625 0.015625 0.01875
0 0.50390625 0.34375 0.0484375 0.09375
1 0.890625 0.278125 0.025 0.028125
1 0.97421875 0.15859375 0.0515625 0.0546875
1 0.859375 0.3453125 0.015625 0.01875
1 0.8609375 0.115625 0.0234375 0.0203125
1 0.8125 0.0671875 0.00625 0.0140625
1 0.840625 0.1921875 0.0203125 0.01875
1 0.8515625 0.1859375 0.0234375 0.0140625
1 0.865625 0.21875 0.0171875 0.0078125
1 0.8265625 0.125 0.0171875 0.015625
1 0.796875 0.20625 0.0125 0.0140625
1 0.7296875 0.2296875 0.01875 0.0203125
1 0.6953125 0.2203125 0.025 0.0203125
1 0.753125 0.246875 0.0125 0.0078125
1 0.678125 0.3140625 0.015625 0.0140625
1 0.6765625 0.1984375 0.015625 0.009375
1 0.7359375 0.3140625 0.01875 0.025
1 0.8234375 0.31875 0.0140625 0.0109375
1 0.6890625 0.3796875 0.0265625 0.0203125
1 0.7125 0.38125 0.0375 0.01875
1 0.640625 0.2859375 0.021875 0.0203125
1 0.6390625 0.215625 0.0171875 0.0109375
1 0.7296875 0.134375 0.021875 0.0171875
1 0.64375 0.115625 0.01875 0.0171875
1 0.6421875 0.1375 0.0203125 0.0140625
0 0.496875 0.0359375 0.034375 0.071875
1 0.565625 0.2625 0.01875 0.0171875
1 0.5546875 0.2578125 0.0234375 0.021875
1 0.5734375 0.3234375 0.03125 0.0265625
1 0.6375 0.3859375 0.0375 0.009375
1 0.59375 0.2078125 0.028125 0.0203125
1 0.5609375 0.15625 0.0203125 0.0171875
1 0.5359375 0.1625 0.0265625 0.015625
1 0.5328125 0.01953125 0.06875 0.0390625
1 0.521875 0.203125 0.028125 0.025
1 0.428125 0.990625 0.03125 0.01875
0 0.45859375 0.91640625 0.0421875 0.0765625
1 0.44375 0.9484375 0.028125 0.0203125
0 0.46171875 0.8234375 0.0359375 0.065625
0 0.46484375 0.5578125 0.0296875 0.09375
1 0.1515625 0.91875 0.0203125 0.01875
1 0.140625 0.8828125 0.03125 0.0234375
1 0.1890625 0.884375 0.025 0.034375
1 0.1953125 0.859375 0.025 0.0203125
1 0.3046875 0.7875 0.03125 0.025
1 0.2390625 0.8015625 0.021875 0.028125
1 0.225 0.8046875 0.0203125 0.0234375
1 0.24375 0.5828125 0.0265625 0.0421875
1 0.21875 0.6640625 0.025 0.028125
1 0.2125 0.603125 0.021875 0.028125
1 0.184375 0.646875 0.0234375 0.025
1 0.18125 0.6140625 0.0203125 0.025
1 0.0296875 0.7578125 0.0265625 0.021875
0 0.0203125 0.875 0.040625 0.20625
1 0.065625 0.940625 0.0359375 0.025
1 0.0453125 0.9828125 0.034375 0.03125
1 0.00390625 0.734375 0.0078125 0.01875
1 0.040625 0.728125 0.01875 0.0171875
1 0.009375 0.7578125 0.01875 0.01875
1 0.38125 0.89375 0.025 0.0328125
1 0.3953125 0.734375 0.03125 0.0296875
1 0.99296875 0.9109375 0.0140625 0.015625
1 0.9578125 0.88125 0.028125 0.0265625
1 0.8921875 0.6453125 0.009375 0.0171875
1 0.821875 0.6375 0.015625 0.040625
1 0.8328125 0.946875 0.01875 0.0265625
1 0.759375 0.74375 0.0203125 0.015625
1 0.70625 0.7265625 0.0140625 0.0078125
1 0.48125 0.8 0.003125 0.015625
1 0.6359375 0.7609375 0.0359375 0.04375
1 0.646875 0.7453125 0.034375 0.0203125
1 0.6546875 0.73125 0.025 0.0171875
1 0.6390625 0.7375 0.0203125 0.0359375
0 0.6 0.68359375 0.240625 0.1734375
1 0.621875 0.740625 0.0140625 0.01875
1 0.6609375 0.965625 0.0390625 0.0515625
0 0.6296875 0.93984375 0.3 0.1203125
0 0.5890625 0.790625 0.209375 0.2265625