1 0.4828125 0.171875 0.009375 0.009375
1 0.5234375 0.153125 0.0484375 0.053125
1 0.61015625 0.27109375 0.0390625 0.0421875
1 0.0234375 0.2953125 0.0078125 0.009375
1 0.0609375 0.3359375 0.021875 0.01875
1 0.1953125 0.371875 0.0078125 0.0140625
1 0.59375 0.4296875 0.009375 0.0234375
0 0.1328125 0.4 0.140625 0.1
0 0.14609375 0.1671875 0.2265625 0.334375
1 0.2171875 0.2875 0.01875 0.021875
1 0.1734375 0.059375 0.0109375 0.0234375
0 0.16875 0.25 0.265625 0.253125
1 0.6765625 0.01484375 0.025 0.0296875
1 0.9859375 0.0546875 0.028125 0.0625
1 0.665625 0.0890625 0.0390625 0.0328125
1 0.953125 0.125 0.021875 0.0171875
1 0.9375 0.196875 0.046875 0.034375
1 0.6375 0.20703125 0.015625 0.0171875
1 0.8234375 0.2359375 0.0453125 0.025
1 0.6515625 0.2359375 0.0109375 0.015625
1 0.64375 0.25546875 0.028125 0.0203125
1 0.7203125 0.2640625 0.0359375 0.0515625
1 0.74375 0.303125 0.040625 0.025
1 0.7546875 0.33125 0.0296875 0.0328125
1 0.975 0.3265625 0.021875 0.028125
1 0.6734375 0.3640625 0.0234375 0.0328125
1 0.6640625 0.41171875 0.06875 0.0640625
1 0.9515625 0.5125 0.0234375 0.015625
1 0.9515625 0.0734375 0.053125 0.0546875
1 0.9859375 0.45625 0.025 0.015625
0 0.9109375 0.0234375 0.178125 0.046875
0 0.884375 0.103125 0.0921875 0.1375
1 0.865625 0.1421875 0.04375 0.046875
1 0.8484375 0.05 0.0421875 0.0484375
1 0.7765625 0.0765625 0.1390625 0.153125
1 0.7078125 0.0640625 0.046875 0.0578125
1 0.709375 0.0140625 0.025 0.028125
1 0.7453125 0.171875 0.0359375 0.0421875
0 0.8734375 0.2890625 0.1265625 0.11875
0 0.8828125 0.35 0.11875 0.1140625
0 0.8703125 0.4296875 0.2046875 0.0796875
0 0.8859375 0.48125 0.1828125 0.0765625
1 0.7359375 0.2078125 0.0375 0.0265625
1 0.7609375 0.2109375 0.01875 0.021875
1 0.775 0.2046875 0.0234375 0.015625
1 0.7390625 0.1359375 0.0234375 0.0265625
1 0.6375 0.084375 0.0125 0.025
1 0.6515625 0.5125 0.01875 0.015625
1 0.60546875 0.6640625 0.0484375 0.075
1 0.45234375 0.5515625 0.0359375 0.025
1 0.4421875 0.6078125 0.0671875 0.0703125
1 0.58125 0.7140625 0.0375 0.0484375
1 0.496875 0.69375 0.0390625 0.0328125
1 0.4703125 0.6765625 0.040625 0.0671875
1 0.3671875 0.6078125 0.0375 0.0296875
1 0.2953125 0.6453125 0.06875 0.03125
0 0.171875 0.56640625 0.125 0.0546875
0 0.18125 0.68125 0.1171875 0.109375
1 0.021875 0.7625 0.028125 0.046875
1 0.290625 0.771875 0.0296875 0.03125
1 0.16875 0.8421875 0.1203125 0.05
1 0.375 0.8078125 0.0390625 0.040625
1 0.378125 0.83125 0.0421875 0.046875
1 0.3171875 0.840625 0.0328125 0.0265625
1 0.29375 0.81875 0.0359375 0.034375
1 0.4671875 0.8 0.0328125 0.0515625
1 0.4734375 0.778125 0.0734375 0.0453125
1 0.4390625 0.796875 0.0421875 0.053125
1 0.4734375 0.8546875 0.075 0.0296875
1 0.0046875 0.85546875 0.009375 0.0265625
1 0.9359375 0.640625 0.0953125 0.0359375
1 0.90625 0.5984375 0.059375 0.1015625
1 0.9203125 0.55078125 0.1 0.0234375
1 0.6671875 0.559375 0.0703125 0.0390625
1 0.8578125 0.671875 0.0703125 0.084375
0 0.7828125 0.6875 0.0625 0.1578125
1 0.8390625 0.778125 0.096875 0.0640625
1 0.8328125 0.834375 0.0671875 0.04375
1 0.8890625 0.859375 0.046875 0.0296875
0 0.775 0.8140625 0.0609375 0.1015625
1 0.6765625 0.6828125 0.034375 0.04375
1 0.640625 0.73515625 0.021875 0.0390625