1 0.40078125 0.5640625 0.0390625 0.03125
1 0.4015625 0.509375 0.0234375 0.0203125
1 0.4234375 0.5234375 0.01875 0.0203125
0 0.34453125 0.3640625 0.2109375 0.30625
0 0.42578125 0.2421875 0.0484375 0.14375
1 0.128125 0.359375 0.05625 0.065625
1 0.2984375 0.2453125 0.04375 0.0296875
1 0.353125 0.39375 0.05 0.0390625
1 0.3078125 0.371875 0.059375 0.025
1 0.2828125 0.4421875 0.046875 0.0546875
1 0.2078125 0.40625 0.03125 0.0265625
1 0.26796875 0.56484375 0.0390625 0.0296875
1 0.2 0.565625 0.0375 0.028125
1 0.14140625 0.559375 0.0453125 0.040625
1 0.140625 0.50625 0.05625 0.05625
1 0.109375 0.43125 0.0328125 0.028125
1 0.0890625 0.48125 0.053125 0.0359375
1 0.009375 0.30625 0.01875 0.028125
1 0.0390625 0.53125 0.03125 0.03125
1 0.0265625 0.459375 0.025 0.0359375
1 0.0390625 0.4359375 0.0375 0.0296875
1 0.953125 0.33125 0.021875 0.0265625
1 0.965625 0.3828125 0.0046875 0.009375
0 0.7296875 0.4453125 0.209375 0.246875
1 0.7484375 0.5515625 0.0765625 0.0375
0 0.7125 0.2546875 0.2125 0.1453125
1 0.05 0.5859375 0.025 0.0109375
1 0.0328125 0.5921875 0.0296875 0.021875
1 0.13203125 0.59140625 0.0171875 0.0234375
1 0.1171875 0.6359375 0.025 0.01875
1 0.2171875 0.6828125 0.009375 0.0265625
1 0.0359375 0.703125 0.0125 0.0140625
1 0.10625 0.825 0.009375 0.0125
1 0.0359375 0.83125 0.009375 0.0125
1 0.0828125 0.8453125 0.0078125 0.0109375
1 0.0390625 0.8421875 0.0078125 0.00625
1 0.2921875 0.8671875 0.0375 0.0421875
1 0.21875 0.8921875 0.0265625 0.0328125
1 0.0578125 0.9140625 0.009375 0.0125
1 0.1328125 0.9625 0.0078125 0.0125
1 0.2765625 0.9953125 0.040625 0.009375
1 0.3328125 0.6375 0.040625 0.0421875
1 0.16875 0.8109375 0.09375 0.071875
1 0.015625 0.65546875 0.03125 0.0484375
1 0.0046875 0.84375 0.009375 0.0375
1 0.096875 0.75 0.01875 0.021875
1 0.0703125 0.7640625 0.0328125 0.028125
1 0.065625 0.7390625 0.0171875 0.015625
1 0.04375 0.7765625 0.0171875 0.0296875
0 0.384375 0.73515625 0.13125 0.3109375
0 0.3890625 0.94765625 0.121875 0.1046875
0 0.36171875 0.8546875 0.1765625 0.271875
0 0.41875 0.78046875 0.0625 0.0734375
1 0.6984375 0.6703125 0.0234375 0.0203125
1 0.58125 0.9578125 0.0203125 0.025
1 0.871875 0.8234375 0.0328125 0.025
1 0.7328125 0.8796875 0.0359375 0.034375
1 0.69375 0.9390625 0.0234375 0.0328125
1 0.553125 0.884375 0.053125 0.075
0 0.5890625 0.8140625 0.278125 0.3
1 0.490625 0.8703125 0.0328125 0.046875
1 0.5109375 0.878125 0.03125 0.01875
1 0.675 0.878125 0.0234375 0.028125
1 0.68125 0.85625 0.0234375 0.0203125
0 0.61875 0.68671875 0.3375 0.2140625
1 0.4703125 0.7234375 0.03125 0.05