1 0.1140625 0.73671875 0.0375 0.0265625
1 0.1265625 0.6484375 0.0234375 0.03125
1 0.1796875 0.6171875 0.025 0.0359375
1 0.2203125 0.5875 0.0203125 0.0390625
0 0.340625 0.5359375 0.1703125 0.1015625
1 0.23125 0.5328125 0.0734375 0.1109375
0 0.028125 0.54765625 0.05625 0.1609375
1 0.040625 0.346875 0.08125 0.084375
1 0.25625 0.30625 0.0484375 0.0453125
1 0.35 0.309375 0.0375 0.078125
1 0.1171875 0.084375 0.06875 0.059375
1 0.24375 0.078125 0.0375 0.0578125
0 0.35703125 0.03046875 0.1515625 0.0609375
1 0.19609375 0.0078125 0.0203125 0.015625
1 0.065625 0.5234375 0.0640625 0.08125
1 0.778125 0.6578125 0.078125 0.0671875
1 0.9609375 0.74140625 0.025 0.0171875
1 0.99375 0.73671875 0.0125 0.0203125
1 0.98671875 0.58046875 0.0265625 0.0421875
1 0.9578125 0.5234375 0.0390625 0.046875
1 0.965625 0.4890625 0.034375 0.0296875
1 0.9328125 0.4671875 0.034375 0.0234375
1 0.8359375 0.3765625 0.040625 0.0484375
1 0.86875 0.5140625 0.05 0.05625
1 0.8125 0.54375 0.03125 0.0234375
1 0.7609375 0.5578125 0.0421875 0.034375
1 0.7140625 0.6953125 0.0125 0.0234375
0 0.740625 0.4796875 0.065625 0.125
0 0.825 0.471875 0.1078125 0.0765625
1 0.8203125 0.44375 0.0234375 0.021875
1 0.8078125 0.096875 0.034375 0.040625
1 0.7703125 0.146875 0.021875 0.021875
1 0.803125 0.2234375 0.0203125 0.040625
1 0.8453125 0.284375 0.0203125 0.03125
1 0.9875 0.15390625 0.025 0.0359375
1 0.9328125 0.7015625 0.0625 0.071875
1 0.859375 0.8140625 0.0125 0.0109375