1 0.053125 0.2046875 0.0171875 0.03125
1 0.06875 0.2046875 0.009375 0.0125
1 0.1140625 0.2015625 0.034375 0.025
1 0.096875 0.1984375 0.0078125 0.0171875
1 0.1390625 0.19375 0.01875 0.009375
1 0.1546875 0.1953125 0.0109375 0.0125
1 0.053125 0.378125 0.0375 0.021875
1 0.10546875 0.38359375 0.0328125 0.0109375
1 0.1 0.2625 0.01875 0.0171875
1 0.0421875 0.25625 0.015625 0.0203125
1 0.0484375 0.2421875 0.0078125 0.0171875
1 0.103125 0.2234375 0.015625 0.0203125
1 0.115625 0.209375 0.0171875 0.0109375
1 0.0890625 0.2890625 0.009375 0.021875
1 0.090625 0.296875 0.0296875 0.0296875
1 0.046875 0.303125 0.0390625 0.01875
1 0.0375 0.35625 0.015625 0.034375
1 0.075 0.3328125 0.025 0.025
1 0.096875 0.328125 0.025 0.01875
1 0.1546875 0.334375 0.021875 0.0328125
1 0.178125 0.2890625 0.0515625 0.0609375
1 0.1453125 0.2984375 0.025 0.03125
1 0.1640625 0.296875 0.0125 0.025
1 0.025 0.325 0.028125 0.01875
1 0.0453125 0.3078125 0.0296875 0.028125
1 0.046875 0.28125 0.0234375 0.025
1 0.065625 0.284375 0.0171875 0.034375
1 0.1171875 0.253125 0.015625 0.0140625
1 0.28125 0.38203125 0.040625 0.0140625
1 0.2171875 0.3578125 0.01875 0.0234375
1 0.2734375 0.3140625 0.0375 0.04375
1 0.3015625 0.2984375 0.028125 0.0203125
1 0.309375 0.2875 0.0265625 0.025
1 0.40625 0.30625 0.046875 0.03125
1 0.4 0.3453125 0.028125 0.028125
1 0.4125 0.378125 0.0296875 0.0171875
1 0.41875 0.3625 0.0296875 0.034375
1 0.415625 0.3453125 0.0125 0.025
1 0.3046875 0.2015625 0.0203125 0.025
1 0.25 0.3390625 0.025 0.0234375
1 0.275 0.33125 0.025 0.0296875
1 0.2765625 0.346875 0.04375 0.0484375
1 0.2546875 0.3671875 0.0171875 0.021875
1 0.2625 0.3828125 0.015625 0.0125
1 0.484375 0.2109375 0.0390625 0.0375
1 0.4984375 0.203125 0.0296875 0.028125
1 0.5109375 0.228125 0.01875 0.0234375
1 0.5296875 0.2375 0.0421875 0.034375
1 0.540625 0.371875 0.0203125 0.0203125
1 0.5265625 0.34375 0.0203125 0.025
1 0.5125 0.2609375 0.021875 0.0109375
1 0.6515625 0.240625 0.015625 0.0203125
1 0.646875 0.2390625 0.0046875 0.0203125
1 0.63125 0.2328125 0.0359375 0.028125
1 0.6296875 0.375 0.025 0.0203125
1 0.6484375 0.378125 0.0203125 0.01875
0 0.55 0.2890625 0.378125 0.2
1 0.5703125 0.2171875 0.0515625 0.0421875
1 0.47109375 0.37265625 0.0296875 0.0328125
1 0.8734375 0.2328125 0.021875 0.0265625
1 0.7484375 0.15625 0.01875 0.034375
1 0.8453125 0.059375 0.021875 0.025
1 0.8296875 0.11875 0.0328125 0.04375
1 0.796875 0.309375 0.0390625 0.0359375
1 0.834375 0.259375 0.0421875 0.0390625
1 0.840625 0.28125 0.0265625 0.0234375
1 0.8546875 0.2875 0.025 0.0328125
1 0.8921875 0.29375 0.0296875 0.0453125
1 0.85625 0.3453125 0.0328125 0.046875
0 0.9265625 0.33671875 0.146875 0.1046875
1 0.9796875 0.325 0.0328125 0.0359375
1 0.984375 0.2625 0.0265625 0.021875
1 0.9796875 0.2796875 0.0125 0.00625
1 0.9953125 0.22421875 0.009375 0.0296875
1 0.975 0.296875 0.0140625 0.0171875
1 0.984375 0.20625 0.03125 0.046875
1 0.9453125 0.184375 0.0296875 0.0234375
1 0.959375 0.1828125 0.009375 0.021875
1 0.99296875 0.17890625 0.0140625 0.0234375
0 0.9734375 0.2484375 0.034375 0.0421875
0 0.94140625 0.13359375 0.1171875 0.0921875
1 0.915625 0.11875 0.0296875 0.03125
1 0.965625 0.0796875 0.0375 0.0296875
1 0.97109375 0.0390625 0.0578125 0.034375
0 0.95625 0.0640625 0.0875 0.128125
1 0.4546875 0.9015625 0.0296875 0.0390625
1 0.1015625 0.8890625 0.021875 0.0171875
1 0.496875 0.8671875 0.00625 0.00625
1 0.396875 0.7921875 0.0125 0.0140625
1 0.0234375 0.775 0.0203125 0.0078125
1 0.7078125 0.7140625 0.0109375 0.00625
1 0.7109375 0.696875 0.03125 0.0171875
1 0.6828125 0.59375 0.0328125 0.0375
1 0.015625 0.7828125 0.0109375 0.015625
1 0.0421875 0.6765625 0.040625 0.01875
1 0.2046875 0.6171875 0.0390625 0.028125
1 0.196875 0.684375 0.0359375 0.0421875
1 0.228125 0.696875 0.01875 0.0234375
1 0.228125 0.7296875 0.0390625 0.0578125
1 0.271875 0.725 0.025 0.0140625
1 0.271875 0.75 0.0265625 0.0453125
1 0.25 0.871875 0.0203125 0.0203125
1 0.19375 0.91875 0.0109375 0.00625
1 0.2875 0.9484375 0.025 0.0296875
1 0.2359375 0.959375 0.028125 0.0390625
1 0.459375 0.6359375 0.0390625 0.0421875
1 0.3703125 0.6171875 0.059375 0.0328125
1 0.3953125 0.665625 0.01875 0.015625
1 0.3796875 0.740625 0.0171875 0.01875
1 0.5234375 0.728125 0.0328125 0.03125
1 0.5828125 0.7421875 0.05 0.03125
0 0.3515625 0.6171875 0.0578125 0.084375
0 0.515625 0.6890625 0.184375 0.2265625
0 0.4578125 0.7109375 0.225 0.121875
1 0.6140625 0.634375 0.0375 0.0328125
1 0.5390625 0.61875 0.00625 0.0109375
1 0.6625 0.6328125 0.0203125 0.01875
1 0.665625 0.6609375 0.0375 0.0484375
1 0.73125 0.65 0.015625 0.03125
1 0.7015625 0.6515625 0.0328125 0.03125
1 0.684375 0.70625 0.0171875 0.021875
1 0.7328125 0.59453125 0.0125 0.0234375
1 0.73671875 0.69609375 0.0046875 0.0171875
1 0.6953125 0.7578125 0.0203125 0.0234375
1 0.690625 0.790625 0.03125 0.0375
1 0.6765625 0.846875 0.1046875 0.11875
1 0.6734375 0.91875 0.06875 0.03125
1 0.684375 0.9359375 0.034375 0.0265625
1 0.69296875 0.99296875 0.0328125 0.0140625
1 0.7140625 0.978125 0.021875 0.028125
1 0.725 0.98359375 0.028125 0.0328125
1 0.521875 0.834375 0.021875 0.0171875
1 0.446875 0.853125 0.01875 0.009375
0 0.46015625 0.9734375 0.2484375 0.053125
1 0.371875 0.959375 0.0296875 0.03125
0 0.39453125 0.91328125 0.1609375 0.1734375
1 0.3890625 0.8671875 0.0421875 0.0453125
1 0.778125 0.39375 0.01875 0.009375