1 0.015625 0.53046875 0.03125 0.1140625
1 0.0484375 0.575 0.0796875 0.0515625
1 0.0421875 0.509375 0.0734375 0.0609375
1 0.02890625 0.34140625 0.0578125 0.0484375
1 0.075 0.334375 0.040625 0.0453125
1 0.0890625 0.3625 0.03125 0.0265625
1 0.05 0.3671875 0.01875 0.015625
1 0.01015625 0.378125 0.0203125 0.015625
1 0.034375 0.4015625 0.0546875 0.021875
1 0.05625 0.4484375 0.0265625 0.0265625
0 0.15 0.4734375 0.121875 0.09375
1 0.1390625 0.5421875 0.03125 0.0140625
1 0.1828125 0.5296875 0.025 0.01875
0 0.1609375 0.5765625 0.109375 0.05
1 0.225 0.5390625 0.028125 0.0234375
1 0.2890625 0.4671875 0.034375 0.021875
1 0.3328125 0.4546875 0.071875 0.0703125
1 0.359375 0.3625 0.01875 0.046875
1 0.35703125 0.51796875 0.0234375 0.0421875
1 0.35390625 0.27578125 0.0296875 0.0328125
1 0.2484375 0.290625 0.0640625 0.053125
1 0.2125 0.34375 0.0265625 0.0265625
1 0.2265625 0.371875 0.0296875 0.0234375
1 0.259375 0.365625 0.03125 0.034375
1 0.24375 0.5890625 0.0234375 0.0171875
1 0.29375 0.240625 0.0421875 0.01875
1 0.3109375 0.2109375 0.034375 0.0234375
1 0.184375 0.1 0.09375 0.046875
1 0.1953125 0.1828125 0.03125 0.0234375
1 0.2328125 0.2171875 0.034375 0.03125
1 0.1421875 0.1375 0.078125 0.0453125
1 0.13125 0.0890625 0.03125 0.0265625
1 0.0390625 0.1078125 0.0515625 0.05625
1 0.09375 0.0890625 0.0296875 0.028125
1 0.078125 0.284375 0.025 0.0265625
1 0.1109375 0.2578125 0.0234375 0.0265625
1 0.140625 0.2734375 0.028125 0.0375
0 0.1578125 0.2015625 0.134375 0.0828125
1 0.1796875 0.3109375 0.0375 0.0421875
0 0.16875 0.36875 0.1234375 0.165625
0 0.9328125 0.5828125 0.134375 0.1125
0 0.96484375 0.15 0.0703125 0.071875
1 0.709375 0.2171875 0.021875 0.05
1 0.7234375 0.14375 0.0296875 0.0453125
1 0.928125 0.1828125 0.0375 0.04375
1 0.8734375 0.3265625 0.0359375 0.021875
1 0.8828125 0.365625 0.0234375 0.0296875
1 0.83125 0.4234375 0.0375 0.034375
1 0.790625 0.290625 0.0328125 0.0328125
1 0.6703125 0.159375 0.021875 0.0265625
1 0.571875 0.134375 0.0375 0.0296875
1 0.5859375 0.2296875 0.028125 0.0265625
1 0.515625 0.234375 0.03125 0.0171875
1 0.50625 0.271875 0.0265625 0.0265625
1 0.5640625 0.3203125 0.028125 0.0296875
1 0.609375 0.30625 0.021875 0.028125
1 0.68125 0.346875 0.0359375 0.0234375
1 0.6609375 0.378125 0.0265625 0.021875
1 0.6234375 0.41875 0.0203125 0.0171875
1 0.659375 0.4109375 0.0359375 0.0453125
1 0.7078125 0.4046875 0.0390625 0.0375
1 0.740625 0.4078125 0.021875 0.028125
1 0.76875 0.421875 0.034375 0.0421875
1 0.7671875 0.45 0.0234375 0.0265625
1 0.9015625 0.4984375 0.03125 0.01875
1 0.9046875 0.534375 0.04375 0.021875
1 0.6890625 0.5890625 0.0234375 0.015625
1 0.825 0.603125 0.021875 0.0265625
1 0.5875 0.615625 0.025 0.0234375
0 0.4953125 0.534375 0.0609375 0.046875
1 0.5203125 0.5546875 0.0296875 0.028125
1 0.653125 0.53125 0.03125 0.028125
1 0.746875 0.534375 0.0171875 0.025
1 0.8296875 0.5296875 0.03125 0.0234375
0 0.928125 0.2640625 0.14375 0.128125
0 0.95234375 0.4171875 0.0953125 0.2375
1 0.840625 0.23125 0.0109375 0.0171875
1 0.8359375 0.3 0.0140625 0.009375
1 0.7265625 0.3 0.0375 0.0390625
1 0.7546875 0.2828125 0.0484375 0.05
1 0.7234375 0.3328125 0.034375 0.01875
1 0.721875 0.35 0.0296875 0.0328125
1 0.7125 0.375 0.0140625 0.0171875
1 0.728125 0.421875 0.01875 0.0203125
1 0.7015625 0.446875 0.034375 0.03125
1 0.725 0.4421875 0.0265625 0.0203125
1 0.7109375 0.509375 0.0359375 0.0234375
1 0.7375 0.490625 0.04375 0.0453125
1 0.7 0.6296875 0.021875 0.021875
1 0.7125 0.6234375 0.025 0.0234375
1 0.571875 0.4671875 0.0171875 0.0234375
1 0.5453125 0.471875 0.028125 0.028125
0 0.415625 0.1625 0.090625 0.0890625
0 0.440625 0.253125 0.09375 0.115625
0 0.434375 0.33671875 0.13125 0.1390625
0 0.4765625 0.4515625 0.0890625 0.11875
0 0.425 0.5234375 0.0859375 0.2125
0 0.42734375 0.6015625 0.1171875 0.078125
1 0.1859375 0.95625 0.015625 0.0125
1 0.1875 0.9765625 0.00625 0.0125
1 0.3375 0.97734375 0.034375 0.0453125
1 0.996875 0.8953125 0.00625 0.01875
1 0.9765625 0.9015625 0.0125 0.0125
1 0.940625 0.909375 0.0125 0.01875
1 0.9390625 0.925 0.0171875 0.0109375
1 0.946875 0.959375 0.0171875 0.0109375
0 0.9296875 0.97109375 0.128125 0.0578125
1 0.8796875 0.921875 0.0203125 0.015625
1 0.8203125 0.9515625 0.053125 0.03125
0 0.9359375 0.8703125 0.0390625 0.0328125
1 0.8671875 0.8859375 0.0515625 0.040625
1 0.9890625 0.865625 0.0171875 0.0125
1 0.90625 0.81484375 0.05 0.0296875
1 0.7515625 0.815625 0.0171875 0.03125
1 0.7375 0.825 0.0078125 0.009375
1 0.746875 0.8546875 0.0140625 0.021875
1 0.70546875 0.82421875 0.0515625 0.0484375
1 0.6671875 0.83359375 0.046875 0.0671875
1 0.6984375 0.871875 0.025 0.025
1 0.6765625 0.8765625 0.0125 0.009375
1 0.60703125 0.809375 0.0171875 0.01875
1 0.6046875 0.825 0.0109375 0.009375
1 0.78125 0.9046875 0.04375 0.0296875
1 0.784375 0.9234375 0.0203125 0.00625
1 0.775 0.959375 0.01875 0.0140625
1 0.6703125 0.9609375 0.0203125 0.0171875
1 0.6515625 0.8984375 0.0296875 0.01875
1 0.60625 0.8703125 0.0171875 0.0359375
1 0.6203125 0.9328125 0.015625 0.0453125
1 0.5984375 0.928125 0.015625 0.0296875
1 0.5984375 0.9015625 0.0265625 0.0203125
1 0.590625 0.8453125 0.0171875 0.021875
0 0.4125 0.83125 0.0875 0.0625
1 0.484375 0.846875 0.009375 0.0109375
0 0.4109375 0.90078125 0.084375 0.1109375
1 0.49375 0.9125 0.0296875 0.0203125
1 0.484375 0.9765625 0.053125 0.040625
1 0.4296875 0.95625 0.0203125 0.0171875
1 0.4546875 0.99140625 0.053125 0.0171875
0 0.40546875 0.9796875 0.0734375 0.040625
1 0.3703125 0.9859375 0.003125 0.0125