1 0.1265625 0.071875 0.0046875 0.0078125
1 0.1265625 0.5125 0.00625 0.0109375
1 0.234375 0.0125 0.025 0.0234375
1 0.2796875 0.4609375 0.0171875 0.0140625
1 0.3015625 0.1734375 0.0078125 0.015625
1 0.3484375 0.275 0.0109375 0.00625
1 0.45625 0.1296875 0.0078125 0.021875
1 0.453125 0.0640625 0.03125 0.0171875
1 0.484375 0.01640625 0.078125 0.0328125
1 0.0421875 0.01015625 0.034375 0.0203125
1 0.015625 0.05625 0.021875 0.01875
1 0.1140625 0.15 0.025 0.0234375
1 0.1484375 0.171875 0.0375 0.015625
1 0.23125 0.1984375 0.09375 0.1109375
1 0.20625 0.2671875 0.0609375 0.034375
1 0.1796875 0.2875 0.0296875 0.0328125
0 0.0828125 0.41171875 0.15625 0.3140625
1 0.49375 0.2296875 0.0734375 0.0484375
1 0.4171875 0.259375 0.04375 0.0421875
1 0.521875 0.4859375 0.01875 0.025
0 0.5015625 0.48828125 0.059375 0.1609375
0 0.36796875 0.42265625 0.3234375 0.2921875
1 0.846875 0.528125 0.0296875 0.0265625
1 0.9203125 0.515625 0.0109375 0.00625
1 0.9375 0.5203125 0.0125 0.0140625
1 0.98828125 0.31875 0.0234375 0.065625
1 0.9671875 0.303125 0.0484375 0.05625
1 0.9046875 0.2984375 0.084375 0.0609375
1 0.7796875 0.2546875 0.103125 0.0921875
1 0.803125 0.3296875 0.15 0.0953125
1 0.74375 0.3703125 0.0265625 0.015625
0 0.95625 0.125 0.0875 0.25
0 0.8453125 0.08828125 0.225 0.1765625
1 0.3796875 0.7484375 0.0078125 0.00625
1 0.528125 0.8328125 0.0140625 0.025
1 0.603125 0.8109375 0.0140625 0.0203125
0 0.51484375 0.6140625 0.2671875 0.090625
0 0.6375 0.5890625 0.025 0.0328125
0 0.41953125 0.64921875 0.2796875 0.1609375
1 0.1796875 0.8828125 0.0609375 0.0515625
1 0.2390625 0.9015625 0.046875 0.046875
1 0.475 0.9046875 0.0453125 0.0296875
0 0.7 0.6625 0.040625 0.1875
1 0.7140625 0.909375 0.0203125 0.0265625
1 0.725 0.8328125 0.0125 0.0171875
1 0.7125 0.975 0.046875 0.046875
1 0.7296875 0.75 0.0359375 0.0140625
1 0.7984375 0.6875 0.0234375 0.025
1 0.825 0.9609375 0.0265625 0.0234375
1 0.85 0.875 0.05625 0.03125
1 0.9015625 0.79375 0.021875 0.0203125
1 0.9546875 0.9828125 0.0296875 0.034375
1 0.959375 0.915625 0.0390625 0.0421875
1 0.9796875 0.9703125 0.0203125 0.0203125
1 0.73125 0.6640625 0.103125 0.16875
1 0.790625 0.6484375 0.034375 0.040625
0 0.95703125 0.65703125 0.0859375 0.1609375
0 0.87578125 0.65546875 0.1296875 0.1734375