1 0.303125 0.25625 0.065625 0.059375
1 0.3140625 0.2875 0.0328125 0.0265625
1 0.2859375 0.36875 0.0546875 0.0640625
1 0.246875 0.321875 0.040625 0.046875
1 0.2171875 0.2609375 0.0265625 0.0234375
1 0.1828125 0.4375 0.0296875 0.0375
1 0.309375 0.43125 0.0390625 0.040625
1 0.390625 0.4109375 0.034375 0.059375
1 0.434375 0.375 0.0546875 0.05
1 0.40625 0.3421875 0.0265625 0.015625
1 0.4015625 0.2578125 0.1421875 0.103125
1 0.51328125 0.29296875 0.0109375 0.0421875
1 0.13125 0.371875 0.01875 0.015625
1 0.0984375 0.3796875 0.028125 0.0359375
1 0.04375 0.38125 0.0359375 0.03125
1 0.02109375 0.21953125 0.0421875 0.0265625
1 0.0765625 0.2359375 0.05625 0.0328125
1 0.09375 0.215625 0.0578125 0.01875
1 0.51328125 0.40390625 0.0109375 0.0296875
1 0.3640625 0.3859375 0.021875 0.025
1 0.0765625 0.3359375 0.021875 0.028125
0 0.07265625 0.42890625 0.0890625 0.0609375
1 0.55625 0.028125 0.0234375 0.0125
1 0.60625 0.0375 0.0125 0.0125
1 0.53125 0.1140625 0.0078125 0.0125
1 0.6078125 0.1421875 0.0078125 0.015625
1 0.5671875 0.3359375 0.01875 0.01875
0 0.871875 0.29375 0.1625 0.121875
1 0.909375 0.225 0.084375 0.0640625
0 0.846875 0.18125 0.1625 0.0734375
1 0.8921875 0.109375 0.0875 0.078125
0 0.85390625 0.04609375 0.1640625 0.0921875
1 0.91796875 0.01328125 0.0640625 0.0265625
1 0.3703125 0.615625 0.0078125 0.0078125
1 0.0890625 0.696875 0.0078125 0.0078125
1 0.0859375 0.715625 0.0203125 0.0171875
1 0.4296875 0.7234375 0.009375 0.0125
1 0.1078125 0.7484375 0.00625 0.009375
1 0.3875 0.775 0.0078125 0.0109375
1 0.4421875 0.7890625 0.021875 0.0234375
1 0.1046875 0.8015625 0.009375 0.0078125
1 0.346875 0.83125 0.028125 0.01875
1 0.2953125 0.8453125 0.0171875 0.0390625
1 0.2578125 0.946875 0.0140625 0.0109375
1 0.01796875 0.94375 0.0359375 0.0625
1 0.0109375 0.97578125 0.021875 0.0234375
0 0.24453125 0.94140625 0.2046875 0.1171875
0 0.23125 0.778125 0.096875 0.334375
0 0.2984375 0.6671875 0.2484375 0.121875
1 0.85546875 0.990625 0.0796875 0.01875
1 0.915625 0.959375 0.05625 0.046875
1 0.928125 0.9 0.0125 0.01875
1 0.7703125 0.871875 0.0296875 0.028125
1 0.784375 0.7453125 0.03125 0.0265625
1 0.809375 0.703125 0.03125 0.046875
1 0.753125 0.8265625 0.034375 0.0375
0 0.5734375 0.6703125 0.109375 0.05625
0 0.5515625 0.74453125 0.065625 0.1234375
0 0.55 0.8390625 0.0625 0.134375
0 0.56171875 0.91953125 0.0859375 0.0953125
0 0.57578125 0.97421875 0.1140625 0.0515625