0 0.3328125 0.390625 0.1765625 0.1359375
1 0.359375 0.3796875 0.021875 0.0265625
1 0.359375 0.3328125 0.03125 0.03125
1 0.3390625 0.3015625 0.028125 0.028125
0 0.31640625 0.2234375 0.2671875 0.13125
1 0.1625 0.4234375 0.0421875 0.0359375
1 0.090625 0.4359375 0.0359375 0.0390625
1 0.0328125 0.3703125 0.0328125 0.03125
1 0.00390625 0.3609375 0.0078125 0.025
1 0.028125 0.190625 0.0328125 0.025
1 0.0078125 0.13828125 0.015625 0.0234375
1 0.3015625 0.2453125 0.025 0.021875
1 0.2640625 0.2140625 0.0375 0.0328125
1 0.2234375 0.215625 0.0234375 0.015625
1 0.1421875 0.196875 0.0296875 0.0296875
1 0.1578125 0.2515625 0.0203125 0.015625
1 0.4125 0.1578125 0.034375 0.0328125
1 0.434375 0.1328125 0.0234375 0.0203125
1 0.4328125 0.09765625 0.034375 0.0265625
1 0.3578125 0.128125 0.034375 0.03125
1 0.36875 0.165625 0.0359375 0.0265625
1 0.2734375 0.0890625 0.025 0.0234375
1 0.253125 0.1140625 0.0234375 0.028125
1 0.25625 0.1390625 0.025 0.0203125
1 0.159375 0.1453125 0.0390625 0.0328125
1 0.128125 0.1390625 0.0359375 0.0390625
1 0.1625 0.1171875 0.04375 0.0375
1 0.13125 0.0953125 0.0484375 0.0453125
1 0.0703125 0.0828125 0.0328125 0.0203125
1 0.0234375 0.06875 0.0296875 0.0265625
1 0.1984375 0.034375 0.03125 0.0203125
0 0.3171875 0.05 0.265625 0.1
0 0.28671875 0.02734375 0.2328125 0.0546875
1 0.646875 0.2984375 0.0234375 0.0203125
1 0.8671875 0.240625 0.0375 0.028125
1 0.8515625 0.396875 0.0203125 0.025
1 0.8859375 0.3875 0.0265625 0.015625
1 0.91875 0.3828125 0.0171875 0.021875
1 0.94375 0.45625 0.0140625 0.015625
1 0.971875 0.528125 0.0125 0.0234375
1 0.9640625 0.5265625 0.0109375 0.015625
1 0.95 0.5234375 0.0125 0.01875
1 0.771875 0.6265625 0.025 0.021875
1 0.778125 0.5953125 0.0234375 0.025
1 0.765625 0.5859375 0.015625 0.0234375
1 0.80625 0.5546875 0.0265625 0.03125
1 0.8015625 0.5234375 0.028125 0.015625
1 0.7984375 0.515625 0.0328125 0.0203125
1 0.7828125 0.503125 0.034375 0.0234375
1 0.7578125 0.515625 0.0203125 0.01875
1 0.7203125 0.4796875 0.01875 0.0109375
1 0.771875 0.45 0.04375 0.04375
1 0.8140625 0.46875 0.0296875 0.0296875
1 0.8140625 0.346875 0.021875 0.0234375
1 0.765625 0.3328125 0.015625 0.015625
1 0.778125 0.3484375 0.015625 0.015625
1 0.5921875 0.59375 0.0625 0.14375
0 0.5359375 0.4921875 0.115625 0.1203125
0 0.59375 0.428125 0.0890625 0.0625
0 0.565625 0.3609375 0.125 0.08125
1 0.6328125 0.365625 0.0125 0.0140625
0 0.5765625 0.26875 0.0875 0.0875
0 0.5765625 0.2140625 0.1234375 0.05
1 0.60625 0.6640625 0.0296875 0.0203125
1 0.475 0.6171875 0.0078125 0.0109375
1 0.3859375 0.7671875 0.0203125 0.025
1 0.41796875 0.684375 0.0171875 0.009375
1 0.2828125 0.88125 0.021875 0.0203125
1 0.3078125 0.909375 0.021875 0.021875
1 0.0921875 0.728125 0.0203125 0.025
0 0.025 0.896875 0.04375 0.075
1 0.00390625 0.92421875 0.0078125 0.0140625
0 0.075 0.8125 0.15 0.1
1 0.9 0.740625 0.0109375 0.0078125
1 0.9109375 0.8234375 0.0296875 0.03125
0 0.6171875 0.8609375 0.334375 0.278125
1 0.7375 0.8953125 0.034375 0.0265625
0 0.646875 0.8046875 0.346875 0.2140625
0 0.6484375 0.76875 0.146875 0.1375