1 0.0796875 0.325 0.0484375 0.0671875
1 0.1046875 0.3625 0.021875 0.0265625
1 0.1625 0.2609375 0.053125 0.0453125
1 0.1734375 0.2125 0.040625 0.05625
1 0.1796875 0.15 0.0375 0.0546875
1 0.11875 0.234375 0.01875 0.034375
1 0.10625 0.1703125 0.0265625 0.040625
1 0.25625 0.259375 0.059375 0.0359375
1 0.31875 0.2734375 0.0328125 0.053125
1 0.37578125 0.35703125 0.0078125 0.0265625
1 0.3515625 0.0078125 0.05625 0.015625
0 0.0625 0.2203125 0.125 0.184375
1 0.03671875 0.15390625 0.0734375 0.0796875
1 0.540625 0.240625 0.04375 0.0390625
1 0.5546875 0.2265625 0.025 0.0296875
1 0.803125 0.315625 0.0359375 0.028125
1 0.7734375 0.2828125 0.0078125 0.009375
1 0.8046875 0.28125 0.04375 0.0265625
1 0.7828125 0.18125 0.0515625 0.0375
1 0.834375 0.140625 0.01875 0.01875
1 0.86875 0.3625 0.059375 0.053125
1 0.8515625 0.1671875 0.0171875 0.01875
1 0.85625 0.1625 0.01875 0.0578125
1 0.9640625 0.01015625 0.021875 0.0203125
1 0.86796875 0.01953125 0.0765625 0.0390625
1 0.83125 0.0671875 0.0296875 0.0125
0 0.571875 0.1515625 0.121875 0.2203125
0 0.65625 0.1796875 0.20625 0.2859375
1 0.6515625 0.0703125 0.009375 0.009375
1 0.6765625 0.3265625 0.00625 0.009375
0 0.88984375 0.2390625 0.2203125 0.296875
0 0.9328125 0.20078125 0.134375 0.1953125
1 0.9625 0.153125 0.015625 0.01875
1 0.8703125 0.121875 0.0140625 0.0109375
1 0.3375 0.559375 0.015625 0.015625
1 0.309375 0.65 0.0234375 0.0296875
1 0.2421875 0.509375 0.021875 0.0234375
0 0.1875 0.471875 0.0984375 0.109375
1 0.1296875 0.5015625 0.01875 0.0203125
1 0.1328125 0.9234375 0.025 0.03125
0 0.15859375 0.95 0.0765625 0.1
0 0.26328125 0.95625 0.1921875 0.0875
0 0.34921875 0.934375 0.0609375 0.13125
1 0.346875 0.65625 0.03125 0.025
1 0.3328125 0.6234375 0.028125 0.0234375
1 0.2265625 0.6671875 0.0234375 0.0265625
1 0.2015625 0.6734375 0.015625 0.0140625
1 0.14375 0.6515625 0.009375 0.0234375
1 0.2203125 0.69375 0.0125 0.015625
1 0.246875 0.6625 0.0171875 0.01875
1 0.2953125 0.615625 0.0171875 0.01875
1 0.296875 0.771875 0.015625 0.01875
1 0.2921875 0.7515625 0.0171875 0.0171875
1 0.1765625 0.6296875 0.0234375 0.021875
1 0.1671875 0.6140625 0.021875 0.03125
1 0.2 0.575 0.021875 0.01875
0 0.29921875 0.446875 0.0640625 0.115625
0 0.34296875 0.475 0.0734375 0.146875
0 0.51640625 0.45703125 0.1765625 0.1359375
0 0.915625 0.4703125 0.0765625 0.04375
1 0.7125 0.9671875 0.0625 0.03125
1 0.7640625 0.9 0.040625 0.0375