1 0.4609375 0.2796875 0.0265625 0.025
1 0.41875 0.23125 0.028125 0.0296875
1 0.3484375 0.30625 0.0234375 0.015625
1 0.3328125 0.3609375 0.0296875 0.028125
0 0.2109375 0.2640625 0.2015625 0.25
1 0.278125 0.221875 0.01875 0.01875
1 0.2125 0.153125 0.0203125 0.0109375
1 0.128125 0.178125 0.021875 0.034375
1 0.003125 0.20625 0.00625 0.03125
1 0.0046875 0.24296875 0.009375 0.0171875
1 0.115625 0.371875 0.0265625 0.0171875
1 0.1109375 0.321875 0.0265625 0.0171875
1 0.334375 0.296875 0.0203125 0.015625
0 0.17734375 0.36640625 0.1453125 0.0859375
0 0.2375 0.1671875 0.0875 0.11875
1 0.228125 0.1875 0.015625 0.015625
1 0.8015625 0.31875 0.0203125 0.01875
1 0.7765625 0.3453125 0.0125 0.015625
1 0.78125 0.28125 0.021875 0.0328125
1 0.7421875 0.278125 0.0125 0.0109375
1 0.60078125 0.38828125 0.0421875 0.0421875
0 0.6828125 0.3390625 0.134375 0.140625
0 0.64921875 0.0953125 0.2390625 0.190625
1 0.771875 0.2453125 0.01875 0.0171875
0 0.43359375 0.71328125 0.1921875 0.0953125
0 0.46640625 0.66484375 0.1265625 0.0890625
1 0.4078125 0.79375 0.11875 0.05
1 0.08984375 0.98515625 0.0359375 0.0296875
1 0.221875 0.815625 0.0484375 0.053125
1 0.228125 0.859375 0.0265625 0.015625
1 0.2 0.73125 0.028125 0.0171875
1 0.7765625 0.96953125 0.18125 0.0609375