0 0.3359375 0.4859375 0.1390625 0.1453125
0 0.371875 0.3125 0.34375 0.296875
0 0.428125 0.103125 0.3171875 0.134375
1 0.24375 0.54375 0.0234375 0.0078125
1 0.66875 0.5390625 0.034375 0.03125
1 0.634375 0.4625 0.0078125 0.0171875
1 0.675 0.4078125 0.015625 0.01875
1 0.64375 0.3515625 0.021875 0.0234375
1 0.634375 0.375 0.009375 0.015625
1 0.6453125 0.375 0.015625 0.009375
1 0.6359375 0.34765625 0.0125 0.0140625
1 0.6625 0.196875 0.0203125 0.0453125
1 0.73125 0.2046875 0.0078125 0.009375
1 0.6734375 0.1265625 0.0140625 0.0171875
1 0.8203125 0.4703125 0.0578125 0.0359375
1 0.7671875 0.4171875 0.0296875 0.01875
1 0.7640625 0.403125 0.0171875 0.009375
1 0.8109375 0.1015625 0.025 0.0296875
1 0.778125 0.090625 0.021875 0.0328125
1 0.7765625 0.0703125 0.0265625 0.0140625
1 0.734375 0.071875 0.0125 0.0234375
1 0.9765625 0.55625 0.00625 0.0140625
1 0.965625 0.528125 0.015625 0.0203125
1 0.95 0.528125 0.0125 0.0125
1 0.8578125 0.4484375 0.0109375 0.0078125
1 0.9 0.4453125 0.009375 0.009375
1 0.8890625 0.1796875 0.065625 0.028125
1 0.9125 0.0890625 0.028125 0.025
1 0.9359375 0.340625 0.021875 0.01875
1 0.9703125 0.165625 0.01875 0.0203125
1 0.6109375 0.73125 0.0125 0.009375
1 0.59375 0.7234375 0.025 0.0234375
1 0.5546875 0.7546875 0.0109375 0.0109375
1 0.62109375 0.62421875 0.0171875 0.0265625
1 0.4921875 0.603125 0.034375 0.0265625
1 0.4296875 0.6140625 0.009375 0.0109375
1 0.40625 0.6109375 0.0078125 0.0078125
1 0.4359375 0.6640625 0.0140625 0.0203125
1 0.4015625 0.675 0.04375 0.0265625
1 0.4125 0.69375 0.015625 0.01875
0 0.43515625 0.59296875 0.0859375 0.0265625
0 0.4171875 0.7234375 0.14375 0.046875
1 0.46875 0.76875 0.0140625 0.0140625
1 0.4078125 0.740625 0.0125 0.0171875
1 0.3859375 0.75 0.015625 0.0203125
1 0.2234375 0.7578125 0.0078125 0.0078125
1 0.253125 0.7640625 0.009375 0.0125
1 0.0703125 0.7625 0.015625 0.01875
1 0.065625 0.715625 0.0125 0.0125
1 0.1234375 0.61875 0.0140625 0.01875
1 0.009375 0.7484375 0.00625 0.009375
0 0.6921875 0.6203125 0.0953125 0.034375
1 0.79375 0.83125 0.009375 0.0140625
1 0.9046875 0.840625 0.0203125 0.0171875
1 0.7625 0.8578125 0.025 0.0078125
1 0.9859375 0.9421875 0.01875 0.025
1 0.865625 0.9546875 0.009375 0.01875
1 0.96875 0.90625 0.0328125 0.025
1 0.953125 0.8875 0.025 0.0171875
0 0.965625 0.7515625 0.0546875 0.078125
1 0.990625 0.64296875 0.01875 0.0359375
0 0.9234375 0.640625 0.0984375 0.0765625
1 0.9125 0.659375 0.021875 0.0203125
0 0.91875 0.7796875 0.096875 0.0921875
1 0.878125 0.9296875 0.01875 0.0203125
1 0.9 0.878125 0.0234375 0.028125
1 0.8734375 0.86875 0.028125 0.025
1 0.6359375 0.80625 0.0125 0.01875
0 0.70703125 0.7625 0.1546875 0.153125
0 0.6796875 0.8765625 0.0828125 0.1203125
0 0.675 0.984375 0.090625 0.03125
0 0.7765625 0.95390625 0.090625 0.0921875