1 0.4640625 0.2578125 0.0109375 0.0140625
1 0.5765625 0.2234375 0.028125 0.0359375
1 0.1109375 0.1984375 0.0375 0.0265625
1 0.103125 0.0640625 0.06875 0.0640625
1 0.08125 0.0515625 0.0140625 0.015625
1 0.196875 0.1984375 0.028125 0.028125
1 0.228125 0.2203125 0.01875 0.0328125
0 0.3375 0.3015625 0.071875 0.015625
0 0.375 0.2203125 0.178125 0.178125
1 0.3921875 0.11875 0.0140625 0.0140625
1 0.3921875 0.1078125 0.00625 0.009375
0 0.35703125 0.0890625 0.3078125 0.178125
1 0.390625 0.04375 0.0109375 0.0171875
1 0.690625 0.04375 0.0296875 0.03125
1 0.6765625 0.09375 0.03125 0.0234375
1 0.70625 0.1859375 0.025 0.028125
1 0.6671875 0.346875 0.034375 0.0359375
1 0.715625 0.3296875 0.03125 0.03125
1 0.790625 0.3078125 0.0390625 0.0421875
1 0.753125 0.378125 0.021875 0.0328125
1 0.7296875 0.36875 0.0234375 0.03125
1 0.8109375 0.0546875 0.028125 0.0375
0 0.90078125 0.0046875 0.0984375 0.009375
0 0.9125 0.0875 0.0921875 0.1453125
0 0.90625 0.21875 0.1265625 0.103125
1 0.8859375 0.0296875 0.0375 0.028125
1 0.9671875 0.15 0.0328125 0.0296875
0 0.89375 0.34453125 0.20625 0.1296875
1 0.984375 0.2765625 0.0234375 0.025
1 0.83125 0.0546875 0.0234375 0.0203125
0 0.184375 0.45390625 0.171875 0.0890625
0 0.1953125 0.6671875 0.125 0.1546875
1 0.3546875 0.534375 0.021875 0.0359375
0 0.2453125 0.7796875 0.1828125 0.0484375
1 0.4734375 0.75625 0.021875 0.0171875
1 0.4375 0.771875 0.0125 0.0109375
0 0.871875 0.709375 0.175 0.16875
1 0.63515625 0.60703125 0.0109375 0.0328125
1 0.8890625 0.5765625 0.0265625 0.0171875
1 0.95 0.5078125 0.025 0.0234375
1 0.8125 0.4671875 0.0046875 0.009375
1 0.915625 0.4375 0.021875 0.009375
0 0.7734375 0.7046875 0.2078125 0.1734375