1 0.3765625 0.10078125 0.025 0.0390625
1 0.378125 0.08125 0.0171875 0.0140625
0 0.146875 0.06328125 0.059375 0.1265625
1 0.1828125 0.25 0.0390625 0.0328125
1 0.3828125 0.4515625 0.0125 0.059375
1 0.346875 0.465625 0.0359375 0.034375
1 0.3546875 0.434375 0.0328125 0.040625
1 0.303125 0.35 0.0203125 0.01875
0 0.2078125 0.48828125 0.05 0.0234375
1 0.16953125 0.496875 0.0265625 0.00625
1 0.2828125 0.421875 0.0390625 0.0203125
1 0.246875 0.3203125 0.040625 0.0125
1 0.1375 0.334375 0.0203125 0.009375
0 0.30546875 0.05703125 0.1015625 0.1140625
0 0.25078125 0.05625 0.0984375 0.1125
1 0.23125 0.1890625 0.1140625 0.10625
1 0.9203125 0.31875 0.0328125 0.028125
1 0.90625 0.165625 0.0140625 0.0234375
1 0.7671875 0.0734375 0.04375 0.028125
1 0.7453125 0.1078125 0.0296875 0.01875
1 0.7125 0.3296875 0.0296875 0.0203125
1 0.709375 0.271875 0.0375 0.03125
1 0.6734375 0.421875 0.028125 0.0390625
1 0.6765625 0.1078125 0.0515625 0.0484375
1 0.6453125 0.3203125 0.0234375 0.0234375
1 0.6109375 0.296875 0.0359375 0.0359375
1 0.603125 0.375 0.0328125 0.0328125
1 0.8234375 0.409375 0.040625 0.0484375
1 0.8671875 0.4109375 0.0421875 0.053125
1 0.7515625 0.4515625 0.0625 0.0390625
1 0.9265625 0.4 0.0421875 0.0359375
1 0.9078125 0.4359375 0.0328125 0.028125
1 0.959375 0.3234375 0.0171875 0.021875
1 0.734375 0.0421875 0.0234375 0.0171875
1 0.715625 0.0234375 0.0203125 0.021875
1 0.72890625 0.01484375 0.0171875 0.0296875
1 0.5734375 0.128125 0.021875 0.0296875
1 0.5828125 0.121875 0.028125 0.040625
1 0.9515625 0.1265625 0.028125 0.0234375
1 0.934375 0.0625 0.025 0.0375
1 0.903125 0.0296875 0.0359375 0.034375
1 0.946875 0.1828125 0.0171875 0.0203125
1 0.909375 0.196875 0.0234375 0.025
1 0.834375 0.13125 0.0359375 0.0234375
0 0.834375 0.2546875 0.071875 0.1296875
0 0.865625 0.2140625 0.1046875 0.153125
1 0.8046875 0.178125 0.021875 0.015625
1 0.7921875 0.153125 0.021875 0.0296875
1 0.7984375 0.2859375 0.0234375 0.025
1 0.7984375 0.2671875 0.0171875 0.0234375
1 0.9890625 0.27265625 0.021875 0.0234375
0 0.99140625 0.23125 0.0171875 0.15625
1 0.9671875 0.0421875 0.0328125 0.0421875
1 0.96484375 0.01328125 0.0359375 0.0265625
1 0.86484375 0.009375 0.0234375 0.01875
1 0.6453125 0.1625 0.04375 0.0390625
0 0.6234375 0.21875 0.121875 0.0734375
0 0.7421875 0.1953125 0.1125 0.1296875
1 0.36875 0.60546875 0.040625 0.0734375
1 0.3515625 0.6421875 0.0390625 0.06875
1 0.353125 0.93828125 0.071875 0.0796875
1 0.2453125 0.9015625 0.0359375 0.028125
1 0.20625 0.9546875 0.0453125 0.0625
0 0.253125 0.6515625 0.1390625 0.26875
1 0.4484375 0.98203125 0.03125 0.0359375
1 0.4171875 0.940625 0.0171875 0.03125
1 0.7921875 0.965625 0.0453125 0.059375
1 0.8078125 0.571875 0.0578125 0.059375
1 0.6265625 0.7125 0.0453125 0.0453125
1 0.59375 0.75625 0.0640625 0.04375
1 0.609375 0.7921875 0.0484375 0.0328125
1 0.4953125 0.7421875 0.0328125 0.0359375
1 0.421875 0.6578125 0.025 0.0546875
1 0.7140625 0.5953125 0.040625 0.0296875
1 0.634375 0.6296875 0.0234375 0.0203125
1 0.54453125 0.509375 0.0265625 0.01875
1 0.846875 0.9171875 0.0359375 0.0359375
1 0.796875 0.9046875 0.0203125 0.03125
0 0.7328125 0.840625 0.178125 0.3078125
0 0.5234375 0.828125 0.2296875 0.1109375
0 0.8328125 0.85625 0.2 0.1625