1 0.578125 0.3234375 0.0703125 0.0671875
1 0.62265625 0.14375 0.0328125 0.05625
1 0.4 0.1953125 0.01875 0.021875
0 0.29375 0.065625 0.171875 0.13125
0 0.30703125 0.415625 0.1703125 0.20625
0 0.28203125 0.48046875 0.0390625 0.0765625
1 0.9125 0.334375 0.0171875 0.0109375
1 0.84375 0.1125 0.0140625 0.0359375
1 0.828125 0.1078125 0.0234375 0.021875
1 0.8359375 0.11875 0.0125 0.015625
0 0.70859375 0.334375 0.1390625 0.16875
1 0.6984375 0.2359375 0.0203125 0.021875
1 0.65625 0.20546875 0.034375 0.0546875
0 0.72265625 0.17890625 0.1671875 0.1953125
1 0.64921875 0.16796875 0.0203125 0.0265625
0 0.696875 0.09921875 0.115625 0.1203125
1 0.85 0.25 0.00625 0.0125
1 0.8203125 0.33125 0.01875 0.0234375
1 0.2921875 0.5390625 0.0171875 0.01875
1 0.2578125 0.54375 0.0390625 0.0328125
1 0.5109375 0.5625 0.0234375 0.0171875
1 0.4109375 0.596875 0.015625 0.0171875
1 0.4046875 0.640625 0.0265625 0.028125
1 0.3828125 0.6484375 0.009375 0.0171875
1 0.2625 0.6703125 0.0125 0.0296875
1 0.125 0.6640625 0.0078125 0.009375
1 0.3921875 0.6734375 0.01875 0.01875
1 0.2328125 0.6890625 0.028125 0.0265625
1 0.4546875 0.734375 0.0484375 0.0390625
1 0.440625 0.7546875 0.01875 0.0234375
1 0.121875 0.79375 0.021875 0.015625
1 0.6328125 0.80234375 0.0125 0.0171875
1 0.025 0.5890625 0.0171875 0.01875
1 0.4296875 0.52265625 0.034375 0.0078125
1 0.6234375 0.5421875 0.025 0.025
1 0.6 0.5421875 0.0171875 0.0203125
1 0.6234375 0.525 0.015625 0.0125
1 0.621875 0.60234375 0.034375 0.0328125
1 0.540625 0.6328125 0.021875 0.0328125
1 0.4859375 0.6375 0.0171875 0.0265625
1 0.5140625 0.6140625 0.0203125 0.028125
1 0.62265625 0.6765625 0.0328125 0.034375
1 0.6125 0.703125 0.021875 0.0140625
1 0.6015625 0.75625 0.015625 0.0234375
1 0.5671875 0.7828125 0.03125 0.025
1 0.590625 0.803125 0.028125 0.0171875
1 0.453125 0.7765625 0.015625 0.0109375
1 0.3859375 0.796875 0.01875 0.0265625
0 0.36328125 0.55546875 0.3296875 0.0734375
0 0.390625 0.671875 0.2484375 0.28125
0 0.359375 0.7109375 0.0796875 0.203125
1 0.85 0.7796875 0.009375 0.021875
1 0.76875 0.9 0.0296875 0.0453125
1 0.7140625 0.9 0.015625 0.015625
1 0.703125 0.940625 0.0171875 0.0203125