0 0.10234375 0.309375 0.2046875 0.265625
0 0.1515625 0.26875 0.13125 0.184375
0 0.18515625 0.4859375 0.3109375 0.1875
1 0.484375 0.33125 0.028125 0.01875
1 0.5 0.3703125 0.0171875 0.0296875
1 0.375 0.51953125 0.0125 0.0171875
1 0.99453125 0.3671875 0.0109375 0.021875
1 0.9046875 0.3234375 0.190625 0.259375
1 0.9859375 0.18125 0.0234375 0.0296875
1 0.9734375 0.2171875 0.0234375 0.025
1 0.9546875 0.346875 0.0328125 0.0390625
1 0.9359375 0.3765625 0.015625 0.015625
1 0.8515625 0.284375 0.03125 0.0328125
1 0.88125 0.3171875 0.021875 0.021875
1 0.8984375 0.346875 0.025 0.03125
1 0.8609375 0.4296875 0.0359375 0.0453125
1 0.8453125 0.5640625 0.065625 0.03125
1 0.734375 0.178125 0.021875 0.0234375
1 0.7 0.3984375 0.00625 0.00625
1 0.7109375 0.3890625 0.0078125 0.015625
1 0.7296875 0.4421875 0.0234375 0.0203125
1 0.70625 0.2125 0.01875 0.0125
1 0.4828125 0.2078125 0.0171875 0.021875
0 0.4953125 0.1734375 0.2171875 0.078125
1 0.5 0.265625 0.0265625 0.0390625
1 0.55625 0.2171875 0.0234375 0.0234375
1 0.503125 0.225 0.009375 0.00625
1 0.54375 0.2390625 0.05625 0.040625
1 0.6203125 0.25625 0.01875 0.028125
1 0.571875 0.29375 0.0421875 0.028125
1 0.60625 0.3109375 0.021875 0.015625
1 0.6046875 0.325 0.01875 0.0109375
1 0.5515625 0.33125 0.021875 0.0234375
1 0.528125 0.3359375 0.0140625 0.0234375
1 0.5171875 0.3328125 0.0171875 0.015625
1 0.503125 0.31875 0.015625 0.0109375
1 0.5296875 0.35625 0.0375 0.015625
1 0.5328125 0.40625 0.0203125 0.0203125
1 0.509375 0.4046875 0.0375 0.0234375
1 0.4828125 0.4015625 0.0171875 0.0265625
1 0.496875 0.428125 0.0421875 0.028125
1 0.51875 0.434375 0.0140625 0.009375
1 0.571875 0.4640625 0.0296875 0.021875
1 0.5890625 0.4609375 0.0078125 0.0109375
1 0.540625 0.4953125 0.0140625 0.0203125
1 0.4921875 0.45625 0.0328125 0.021875
1 0.5140625 0.4671875 0.0171875 0.0140625
1 0.5046875 0.5328125 0.015625 0.015625
1 0.4265625 0.3890625 0.0171875 0.0296875
1 0.4421875 0.434375 0.025 0.028125
1 0.4453125 0.4515625 0.0265625 0.0203125
1 0.4625 0.4421875 0.00625 0.015625
0 0.4515625 0.47421875 0.165625 0.1328125
1 0.4375 0.5015625 0.0125 0.015625
1 0.4359375 0.571875 0.03125 0.015625
1 0.41328125 0.5671875 0.0390625 0.025
1 0.40625 0.5375 0.0265625 0.046875
1 0.4265625 0.553125 0.0125 0.0125
1 0.4171875 0.509375 0.0140625 0.0296875
1 0.375 0.20703125 0.0125 0.0265625
1 0.39375 0.2234375 0.0109375 0.01875
1 0.37734375 0.23359375 0.0171875 0.0390625
1 0.37421875 0.33203125 0.0109375 0.0203125
1 0.3859375 0.3640625 0.0265625 0.025
1 0.2734375 0.675 0.01875 0.0234375
1 0.05 0.709375 0.021875 0.025
1 0.2640625 0.6453125 0.0234375 0.028125
1 0.15 0.590625 0.04375 0.021875
1 0.20625 0.80625 0.0234375 0.0203125
1 0.1859375 0.775 0.025 0.03125
1 0.1453125 0.759375 0.0375 0.0203125
1 0.0828125 0.7421875 0.015625 0.015625
1 0.0328125 0.7234375 0.0265625 0.0234375
0 0.04453125 0.6171875 0.0890625 0.075
0 0.02578125 0.6875 0.0515625 0.05
0 0.01796875 0.80078125 0.0359375 0.0640625
0 0.03671875 0.85625 0.0734375 0.078125
1 0.890625 0.596875 0.0046875 0.009375
0 0.6546875 0.68125 0.209375 0.203125
1 0.6734375 0.765625 0.0765625 0.0375
1 0.553125 0.890625 0.0109375 0.003125