1 0.0140625 0.275 0.021875 0.0203125
1 0.0859375 0.38125 0.0234375 0.0203125
1 0.140625 0.34375 0.0125 0.0265625
1 0.10625 0.303125 0.009375 0.0171875
1 0.134375 0.2875 0.040625 0.03125
1 0.1453125 0.25625 0.015625 0.01875
1 0.225 0.2765625 0.0234375 0.0203125
1 0.2640625 0.11875 0.0203125 0.034375
1 0.1296875 0.1328125 0.03125 0.034375
1 0.13125 0.1171875 0.021875 0.0203125
1 0.059375 0.109375 0.0359375 0.03125
1 0.2046875 0.0859375 0.0296875 0.0234375
1 0.1671875 0.0171875 0.0125 0.00625
1 0.7921875 0.3625 0.00625 0.0125
1 0.6609375 0.2546875 0.0140625 0.015625
1 0.790625 0.3234375 0.009375 0.0140625
0 0.7171875 0.1640625 0.0765625 0.2203125
1 0.678125 0.2453125 0.034375 0.01875
1 0.6828125 0.2265625 0.025 0.0109375
1 0.7578125 0.221875 0.0171875 0.0203125
0 0.8625 0.175 0.165625 0.18125
0 0.96484375 0.18203125 0.0703125 0.1765625
1 0.7375 0.0203125 0.00625 0.0078125
1 0.2015625 0.9328125 0.025 0.0203125
1 0.4484375 0.8640625 0.021875 0.0171875
1 0.3703125 0.84375 0.021875 0.0234375
1 0.4015625 0.9578125 0.0140625 0.0203125
1 0.2875 0.965625 0.015625 0.0171875
1 0.0875 0.8296875 0.0203125 0.021875
1 0.059375 0.8546875 0.021875 0.021875
1 0.240625 0.6390625 0.025 0.0203125
0 0.071875 0.571875 0.075 0.04375
1 0.04375 0.546875 0.0140625 0.015625
0 0.15625 0.590625 0.1 0.2125
0 0.321875 0.56875 0.0703125 0.2359375
1 0.425 0.50625 0.0203125 0.01875
1 0.396875 0.4734375 0.0265625 0.01875
1 0.34375 0.5796875 0.0828125 0.08125
1 0.4609375 0.5453125 0.0328125 0.078125
0 0.4671875 0.57265625 0.025 0.2578125
1 0.809375 0.8015625 0.0125 0.00625
1 0.8015625 0.9640625 0.025 0.0328125
1 0.78125 0.81875 0.0078125 0.0109375
1 0.775 0.5 0.0078125 0.009375
1 0.7734375 0.740625 0.0078125 0.009375
1 0.65 0.640625 0.0078125 0.015625
1 0.6375 0.4296875 0.0109375 0.00625
1 0.615625 0.8875 0.009375 0.003125
1 0.48671875 0.6265625 0.0140625 0.015625
1 0.503125 0.7828125 0.034375 0.0234375
1 0.515625 0.7734375 0.0203125 0.0203125
0 0.74375 0.51875 0.184375 0.1765625
1 0.5203125 0.5234375 0.0109375 0.009375
0 0.58125 0.55078125 0.1125 0.2828125
1 0.5796875 0.6265625 0.0234375 0.0296875
0 0.53359375 0.48984375 0.1078125 0.1609375