1 0.8171875 0.3484375 0.015625 0.0171875
0 0.915625 0.2703125 0.096875 0.165625
0 0.8875 0.2140625 0.0859375 0.0703125
0 0.40390625 0.21328125 0.0296875 0.0703125
0 0.41171875 0.32109375 0.0453125 0.0953125
1 0.5203125 0.278125 0.0328125 0.0171875
1 0.5546875 0.265625 0.01875 0.0234375
1 0.5625 0.225 0.065625 0.0625
1 0.996875 0.25 0.00625 0.021875
1 0.67421875 0.35859375 0.0296875 0.0203125
1 0.70859375 0.3625 0.0234375 0.0125
1 0.821875 0.2078125 0.028125 0.03125
1 0.6828125 0.1875 0.03125 0.015625
1 0.725 0.228125 0.0265625 0.01875
1 0.221875 0.86875 0.05625 0.0125
1 0.0703125 0.853125 0.0078125 0.009375
1 0.053125 0.8109375 0.0203125 0.01875
1 0.1640625 0.7140625 0.03125 0.021875
1 0.146875 0.6859375 0.0234375 0.0109375
1 0.14375 0.646875 0.0359375 0.028125
1 0.34375 0.56875 0.0171875 0.01875
1 0.196875 0.5078125 0.015625 0.0140625
1 0.171875 0.4953125 0.0125 0.015625
1 0.2125 0.465625 0.040625 0.0265625
1 0.253125 0.4296875 0.0078125 0.015625
1 0.2265625 0.4 0.034375 0.0171875
1 0.05 0.3890625 0.021875 0.015625
1 0.315625 0.390625 0.028125 0.0171875
1 0.2203125 0.4265625 0.0171875 0.0171875
1 0.2328125 0.4421875 0.0296875 0.0328125
1 0.203125 0.571875 0.0296875 0.0265625
1 0.2046875 0.6 0.028125 0.025
1 0.2 0.609375 0.0125 0.028125
1 0.175 0.6203125 0.0234375 0.021875
1 0.3046875 0.8640625 0.025 0.0171875
1 0.275 0.8671875 0.0234375 0.015625
0 0.35703125 0.40625 0.0640625 0.075
0 0.27734375 0.575 0.2234375 0.325
0 0.26171875 0.7484375 0.2546875 0.253125
0 0.30546875 0.70703125 0.1671875 0.2171875
1 0.96953125 0.99375 0.0109375 0.0125
1 0.96875 0.9640625 0.0140625 0.028125
1 0.80625 0.9515625 0.0265625 0.025
1 0.9171875 0.9375 0.0171875 0.021875
1 0.9765625 0.903125 0.0140625 0.0171875
1 0.996875 0.89375 0.00625 0.015625
1 0.6953125 0.884375 0.0125 0.0078125
1 0.8234375 0.878125 0.01875 0.015625
1 0.5546875 0.775 0.0140625 0.015625
0 0.5734375 0.8609375 0.303125 0.18125
1 0.7296875 0.7546875 0.0171875 0.0265625
1 0.4859375 0.725 0.028125 0.015625
1 0.96875 0.71875 0.03125 0.0125
1 0.88125 0.6796875 0.0265625 0.015625
1 0.84375 0.6484375 0.0171875 0.015625
1 0.9578125 0.6453125 0.0203125 0.0296875
1 0.834375 0.625 0.0421875 0.01875
1 0.825 0.578125 0.025 0.01875
1 0.46875 0.55625 0.01875 0.01875
0 0.61015625 0.92265625 0.2078125 0.1546875
1 0.6203125 0.7375 0.0203125 0.0171875
1 0.58125 0.6671875 0.0140625 0.0109375
0 0.6546875 0.659375 0.1921875 0.1734375
0 0.6203125 0.553125 0.20625 0.05625
1 0.7796875 0.875 0.025 0.021875
1 0.771875 0.865625 0.0171875 0.009375
1 0.775 0.8625 0.015625 0.0078125
1 0.85 0.85625 0.0296875 0.03125
1 0.8515625 0.934375 0.015625 0.01875
1 0.8734375 0.9375 0.015625 0.0171875
1 0.95625 0.7875 0.009375 0.0171875