1 0.1578125 0.2359375 0.0171875 0.0140625
1 0.1515625 0.396875 0.034375 0.00625
1 0.18125 0.384375 0.01875 0.0140625
1 0.1875 0.3671875 0.0109375 0.009375
1 0.1984375 0.028125 0.0234375 0.0203125
1 0.228125 0.3859375 0.0078125 0.0234375
1 0.36484375 0.3875 0.0609375 0.025
1 0.425 0.2671875 0.009375 0.003125
1 0.41328125 0.39453125 0.0515625 0.0109375
1 0.9 0.3234375 0.04375 0.065625
1 0.86171875 0.38046875 0.0265625 0.0390625
1 0.9671875 0.1078125 0.028125 0.0546875
1 0.8265625 0.18125 0.04375 0.0609375
1 0.7578125 0.053125 0.0359375 0.046875
1 0.7 0.153125 0.04375 0.025
0 0.86171875 0.128125 0.2296875 0.25625
0 0.703125 0.125 0.1625 0.1609375
1 0.41875 0.634375 0.0234375 0.0140625
1 0.421875 0.446875 0.0234375 0.025
1 0.153125 0.55625 0.03125 0.0234375
0 0.1484375 0.7609375 0.0671875 0.0359375
1 0.1375 0.8140625 0.046875 0.0390625
1 0.19375 0.9515625 0.0203125 0.01875
1 0.325 0.8578125 0.021875 0.0359375
1 0.4078125 0.9546875 0.03125 0.0265625
1 0.3234375 0.9375 0.021875 0.021875
0 0.359375 0.821875 0.240625 0.259375
0 0.296875 0.81875 0.2625 0.1734375
1 0.80625 0.65 0.04375 0.025
1 0.8109375 0.571875 0.046875 0.0234375
1 0.7515625 0.6390625 0.0359375 0.0296875
1 0.9 0.58125 0.040625 0.028125
1 0.91875 0.525 0.034375 0.03125
1 0.9015625 0.434375 0.028125 0.025
1 0.6921875 0.496875 0.0796875 0.0703125
1 0.62578125 0.96953125 0.0765625 0.0609375
1 0.7953125 0.828125 0.0265625 0.0171875
1 0.74296875 0.98046875 0.0640625 0.0390625
1 0.8640625 0.9078125 0.075 0.0609375
1 0.884375 0.7296875 0.040625 0.0390625
1 0.9296875 0.7984375 0.0234375 0.0421875
0 0.909375 0.659375 0.0609375 0.103125
1 0.8859375 0.85625 0.025 0.0375
1 0.9328125 0.85625 0.0171875 0.0234375
1 0.7125 0.94375 0.03125 0.0328125
1 0.7765625 0.94375 0.0328125 0.0203125
1 0.66875 0.728125 0.0296875 0.0265625
1 0.6296875 0.75625 0.021875 0.01875
1 0.834375 0.69375 0.0203125 0.025
1 0.68125 0.6359375 0.021875 0.0359375
0 0.61328125 0.6140625 0.2671875 0.3375
1 0.49375 0.4828125 0.0234375 0.0484375
1 0.4875 0.5375 0.015625 0.025