1 0.2859375 0.0296875 0.0265625 0.0453125
1 0.3953125 0.025 0.0390625 0.0421875
1 0.3546875 0.0546875 0.01875 0.01875
1 0.409375 0.121875 0.0328125 0.0390625
0 0.1640625 0.1765625 0.0921875 0.1578125
0 0.253125 0.2265625 0.084375 0.0828125
1 0.240625 0.1453125 0.021875 0.0265625
0 0.315625 0.1796875 0.1171875 0.0703125
0 0.4 0.2328125 0.196875 0.06875
0 0.5 0.2515625 0.1359375 0.1109375
1 0.578125 0.23984375 0.021875 0.0421875
1 0.2859375 0.5015625 0.0203125 0.015625
1 0.296875 0.51875 0.025 0.021875
1 0.3453125 0.4109375 0.040625 0.0203125
1 0.4 0.528125 0.0234375 0.03125
1 0.434375 0.5140625 0.0421875 0.0421875
1 0.4859375 0.5296875 0.0421875 0.05
1 0.5953125 0.5046875 0.0125 0.03125
1 0.6109375 0.5265625 0.0109375 0.01875
1 0.7390625 0.1046875 0.0125 0.00625
1 0.728125 0.1265625 0.0328125 0.0453125
1 0.75 0.6140625 0.046875 0.03125
1 0.7828125 0.115625 0.0375 0.028125
1 0.8359375 0.590625 0.01875 0.03125
1 0.884375 0.1109375 0.0203125 0.0234375
1 0.96875 0.4375 0.0203125 0.0171875
1 0.6015625 0.0171875 0.025 0.034375
0 0.88125 0.21875 0.2375 0.375
0 0.75 0.33828125 0.321875 0.2609375
0 0.6484375 0.3515625 0.11875 0.26875
1 0.5609375 0.7296875 0.015625 0.01875
1 0.5515625 0.6828125 0.0234375 0.03125
1 0.5546875 0.65625 0.0125 0.015625
1 0.5859375 0.775 0.00625 0.0125
1 0.571875 0.76875 0.0125 0.01875
1 0.540625 0.70625 0.0171875 0.0125
1 0.5296875 0.6765625 0.0125 0.009375
1 0.5140625 0.6703125 0.01875 0.0171875
1 0.27890625 0.640625 0.0390625 0.021875
1 0.375 0.6484375 0.0234375 0.034375
1 0.396875 0.703125 0.0328125 0.03125
1 0.3484375 0.678125 0.0234375 0.0140625
1 0.3 0.6953125 0.021875 0.0171875
1 0.2890625 0.7265625 0.01875 0.015625
1 0.359375 0.7078125 0.0078125 0.0203125
1 0.3484375 0.7140625 0.0203125 0.0234375
1 0.3578125 0.7359375 0.021875 0.01875
1 0.334375 0.73125 0.021875 0.015625
1 0.34375 0.74375 0.0203125 0.0171875
1 0.3578125 0.771875 0.0203125 0.0109375
1 0.3234375 0.76875 0.015625 0.015625
1 0.3328125 0.7921875 0.015625 0.015625
1 0.5421875 0.821875 0.0140625 0.025
1 0.51875 0.8328125 0.015625 0.015625
1 0.515625 0.8734375 0.0171875 0.0265625
1 0.4859375 0.8140625 0.0375 0.03125
1 0.440625 0.825 0.0328125 0.025
1 0.440625 0.8421875 0.015625 0.0171875
1 0.4046875 0.8765625 0.0140625 0.0140625
1 0.4375 0.775 0.0140625 0.0296875
1 0.4484375 0.6796875 0.0171875 0.0125
1 0.4125 0.7828125 0.021875 0.0171875
1 0.365625 0.8140625 0.0234375 0.015625
1 0.3296875 0.84375 0.0125 0.0171875
1 0.2953125 0.884375 0.021875 0.028125
1 0.5109375 0.94375 0.0140625 0.0203125
1 0.4796875 0.946875 0.015625 0.0109375
1 0.48125 0.9625 0.0140625 0.0171875
1 0.46015625 0.990625 0.0234375 0.01875
1 0.4515625 0.953125 0.01875 0.015625
1 0.3640625 0.909375 0.0234375 0.0203125
1 0.3796875 0.8640625 0.00625 0.0078125
1 0.40625 0.95 0.0375 0.04375
1 0.3921875 0.9703125 0.0171875 0.015625
1 0.378125 0.99765625 0.03125 0.0046875
1 0.3 0.9609375 0.0265625 0.0296875
1 0.3765625 0.9671875 0.021875 0.015625
1 0.3625 0.9453125 0.0125 0.0125
1 0.3546875 0.91875 0.0109375 0.0125
1 0.3671875 0.934375 0.0140625 0.0109375
0 0.834375 0.69609375 0.221875 0.1328125
0 0.7328125 0.7515625 0.0796875 0.153125
1 0.8765625 0.7890625 0.046875 0.0390625
1 0.903125 0.7640625 0.0296875 0.025
1 0.95625 0.75 0.021875 0.0203125
1 0.928125 0.8625 0.0234375 0.021875