1 0.0828125 0.3375 0.053125 0.0671875
0 0.08125 0.1640625 0.0984375 0.103125
1 0.5484375 0.2359375 0.0328125 0.0703125
1 0.63359375 0.43359375 0.0359375 0.0109375
1 0.7390625 0.3828125 0.0421875 0.0671875
1 0.76640625 0.4015625 0.1109375 0.075
1 0.88125 0.359375 0.03125 0.071875
1 0.884375 0.1828125 0.028125 0.046875
1 0.5546875 0.171875 0.0546875 0.059375
1 0.6375 0.1671875 0.0359375 0.0703125
1 0.64375 0.1171875 0.0375 0.046875
1 0.6578125 0.06875 0.0671875 0.065625
1 0.50625 0.1453125 0.0359375 0.034375
1 0.515625 0.1046875 0.040625 0.0296875
1 0.5171875 0.0515625 0.053125 0.075
1 0.478125 0.075 0.03125 0.0359375
1 0.4578125 0.075 0.0234375 0.05
1 0.41875 0.06875 0.0375 0.0546875
1 0.584375 0.028125 0.046875 0.05
1 0.7859375 0.1515625 0.028125 0.0296875
1 0.8625 0.0640625 0.0375 0.0375
1 0.8609375 0.1 0.03125 0.0328125
1 0.828125 0.0984375 0.0421875 0.0203125
1 0.0171875 0.853125 0.0125 0.0125
0 0.1546875 0.69375 0.14375 0.1875
0 0.08515625 0.67734375 0.1703125 0.1640625
1 0.9796875 0.91796875 0.040625 0.0359375
1 0.9421875 0.94375 0.0078125 0.009375
1 0.921875 0.9578125 0.025 0.025
1 0.8953125 0.7984375 0.0171875 0.028125
1 0.8890625 0.840625 0.0296875 0.0171875
1 0.88359375 0.98671875 0.0296875 0.0265625
1 0.8671875 0.73125 0.0171875 0.021875
1 0.871875 0.6671875 0.0375 0.0171875
1 0.853125 0.7953125 0.01875 0.01875
1 0.8546875 0.8640625 0.0296875 0.0453125
1 0.84375 0.4859375 0.0109375 0.0265625
1 0.834375 0.8296875 0.0390625 0.015625
1 0.81875 0.9828125 0.015625 0.01875
1 0.8140625 0.96875 0.028125 0.021875
1 0.8078125 0.65625 0.009375 0.025
1 0.790625 0.9875 0.0359375 0.021875
1 0.765625 0.8921875 0.053125 0.0375
1 0.771875 0.6234375 0.0265625 0.0125
1 0.7625 0.7078125 0.0265625 0.01875
1 0.765625 0.99453125 0.01875 0.0109375
1 0.7015625 0.728125 0.0265625 0.028125
1 0.7109375 0.8859375 0.0296875 0.025
1 0.6703125 0.8625 0.0265625 0.0171875
1 0.6609375 0.6109375 0.0171875 0.03125
1 0.6765625 0.9703125 0.0578125 0.0484375
1 0.653125 0.571875 0.0125 0.0109375
1 0.6765625 0.8390625 0.0671875 0.04375
1 0.6171875 0.8484375 0.05 0.065625
1 0.5734375 0.5921875 0.028125 0.021875
1 0.5796875 0.91875 0.01875 0.0265625
1 0.55625 0.7875 0.015625 0.05625
1 0.5546875 0.8546875 0.0125 0.01875
1 0.6078125 0.9703125 0.11875 0.059375
1 0.73203125 0.97265625 0.0484375 0.0546875
1 0.9296875 0.73125 0.015625 0.028125
1 0.9390625 0.7109375 0.0625 0.025
1 0.9234375 0.70625 0.01875 0.0234375
1 0.88125 0.6671875 0.009375 0.046875
1 0.86875 0.65 0.0234375 0.0234375
1 0.9625 0.83671875 0.075 0.0640625
1 0.99296875 0.85390625 0.0140625 0.0328125
1 0.8890625 0.8875 0.0609375 0.0390625
1 0.8921875 0.909375 0.03125 0.028125
1 0.90625 0.8765625 0.0203125 0.0171875
1 0.809375 0.784375 0.03125 0.03125
1 0.8015625 0.8296875 0.08125 0.109375
1 0.60625 0.928125 0.0328125 0.03125
1 0.628125 0.9109375 0.0375 0.0421875
1 0.5921875 0.940625 0.028125 0.021875
1 0.884375 0.6171875 0.009375 0.0171875
1 0.9703125 0.625 0.059375 0.046875
1 0.7984375 0.646875 0.00625 0.00625
1 0.7765625 0.6234375 0.0171875 0.034375
1 0.809375 0.6140625 0.0453125 0.0234375
1 0.7796875 0.6 0.0234375 0.0171875
1 0.6265625 0.64375 0.0234375 0.0203125
1 0.559375 0.690625 0.0203125 0.0203125
1 0.58125 0.66875 0.0640625 0.04375
1 0.7578125 0.571875 0.040625 0.0515625
1 0.7640625 0.5453125 0.0265625 0.0125
1 0.775 0.5328125 0.034375 0.0171875
0 0.59375 0.5265625 0.090625 0.115625
1 0.55625 0.590625 0.0140625 0.009375
1 0.5515625 0.8796875 0.00625 0.015625
1 0.7203125 0.8609375 0.021875 0.025
1 0.6625 0.7734375 0.04375 0.0765625
1 0.6953125 0.8171875 0.04375 0.05625
1 0.7109375 0.846875 0.121875 0.134375
1 0.759375 0.7515625 0.028125 0.05
1 0.7765625 0.7609375 0.0328125 0.0546875
1 0.678125 0.725 0.0203125 0.0234375
1 0.6609375 0.71875 0.021875 0.025
1 0.728125 0.71875 0.04375 0.0453125
1 0.7796875 0.6859375 0.0328125 0.025
1 0.7515625 0.6921875 0.0390625 0.034375
1 0.7203125 0.63125 0.025 0.0234375
1 0.740625 0.6375 0.034375 0.03125
1 0.690625 0.684375 0.04375 0.059375
1 0.6875 0.63125 0.0328125 0.0625
0 0.6875 0.5484375 0.1421875 0.1546875
1 0.85625 0.50625 0.028125 0.0171875
0 0.7953125 0.5140625 0.13125 0.1484375
0 0.9234375 0.5125 0.146875 0.1328125
0 0.95859375 0.553125 0.0828125 0.115625
0 0.96484375 0.4796875 0.0703125 0.08125