0 0.309375 0.33359375 0.16875 0.0703125
1 0.2171875 0.3140625 0.025 0.01875
1 0.0921875 0.28125 0.015625 0.0328125
0 0.15234375 0.22734375 0.1796875 0.2828125
1 0.01171875 0.33046875 0.0234375 0.0765625
0 0.36875 0.2078125 0.0484375 0.15
0 0.3046875 0.2765625 0.121875 0.1171875
1 0.09375 0.165625 0.015625 0.0078125
1 0.1375 0.11875 0.0171875 0.0109375
1 0.03515625 0.31015625 0.0203125 0.1171875
1 0.325 0.0921875 0.040625 0.04375
1 0.73359375 0.36328125 0.0203125 0.0109375
1 0.7296875 0.353125 0.015625 0.021875
1 0.8109375 0.3640625 0.015625 0.009375
1 0.9828125 0.3625 0.034375 0.0125
1 0.86875 0.3578125 0.015625 0.01875
1 0.8734375 0.2921875 0.015625 0.0140625
1 0.90625 0.2609375 0.0109375 0.015625
1 0.740625 0.2484375 0.0234375 0.0140625
1 0.5703125 0.153125 0.0140625 0.0203125
1 0.6078125 0.15 0.0359375 0.0265625
1 0.6046875 0.15625 0.0125 0.01875
1 0.625 0.1421875 0.0125 0.0296875
1 0.6328125 0.140625 0.0140625 0.0109375
1 0.640625 0.1515625 0.0171875 0.015625
1 0.6390625 0.13125 0.0140625 0.0140625
1 0.659375 0.1671875 0.021875 0.01875
1 0.6578125 0.178125 0.0125 0.0140625
1 0.6953125 0.203125 0.0265625 0.0109375
1 0.6890625 0.2140625 0.021875 0.0140625
1 0.7359375 0.178125 0.0125 0.009375
1 0.753125 0.18125 0.0078125 0.015625
1 0.85 0.171875 0.021875 0.0234375
1 0.8359375 0.1515625 0.0203125 0.0234375
1 0.9078125 0.16875 0.0203125 0.021875
1 0.9546875 0.1640625 0.0171875 0.01875
1 0.99140625 0.12734375 0.0171875 0.0265625
1 0.99375 0.11328125 0.0125 0.0234375
1 0.9734375 0.1078125 0.0140625 0.015625
1 0.9734375 0.0953125 0.0140625 0.0140625
1 0.93125 0.1140625 0.03125 0.021875
1 0.88125 0.1234375 0.0265625 0.0234375
1 0.8671875 0.109375 0.0140625 0.00625
1 0.85 0.1265625 0.0390625 0.034375
1 0.834375 0.1 0.0140625 0.0125
1 0.7703125 0.0796875 0.01875 0.015625
1 0.7578125 0.0953125 0.021875 0.0265625
1 0.7109375 0.1265625 0.0125 0.0203125
1 0.7234375 0.1015625 0.025 0.03125
1 0.7078125 0.0796875 0.015625 0.0171875
1 0.5984375 0.0890625 0.021875 0.0296875
1 0.534375 0.121875 0.015625 0.015625
1 0.5484375 0.103125 0.0109375 0.0140625
1 0.559375 0.0828125 0.015625 0.015625
1 0.61875 0.071875 0.0265625 0.0265625
1 0.909375 0.059375 0.0125 0.0140625
1 0.9703125 0.0234375 0.0234375 0.0265625
1 0.81328125 0.00703125 0.0484375 0.0140625
1 0.70078125 0.01015625 0.0234375 0.0203125
1 0.37578125 0.5515625 0.0484375 0.053125
1 0.2953125 0.425 0.0328125 0.0484375
1 0.275 0.8109375 0.03125 0.0390625
1 0.2796875 0.484375 0.0484375 0.046875
1 0.26875 0.378125 0.034375 0.01875
1 0.2375 0.7 0.0109375 0.0140625
1 0.24375 0.5484375 0.034375 0.04375
1 0.2296875 0.775 0.0203125 0.0171875
1 0.1875 0.49375 0.0046875 0.0140625
1 0.1875 0.6703125 0.0046875 0.0203125
0 0.2015625 0.703125 0.034375 0.034375
1 0.190625 0.7921875 0.0078125 0.0078125
0 0.340625 0.734375 0.11875 0.246875
1 0.384375 0.4046875 0.0046875 0.0078125
0 0.7578125 0.6546875 0.08125 0.346875
1 0.7234375 0.525 0.015625 0.0140625
1 0.665625 0.6390625 0.0390625 0.040625
1 0.6546875 0.3765625 0.0171875 0.0109375
1 0.6421875 0.51875 0.01875 0.0171875
1 0.5984375 0.459375 0.009375 0.0125
1 0.5859375 0.6703125 0.025 0.0171875
1 0.459375 0.428125 0.0078125 0.009375
1 0.4203125 0.4734375 0.0109375 0.0125
1 0.40546875 0.3921875 0.0109375 0.0125
1 0.40546875 0.8890625 0.0109375 0.021875
1 0.5609375 0.6453125 0.0359375 0.040625
0 0.45390625 0.60234375 0.1078125 0.1671875
0 0.5046875 0.63125 0.134375 0.3203125
1 0.553125 0.8703125 0.034375 0.03125
1 0.61875 0.76875 0.025 0.0359375
1 0.4890625 0.9890625 0.01875 0.01875
1 0.46875 0.9796875 0.0171875 0.0265625
1 0.659375 0.8921875 0.015625 0.01875