1 0.459375 0.2046875 0.015625 0.0078125
1 0.4234375 0.03125 0.0203125 0.025
1 0.2125 0.31875 0.0171875 0.0109375
0 0.221875 0.2125 0.2125 0.2046875
1 0.25625 0.1125 0.021875 0.0390625
0 0.1390625 0.0796875 0.246875 0.159375
1 0.1890625 0.1328125 0.03125 0.0203125
1 0.20625 0.0734375 0.0140625 0.015625
1 0.184375 0.00546875 0.0875 0.0109375
1 0.090625 0.140625 0.028125 0.015625
1 0.153125 0.1171875 0.046875 0.028125
1 0.9625 0.396875 0.034375 0.0234375
1 0.9890625 0.23046875 0.021875 0.0265625
0 0.5796875 0.12421875 0.140625 0.1515625
0 0.58828125 0.30859375 0.1578125 0.1640625
0 0.54609375 0.41484375 0.0734375 0.1265625
0 0.56015625 0.02421875 0.1015625 0.0484375
1 0.1078125 0.95625 0.0609375 0.04375
1 0.2359375 0.8875 0.046875 0.0359375
1 0.1359375 0.8296875 0.025 0.04375
0 0.16640625 0.93828125 0.2703125 0.1234375
0 0.1640625 0.8328125 0.1609375 0.1625
1 0.96875 0.8625 0.03125 0.025
1 0.9859375 0.909375 0.028125 0.025
1 0.99140625 0.8140625 0.0171875 0.06875
1 0.821875 0.9109375 0.0046875 0.009375
1 0.7828125 0.7359375 0.0375 0.0359375
1 0.71875 0.8390625 0.0625 0.06875
1 0.584375 0.7765625 0.0046875 0.0046875
0 0.95546875 0.8953125 0.0890625 0.209375
0 0.88046875 0.79375 0.2390625 0.16875