1 0.4203125 0.6765625 0.01875 0.025
1 0.41484375 0.728125 0.0296875 0.028125
1 0.41796875 0.2 0.0234375 0.015625
1 0.4015625 0.225 0.025 0.0125
1 0.378125 0.66875 0.0234375 0.025
1 0.3859375 0.6375 0.040625 0.03125
1 0.3671875 0.55 0.0203125 0.0203125
1 0.365625 0.3953125 0.028125 0.015625
1 0.3125 0.7359375 0.021875 0.03125
1 0.315625 0.6578125 0.028125 0.015625
1 0.303125 0.540625 0.025 0.021875
1 0.2890625 0.4546875 0.0109375 0.0125
1 0.275 0.5203125 0.0203125 0.028125
1 0.28125 0.1921875 0.034375 0.040625
1 0.234375 0.5421875 0.028125 0.0234375
1 0.246875 0.15625 0.0234375 0.015625
1 0.2265625 0.184375 0.0140625 0.0125
1 0.184375 0.659375 0.0171875 0.015625
1 0.171875 0.0875 0.0171875 0.0140625
1 0.1640625 0.00859375 0.01875 0.0171875
1 0.0890625 0.4734375 0.0046875 0.0265625
1 0.0828125 0.015625 0.0140625 0.009375
1 0.06875 0.290625 0.0203125 0.0234375
1 0.0671875 0.4578125 0.0140625 0.025
1 0.0484375 0.715625 0.0140625 0.015625
1 0.04375 0.4078125 0.015625 0.015625
1 0.0390625 0.6609375 0.028125 0.0203125
1 0.00625 0.290625 0.0125 0.0125
1 0.0046875 0.734375 0.009375 0.015625
1 0.00390625 0.1796875 0.0078125 0.034375
1 0.2984375 0.775 0.01875 0.01875
1 0.0296875 0.721875 0.015625 0.015625
1 0.1671875 0.565625 0.0203125 0.0234375
1 0.25 0.4453125 0.0203125 0.01875
1 0.103125 0.565625 0.0125 0.025
1 0.096875 0.5515625 0.015625 0.0140625
1 0.1875 0.4625 0.0171875 0.0234375
1 0.1875 0.478125 0.021875 0.025
1 0.234375 0.6796875 0.015625 0.025
1 0.1671875 0.734375 0.0125 0.01875
1 0.1015625 0.7046875 0.0078125 0.0203125
1 0.4078125 0.6640625 0.015625 0.025
1 0.309375 0.578125 0.021875 0.0203125
1 0.3328125 0.5671875 0.021875 0.015625
1 0.3734375 0.434375 0.0140625 0.0203125
1 0.303125 0.4109375 0.025 0.01875
1 0.41640625 0.28984375 0.0265625 0.0265625
0 0.39609375 0.33515625 0.0671875 0.0640625
1 0.365625 0.3546875 0.028125 0.021875
0 0.3 0.3484375 0.1015625 0.140625
1 0.271875 0.3765625 0.0296875 0.04375
1 0.25 0.3 0.05 0.0546875
0 0.215625 0.3640625 0.14375 0.1
0 0.10625 0.3609375 0.1125 0.0609375
0 0.01796875 0.3390625 0.0359375 0.1
0 0.05 0.365625 0.0796875 0.0859375
1 0.0140625 0.2015625 0.0234375 0.0171875
1 0.0359375 0.134375 0.015625 0.0078125
1 0.0765625 0.253125 0.0203125 0.0125
1 0.196875 0.21875 0.0171875 0.015625
1 0.3453125 0.240625 0.0203125 0.015625
1 0.3953125 0.203125 0.0203125 0.0125
1 0.403125 0.0578125 0.0328125 0.046875
1 0.41875 0.11875 0.01875 0.0171875
1 0.2125 0.025 0.028125 0.0234375
1 0.25 0.0234375 0.028125 0.025
1 0.24375 0.075 0.0125 0.025
1 0.3421875 0.1453125 0.03125 0.0234375
1 0.375 0.1765625 0.04375 0.0359375
1 0.346875 0.1671875 0.015625 0.015625
1 0.3546875 0.153125 0.01875 0.0078125
1 0.371875 0.1875 0.03125 0.0203125
1 0.340625 0.0796875 0.034375 0.021875
1 0.371875 0.0734375 0.0234375 0.0203125
1 0.146875 0.153125 0.015625 0.0171875
1 0.059375 0.0921875 0.0390625 0.015625
1 0.14375 0.1203125 0.015625 0.01875
1 0.1625 0.0625 0.03125 0.021875
1 0.1484375 0.0671875 0.009375 0.003125
1 0.071875 0.071875 0.0234375 0.0125
1 0.0765625 0.0546875 0.0234375 0.015625
1 0.13125 0.1203125 0.0125 0.0296875
1 0.115625 0.115625 0.01875 0.0171875
1 0.109375 0.096875 0.028125 0.0265625
1 0.1203125 0.071875 0.0125 0.0140625
1 0.9796875 0.7890625 0.021875 0.028125
1 0.99375 0.7890625 0.0109375 0.015625
1 0.9875 0.6890625 0.015625 0.0203125
1 0.9296875 0.7171875 0.0046875 0.00625
1 0.8265625 0.7953125 0.01875 0.01875
1 0.8125 0.775 0.025 0.0265625
1 0.765625 0.7453125 0.0046875 0.0078125
1 0.72109375 0.80234375 0.0390625 0.0140625
1 0.68125 0.740625 0.0234375 0.0328125
1 0.6265625 0.6984375 0.0125 0.0140625
1 0.6109375 0.73125 0.040625 0.0359375
1 0.5796875 0.6984375 0.0125 0.0140625
1 0.725 0.7546875 0.0484375 0.05625
1 0.80625 0.684375 0.0109375 0.0125
1 0.8125 0.6796875 0.00625 0.0015625
1 0.8234375 0.6546875 0.0265625 0.034375
1 0.8625 0.734375 0.084375 0.084375
1 0.703125 0.68125 0.0328125 0.0484375
1 0.765625 0.6609375 0.0125 0.0140625
1 0.8234375 0.6171875 0.0171875 0.0140625
1 0.6234375 0.6109375 0.0203125 0.0234375
1 0.6984375 0.634375 0.028125 0.03125
1 0.709375 0.5984375 0.021875 0.01875
1 0.71875 0.63125 0.0390625 0.0671875
1 0.8703125 0.5796875 0.0203125 0.0140625
1 0.665625 0.534375 0.021875 0.0109375
1 0.5921875 0.5625 0.0359375 0.0375
1 0.5875 0.54375 0.0125 0.021875
1 0.771875 0.4296875 0.0125 0.0109375
1 0.8359375 0.4140625 0.0109375 0.0140625
1 0.815625 0.3578125 0.00625 0.0125
1 0.928125 0.4 0.05625 0.0578125
1 0.9078125 0.390625 0.009375 0.021875
1 0.978125 0.4234375 0.028125 0.0296875
1 0.9828125 0.45078125 0.034375 0.0765625
1 0.634375 0.40625 0.0328125 0.034375
1 0.6234375 0.425 0.003125 0.0078125
1 0.671875 0.4078125 0.0171875 0.0359375
1 0.696875 0.384375 0.0265625 0.025
1 0.615625 0.3640625 0.0125 0.0203125
1 0.6359375 0.3421875 0.04375 0.0453125
1 0.965625 0.228125 0.009375 0.009375
1 0.946875 0.209375 0.028125 0.0375
1 0.6703125 0.2234375 0.0109375 0.0109375
1 0.7171875 0.2296875 0.03125 0.0234375
1 0.7203125 0.25 0.04375 0.025
1 0.6296875 0.15625 0.01875 0.009375
1 0.65625 0.1328125 0.0203125 0.0171875
1 0.6828125 0.1140625 0.009375 0.0078125
1 0.6984375 0.128125 0.015625 0.015625
1 0.6953125 0.11875 0.0140625 0.0109375
0 0.596875 0.4453125 0.0453125 0.09375
0 0.6515625 0.4890625 0.096875 0.1421875
0 0.734375 0.50625 0.1078125 0.13125
0 0.9234375 0.4875 0.15 0.14375
1 0.9890625 0.146875 0.021875 0.053125
1 0.884375 0.1109375 0.03125 0.0296875
1 0.9125 0.090625 0.0109375 0.0125
1 0.8828125 0.040625 0.0171875 0.0171875
1 0.75625 0.178125 0.0125 0.0140625
1 0.7859375 0.1265625 0.0109375 0.01875
1 0.6671875 0.0546875 0.0140625 0.0109375
1 0.7125 0.128125 0.01875 0.0203125
1 0.3484375 0.9859375 0.028125 0.0234375
1 0.325 0.971875 0.0171875 0.0140625
1 0.36953125 0.975 0.0484375 0.05
1 0.2359375 0.9859375 0.04375 0.028125
1 0.08671875 0.98125 0.0578125 0.0375
1 0.1375 0.98828125 0.034375 0.0234375
1 0.2390625 0.9109375 0.0203125 0.0265625
1 0.028125 0.9796875 0.0203125 0.0203125
1 0.4 0.934375 0.0171875 0.0125
1 0.015625 0.8703125 0.03125 0.046875
1 0.059375 0.81875 0.0609375 0.015625
1 0.2203125 0.8359375 0.0375 0.0265625
1 0.203125 0.8765625 0.1125 0.109375
1 0.203125 0.921875 0.01875 0.00625
1 0.15625 0.871875 0.028125 0.046875
1 0.2875 0.9234375 0.0375 0.046875
1 0.3171875 0.8921875 0.040625 0.040625
1 0.340625 0.8703125 0.0375 0.03125
1 0.3421875 0.8140625 0.0109375 0.0078125
1 0.3890625 0.8140625 0.015625 0.00625
1 0.4109375 0.8546875 0.0375 0.06875
0 0.91796875 0.85859375 0.1546875 0.0984375
0 0.9703125 0.88125 0.059375 0.14375
0 0.65546875 0.8953125 0.2359375 0.171875