1 0.0515625 0.1171875 0.0546875 0.0578125
1 0.046875 0.3140625 0.0203125 0.0453125
1 0.05859375 0.6265625 0.0265625 0.046875
0 0.065625 0.234375 0.13125 0.134375
0 0.36640625 0.19375 0.0328125 0.18125
1 0.3984375 0.18125 0.0421875 0.0328125
0 0.5328125 0.178125 0.0984375 0.0890625
1 0.48125 0.1453125 0.0203125 0.0453125
1 0.4578125 0.2015625 0.0453125 0.053125
1 0.478125 0.2515625 0.0234375 0.0234375
1 0.496875 0.278125 0.021875 0.028125
1 0.43125 0.2515625 0.071875 0.053125
1 0.3984375 0.2328125 0.028125 0.0296875
1 0.421875 0.34375 0.075 0.071875
1 0.3734375 0.31328125 0.046875 0.0734375
1 0.3875 0.275 0.0609375 0.0390625
1 0.4734375 0.3359375 0.025 0.03125
0 0.634375 0.2046875 0.15 0.134375
1 0.6921875 0.2734375 0.0375 0.04375
1 0.7140625 0.2953125 0.0296875 0.028125
1 0.7359375 0.3265625 0.0265625 0.025
1 0.746875 0.19375 0.0390625 0.0921875
1 0.6 0.09375 0.0390625 0.025
1 0.61953125 0.03828125 0.0546875 0.0765625
1 0.584375 0.0203125 0.046875 0.040625
1 0.496875 0.0484375 0.0359375 0.053125
1 0.484375 0.00703125 0.0375 0.0140625
1 0.6609375 0.0203125 0.065625 0.040625
1 0.72109375 0.02109375 0.0734375 0.0421875
1 0.759375 0.3140625 0.0140625 0.05
1 0.7609375 0.4546875 0.0109375 0.0296875
1 0.7453125 0.3875 0.0234375 0.025
1 0.6484375 0.5765625 0.028125 0.0328125
1 0.7171875 0.6328125 0.0265625 0.034375
1 0.55 0.440625 0.028125 0.01875
1 0.565625 0.340625 0.0234375 0.021875
1 0.384375 0.0078125 0.034375 0.015625
1 0.41640625 0.0078125 0.0234375 0.015625
1 0.4515625 0.084375 0.0234375 0.0234375
1 0.35859375 0.01015625 0.0171875 0.0203125
1 0.34140625 0.65625 0.0171875 0.0125
1 0.246875 0.675 0.046875 0.0328125
1 0.246875 0.746875 0.0609375 0.0609375
1 0.1875 0.7578125 0.0546875 0.1046875
1 0.1171875 0.7921875 0.075 0.1109375
1 0.1171875 0.88125 0.05625 0.0390625
1 0.046875 0.8734375 0.028125 0.0328125
1 0.0703125 0.9015625 0.0296875 0.03125
0 0.12421875 0.7390625 0.2140625 0.178125
1 0.275 0.8265625 0.0203125 0.0328125
0 0.31171875 0.73359375 0.0765625 0.1671875
1 0.34453125 0.79921875 0.0109375 0.0390625
1 0.33203125 0.78984375 0.0359375 0.0484375
1 0.2828125 0.9203125 0.040625 0.053125
1 0.23125 0.9203125 0.0859375 0.0625
1 0.2203125 0.9625 0.1140625 0.0625
1 0.15625 0.9515625 0.034375 0.05
1 0.09453125 0.97265625 0.0953125 0.0546875
1 0.16484375 0.9921875 0.1015625 0.015625
1 0.03359375 0.9734375 0.0390625 0.053125
1 0.32890625 0.97734375 0.0421875 0.0453125
1 0.33125 0.934375 0.03125 0.046875
1 0.540625 0.76875 0.065625 0.04375
1 0.684375 0.725 0.0390625 0.03125
1 0.73125 0.8234375 0.028125 0.0390625
0 0.75 0.9296875 0.078125 0.109375
0 0.6625 0.921875 0.109375 0.0953125
0 0.5421875 0.9546875 0.11875 0.090625
0 0.4546875 0.92265625 0.10625 0.1546875
0 0.38984375 0.9515625 0.0796875 0.096875
1 0.703125 0.9828125 0.0375 0.034375