1 0.35859375 0.4 0.0421875 0.046875
1 0.353125 0.225 0.0296875 0.0359375
1 0.321875 0.140625 0.0484375 0.0578125
1 0.35234375 0.05078125 0.0546875 0.0671875
1 0.3140625 0.45625 0.059375 0.0296875
1 0.375 0.35703125 0.009375 0.0234375
1 0.1875 0.0140625 0.08125 0.028125
1 0.1890625 0.059375 0.1328125 0.0703125
1 0.2 0.1359375 0.0765625 0.0546875
1 0.1046875 0.109375 0.04375 0.046875
1 0.165625 0.1828125 0.0453125 0.0390625
1 0.1453125 0.215625 0.046875 0.0328125
1 0.228125 0.1828125 0.0265625 0.04375
1 0.215625 0.234375 0.0375 0.0546875
1 0.1765625 0.2921875 0.0515625 0.0640625
1 0.2234375 0.2953125 0.0390625 0.0234375
1 0.1890625 0.35625 0.1015625 0.065625
1 0.065625 0.28125 0.0359375 0.0296875
0 0.040625 0.10703125 0.08125 0.1828125
0 0.02734375 0.2234375 0.0546875 0.06875
1 0.07421875 0.0109375 0.0484375 0.021875
1 0.00546875 0.31875 0.0109375 0.0375
1 0.1140625 0.334375 0.0375 0.0703125
1 0.071875 0.3453125 0.04375 0.0578125
1 0.0984375 0.4296875 0.1078125 0.0890625
1 0.1625 0.421875 0.040625 0.0734375
1 0.1359375 0.4640625 0.0671875 0.0203125
0 0.03203125 0.4015625 0.0640625 0.146875
1 0.228125 0.4171875 0.0671875 0.0453125
1 0.00390625 0.46484375 0.0078125 0.0171875
1 0.99375 0.41875 0.009375 0.0046875
1 0.99453125 0.3265625 0.0109375 0.01875
1 0.9734375 0.3078125 0.0390625 0.04375
1 0.965625 0.2046875 0.0328125 0.0625
1 0.9765625 0.1578125 0.0109375 0.0125
1 0.98125 0.096875 0.0125 0.01875
1 0.99375 0.02265625 0.0125 0.0265625
1 0.9515625 0.071875 0.0640625 0.0546875
1 0.946875 0.15625 0.0140625 0.0125
1 0.940625 0.1125 0.046875 0.0734375
1 0.9296875 0.0890625 0.0171875 0.0328125
1 0.9265625 0.1765625 0.040625 0.0390625
1 0.990625 0.384375 0.01875 0.028125
1 0.9046875 0.3609375 0.053125 0.0625
1 0.865625 0.284375 0.0171875 0.0203125
1 0.85 0.25 0.0109375 0.0171875
1 0.85625 0.2296875 0.0046875 0.0109375
1 0.8796875 0.1828125 0.009375 0.009375
1 0.8625 0.171875 0.025 0.0203125
1 0.7828125 0.0328125 0.021875 0.0203125
1 0.80625 0.0890625 0.0109375 0.0171875
1 0.8046875 0.0765625 0.0234375 0.01875
1 0.78125 0.2421875 0.0234375 0.0296875
1 0.7703125 0.346875 0.0203125 0.0078125
1 0.7640625 0.3703125 0.0109375 0.015625
1 0.7359375 0.4140625 0.0078125 0.0109375
0 0.825 0.4109375 0.0390625 0.0203125
0 0.8125 0.359375 0.09375 0.1234375
1 0.796875 0.384375 0.01875 0.01875
0 0.8046875 0.171875 0.065625 0.0859375
0 0.7828125 0.1234375 0.065625 0.046875
1 0.8375 0.159375 0.0140625 0.0125
0 0.8078125 0.0734375 0.0765625 0.0578125
0 0.7984375 0.0171875 0.04375 0.034375
1 0.7296875 0.00625 0.015625 0.0125
1 0.6890625 0.353125 0.0109375 0.0109375
1 0.6671875 0.3328125 0.0140625 0.0109375
1 0.6671875 0.175 0.009375 0.009375
1 0.6328125 0.1203125 0.0375 0.0234375
1 0.6359375 0.0546875 0.0578125 0.0484375
1 0.5796875 0.0703125 0.0328125 0.046875
1 0.5328125 0.4140625 0.0140625 0.0078125
1 0.525 0.3578125 0.0140625 0.015625
1 0.534375 0.35 0.0125 0.025
1 0.5078125 0.30625 0.065625 0.0625
1 0.5234375 0.2015625 0.0234375 0.0234375
1 0.4203125 0.24375 0.0265625 0.04375
1 0.3875 0.003125 0.0125 0.00625
1 0.403125 0.0265625 0.0421875 0.0328125
1 0.4171875 0.015625 0.0078125 0.0109375
1 0.49375 0.059375 0.0203125 0.0171875
1 0.4921875 0.0921875 0.0234375 0.025
0 0.203125 0.9375 0.084375 0.1046875
1 0.2609375 0.9734375 0.0671875 0.0296875
0 0.184375 0.86875 0.0703125 0.084375
0 0.1859375 0.7359375 0.1359375 0.1515625
1 0.0734375 0.9390625 0.1421875 0.0984375
1 0.04453125 0.98828125 0.0390625 0.0234375
1 0.02265625 0.97265625 0.0453125 0.0546875
1 0.353125 0.734375 0.05 0.0484375
1 0.984375 0.90703125 0.03125 0.0328125
0 0.9171875 0.8734375 0.1125 0.134375
1 0.7953125 0.8609375 0.040625 0.0453125
0 0.925 0.72265625 0.15 0.2015625
0 0.928125 0.57265625 0.14375 0.0859375
1 0.746875 0.7359375 0.0859375 0.059375
1 0.7109375 0.7578125 0.0359375 0.0484375
1 0.8296875 0.759375 0.0296875 0.0328125
1 0.715625 0.8953125 0.04375 0.071875
1 0.625 0.81875 0.028125 0.0234375
1 0.603125 0.7421875 0.0359375 0.028125
1 0.603125 0.70625 0.04375 0.028125
1 0.62734375 0.54921875 0.0484375 0.0390625
0 0.42578125 0.80390625 0.0921875 0.0953125
0 0.42109375 0.58515625 0.0828125 0.1109375
1 0.4 0.634375 0.0359375 0.04375
1 0.7390625 0.8078125 0.0265625 0.0234375