0 0.03671875 0.16484375 0.0734375 0.3296875
0 0.071875 0.02890625 0.14375 0.0578125
1 0.14375 0.34765625 0.053125 0.0359375
1 0.1171875 0.3953125 0.05 0.046875
1 0.05 0.4875 0.034375 0.0390625
1 0.078125 0.4921875 0.0265625 0.046875
1 0.040625 0.5203125 0.0265625 0.028125
1 0.025 0.615625 0.0390625 0.03125
1 0.08125 0.6140625 0.0265625 0.03125
1 0.246875 0.771875 0.0375 0.03125
1 0.246875 0.65 0.025 0.0171875
1 0.2640625 0.6203125 0.03125 0.034375
1 0.2453125 0.56875 0.0171875 0.0234375
1 0.253125 0.475 0.025 0.03125
1 0.3265625 0.6078125 0.028125 0.021875
1 0.04375 0.646875 0.021875 0.021875
0 0.3328125 0.55625 0.1484375 0.0734375
0 0.34921875 0.47578125 0.1203125 0.1328125
0 0.3390625 0.39296875 0.140625 0.0984375
0 0.35 0.35546875 0.11875 0.0515625
1 0.4 0.70625 0.01875 0.021875
0 0.3296875 0.7703125 0.11875 0.065625
0 0.35 0.6828125 0.1171875 0.134375
1 0.7015625 0.521875 0.028125 0.0203125
1 0.63125 0.4890625 0.0234375 0.0328125
0 0.8953125 0.54375 0.196875 0.2171875
0 0.7546875 0.4890625 0.040625 0.109375
0 0.83125 0.7796875 0.3375 0.103125
0 0.8765625 0.8875 0.246875 0.140625