0 0.3359375 0.1859375 0.0796875 0.075
1 0.3703125 0.23125 0.028125 0.021875
1 0.1875 0.25625 0.015625 0.0125
1 0.334375 0.2828125 0.0203125 0.028125
1 0.2265625 0.3328125 0.0078125 0.0125
0 0.3046875 0.40859375 0.18125 0.1421875
1 0.2390625 0.3703125 0.01875 0.015625
1 0.2515625 0.359375 0.021875 0.015625
1 0.0546875 0.3390625 0.0171875 0.0140625
1 0.04375 0.3234375 0.0109375 0.0234375
1 0.56484375 0.15625 0.0109375 0.01875
0 0.65234375 0.134375 0.1859375 0.26875
0 0.6625 0.3515625 0.0921875 0.01875
0 0.7296875 0.346875 0.0203125 0.0265625
1 0.853125 0.2359375 0.034375 0.0390625
1 0.93125 0.2484375 0.01875 0.0375
1 0.3703125 0.6703125 0.025 0.03125
1 0.4 0.553125 0.05 0.059375
1 0.365625 0.80625 0.0171875 0.028125
1 0.303125 0.8390625 0.034375 0.028125
1 0.13125 0.6625 0.0125 0.0125
1 0.1390625 0.6046875 0.0453125 0.0390625
1 0.04375 0.6546875 0.0640625 0.021875
1 0.0875 0.8390625 0.0140625 0.015625
0 0.1703125 0.61328125 0.325 0.2671875
0 0.125 0.803125 0.25 0.128125
0 0.1171875 0.85 0.0953125 0.0328125
0 0.053125 0.8515625 0.0140625 0.0296875
0 0.028125 0.85625 0.0125 0.021875
1 0.071875 0.7046875 0.0390625 0.015625
1 0.2625 0.79375 0.0359375 0.0140625
0 0.7046875 0.6703125 0.2109375 0.0671875
0 0.6546875 0.9140625 0.190625 0.171875
0 0.6515625 0.7125 0.184375 0.15
0 0.57421875 0.68046875 0.0296875 0.0890625
1 0.8671875 0.7015625 0.0421875 0.05
1 0.8703125 0.7640625 0.0234375 0.0125