1 0.196875 0.01875 0.025 0.0328125
1 0.1515625 0.0265625 0.0265625 0.0234375
1 0.0421875 0.084375 0.021875 0.0171875
1 0.15 0.2296875 0.0671875 0.01875
1 0.2671875 0.06328125 0.025 0.0234375
1 0.240625 0.065625 0.025 0.03125
1 0.0921875 0.0453125 0.040625 0.0359375
1 0.053125 0.0421875 0.0375 0.021875
1 0.0546875 0.0234375 0.04375 0.03125
1 0.9921875 0.08671875 0.015625 0.0609375
1 0.5140625 0.1609375 0.01875 0.015625
1 0.3328125 0.1953125 0.015625 0.0078125
1 0.5125 0.3 0.0078125 0.0046875
1 0.65 0.39375 0.0125 0.0078125
1 0.871875 0.0625 0.06875 0.0609375
0 0.925 0.02265625 0.15 0.0453125
0 0.93984375 0.15234375 0.1203125 0.0921875
1 0.9875 0.13671875 0.025 0.0171875
0 0.9296875 0.2421875 0.1265625 0.1578125
0 0.9296875 0.390625 0.0421875 0.0140625
0 0.896875 0.328125 0.1484375 0.0953125
1 0.9453125 0.3765625 0.06875 0.04375
1 0.653125 0.3796875 0.015625 0.0125
0 0.4109375 0.0890625 0.1453125 0.134375
1 0.3625 0.225 0.0234375 0.0234375
0 0.4109375 0.3625 0.1171875 0.06875
0 0.378125 0.271875 0.10625 0.1515625
0 0.3921875 0.1921875 0.0984375 0.0875
1 0.00859375 0.9875 0.0171875 0.025
1 0.021875 0.8171875 0.0125 0.0109375
1 0.0265625 0.928125 0.021875 0.021875
1 0.203125 0.8421875 0.0375 0.03125
1 0.125 0.88125 0.03125 0.0171875
1 0.2765625 0.9 0.00625 0.009375
1 0.265625 0.84453125 0.028125 0.0109375
1 0.2296875 0.7796875 0.0328125 0.0109375
1 0.2546875 0.7359375 0.0296875 0.021875
1 0.1390625 0.790625 0.025 0.071875
1 0.9875 0.58515625 0.025 0.0484375
1 0.940625 0.596875 0.0796875 0.053125
1 0.9359375 0.5546875 0.0296875 0.0296875
1 0.9828125 0.66875 0.0296875 0.0203125
1 0.8390625 0.7578125 0.06875 0.046875
1 0.8203125 0.5828125 0.0296875 0.0359375
1 0.7890625 0.4984375 0.0484375 0.0578125
1 0.99296875 0.46484375 0.0140625 0.0109375
1 0.78125 0.8140625 0.059375 0.0296875
1 0.915625 0.65625 0.0234375 0.0265625
1 0.8515625 0.715625 0.0265625 0.0234375
1 0.6671875 0.49375 0.0765625 0.0546875
1 0.571875 0.475 0.04375 0.03125
1 0.6328125 0.540625 0.0453125 0.0390625
1 0.6125 0.5734375 0.046875 0.0328125
1 0.6953125 0.540625 0.0265625 0.04375
1 0.6828125 0.5921875 0.0375 0.0546875
1 0.64375 0.65 0.0515625 0.0640625
1 0.690625 0.653125 0.0390625 0.0234375
1 0.65625 0.7140625 0.1015625 0.065625
1 0.5328125 0.6390625 0.0359375 0.0296875
0 0.46171875 0.5078125 0.1734375 0.096875
0 0.4703125 0.58125 0.1046875 0.06875
1 0.32421875 0.47265625 0.0421875 0.0265625
1 0.28828125 0.51640625 0.0171875 0.0234375
1 0.321875 0.6578125 0.04375 0.0625
1 0.321875 0.7125 0.046875 0.0625
1 0.30625 0.821875 0.0234375 0.0203125
1 0.353125 0.7921875 0.0921875 0.0796875
1 0.4 0.796875 0.015625 0.0171875
1 0.4609375 0.6765625 0.0359375 0.0375
1 0.58125 0.6921875 0.0375 0.0703125
1 0.5390625 0.703125 0.04375 0.0578125
1 0.565625 0.7875 0.1078125 0.0890625
1 0.6296875 0.7796875 0.040625 0.0734375
1 0.603125 0.821875 0.0671875 0.0203125
0 0.4703125 0.759375 0.121875 0.146875
1 0.6953125 0.775 0.0671875 0.0453125
1 0.4578125 0.8234375 0.0359375 0.0171875