1 0.1109375 0.3796875 0.0609375 0.0609375
1 0.16953125 0.3671875 0.0546875 0.103125
1 0.240625 0.334375 0.075 0.1109375
1 0.240625 0.2453125 0.05625 0.0390625
1 0.3109375 0.253125 0.028125 0.0328125
1 0.2875 0.225 0.0296875 0.03125
0 0.23203125 0.3578125 0.2140625 0.121875
1 0.0828125 0.3 0.0203125 0.0328125
0 0.04140625 0.36328125 0.0828125 0.1109375
1 0.00859375 0.32578125 0.0171875 0.0390625
1 0.0234375 0.3359375 0.040625 0.0484375
1 0.075 0.20625 0.040625 0.053125
1 0.1265625 0.20625 0.0859375 0.0625
1 0.1375 0.1640625 0.1140625 0.0625
1 0.2015625 0.175 0.034375 0.05
1 0.2625 0.153125 0.0953125 0.05625
1 0.1921875 0.109375 0.1015625 0.0640625
1 0.0984375 0.0671875 0.1078125 0.090625
1 0.1796875 0.0671875 0.0359375 0.0359375
1 0.21875 0.0375 0.0515625 0.06875
1 0.2828125 0.0296875 0.0546875 0.05
1 0.3234375 0.0484375 0.0328125 0.0390625
1 0.3234375 0.1203125 0.0390625 0.11875
1 0.04375 0.0265625 0.0625 0.053125
1 0.0078125 0.03125 0.015625 0.0625
1 0.23046875 0.00703125 0.0671875 0.0140625
1 0.02421875 0.1453125 0.0484375 0.053125
1 0.0265625 0.1921875 0.03125 0.046875
1 0.00859375 0.184375 0.0171875 0.05625
1 0.009375 0.2390625 0.01875 0.065625
1 0.55625 0.403125 0.0125 0.03125
1 0.6390625 0.4125 0.028125 0.0125
1 0.8765625 0.3421875 0.0375 0.034375
0 0.584375 0.3046875 0.06875 0.15
1 0.6265625 0.35625 0.0171875 0.0625
1 0.815625 0.1953125 0.03125 0.0453125
1 0.803125 0.096875 0.025 0.0234375
0 0.946875 0.328125 0.10625 0.18125
0 0.65625 0.2953125 0.0578125 0.1984375
0 0.7828125 0.2890625 0.2265625 0.2078125
1 0.01875 0.9953125 0.0375 0.009375
1 0.05703125 0.990625 0.0359375 0.01875
1 0.1625 0.9359375 0.0421875 0.0671875
1 0.18984375 0.95859375 0.1109375 0.0828125
1 0.3046875 0.9125 0.03125 0.071875
1 0.3078125 0.7359375 0.028125 0.046875
1 0.0609375 0.7203125 0.0359375 0.0703125
1 0.0671875 0.6703125 0.0375 0.046875
1 0.08125 0.621875 0.0671875 0.065625
1 0.015625 0.58125 0.03125 0.05
1 0.209375 0.7046875 0.028125 0.0296875
1 0.2859375 0.6171875 0.0375 0.0375
1 0.284375 0.653125 0.03125 0.0328125
1 0.2515625 0.6515625 0.0421875 0.0203125
0 0.01328125 0.496875 0.0265625 0.1125
0 0.075 0.5109375 0.14375 0.121875
1 0.01640625 0.43515625 0.0328125 0.0328125
1 0.0390625 0.4546875 0.0625 0.040625
0 0.2921875 0.5140625 0.0578125 0.0703125
0 0.25 0.5125 0.0859375 0.1296875
0 0.2671875 0.471875 0.0875 0.0875
1 0.2046875 0.521875 0.090625 0.0984375
1 0.1421875 0.4953125 0.071875 0.08125
1 0.9734375 0.528125 0.01875 0.0203125
1 0.8921875 0.5390625 0.0265625 0.0375
1 0.825 0.7484375 0.0203125 0.01875
1 0.815625 0.6140625 0.0265625 0.021875
0 0.678125 0.9171875 0.065625 0.159375
0 0.7078125 0.9359375 0.125 0.128125
1 0.76484375 0.98203125 0.0578125 0.0359375
1 0.7671875 0.9375 0.01875 0.015625
0 0.8125 0.9453125 0.065625 0.109375
1 0.8734375 0.9515625 0.025 0.01875
1 0.6796875 0.76875 0.0671875 0.09375
1 0.8109375 0.7015625 0.0203125 0.03125
1 0.6515625 0.6734375 0.0125 0.025
1 0.6734375 0.6640625 0.0328125 0.0265625
1 0.6875 0.6328125 0.01875 0.0234375
1 0.93125 0.99296875 0.015625 0.0140625
0 0.9546875 0.940625 0.090625 0.11875
1 0.7265625 0.45625 0.028125 0.028125
1 0.7359375 0.4734375 0.0203125 0.015625
1 0.7671875 0.528125 0.0265625 0.0234375
1 0.7921875 0.5484375 0.021875 0.0265625
0 0.759375 0.42890625 0.040625 0.0203125
0 0.859375 0.43515625 0.153125 0.0328125
1 0.971875 0.4671875 0.0390625 0.034375