1 0.375 0.453125 0.034375 0.065625
0 0.4984375 0.259375 0.13125 0.51875
0 0.3484375 0.165625 0.3015625 0.209375
0 0.1671875 0.134375 0.2578125 0.1265625
1 0.4453125 0.0515625 0.0453125 0.046875
1 0.0984375 0.2140625 0.028125 0.0484375
1 0.96171875 0.51328125 0.0234375 0.0109375
1 0.8953125 0.43125 0.015625 0.015625
1 0.89375 0.3953125 0.0265625 0.015625
1 0.9265625 0.396875 0.025 0.0296875
1 0.946875 0.3765625 0.01875 0.0234375
1 0.909375 0.34375 0.040625 0.0375
1 0.815625 0.3453125 0.053125 0.059375
1 0.80625 0.30625 0.025 0.0296875
1 0.84375 0.2703125 0.0375 0.0203125
1 0.8984375 0.271875 0.0265625 0.025
1 0.86875 0.2546875 0.028125 0.0265625
1 0.85625 0.2296875 0.040625 0.04375
1 0.8140625 0.2484375 0.040625 0.028125
1 0.8203125 0.1875 0.05625 0.0453125
1 0.81484375 0.1578125 0.0515625 0.05625
1 0.8625 0.15 0.065625 0.0609375
1 0.8625 0.2 0.021875 0.0265625
1 0.8484375 0.18125 0.034375 0.0359375
1 0.96875 0.2796875 0.0265625 0.0203125
1 0.9734375 0.2390625 0.0203125 0.046875
1 0.98125 0.084375 0.0375 0.034375
1 0.984375 0.04921875 0.03125 0.0828125
1 0.965625 0.00703125 0.03125 0.0140625
1 0.84375 0.0609375 0.0640625 0.0734375
1 0.840625 0.00546875 0.028125 0.0109375
1 0.8 0.0359375 0.021875 0.05
1 0.9640625 0.459375 0.015625 0.0234375
0 0.9171875 0.478125 0.103125 0.08125
0 0.8453125 0.4671875 0.0796875 0.09375
1 0.7453125 0.6875 0.009375 0.0078125
1 0.7109375 0.5328125 0.0109375 0.0078125
1 0.6953125 0.5984375 0.0265625 0.0140625
1 0.7046875 0.6328125 0.0359375 0.0359375
1 0.6 0.609375 0.0140625 0.0078125
1 0.5953125 0.546875 0.0234375 0.0234375
1 0.5484375 0.521875 0.0125 0.00625
1 0.5390625 0.9484375 0.00625 0.009375
1 0.4921875 0.91875 0.009375 0.009375
1 0.471875 0.634375 0.015625 0.0203125
1 0.46875 0.890625 0.009375 0.015625
1 0.453125 0.9328125 0.0125 0.0078125
1 0.40625 0.8984375 0.0109375 0.015625
1 0.3953125 0.778125 0.015625 0.015625
1 0.3171875 0.9109375 0.0265625 0.01875
1 0.265625 0.5375 0.01875 0.0203125
1 0.2640625 0.6484375 0.0328125 0.01875
1 0.2546875 0.603125 0.0203125 0.0140625
1 0.2453125 0.8203125 0.03125 0.053125
1 0.3796875 0.871875 0.0109375 0.021875
1 0.49375 0.625 0.0203125 0.015625
1 0.4265625 0.675 0.0109375 0.015625
1 0.3640625 0.6546875 0.0140625 0.015625
1 0.3828125 0.5859375 0.0171875 0.0140625
1 0.3296875 0.5890625 0.0171875 0.015625
1 0.6921875 0.75 0.0078125 0.0078125
1 0.578125 0.5859375 0.0265625 0.0125
1 0.6671875 0.5578125 0.0234375 0.01875
1 0.68125 0.5671875 0.015625 0.0203125
1 0.659375 0.5296875 0.0171875 0.0109375
1 0.259375 0.5796875 0.0140625 0.01875
0 0.7125 0.8140625 0.08125 0.29375
0 0.59375 0.7875 0.3125 0.3046875
0 0.30625 0.8875 0.159375 0.103125
1 0.99140625 0.575 0.0171875 0.040625
1 0.8484375 0.790625 0.021875 0.0078125
0 0.92734375 0.9359375 0.1453125 0.128125
1 0.9078125 0.93125 0.04375 0.0484375
1 0.94375 0.7859375 0.05625 0.078125
1 0.97578125 0.7984375 0.0484375 0.06875
1 0.821875 0.571875 0.040625 0.040625