1 0.078125 0.453125 0.00625 0.015625
0 0.1953125 0.39375 0.2 0.25
0 0.1984375 0.2828125 0.178125 0.0953125
1 0.8140625 0.31875 0.015625 0.0078125
1 0.7859375 0.3046875 0.0765625 0.046875
1 0.66875 0.3125 0.05 0.04375
1 0.625 0.371875 0.0359375 0.0328125
1 0.6578125 0.3828125 0.0265625 0.015625
1 0.559375 0.4125 0.0078125 0.009375
1 0.484375 0.415625 0.0328125 0.025
1 0.6265625 0.41875 0.034375 0.0234375
1 0.55625 0.428125 0.015625 0.009375
1 0.6671875 0.44375 0.040625 0.0375
1 0.6984375 0.4640625 0.021875 0.040625
1 0.646875 0.471875 0.0125 0.0125
1 0.75 0.484375 0.059375 0.046875
1 0.5296875 0.503125 0.0140625 0.01875
1 0.45703125 0.4953125 0.0140625 0.0375
1 0.57109375 0.5015625 0.0171875 0.034375
1 0.63125 0.48984375 0.078125 0.0578125
1 0.9515625 0.4703125 0.01875 0.0140625
0 0.88359375 0.4015625 0.2328125 0.234375
1 0.778125 0.4390625 0.0203125 0.0125
0 0.89609375 0.35546875 0.2078125 0.1859375
1 0.771875 0.2671875 0.0234375 0.034375
1 0.8625 0.24375 0.0375 0.0328125
0 0.86875 0.2421875 0.2625 0.0875
1 0.675 0.3359375 0.015625 0.0140625
1 0.5203125 0.459375 0.028125 0.028125
1 0.5 0.4484375 0.04375 0.021875
1 0.475 0.315625 0.0171875 0.0140625
1 0.5046875 0.3265625 0.0203125 0.021875
1 0.384375 0.815625 0.0265625 0.0234375
1 0.246875 0.7109375 0.0390625 0.0359375
1 0.0046875 0.6765625 0.009375 0.0375
1 0.203125 0.846875 0.0390625 0.0265625
1 0.275 0.9359375 0.015625 0.03125
1 0.2328125 0.865625 0.025 0.0203125
1 0.2203125 0.8875 0.03125 0.03125
1 0.39375 0.546875 0.0265625 0.0265625
0 0.059375 0.79453125 0.11875 0.2484375
0 0.05234375 0.6671875 0.1046875 0.253125
1 0.7859375 0.8703125 0.03125 0.03125
1 0.7515625 0.7671875 0.009375 0.009375
1 0.671875 0.725 0.025 0.0234375
1 0.65390625 0.953125 0.1140625 0.09375
0 0.884375 0.9578125 0.23125 0.084375
0 0.9046875 0.8390625 0.153125 0.221875
0 0.94765625 0.76484375 0.1046875 0.1546875
0 0.8875 0.715625 0.065625 0.0546875
1 0.45859375 0.72890625 0.0171875 0.0078125
1 0.46875 0.8953125 0.003125 0.0078125
1 0.58125 0.8734375 0.015625 0.0171875