1 0.5015625 0.396875 0.025 0.0546875
1 0.4828125 0.16875 0.0171875 0.01875
1 0.41875 0.1578125 0.040625 0.0453125
1 0.203125 0.0625 0.0203125 0.0078125
1 0.36875 0.178125 0.0390625 0.0609375
0 0.384375 0.0421875 0.128125 0.084375
0 0.48359375 0.05234375 0.1546875 0.1046875
1 0.58984375 0.36171875 0.0421875 0.0390625
1 0.5859375 0.28515625 0.034375 0.0640625
0 0.815625 0.1765625 0.140625 0.21875
1 0.80234375 0.021875 0.0296875 0.04375
0 0.4265625 0.7421875 0.009375 0.0609375
1 0.4109375 0.7984375 0.040625 0.0234375
1 0.2796875 0.6609375 0.00625 0.0109375
1 0.2625 0.8578125 0.03125 0.040625
1 0.2515625 0.6421875 0.0234375 0.03125
1 0.234375 0.959375 0.0171875 0.0125
1 0.2375 0.7625 0.0265625 0.03125
1 0.203125 0.7234375 0.0546875 0.0375
1 0.1796875 0.6875 0.0078125 0.0109375
1 0.17421875 0.990625 0.0484375 0.01875
1 0.13046875 0.4609375 0.0359375 0.021875
1 0.05625 0.88125 0.00625 0.0140625
1 0.046875 0.9765625 0.0140625 0.0078125
1 0.2390625 0.6640625 0.0171875 0.0171875
0 0.3796875 0.6390625 0.103125 0.378125
0 0.2765625 0.6265625 0.2234375 0.3078125
1 0.0734375 0.5203125 0.0890625 0.0890625
0 0.103125 0.67265625 0.20625 0.2265625
1 0.05625 0.6796875 0.0109375 0.0109375
1 0.21171875 0.490625 0.1546875 0.08125
1 0.834375 0.775 0.01875 0.01875
1 0.8171875 0.759375 0.0421875 0.0109375
1 0.83125 0.7265625 0.01875 0.0375
1 0.83125 0.7375 0.0140625 0.0234375
0 0.79375 0.553125 0.0421875 0.0484375
0 0.8921875 0.65703125 0.215625 0.2421875
0 0.9640625 0.68828125 0.071875 0.1640625