1 0.0953125 0.284375 0.0234375 0.03125
1 0.2078125 0.5578125 0.0234375 0.0171875
1 0.3859375 0.54375 0.0140625 0.0125
1 0.396875 0.471875 0.009375 0.0171875
1 0.434375 0.2671875 0.0375 0.03125
1 0.4828125 0.1234375 0.0390625 0.0484375
1 0.24375 0.0234375 0.034375 0.0125
0 0.465625 0.1375 0.240625 0.15625
0 0.409375 0.15625 0.3515625 0.2546875
0 0.165625 0.18984375 0.121875 0.3796875
1 0.090625 0.3171875 0.0296875 0.0265625
0 0.1328125 0.1578125 0.146875 0.315625
1 0.3140625 0.496875 0.015625 0.0234375
1 0.278125 0.5265625 0.0296875 0.0265625
1 0.29375 0.4203125 0.1265625 0.165625
1 0.4515625 0.109375 0.0484375 0.015625
1 0.7546875 0.5125 0.025 0.0390625
1 0.7953125 0.3734375 0.0265625 0.040625
1 0.8203125 0.1390625 0.03125 0.03125
1 0.8921875 0.0546875 0.0203125 0.015625
1 0.90625 0.4515625 0.0625 0.0703125
1 0.8328125 0.071875 0.021875 0.01875
1 0.9875 0.046875 0.0171875 0.01875
1 0.98828125 0.13984375 0.0234375 0.0234375
1 0.81875 0.0171875 0.0375 0.03125
1 0.74296875 0.03671875 0.0078125 0.0359375
1 0.74453125 0.07578125 0.0109375 0.0453125
1 0.77109375 0.0109375 0.0234375 0.021875
1 0.9578125 0.515625 0.034375 0.01875
1 0.984375 0.5078125 0.0203125 0.01875
1 0.75078125 0.47578125 0.0234375 0.0390625
1 0.825 0.365625 0.034375 0.03125
1 0.7625 0.39296875 0.046875 0.0453125
1 0.74296875 0.39296875 0.0078125 0.0265625
0 0.96484375 0.23046875 0.0703125 0.1859375
0 0.9328125 0.2453125 0.1109375 0.2109375
0 0.81796875 0.2421875 0.1578125 0.134375
1 0.26875 0.6390625 0.053125 0.03125
1 0.35625 0.9671875 0.0125 0.0125
1 0.5859375 0.8328125 0.025 0.053125
1 0.5984375 0.8703125 0.009375 0.0078125
1 0.6484375 0.7265625 0.0421875 0.0328125
1 0.2515625 0.8953125 0.0421875 0.0625
0 0.57734375 0.934375 0.2015625 0.13125
0 0.39609375 0.90546875 0.2109375 0.1890625
0 0.2390625 0.93046875 0.146875 0.1390625
0 0.8109375 0.84921875 0.14375 0.1859375
0 0.884375 0.8546875 0.1015625 0.134375
1 0.9625 0.8703125 0.0515625 0.0421875
1 0.99140625 0.8578125 0.0171875 0.021875
0 0.98828125 0.87734375 0.0234375 0.0890625
1 0.74765625 0.79609375 0.0171875 0.0265625