0 0.25078125 0.23671875 0.2703125 0.2453125
0 0.340625 0.0875 0.25625 0.175
1 0.065625 0.328125 0.034375 0.04375
1 0.209375 0.3375 0.028125 0.034375
1 0.44296875 0.33671875 0.0515625 0.0453125
1 0.428125 0.196875 0.0390625 0.046875
1 0.353125 0.078125 0.040625 0.0359375
1 0.3515625 0.115625 0.03125 0.0359375
1 0.1125 0.009375 0.040625 0.01875
1 0.2046875 0.0546875 0.046875 0.040625
1 0.9578125 0.328125 0.0203125 0.0234375
1 0.9203125 0.2734375 0.0265625 0.0125
1 0.8796875 0.3078125 0.0171875 0.009375
1 0.8640625 0.2796875 0.03125 0.040625
1 0.8328125 0.26875 0.01875 0.015625
1 0.853125 0.1890625 0.0203125 0.0234375
1 0.6953125 0.15 0.034375 0.0203125
1 0.709375 0.284375 0.034375 0.03125
1 0.69375 0.2828125 0.0203125 0.021875
1 0.6859375 0.34765625 0.03125 0.0234375
1 0.6625 0.209375 0.0234375 0.0296875
1 0.59375 0.246875 0.00625 0.0125
1 0.48671875 0.20390625 0.0359375 0.0671875
1 0.5515625 0.28125 0.0046875 0.009375
1 0.403125 0.8859375 0.053125 0.05625
1 0.4296875 0.828125 0.05 0.046875
1 0.46171875 0.73125 0.0140625 0.046875
1 0.46015625 0.609375 0.0171875 0.03125
1 0.3 0.4515625 0.0375 0.03125
1 0.3 0.5734375 0.025 0.0171875
1 0.2828125 0.603125 0.03125 0.034375
1 0.3015625 0.6546875 0.0171875 0.0234375
1 0.29375 0.7484375 0.025 0.03125
1 0.2203125 0.615625 0.028125 0.021875
0 0.2140625 0.6671875 0.1484375 0.0734375
0 0.196875 0.746875 0.121875 0.1328125
0 0.1890625 0.8296875 0.1765625 0.0984375
0 0.1734375 0.88125 0.165625 0.0796875
1 0.1421875 0.5171875 0.028125 0.021875
1 0.0390625 0.4890625 0.0234375 0.025
1 0.015625 0.6515625 0.03125 0.0421875
1 0.0125 0.6984375 0.025 0.021875
1 0.0421875 0.9140625 0.0203125 0.0140625
0 0.2171875 0.453125 0.11875 0.065625
0 0.196875 0.540625 0.1171875 0.134375
1 0.9921875 0.7484375 0.015625 0.01875
1 0.7921875 0.7328125 0.025 0.034375
1 0.759375 0.4828125 0.0171875 0.01875
1 0.7265625 0.515625 0.0109375 0.015625
1 0.884375 0.4625 0.0109375 0.0171875
1 0.6875 0.421875 0.0546875 0.034375
0 0.5875 0.5265625 0.0875 0.11875
1 0.634375 0.56875 0.0296875 0.0328125
1 0.603125 0.5859375 0.0140625 0.0109375
1 0.5609375 0.5953125 0.0296875 0.0171875
1 0.6734375 0.646875 0.0671875 0.05
1 0.6390625 0.675 0.0421875 0.0109375
1 0.6203125 0.69375 0.01875 0.01875
1 0.5765625 0.40625 0.04375 0.0515625
1 0.521875 0.4390625 0.015625 0.0140625
1 0.4984375 0.3671875 0.034375 0.015625
1 0.6 0.540625 0.0640625 0.0375
1 0.603125 0.515625 0.046875 0.028125
0 0.58125 0.39765625 0.225 0.0765625
1 0.59375 0.80625 0.0453125 0.0453125
1 0.5734375 0.7953125 0.0109375 0.0140625
1 0.6203125 0.8375 0.0390625 0.025
0 0.54296875 0.77578125 0.1484375 0.1453125
0 0.58046875 0.6828125 0.2234375 0.29375
1 0.6140625 0.4671875 0.0609375 0.053125