1 0.253125 0.4265625 0.0265625 0.01875
1 0.23984375 0.42734375 0.0203125 0.0234375
1 0.2765625 0.3734375 0.0140625 0.0203125
1 0.296875 0.4015625 0.01875 0.021875
1 0.3265625 0.325 0.0140625 0.0140625
1 0.328125 0.3171875 0.01875 0.0203125
1 0.2375 0.3484375 0.0234375 0.0375
1 0.240625 0.271875 0.0296875 0.0375
1 0.2484375 0.3109375 0.01875 0.01875
1 0.25625 0.3109375 0.0078125 0.0171875
1 0.39375 0.2703125 0.0140625 0.0109375
1 0.41875 0.303125 0.0203125 0.0328125
1 0.475 0.3625 0.0375 0.0109375
1 0.4234375 0.403125 0.0171875 0.01875
1 0.5609375 0.3265625 0.01875 0.0140625
1 0.5171875 0.28125 0.0296875 0.015625
1 0.5171875 0.2140625 0.0171875 0.0171875
1 0.5671875 0.2359375 0.0234375 0.0234375
1 0.5578125 0.25 0.009375 0.0125
1 0.5546875 0.28125 0.009375 0.0140625
1 0.3078125 0.1828125 0.015625 0.0171875
1 0.371875 0.171875 0.01875 0.0140625
1 0.403125 0.1546875 0.009375 0.015625
1 0.43125 0.1734375 0.01875 0.0234375
1 0.446875 0.028125 0.0203125 0.0203125
1 0.5703125 0.1359375 0.0234375 0.0234375
1 0.5546875 0.1953125 0.0515625 0.053125
1 0.509375 0.1765625 0.00625 0.003125
1 0.5 0.1609375 0.0125 0.025
1 0.309375 0.0921875 0.0203125 0.0234375
1 0.265625 0.03125 0.0296875 0.025
1 0.2375 0.00625 0.0125 0.0125
1 0.340625 0.0484375 0.00625 0.0078125
1 0.559375 0.00703125 0.046875 0.0140625
1 0.4484375 0.2609375 0.021875 0.0296875
0 0.82265625 0.36015625 0.1515625 0.1578125
0 0.89453125 0.40625 0.1203125 0.065625
1 0.871875 0.165625 0.05 0.078125
1 0.8 0.0453125 0.0765625 0.0515625
1 0.696875 0.34375 0.1 0.1140625
1 0.7875 0.1921875 0.0421875 0.03125
1 0.1984375 0.85 0.0328125 0.0359375
1 0.15 0.853125 0.0140625 0.01875
1 0.1109375 0.871875 0.015625 0.025
1 0.078125 0.8078125 0.01875 0.01875
1 0.0765625 0.771875 0.0140625 0.0203125
1 0.2890625 0.8125 0.0234375 0.0140625
1 0.28515625 0.99375 0.0234375 0.0125
1 0.5546875 0.890625 0.03125 0.0234375
0 0.559375 0.6859375 0.0671875 0.0359375
1 0.5703125 0.6328125 0.046875 0.0390625
1 0.5140625 0.4953125 0.0203125 0.01875
1 0.3828125 0.5890625 0.021875 0.0359375
1 0.3 0.4921875 0.03125 0.0265625
1 0.384375 0.509375 0.021875 0.021875
1 0.1984375 0.6984375 0.0203125 0.021875
1 0.1859375 0.559375 0.028125 0.021875
1 0.0953125 0.55 0.01875 0.0328125
0 0.13125 0.66875 0.1265625 0.0546875
0 0.309375 0.625 0.31875 0.259375
0 0.4109375 0.628125 0.2625 0.1734375
0 0.775 0.859375 0.0453125 0.078125
1 0.7375 0.625 0.028125 0.0234375
1 0.7296875 0.6875 0.0375 0.034375
1 0.6828125 0.8796875 0.1109375 0.1625
1 0.63828125 0.54375 0.0390625 0.028125
1 0.6609375 0.48125 0.04375 0.0453125