1 0.228125 0.2171875 0.0265625 0.01875
1 0.0671875 0.159375 0.03125 0.0296875
1 0.165625 0.0984375 0.009375 0.015625
1 0.13125 0.059375 0.0125 0.0125
1 0.340625 0.0578125 0.0265625 0.034375
1 0.21875 0.03125 0.015625 0.0078125
1 0.025 0.01875 0.01875 0.0296875
0 0.01640625 0.240625 0.0328125 0.075
1 0.1890625 0.0875 0.0515625 0.028125
1 0.071875 0.0265625 0.0375 0.028125
1 0.43046875 0.2359375 0.0171875 0.078125
1 0.428125 0.22265625 0.021875 0.0359375
1 0.915625 0.01015625 0.021875 0.0203125
1 0.95 0.0203125 0.0140625 0.028125
1 0.9328125 0.1578125 0.025 0.021875
0 0.6515625 0.11796875 0.159375 0.2359375
0 0.675 0.04609375 0.078125 0.0921875
1 0.2375 0.8359375 0.05625 0.0578125
1 0.00546875 0.68359375 0.0109375 0.0234375
1 0.4078125 0.621875 0.05 0.0328125
1 0.1984375 0.5640625 0.065625 0.0359375
1 0.24375 0.5171875 0.0109375 0.0359375
0 0.1 0.8125 0.2 0.103125
0 0.08203125 0.70859375 0.1640625 0.2234375
1 0.11640625 0.51953125 0.0890625 0.0609375
1 0.1765625 0.6453125 0.140625 0.1546875
1 0.2390625 0.7109375 0.1453125 0.1421875
1 0.265625 0.6359375 0.0625 0.0546875
1 0.3296875 0.66875 0.0625 0.0546875
0 0.5171875 0.759375 0.15625 0.10625
1 0.6046875 0.6921875 0.0859375 0.0984375
1 0.565625 0.6984375 0.0765625 0.05625
0 0.49296875 0.86171875 0.1078125 0.0734375
1 0.503125 0.9078125 0.015625 0.028125
1 0.534375 0.9125 0.028125 0.0578125
0 0.49375 0.959375 0.109375 0.08125
1 0.6796875 0.9859375 0.046875 0.028125
1 0.5984375 0.9328125 0.059375 0.053125
1 0.55625 0.959375 0.0265625 0.0203125
1 0.6296875 0.821875 0.0375 0.0359375
1 0.5984375 0.8640625 0.03125 0.034375
1 0.6734375 0.86875 0.040625 0.05625
1 0.634375 0.8796875 0.0234375 0.034375
1 0.696875 0.8453125 0.0375 0.0640625
1 0.6609375 0.746875 0.053125 0.05625
1 0.6953125 0.7421875 0.053125 0.084375
1 0.7125 0.69375 0.0390625 0.046875
1 0.7546875 0.684375 0.046875 0.059375
1 0.7015625 0.65625 0.04375 0.028125
1 0.815625 0.690625 0.0375 0.0578125
1 0.8078125 0.7734375 0.0828125 0.046875
1 0.8 0.8578125 0.0578125 0.0515625
1 0.7125 0.8765625 0.046875 0.065625
1 0.875 0.671875 0.0484375 0.05625
1 0.89375 0.7484375 0.0859375 0.0625
1 0.765625 0.9359375 0.046875 0.0703125
1 0.753125 0.9921875 0.04375 0.015625
1 0.8859375 0.8265625 0.0578125 0.078125
1 0.9015625 0.8703125 0.025 0.0625
1 0.8765625 0.9140625 0.0484375 0.075
1 0.8171875 0.9265625 0.040625 0.046875
0 0.95390625 0.83828125 0.0921875 0.1453125
1 0.9265625 0.8546875 0.0140625 0.0484375
0 0.98515625 0.97734375 0.0296875 0.0453125
1 0.965625 0.98515625 0.05 0.0296875
1 0.98125 0.9203125 0.0375 0.065625