1 0.1859375 0.2375 0.03125 0.0328125
1 0.159375 0.26875 0.0140625 0.0171875
1 0.1703125 0.309375 0.0265625 0.025
1 0.046875 0.2484375 0.0375 0.0453125
1 0.0484375 0.240625 0.0484375 0.0265625
1 0.05 0.2296875 0.0234375 0.0203125
1 0.0703125 0.2328125 0.01875 0.028125
1 0.0859375 0.23125 0.03125 0.0234375
1 0.034375 0.28125 0.0421875 0.0203125
1 0.01875 0.275 0.034375 0.0171875
1 0.0953125 0.3171875 0.0453125 0.0265625
1 0.06875 0.328125 0.040625 0.0234375
1 0.1109375 0.346875 0.034375 0.0421875
1 0.05 0.2859375 0.0328125 0.0234375
1 0.04375 0.3 0.0203125 0.0171875
1 0.0328125 0.3078125 0.0203125 0.0078125
1 0.078125 0.2921875 0.0421875 0.0375
1 0.0625 0.30625 0.025 0.0265625
1 0.2 0.3546875 0.0421875 0.03125
1 0.1515625 0.38125 0.0421875 0.0328125
1 0.2046875 0.4078125 0.021875 0.0234375
1 0.0453125 0.5203125 0.01875 0.028125
1 0.1765625 0.5328125 0.0234375 0.0359375
1 0.1265625 0.4875 0.0421875 0.03125
1 0.075 0.35 0.0203125 0.0234375
1 0.2015625 0.440625 0.034375 0.028125
1 0.15 0.43125 0.0390625 0.0546875
1 0.1609375 0.421875 0.0171875 0.0234375
1 0.1703125 0.4328125 0.0171875 0.0515625
1 0.184375 0.4359375 0.0171875 0.0265625
1 0.1703125 0.4640625 0.0296875 0.025
1 0.175 0.45625 0.0125 0.0109375
1 0.07578125 0.603125 0.0109375 0.0125
1 0.23203125 0.5296875 0.0359375 0.028125
1 0.24609375 0.34375 0.0078125 0.03125
1 0.24296875 0.31015625 0.0140625 0.0328125
1 0.225 0.253125 0.01875 0.009375
1 0.225 0.2734375 0.0140625 0.015625
1 0.23203125 0.24375 0.0359375 0.03125
1 0.24296875 0.23203125 0.0140625 0.0234375
1 0.99609375 0.603125 0.0078125 0.0125
1 0.89375 0.4875 0.0140625 0.00625
1 0.5671875 0.2125 0.0078125 0.0171875
1 0.325 0.1765625 0.0375 0.0390625
1 0.2734375 0.25 0.0234375 0.025
1 0.340625 0.5390625 0.0359375 0.040625
1 0.5953125 0.3859375 0.021875 0.025
0 0.809375 0.59375 0.090625 0.03125
0 0.89609375 0.58671875 0.1609375 0.0453125
0 0.81015625 0.44453125 0.1140625 0.3296875
1 0.825 0.390625 0.0234375 0.025
0 0.865625 0.2796875 0.26875 0.159375
0 0.7875 0.1484375 0.096875 0.0640625
1 0.0359375 0.9359375 0.053125 0.053125
1 0.0515625 0.746875 0.046875 0.028125
1 0.0203125 0.9046875 0.0359375 0.015625
1 0.0453125 0.8765625 0.0234375 0.034375
1 0.2109375 0.94375 0.034375 0.03125
1 0.1625 0.834375 0.0359375 0.028125
1 0.15 0.8109375 0.0234375 0.028125
1 0.1453125 0.8703125 0.0359375 0.03125
1 0.23984375 0.7765625 0.0203125 0.046875
1 0.234375 0.8578125 0.03125 0.046875
1 0.2171875 0.990625 0.03125 0.01875
1 0.146875 0.94375 0.028125 0.028125
1 0.228125 0.7375 0.0265625 0.0296875
1 0.140625 0.725 0.0484375 0.0265625
1 0.23984375 0.7203125 0.0203125 0.015625
1 0.4375 0.675 0.0578125 0.0515625
1 0.284375 0.8125 0.021875 0.025
1 0.86875 0.85625 0.03125 0.03125
1 0.8578125 0.65625 0.025 0.025
1 0.8046875 0.6734375 0.025 0.01875
1 0.9703125 0.73125 0.015625 0.0171875
0 0.54609375 0.753125 0.3203125 0.2875
0 0.58125 0.859375 0.33125 0.178125