1 0.0171875 0.034375 0.0234375 0.0203125
1 0.00234375 0.01953125 0.0046875 0.0203125
0 0.08984375 0.1796875 0.1796875 0.30625
1 0.290625 0.184375 0.05625 0.065625
1 0.1203125 0.2984375 0.04375 0.0296875
1 0.065625 0.15 0.05 0.0390625
1 0.1109375 0.171875 0.059375 0.025
1 0.1359375 0.1015625 0.046875 0.0546875
1 0.2109375 0.1375 0.03125 0.0265625
1 0.278125 0.0375 0.05625 0.05625
1 0.309375 0.1125 0.0328125 0.028125
1 0.3296875 0.0625 0.053125 0.0359375
1 0.4796875 0.0859375 0.01875 0.04375
1 0.4203125 0.2375 0.0421875 0.028125
1 0.4796875 0.26796875 0.01875 0.0453125
1 0.4734375 0.2453125 0.01875 0.0234375
1 0.428125 0.34375 0.0265625 0.0375
1 0.45625 0.359375 0.05625 0.0296875
1 0.3796875 0.0140625 0.03125 0.028125
1 0.3921875 0.084375 0.025 0.0359375
1 0.4265625 0.1578125 0.0265625 0.015625
1 0.48203125 0.159375 0.0140625 0.028125
1 0.3796875 0.1078125 0.0375 0.0296875
0 0.5421875 0.03125 0.10625 0.0625
0 0.5484375 0.14140625 0.11875 0.2296875
1 0.5890625 0.3421875 0.03125 0.021875
1 0.5640625 0.4203125 0.103125 0.059375
0 0.5828125 0.4625 0.0625 0.0703125
1 0.8015625 0.109375 0.025 0.04375
1 0.8640625 0.15625 0.0328125 0.0375
1 0.2046875 0.928125 0.009375 0.009375
0 0.0796875 0.96171875 0.15 0.0765625
1 0.3109375 0.9046875 0.034375 0.0296875
1 0.3953125 0.81875 0.0125 0.0234375
1 0.01171875 0.8125 0.0234375 0.046875
1 0.0796875 0.6765625 0.0140625 0.0125
1 0.0859375 0.6078125 0.0109375 0.0140625
1 0.1640625 0.5921875 0.0125 0.0109375
1 0.0828125 0.68125 0.0078125 0.00625
1 0.1859375 0.9484375 0.0078125 0.015625
1 0.15 0.609375 0.0109375 0.0078125
1 0.18125 0.6203125 0.0046875 0.00625
1 0.36875 0.665625 0.034375 0.0234375
1 0.4234375 0.675 0.021875 0.0171875
0 0.125 0.646875 0.08125 0.1203125
0 0.1015625 0.7390625 0.153125 0.240625
1 0.50625 0.884375 0.0046875 0.0078125
1 0.66875 0.796875 0.0375 0.025
1 0.6625 0.903125 0.03125 0.0328125
1 0.6296875 0.8875 0.046875 0.0625
1 0.7703125 0.8328125 0.0328125 0.021875
0 0.6703125 0.821875 0.2296875 0.275
0 0.678125 0.6671875 0.1421875 0.1828125
1 0.509375 0.7171875 0.025 0.03125
1 0.51328125 0.8546875 0.0484375 0.040625
1 0.50234375 0.81875 0.0265625 0.04375
1 0.49921875 0.9703125 0.0203125 0.059375