1 0.5390625 0.3140625 0.0375 0.0421875
1 0.4640625 0.44375 0.015625 0.01875
1 0.375 0.4765625 0.025 0.0234375
1 0.4015625 0.45625 0.034375 0.0453125
1 0.365625 0.4359375 0.0375 0.034375
1 0.225 0.4234375 0.065625 0.053125
1 0.178125 0.2078125 0.040625 0.0234375
1 0.0203125 0.6171875 0.03125 0.0359375
1 0.128125 0.23125 0.0046875 0.0078125
1 0.1109375 0.30625 0.015625 0.0125
1 0.0203125 0.3 0.040625 0.075
0 0.465625 0.2421875 0.2296875 0.134375
0 0.3234375 0.203125 0.0328125 0.05625
0 0.48984375 0.5875 0.3390625 0.103125
0 0.871875 0.1203125 0.028125 0.0484375
0 0.8125 0.153125 0.2765625 0.1125
1 0.7359375 0.221875 0.0109375 0.0125
1 0.828125 0.2375 0.009375 0.0109375
1 0.7828125 0.359375 0.009375 0.0109375
1 0.7046875 0.55 0.0109375 0.0078125
0 0.81484375 0.284375 0.3109375 0.11875
1 0.8859375 0.575 0.028125 0.034375
1 0.7625 0.2484375 0.053125 0.0109375
0 0.790625 0.484375 0.10625 0.278125
0 0.3359375 0.959375 0.24375 0.08125
0 0.3734375 0.8640625 0.053125 0.0171875
1 0.56875 0.8921875 0.053125 0.025
1 0.6015625 0.8859375 0.0390625 0.028125
1 0.5625 0.9359375 0.046875 0.0421875
1 0.4546875 0.9375 0.0484375 0.0203125
1 0.396875 0.934375 0.0296875 0.0296875
1 0.43125 0.9171875 0.0359375 0.034375
1 0.078125 0.98984375 0.040625 0.0203125
1 0.0078125 0.91328125 0.015625 0.0234375
1 0.9296875 0.934375 0.0953125 0.059375
0 0.9109375 0.871875 0.1 0.1171875
0 0.88203125 0.98984375 0.0453125 0.0203125
1 0.8859375 0.984375 0.021875 0.0234375
1 0.8671875 0.96875 0.0515625 0.015625