0 0.25078125 0.025 0.0953125 0.05
1 0.19140625 0.009375 0.0890625 0.01875
0 0.06875 0.01953125 0.121875 0.0390625
1 0.16875 0.1921875 0.0296875 0.0359375
1 0.1234375 0.284375 0.046875 0.0546875
1 0.0578125 0.259375 0.059375 0.05625
1 0.1703125 0.3109375 0.0375 0.0359375
1 0.190625 0.3765625 0.0296875 0.0265625
0 0.01640625 0.496875 0.0328125 0.125
0 0.0359375 0.48125 0.0515625 0.1359375
0 0.0890625 0.4921875 0.096875 0.134375
0 0.171875 0.475 0.0671875 0.1375
0 0.2671875 0.48984375 0.084375 0.1390625
1 0.64609375 0.00625 0.0234375 0.0125
1 0.6015625 0.05625 0.015625 0.0203125
1 0.709375 0.05 0.03125 0.046875
1 0.7140625 0.059375 0.028125 0.0359375
1 0.7328125 0.1234375 0.03125 0.021875
1 0.7703125 0.1140625 0.05625 0.1046875
1 0.571875 0.0953125 0.0265625 0.028125
1 0.3359375 0.1609375 0.0171875 0.009375
1 0.32890625 0.23125 0.0390625 0.015625
1 0.6375 0.2203125 0.0265625 0.01875
1 0.7546875 0.30625 0.0265625 0.0203125
1 0.7125 0.2875 0.0265625 0.034375
1 0.7046875 0.278125 0.0265625 0.0375
1 0.434375 0.29375 0.015625 0.0203125
1 0.4171875 0.346875 0.0078125 0.0140625
1 0.4515625 0.4171875 0.04375 0.0359375
1 0.4359375 0.40625 0.0203125 0.034375
1 0.421875 0.3984375 0.0171875 0.025
1 0.428125 0.4140625 0.0359375 0.0203125
0 0.38515625 0.44609375 0.1515625 0.2265625
1 0.43125 0.43125 0.01875 0.0140625
1 0.65625 0.3921875 0.0515625 0.0390625
0 0.68515625 0.41640625 0.2296875 0.2859375
0 0.48046875 0.459375 0.2265625 0.2
1 0.084375 0.9671875 0.0359375 0.046875
1 0.2546875 0.8484375 0.03125 0.034375
0 0.18828125 0.95 0.2296875 0.1
1 0.665625 0.5875 0.03125 0.0328125
1 0.5078125 0.8703125 0.0625 0.059375
1 0.4921875 0.9 0.065625 0.046875
1 0.9546875 0.9265625 0.0109375 0.015625