1 0.28125 0.1890625 0.0375 0.05
1 0.284375 0.09375 0.03125 0.034375
1 0.2375 0.2015625 0.059375 0.05625
1 0.153125 0.053125 0.0515625 0.065625
1 0.1484375 0.134375 0.0265625 0.021875
1 0.0484375 0.0375 0.0484375 0.0546875
1 0.0296875 0.096875 0.0421875 0.046875
1 0.0265625 0.1875 0.025 0.0390625
1 0.025 0.234375 0.0453125 0.046875
1 0.1109375 0.171875 0.034375 0.0390625
1 0.128125 0.203125 0.0390625 0.0265625
1 0.1953125 0.2375 0.03125 0.0328125
1 0.2234375 0.0625 0.0265625 0.01875
1 0.128125 0.2578125 0.040625 0.0421875
1 0.078125 0.3046875 0.059375 0.0828125
1 0.028125 0.29375 0.01875 0.0484375
1 0.040625 0.3953125 0.01875 0.021875
1 0.02265625 0.43515625 0.0453125 0.1265625
1 0.003125 0.41640625 0.00625 0.0546875
1 0.2328125 0.284375 0.0515625 0.0515625
1 0.2484375 0.3671875 0.04375 0.0703125
1 0.240625 0.421875 0.0265625 0.0265625
1 0.2953125 0.33203125 0.009375 0.0359375
1 0.07578125 0.60390625 0.0671875 0.0515625
0 0.11796875 0.54375 0.2234375 0.171875
1 0.184375 0.4921875 0.1140625 0.0921875
1 0.11875 0.4390625 0.059375 0.0359375
1 0.1265625 0.325 0.0421875 0.0578125
1 0.115625 0.3703125 0.05625 0.0390625
1 0.1875 0.4 0.1078125 0.128125
1 0.053125 0.45625 0.01875 0.0234375
0 0.2484375 0.53515625 0.103125 0.1515625
0 0.20703125 0.60625 0.1515625 0.046875
0 0.81875 0.2484375 0.128125 0.1421875
0 0.7109375 0.2578125 0.1125 0.1625
0 0.6421875 0.2421875 0.1453125 0.1296875
1 0.628125 0.1921875 0.0359375 0.0296875
0 0.5578125 0.2453125 0.096875 0.0859375
1 0.521875 0.3234375 0.0359375 0.0265625
1 0.4390625 0.184375 0.0265625 0.03125
0 0.43125 0.24375 0.1046875 0.0921875
0 0.375 0.2390625 0.0390625 0.1328125
1 0.415625 0.3078125 0.0203125 0.034375
1 0.45 0.415625 0.0375 0.040625
1 0.41875 0.409375 0.028125 0.028125
1 0.73125 0.4078125 0.059375 0.0484375
1 0.68125 0.484375 0.1546875 0.190625
1 0.6265625 0.4453125 0.04375 0.028125
1 0.54765625 0.62265625 0.0328125 0.0140625
1 0.75625 0.0921875 0.0296875 0.03125
1 0.465625 0.1 0.0234375 0.03125
1 0.8671875 0.5078125 0.0296875 0.0390625
1 0.803125 0.4359375 0.0171875 0.034375
1 0.8515625 0.4375 0.021875 0.025
1 0.86875 0.603125 0.0171875 0.0359375
1 0.2765625 0.96875 0.046875 0.0625
0 0.26328125 0.93828125 0.0734375 0.1234375
1 0.3171875 0.925 0.01875 0.0109375
1 0.3265625 0.6890625 0.009375 0.028125
1 0.32421875 0.98828125 0.0234375 0.0234375
1 0.31953125 0.64765625 0.0390625 0.0328125
1 0.3875 0.9859375 0.025 0.015625
1 0.4046875 0.9609375 0.025 0.0125
1 0.43828125 0.6375 0.0203125 0.015625
1 0.440625 0.790625 0.028125 0.015625
1 0.503125 0.6453125 0.025 0.021875
1 0.5171875 0.73125 0.0109375 0.0125
1 0.53125 0.665625 0.0203125 0.028125
1 0.525 0.98671875 0.034375 0.0265625
1 0.571875 0.64375 0.028125 0.0234375
1 0.57890625 0.99765625 0.0140625 0.0046875
1 0.7171875 0.7125 0.0046875 0.0265625
1 0.7375 0.8953125 0.0203125 0.0234375
1 0.7390625 0.728125 0.0140625 0.025
1 0.7625 0.778125 0.015625 0.015625
1 0.8015625 0.8953125 0.0171875 0.0125
1 0.809375 0.99453125 0.021875 0.0109375
1 0.55625 0.740625 0.0203125 0.01875
1 0.709375 0.63515625 0.015625 0.0109375
1 0.61875 0.7234375 0.0171875 0.0234375
1 0.61875 0.7078125 0.021875 0.025
1 0.4328125 0.7515625 0.0140625 0.0203125
1 0.503125 0.775 0.025 0.01875
0 0.3203125 0.83515625 0.040625 0.1078125
1 0.3578125 0.8765625 0.01875 0.0296875
1 0.38125 0.8953125 0.04375 0.0265625
0 0.3859375 0.85 0.1140625 0.0640625
1 0.440625 0.83125 0.028125 0.021875
0 0.50625 0.8375 0.1015625 0.140625
1 0.534375 0.809375 0.0296875 0.04375
1 0.55625 0.8859375 0.05 0.0546875
0 0.590625 0.821875 0.14375 0.1
0 0.7 0.825 0.1125 0.0609375
0 0.7953125 0.846875 0.05 0.1
0 0.75625 0.8203125 0.0796875 0.0859375
1 0.7921875 0.984375 0.0234375 0.0171875
1 0.7296875 0.9328125 0.0203125 0.0125
1 0.609375 0.9671875 0.0171875 0.015625
1 0.4609375 0.9453125 0.0203125 0.015625
1 0.4109375 0.9828125 0.0203125 0.0125
1 0.43125 0.9953125 0.04375 0.009375
1 0.434375 0.99375 0.03125 0.0125