1 0.4515625 0.1515625 0.0359375 0.0296875
0 0.38046875 0.034375 0.1734375 0.06875
0 0.3890625 0.09375 0.1046875 0.06875
1 0.1984375 0.0296875 0.0359375 0.0234375
1 0.096875 0.06875 0.046875 0.0765625
1 0.10390625 0.01640625 0.0421875 0.0328125
1 0.17578125 0.01171875 0.0796875 0.0234375
1 0.04140625 0.0171875 0.0390625 0.034375
1 0.01015625 0.028125 0.0203125 0.05625
1 0.0609375 0.1375 0.0390625 0.025
1 0.0609375 0.071875 0.0265625 0.0265625
1 0.240625 0.1703125 0.04375 0.0625
1 0.240625 0.225 0.046875 0.0625
1 0.0734375 0.2265625 0.028125 0.025
1 0.225 0.334375 0.0234375 0.0203125
1 0.271875 0.3046875 0.0921875 0.0796875
1 0.31875 0.309375 0.015625 0.0171875
1 0.3796875 0.1890625 0.0359375 0.0375
1 0.4953125 0.20390625 0.028125 0.0703125
1 0.4578125 0.215625 0.04375 0.0578125
1 0.46953125 0.29921875 0.0796875 0.0890625
1 0.4984375 0.33359375 0.021875 0.0203125
0 0.3890625 0.271875 0.121875 0.146875
1 0.3765625 0.3359375 0.0359375 0.0171875
1 0.5875 0.2125 0.0078125 0.0140625
1 0.85625 0.4171875 0.01875 0.05625
1 0.9859375 0.4234375 0.0109375 0.0125
0 0.6859375 0.428125 0.2203125 0.2265625
0 0.7265625 0.50390625 0.346875 0.1515625
1 0.7984375 0.4140625 0.0375 0.025
0 0.7234375 0.2453125 0.2078125 0.1765625
1 0.021875 0.7921875 0.0078125 0.009375
1 0.5 0.83125 0.015625 0.0125
1 0.071875 0.8390625 0.0375 0.021875
1 0.015625 0.8359375 0.03125 0.05
1 0.128125 0.8546875 0.01875 0.0171875
1 0.434375 0.921875 0.0109375 0.009375
1 0.4609375 0.965625 0.0296875 0.0375
0 0.2578125 0.61484375 0.184375 0.0703125
1 0.3296875 0.68125 0.0265625 0.0171875
0 0.2828125 0.7609375 0.240625 0.303125
0 0.29453125 0.90390625 0.2671875 0.1921875
1 0.80625 0.59296875 0.01875 0.0265625
1 0.7734375 0.60625 0.0125 0.0140625
1 0.8453125 0.6125 0.015625 0.009375
1 0.88125 0.625 0.009375 0.015625
1 0.7640625 0.625 0.0234375 0.0203125
1 0.6265625 0.6078125 0.0625 0.05625
1 0.690625 0.65 0.0078125 0.00625
1 0.75625 0.6453125 0.015625 0.0171875
1 0.84375 0.6453125 0.01875 0.01875
1 0.7875 0.6625 0.0140625 0.0078125
1 0.846875 0.665625 0.059375 0.04375
1 0.521875 0.6984375 0.0203125 0.021875
1 0.5421875 0.73125 0.0109375 0.0140625
1 0.90625 0.7359375 0.0125 0.021875
1 0.7234375 0.746875 0.0140625 0.0203125
1 0.971875 0.721875 0.05 0.0765625
1 0.7375 0.815625 0.00625 0.0109375
1 0.53125 0.825 0.0203125 0.015625
1 0.5359375 0.8515625 0.025 0.0203125
1 0.521875 0.796875 0.021875 0.0171875
1 0.56875 0.6296875 0.0359375 0.046875
1 0.55625 0.6109375 0.01875 0.021875
0 0.825 0.8296875 0.153125 0.0640625
0 0.8265625 0.75 0.1578125 0.1328125
1 0.775 0.8171875 0.03125 0.0203125