1 0.4578125 0.278125 0.0671875 0.0484375
1 0.4953125 0.253125 0.0265625 0.021875
1 0.5765625 0.2796875 0.03125 0.021875
1 0.4609375 0.384375 0.0375 0.0359375
1 0.6765625 0.040625 0.0390625 0.0390625
1 0.5375 0.1703125 0.0375 0.05
1 0.5921875 0.2265625 0.0234375 0.0265625
1 0.559375 0.209375 0.0265625 0.0375
1 0.39375 0.1953125 0.0453125 0.053125
1 0.3453125 0.184375 0.05625 0.040625
1 0.2828125 0.178125 0.0546875 0.0375
1 0.3671875 0.2390625 0.034375 0.01875
1 0.303125 0.2515625 0.040625 0.0265625
1 0.3921875 0.1015625 0.0359375 0.059375
1 0.40625 0.0390625 0.053125 0.0328125
1 0.12421875 0.01640625 0.0484375 0.0328125
1 0.01953125 0.13203125 0.0390625 0.0734375
1 0.0953125 0.2890625 0.0265625 0.0328125
1 0.1265625 0.2890625 0.01875 0.021875
1 0.1125 0.2671875 0.0328125 0.021875
0 0.353125 0.3171875 0.184375 0.1703125
1 0.2875 0.321875 0.0796875 0.075
1 0.7765625 0.2546875 0.025 0.04375
1 0.996875 0.02578125 0.00625 0.0328125
0 0.834375 0.18828125 0.090625 0.1984375
0 0.8234375 0.08984375 0.06875 0.1796875
0 0.49140625 0.50546875 0.0171875 0.0328125
1 0.40625 0.828125 0.0421875 0.05
1 0.490625 0.809375 0.034375 0.0515625
1 0.60078125 0.99296875 0.0328125 0.0140625
1 0.55 0.5296875 0.0375 0.0609375
1 0.6453125 0.5203125 0.025 0.0453125
1 0.5484375 0.653125 0.0234375 0.0171875
1 0.04375 0.678125 0.0625 0.0640625
1 0.0875 0.653125 0.015625 0.015625
1 0.1671875 0.690625 0.0234375 0.0171875
0 0.2890625 0.990625 0.0171875 0.0171875
0 0.353125 0.99140625 0.01875 0.0171875
1 0.2234375 0.5171875 0.0359375 0.0375
0 0.3828125 0.94453125 0.35 0.1109375
0 0.3078125 0.7734375 0.228125 0.3296875
0 0.3734375 0.61171875 0.30625 0.2453125