1 0.121875 0.19375 0.0234375 0.028125
1 0.0140625 0.128125 0.021875 0.025
1 0.284375 0.1375 0.0234375 0.0234375
1 0.3328125 0.1453125 0.0203125 0.0203125
1 0.38125 0.20625 0.028125 0.01875
1 0.3 0.3 0.0203125 0.0171875
1 0.2578125 0.3046875 0.021875 0.0171875
1 0.3 0.34375 0.0234375 0.028125
1 0.3140625 0.3578125 0.025 0.034375
1 0.025 0.2953125 0.03125 0.0296875
1 0.01640625 0.328125 0.0328125 0.03125
1 0.03125 0.3640625 0.0390625 0.040625
1 0.0140625 0.41953125 0.028125 0.0703125
1 0.0234375 0.4484375 0.0203125 0.0234375
1 0.0625 0.3796875 0.0296875 0.03125
1 0.103125 0.30625 0.0203125 0.025
1 0.08125 0.3609375 0.021875 0.025
1 0.0453125 0.4875 0.025 0.028125
1 0.01171875 0.571875 0.0234375 0.015625
1 0.1125 0.5609375 0.0296875 0.0375
1 0.1359375 0.5734375 0.046875 0.0125
1 0.234375 0.5734375 0.03125 0.0125
1 0.165625 0.328125 0.04375 0.0578125
0 0.1765625 0.428125 0.1671875 0.11875
1 0.33203125 0.57734375 0.0296875 0.0046875
0 0.3625 0.421875 0.0953125 0.159375
0 0.4234375 0.425 0.0546875 0.075
0 0.81875 0.2984375 0.1234375 0.3390625
0 0.6078125 0.2703125 0.196875 0.21875
1 0.55625 0.0890625 0.0171875 0.03125
1 0.703125 0.20625 0.03125 0.034375
1 0.9421875 0.29375 0.025 0.034375
1 0.9390625 0.4296875 0.0296875 0.0296875
1 0.775 0.56796875 0.0125 0.0234375
1 0.7265625 0.259375 0.015625 0.046875
1 0.690625 0.2609375 0.0265625 0.0609375
1 0.01875 0.740625 0.009375 0.0125
1 0.146875 0.715625 0.015625 0.015625
1 0.2265625 0.75625 0.0203125 0.0171875
0 0.12109375 0.7703125 0.2421875 0.303125
0 0.1671875 0.778125 0.26875 0.1890625
1 0.2625 0.8546875 0.021875 0.0140625
1 0.275 0.7796875 0.00625 0.00625
1 0.6609375 0.58359375 0.021875 0.0078125
1 0.6671875 0.71875 0.015625 0.0125
1 0.7234375 0.915625 0.0140625 0.01875
1 0.8078125 0.975 0.0078125 0.0265625
1 0.890625 0.9140625 0.025 0.03125
1 0.9234375 0.9109375 0.028125 0.0203125
1 0.9203125 0.8328125 0.05625 0.0453125
1 0.9375 0.5921875 0.03125 0.025
1 0.99453125 0.63828125 0.0109375 0.0078125
1 0.9828125 0.96953125 0.034375 0.0546875
1 0.915625 0.5890625 0.015625 0.01875
1 0.803125 0.59609375 0.01875 0.0328125
1 0.81328125 0.5828125 0.0328125 0.00625
1 0.81484375 0.590625 0.0171875 0.021875
1 0.8203125 0.6046875 0.01875 0.0203125
1 0.8984375 0.58828125 0.0125 0.0171875
1 0.66875 0.6265625 0.025 0.0203125
1 0.721875 0.5875 0.03125 0.015625
1 0.74375 0.5984375 0.015625 0.01875
0 0.6921875 0.65625 0.0953125 0.05625
1 0.75 0.7046875 0.021875 0.0171875
1 0.7421875 0.665625 0.03125 0.0421875
1 0.76875 0.6890625 0.015625 0.015625
1 0.7546875 0.696875 0.0140625 0.0421875
1 0.89375 0.690625 0.0171875 0.040625
0 0.8171875 0.721875 0.3203125 0.2421875
1 0.7234375 0.8375 0.034375 0.040625
1 0.6609375 0.8265625 0.0328125 0.015625
1 0.6609375 0.8640625 0.0390625 0.0328125
1 0.696875 0.8828125 0.034375 0.0140625
1 0.8140625 0.8453125 0.0390625 0.0265625
1 0.81796875 0.98828125 0.0171875 0.0234375
1 0.85234375 0.9859375 0.0609375 0.028125
1 0.98125 0.6671875 0.01875 0.0265625
1 0.9875 0.6875 0.0171875 0.0171875
1 0.975 0.7140625 0.015625 0.0265625